[1.7176813, 0.63659114, 0.8158412, 0.26524892]
[1.5006042, 0.6930079, 0.6074455, 0.20015079]
[1.7844019, 0.64459527, 0.91060275, 0.22920388]
[1.8555324, 0.79570913, 0.8252436, 0.23457965]
[1.7836711, 1.0001216, 0.57341015, 0.21013933]
[1.835091, 0.5135059, 1.1156464, 0.2059387]
[1.7612892, 0.8127931, 0.7469052, 0.20159087]
[1.7601048, 0.72444385, 0.83149636, 0.20416467]
[1.6406841, 0.6536099, 0.74312735, 0.24394694]
[1.9514897, 0.9906426, 0.76727706, 0.19356999]
[1.7638294, 0.8120309, 0.7607654, 0.191033]
[1.5505817, 0.5539217, 0.80371606, 0.19294393]
[1.6671903, 0.7160901, 0.72775865, 0.22334155]
[1.7556813, 0.8053767, 0.75219357, 0.19811107]
[1.5894744, 0.6266918, 0.74989074, 0.21289185]
[1.5584973, 0.79240227, 0.55029345, 0.21580163]
[1.7884021, 0.77493024, 0.7777663, 0.23570561]
[1.6990598, 0.70765, 0.79292357, 0.19848618]
[1.5338626, 0.66093534, 0.65987825, 0.21304896]
[1.8439283, 0.7730646, 0.85655737, 0.21430638]
[1.6672802, 0.7956133, 0.66607106, 0.20559588]
[1.6642687, 0.577471, 0.8458046, 0.24099311]
[1.5489353, 0.71711755, 0.6130813, 0.21873654]
[1.9081048, 0.77152514, 0.93249786, 0.20408173]
[1.6521976, 0.5963547, 0.83165073, 0.22419208]
[1.5261213, 0.66947514, 0.66128916, 0.19535694]
[1.7373825, 0.9531441, 0.5705086, 0.21372987]
[1.5801171, 0.7462326, 0.6194237, 0.21446069]
[1.6572491, 0.72080946, 0.7075949, 0.22884476]
[1.281221, 0.47416532, 0.57461596, 0.23243976]
[1.4381884, 0.47583583, 0.73254514, 0.22980753]
[1.6421474, 0.65516424, 0.76884496, 0.21813819]
[1.6211216, 0.84220684, 0.5823242, 0.1965906]
[1.6374437, 0.5295879, 0.8780419, 0.22981378]
[1.6064879, 0.7646018, 0.57131106, 0.27057496]
[1.4981112, 0.6865172, 0.5978266, 0.21376747]
[1.4643347, 0.78325325, 0.45690048, 0.22418098]
[1.6024766, 0.43096673, 0.9427511, 0.22875887]
[1.5074763, 0.7217722, 0.5851954, 0.20050874]
[1.5741887, 0.63885534, 0.70452476, 0.23080868]
[1.3750734, 0.5848475, 0.5497081, 0.24051791]
[1.3682823, 0.5784619, 0.5697423, 0.22007805]
[1.6391536, 0.6347667, 0.7690565, 0.23533046]
[1.9093868, 0.85768807, 0.83492047, 0.21677811]
[1.7356894, 0.93568784, 0.5532237, 0.24677779]
[1.6856823, 0.74346656, 0.696017, 0.24619862]
[1.5955489, 0.5364399, 0.8258696, 0.23323938]
[1.4888287, 0.8177004, 0.48312825, 0.18799998]
[1.8493953, 0.88724196, 0.7249061, 0.2372472]
[1.4362946, 0.54308844, 0.6529945, 0.2402116]
[1.6810975, 0.802722, 0.65434164, 0.22403383]
[1.5725193, 0.6635227, 0.67107165, 0.23792489]
[1.7847157, 0.80382055, 0.74525356, 0.23564152]
[1.4762876, 0.68611085, 0.58752346, 0.20265323]
[1.7535744, 1.0807382, 0.45461097, 0.21822518]
[1.8627806, 0.69427884, 0.9339576, 0.23454422]
[1.545237, 0.5776454, 0.7607845, 0.20680705]
[1.4405043, 0.70119405, 0.52267337, 0.21663688]
[1.3213582, 0.4134723, 0.6969722, 0.21091369]
[1.5416927, 0.7587541, 0.5417873, 0.24115139]
[1.5633882, 0.7565596, 0.5825863, 0.2242423]
[1.4567484, 0.52881986, 0.69197226, 0.2359563]
[1.8490795, 0.8390714, 0.78335404, 0.22665401]
[1.8511103, 0.9681663, 0.6627312, 0.22021283]
[1.6616831, 0.7168611, 0.73226964, 0.21255225]
[1.9720747, 1.0994717, 0.64736044, 0.22524261]
[1.4918534, 0.5367714, 0.7057803, 0.24930158]
[1.3278494, 0.64795786, 0.4382767, 0.24161476]
[1.7519872, 0.647468, 0.8736673, 0.23085192]
[1.5017554, 0.667936, 0.59931195, 0.23450741]
[1.5952915, 0.64501655, 0.7232108, 0.22706416]
[1.5232282, 0.84677655, 0.43127298, 0.24517864]
[1.8222706, 0.9251739, 0.6721527, 0.22494408]
[1.8032733, 0.7826, 0.8169621, 0.20371118]
[1.682178, 0.4513802, 0.99409926, 0.23669863]
[1.6821268, 1.0479219, 0.42423537, 0.20996946]
[1.800777, 0.72956586, 0.84994304, 0.22126809]
[1.7003343, 0.88039327, 0.5828949, 0.23704612]
[1.6967994, 0.5520883, 0.9035264, 0.24118459]
[1.3480903, 0.5090853, 0.6368695, 0.20213547]
[1.7841525, 0.89589465, 0.6750049, 0.21325296]
[1.5714653, 0.52112126, 0.83126175, 0.2190822]
[1.5778441, 0.7987826, 0.5630833, 0.21597832]
[1.5993254, 0.6617082, 0.7102936, 0.22732368]
[1.5510772, 0.6055137, 0.7272754, 0.21828818]
[1.6526173, 0.869008, 0.5596373, 0.22397196]
[1.8001986, 0.7438077, 0.8093158, 0.24707514]
[1.6929984, 0.7178508, 0.7493111, 0.22583647]
[1.8111364, 0.7829147, 0.8222317, 0.20598999]
[1.9484067, 0.83895326, 0.8971437, 0.21230976]
[1.4988966, 0.58917713, 0.713807, 0.19591254]
[1.7842513, 0.7927914, 0.77949965, 0.21196017]
[1.8264278, 0.82365865, 0.7556288, 0.24714026]
[1.4252882, 0.61456203, 0.59042615, 0.2202999]
[1.5417974, 0.74479467, 0.5789888, 0.21801397]
[1.4081774, 0.5077076, 0.7033007, 0.1971691]
[1.6402637, 0.7182534, 0.70764154, 0.21436866]
[1.6021022, 0.7335156, 0.638965, 0.2296215]
[1.4725502, 0.4836452, 0.75624293, 0.23266199]
[1.7406937, 0.8774601, 0.6387974, 0.22443613]
[1.6264501, 0.7206787, 0.67509437, 0.23067701]
[1.4459515, 0.5684186, 0.65130085, 0.22623211]
[1.4365319, 0.50109756, 0.6996163, 0.23581804]
[1.3963988, 0.66803336, 0.4848205, 0.243545]
[1.4933743, 0.53650063, 0.71344775, 0.2434259]
[1.4962066, 0.8171357, 0.4504758, 0.22859514]
[1.238709, 0.42781442, 0.57816094, 0.23273365]
[1.6708392, 0.95259744, 0.49994543, 0.21829627]
[1.4941633, 0.5011129, 0.75905436, 0.23399603]
[1.7256142, 0.80972624, 0.6699056, 0.24598232]
[1.6419854, 0.63490474, 0.7574989, 0.24958184]
[1.8266938, 0.92952657, 0.65080446, 0.24636269]
[1.4757048, 0.4081511, 0.8351673, 0.23238648]
[1.7314265, 0.90686774, 0.5919225, 0.23263627]
[1.7545109, 0.87038934, 0.65629095, 0.22783059]
[1.4866105, 0.55140483, 0.7345884, 0.20061727]
[1.653559, 0.8053102, 0.60448706, 0.24376173]
[1.6092601, 0.7027029, 0.6641436, 0.24241354]
[1.350281, 0.46968183, 0.65608877, 0.2245104]
[1.7893744, 0.61522824, 0.9450588, 0.22908738]
[1.7373717, 0.8619015, 0.6404215, 0.23504862]
[1.4489636, 0.5290818, 0.66554743, 0.25433445]
[1.6225121, 0.8541965, 0.5344578, 0.23385784]
[1.721936, 0.6927921, 0.7943729, 0.23477106]
[1.6752366, 0.7542626, 0.6940894, 0.22688453]
[1.6683763, 0.81357193, 0.62196267, 0.2328417]
[1.48196, 0.7526488, 0.50060296, 0.22870821]
[1.4217813, 0.5309158, 0.664945, 0.22592041]
[1.7098808, 0.67369723, 0.8341396, 0.20204405]
[1.7767718, 0.7799072, 0.7872817, 0.20958284]
[1.63256, 0.854987, 0.5656069, 0.21196601]
[1.554537, 0.5468826, 0.77560985, 0.23204458]
[1.3513503, 0.689469, 0.4484399, 0.21344131]
[1.6418823, 0.7128904, 0.70241106, 0.2265809]
[1.6759561, 0.819737, 0.61958843, 0.23663068]
[1.5354657, 0.50621307, 0.78846115, 0.24079156]
[1.612592, 0.67027175, 0.7178997, 0.22442058]
[1.7197564, 1.0097699, 0.51588774, 0.19409871]
[1.5652936, 0.60744154, 0.73184395, 0.22600812]
[1.6604874, 0.5668279, 0.85566044, 0.23799908]
[1.6887841, 0.9130293, 0.5679306, 0.20782429]
[1.6824418, 0.82369936, 0.6103184, 0.24842401]
[1.9598256, 0.73984194, 0.9951377, 0.22484599]
[1.5468048, 0.53311217, 0.7968185, 0.21687412]
[1.7204617, 0.72428405, 0.7862674, 0.20991024]
[1.7441814, 0.7617949, 0.74120736, 0.24117915]
[1.5882537, 0.79099107, 0.58300644, 0.21425632]
[1.4074007, 0.43759328, 0.7424101, 0.2273973]
[1.4714369, 0.6536238, 0.58704114, 0.23077191]
[1.5775299, 0.57383764, 0.78554314, 0.21814916]
[1.6975741, 0.832365, 0.63664955, 0.22855957]
[1.9041461, 0.8414026, 0.85817605, 0.2045674]
[1.7708377, 0.8192669, 0.7441454, 0.20742533]
[1.4151517, 0.7025125, 0.49589652, 0.21674266]
[1.8522266, 0.7992476, 0.8073319, 0.24564707]
[1.5581291, 0.75559855, 0.5869048, 0.2156257]
[1.7929065, 0.9263257, 0.6430426, 0.22353822]
[1.3476136, 0.5825033, 0.5721632, 0.19294703]
[1.4279412, 0.6232741, 0.6066619, 0.19800518]
[1.3802696, 0.53823465, 0.61682, 0.22521509]
[1.6149626, 0.6966803, 0.7167359, 0.20154646]
[1.38218, 0.6669367, 0.49118412, 0.22405905]
[1.6301453, 0.53078556, 0.8768319, 0.22252788]
[1.5643613, 0.59411573, 0.74189925, 0.22834635]
[1.5341647, 0.86698127, 0.42937502, 0.23780838]
[1.4456134, 0.5574299, 0.63593006, 0.25225335]
[1.4522139, 0.44498327, 0.7611278, 0.24610282]
[1.6963774, 0.74758106, 0.6943679, 0.2544285]
[1.8540695, 0.71017444, 0.9262217, 0.2176733]
[1.5994606, 0.81173724, 0.5550789, 0.23264441]
[1.6214011, 0.58293426, 0.8043963, 0.23407057]
[1.9003105, 0.98252064, 0.68530005, 0.23248985]
[1.760265, 0.71148974, 0.8189168, 0.22985849]
[1.6538131, 0.8056886, 0.59904516, 0.24907933]
[1.6778737, 0.7223495, 0.7258382, 0.22968605]
[1.7859184, 0.8782886, 0.6626237, 0.24500597]
[1.5190492, 0.5787432, 0.75076294, 0.18954296]
[1.6651827, 0.7747297, 0.6745949, 0.21585812]
[1.3063569, 0.45821652, 0.64814734, 0.19999304]
[1.6872108, 0.7314615, 0.6991227, 0.2566266]
[1.7605066, 0.72297025, 0.79599726, 0.2415391]
[1.6867199, 0.66660434, 0.7799693, 0.2401463]
[1.6924585, 0.8157872, 0.6662713, 0.21040002]
[1.5915486, 0.72945106, 0.63560593, 0.22649154]
[1.6233222, 0.5352086, 0.88114154, 0.20697212]
[1.5122933, 0.81601673, 0.46774298, 0.22853367]
[1.6646194, 0.58370686, 0.84639966, 0.23451288]
[1.7391281, 0.83229846, 0.68519604, 0.2216337]
[1.1676667, 0.3528856, 0.57275355, 0.24202748]
[1.5239385, 0.7933794, 0.49202323, 0.23853585]
[2.0448923, 1.196287, 0.61326855, 0.23533687]
[1.8039432, 0.8149457, 0.7812929, 0.2077046]
[1.9493312, 0.67484665, 1.0305572, 0.24392734]
[1.4788355, 0.77849245, 0.48374707, 0.21659604]
[1.7428015, 0.6726892, 0.8361813, 0.23393106]
[1.8378534, 0.8423847, 0.7762774, 0.21919137]
[1.4002714, 0.4468584, 0.71760046, 0.23581254]
[1.3443022, 0.75958145, 0.38389167, 0.20082897]
[1.5190235, 0.6884872, 0.59477305, 0.23576328]
[1.5673465, 0.66557324, 0.6822894, 0.21948376]
[1.4591362, 0.59080195, 0.6462682, 0.2220661]
[1.3403318, 0.6939205, 0.43603665, 0.21037462]
[1.6991214, 0.80997175, 0.6436813, 0.24546827]
[1.9683561, 0.9957497, 0.7432617, 0.22934473]
[1.5610061, 0.43953216, 0.8984555, 0.22301844]
[1.6220938, 0.72482127, 0.6630201, 0.23425244]
[1.6531227, 0.6193611, 0.8336934, 0.20006824]
[1.6613992, 0.8288838, 0.59684527, 0.23567018]
[1.7887164, 0.6399859, 0.9112116, 0.2375189]
[1.7159362, 1.0512924, 0.44784194, 0.21680188]
[1.7704484, 0.70455027, 0.8332486, 0.2326495]
[1.5793182, 0.57075393, 0.7996159, 0.20894828]
[1.755536, 0.71409214, 0.81590104, 0.2255428]
[1.8220261, 1.0154337, 0.5912547, 0.21533774]
[1.9523857, 0.8294828, 0.9074434, 0.21545948]
[1.614317, 0.6601186, 0.73424906, 0.2199494]
[1.6877054, 0.73237, 0.74342215, 0.2119132]
[1.7159802, 0.61898017, 0.8636503, 0.23334968]
[1.5410986, 0.69753087, 0.6332307, 0.21033698]
[1.6244038, 0.71893173, 0.6823259, 0.22314623]
[1.4693893, 0.76963246, 0.4951352, 0.2046217]
[1.5205523, 0.5318368, 0.7868839, 0.20183158]
[1.362483, 0.7524591, 0.39335418, 0.21666986]
[1.4612012, 0.44646445, 0.8088397, 0.20589703]
[1.391437, 0.34273848, 0.82540876, 0.22328982]
[1.4374797, 0.75229084, 0.47651303, 0.20867586]
[1.2111485, 0.54779416, 0.43900967, 0.22434467]
[1.612209, 0.677194, 0.72696275, 0.20805225]
[1.4408731, 0.42925003, 0.7931943, 0.21842885]
[1.6972647, 1.0382932, 0.44592303, 0.21304843]
[2.051279, 0.7352983, 1.0943098, 0.221671]
[1.6028287, 0.7070985, 0.6595532, 0.23617703]
[1.554113, 0.57343006, 0.76004064, 0.22064228]
[1.8465143, 0.9546803, 0.6578959, 0.23393811]
[1.6682127, 0.61794853, 0.8407104, 0.20955372]
[1.5025951, 0.7233654, 0.5350969, 0.24413273]
[1.4616041, 0.7397288, 0.5024531, 0.21942225]
[1.5985601, 0.5589632, 0.81581867, 0.22377822]
[1.5425248, 0.798784, 0.5117339, 0.23200685]
[1.8188484, 0.80927336, 0.8014407, 0.20813426]
[1.8359149, 0.7877794, 0.82174736, 0.22638814]
[1.7865504, 0.841679, 0.7232561, 0.22161534]
[1.4550071, 0.5784845, 0.65167856, 0.22484395]
[1.8190928, 0.9188374, 0.6919863, 0.20826897]
[2.1023006, 0.8741548, 1.0323471, 0.19579884]
[1.9198521, 0.936268, 0.7687651, 0.21481904]
[1.4068637, 0.46103862, 0.7422279, 0.20359717]
[1.5742612, 0.7672674, 0.60021025, 0.20678352]
[1.4182229, 0.64970475, 0.56072253, 0.20779559]
[1.6185668, 0.7486742, 0.66747093, 0.20242172]
[1.4955242, 0.6253477, 0.6750021, 0.19517443]
[1.282161, 0.5549668, 0.49901545, 0.22817874]
[1.9427358, 0.7900427, 0.9303315, 0.22236156]
[1.3821015, 0.60338396, 0.5668101, 0.2119075]
[1.5972962, 0.5027893, 0.8796652, 0.21484172]
[1.734973, 0.992457, 0.5306849, 0.21183106]
[1.5530217, 0.5784758, 0.7440705, 0.23047538]
[1.5319824, 0.8106876, 0.49565023, 0.22564457]
[1.4886065, 0.5570251, 0.7169883, 0.21459305]
[1.5103317, 0.8974688, 0.40288848, 0.20997438]
[1.5090917, 0.5759872, 0.69319636, 0.23990807]
[1.8577933, 0.72715724, 0.89662564, 0.23401044]
[1.8153296, 0.71759653, 0.8868157, 0.21091723]
[1.645103, 0.76758295, 0.63206077, 0.24545938]
[1.7015405, 0.7517549, 0.7398434, 0.20994204]
[1.6239321, 0.8061421, 0.59720397, 0.22058609]
[1.650653, 0.79426235, 0.64321387, 0.21317689]
[1.6994833, 0.6264291, 0.84987175, 0.22318244]
[1.5812796, 0.73999643, 0.61663264, 0.22465053]
[1.5237889, 0.6222872, 0.68639624, 0.21510553]
[1.665042, 0.69866323, 0.74749815, 0.21888061]
[1.8056209, 0.8817999, 0.6690086, 0.25481254]
[1.5504404, 0.5366583, 0.805585, 0.20819709]
[1.6385931, 1.0518531, 0.37632257, 0.21041742]
[1.9418161, 0.6694405, 1.0763226, 0.19605303]
[1.6812105, 0.7591926, 0.7059376, 0.21608031]
[1.6013585, 0.7660204, 0.61632705, 0.21901111]
[1.6090393, 0.6863775, 0.70055276, 0.2221091]
[1.6998713, 0.78567195, 0.6972966, 0.21690278]
[1.5752428, 0.7266126, 0.6425355, 0.20609465]
[1.6223294, 0.5396612, 0.8543773, 0.22829078]
[1.5457199, 0.7421225, 0.5907953, 0.21280223]
[1.6115174, 0.66747797, 0.71090794, 0.2331315]
[1.7294422, 0.574394, 0.91349053, 0.24155769]
[1.5754768, 0.80179435, 0.5556877, 0.21799469]
[1.8399341, 0.8719321, 0.72375655, 0.24424547]
[1.3222512, 0.50322026, 0.6067567, 0.21227424]
[1.551665, 0.66519845, 0.64503306, 0.24143353]
[1.7704053, 0.81962484, 0.7226238, 0.22815655]
[1.5543332, 0.6344335, 0.6762104, 0.24368933]
[1.6671003, 0.7225622, 0.7044838, 0.24005425]
[1.5340048, 0.47568345, 0.83679533, 0.221526]
[1.5670823, 0.71522486, 0.62857246, 0.22328494]
[1.5420475, 0.7092793, 0.6056981, 0.22707012]
[1.5185522, 0.63246816, 0.6527261, 0.23335794]
[1.6369984, 0.81562954, 0.57520247, 0.24616644]
[1.7788284, 0.67703265, 0.8690078, 0.23278782]
[1.6781485, 0.8258956, 0.6389993, 0.21325363]
[1.5907242, 0.7208121, 0.674762, 0.1951502]
[1.8365391, 0.6805595, 0.9069014, 0.24907818]
[1.5425133, 0.75355923, 0.5649711, 0.22398296]
[1.700772, 0.72945553, 0.7363845, 0.23493189]
[1.7458284, 0.76225173, 0.77819693, 0.20537966]
[1.8256974, 0.84770954, 0.7699681, 0.20801976]
[1.606417, 0.7450695, 0.6298153, 0.23153204]
[1.3927372, 0.5896014, 0.5500902, 0.25304553]
[1.520453, 0.7735143, 0.5126453, 0.23429345]
[1.5219587, 0.65008813, 0.63748044, 0.23439014]
[1.5314801, 0.6063538, 0.71667165, 0.2084546]
[1.5194292, 0.63367534, 0.6618029, 0.22395104]
[1.6278756, 0.737308, 0.67034334, 0.22022408]
[1.3945171, 0.48375446, 0.716483, 0.1942795]
[1.6373419, 0.80928445, 0.60590714, 0.22215024]
[1.485112, 0.66117734, 0.5916311, 0.23230353]
[1.5041157, 0.73485446, 0.56014663, 0.2091147]
[1.6514491, 0.7576155, 0.6441359, 0.24969769]
[1.4687656, 0.48086786, 0.78678274, 0.20111498]
[1.5525523, 0.7215811, 0.603665, 0.22730625]
[1.5278789, 0.6033834, 0.68298113, 0.24151435]
[1.3138545, 0.6533948, 0.42105895, 0.23940067]
[1.5692393, 0.38881987, 0.9213128, 0.25910655]
[1.4972945, 0.7467881, 0.48975036, 0.26075616]
[1.5816631, 0.47444713, 0.84707373, 0.26014233]
[1.8343341, 1.084672, 0.50151867, 0.24814346]
[1.9033778, 0.90910065, 0.73323995, 0.26103714]
[1.574065, 0.50868356, 0.8363701, 0.2290113]
[1.7037332, 0.8382586, 0.63198555, 0.23348899]
[1.7432185, 0.57497096, 0.9531278, 0.21511973]
[1.4773179, 0.5169809, 0.736785, 0.22355208]
[1.787661, 0.6736381, 0.8779396, 0.23608322]
[1.6267384, 0.74132264, 0.64764017, 0.23777568]
[1.6337833, 0.6821064, 0.7313105, 0.22036648]
[1.8582397, 0.76303846, 0.8755232, 0.2196779]
[1.591405, 0.60956323, 0.7310016, 0.2508402]
[1.6922585, 0.7835016, 0.68144155, 0.22731534]
[1.5798584, 0.70043087, 0.68018186, 0.1992457]
[1.5127604, 0.6401721, 0.6461572, 0.2264311]
[1.8628974, 0.84118474, 0.8350173, 0.18669534]
[1.819508, 0.94437194, 0.63302505, 0.24211101]
[1.6031418, 0.62369716, 0.77053, 0.20891461]
[1.360741, 0.51626724, 0.6136264, 0.23084736]
[1.2728812, 0.5211448, 0.5471126, 0.20462382]
[1.768377, 0.94130635, 0.60937995, 0.21769056]
[1.4863471, 0.5742936, 0.69543916, 0.21661435]
[1.4633684, 0.69745713, 0.5348458, 0.23106557]
[1.7705349, 0.7854196, 0.7284518, 0.25666347]
[1.7282538, 0.51505595, 0.97374445, 0.2394535]
[1.2550437, 0.5699823, 0.41616076, 0.26890066]
[1.7668127, 1.0173037, 0.5308436, 0.21866536]
[1.3310176, 0.51845413, 0.5787506, 0.23381296]
[1.7553241, 0.8316215, 0.7113541, 0.21234843]
[1.7595594, 0.58995795, 0.9262403, 0.24336107]
[1.5129248, 0.7053274, 0.5745474, 0.23304996]
[1.7752239, 0.8801398, 0.66824555, 0.22683848]
[1.5431716, 0.6728035, 0.61263216, 0.257736]
[1.7561859, 0.77871114, 0.7554846, 0.2219902]
[2.0080214, 0.8137685, 0.9626498, 0.23160297]
[1.8704402, 1.0828773, 0.5548199, 0.23274297]
[1.7520657, 0.6799459, 0.8699792, 0.20214063]
[1.5584333, 0.7187296, 0.6296449, 0.21005884]
[1.7438871, 0.5841444, 0.9157462, 0.24399646]
[1.4831336, 0.62955344, 0.63491446, 0.21866554]
[1.6509755, 0.79004407, 0.6262464, 0.23468491]
[1.4122245, 0.5697814, 0.62492806, 0.21751502]
[1.769106, 0.8618715, 0.67733395, 0.2299006]
[1.3945372, 0.5937875, 0.57904965, 0.22170004]
[1.73549, 0.7767807, 0.7101822, 0.24852708]
[1.7686011, 0.7265065, 0.8020811, 0.24001344]
[2.114418, 0.9246053, 0.95519453, 0.23461816]
[1.573262, 0.83840334, 0.50121933, 0.23363921]
[1.6470716, 0.6864561, 0.7350235, 0.22559202]
[1.4537734, 0.5637857, 0.6900781, 0.19990958]
[1.4302154, 0.77760863, 0.40441272, 0.24819398]
[1.7155365, 0.71020305, 0.7952815, 0.21005186]
[1.6003268, 0.6357341, 0.71863574, 0.24595694]
[1.7311, 0.9758002, 0.53121024, 0.22408955]
[1.4586165, 0.6184565, 0.63370085, 0.20645913]
[1.5952685, 0.65845835, 0.7197796, 0.21703058]
[2.051042, 1.1503124, 0.69462425, 0.20610538]
[1.6921468, 0.8070816, 0.6918195, 0.19324562]
[1.7675059, 0.6016948, 0.9541884, 0.21162269]
[1.8249745, 0.8732286, 0.7285346, 0.22321133]
[1.3032818, 0.4264679, 0.67151445, 0.20529942]
[1.7376697, 0.5842845, 0.9330585, 0.22032666]
[1.4377712, 0.76956785, 0.4335143, 0.23468909]
[1.748205, 0.85869426, 0.68228865, 0.20722197]
[1.666892, 0.68495023, 0.77803403, 0.20390776]
[1.330514, 0.6032732, 0.50186414, 0.2253766]
[1.4516113, 0.54579675, 0.680256, 0.2255585]
[2.037278, 1.068444, 0.759899, 0.20893481]
[1.8579311, 0.8503039, 0.8094281, 0.19819917]
[1.2965735, 0.48908898, 0.6143929, 0.19309166]
[1.7238402, 0.9336857, 0.5852284, 0.2049262]
[1.625767, 0.77657646, 0.66286695, 0.1863237]
[1.5322957, 0.53150946, 0.8298054, 0.17098089]
[1.632926, 0.7116649, 0.68645066, 0.23481032]
[1.5981408, 0.72414744, 0.66401196, 0.20998147]
[1.640211, 0.8802333, 0.5435312, 0.21644655]
[1.6495513, 0.5932754, 0.82725084, 0.229025]
[1.7813548, 0.9304335, 0.62758267, 0.22333862]
[1.7031193, 0.7429241, 0.74674344, 0.21345171]
[1.4348754, 0.43210882, 0.7839141, 0.21885245]
[1.6799055, 0.7738141, 0.670416, 0.23567541]
[1.4774773, 0.5114615, 0.7442241, 0.22179171]
[1.735984, 0.8993026, 0.63573045, 0.200951]
[1.5857499, 0.72203344, 0.64165235, 0.22206399]
[1.4331414, 0.636731, 0.5777703, 0.21863995]
[1.6451654, 0.6437073, 0.79504395, 0.20641424]
[1.7174349, 0.7526704, 0.7493317, 0.21543276]
[1.5387096, 0.6377578, 0.676306, 0.22464585]
[1.547154, 0.62351584, 0.71132976, 0.21230838]
[1.6046776, 0.76498616, 0.60905206, 0.23063935]
[1.5763375, 0.65010774, 0.7038737, 0.222356]
[1.3631067, 0.7058164, 0.43935585, 0.21793447]
[1.5609308, 0.8411111, 0.51044536, 0.20937435]
[2.0219815, 0.8790937, 0.91120476, 0.23168308]
[1.6978834, 0.6234083, 0.83394074, 0.24053428]
[1.3893278, 0.70061046, 0.4825837, 0.2061336]
[1.4744135, 0.5714624, 0.67411125, 0.22883992]
[1.5661876, 0.63513595, 0.68201256, 0.24903923]
[1.8314543, 0.85565627, 0.7580615, 0.21773653]
[1.4592986, 0.79692733, 0.4554056, 0.20696571]
[1.54388, 0.57951415, 0.7621052, 0.20226058]
[1.4172443, 0.40693653, 0.7765018, 0.23380598]
[1.5081025, 0.744799, 0.5091578, 0.25414577]
[1.3958905, 0.5251976, 0.6240529, 0.2466399]
[1.2637756, 0.608907, 0.40816653, 0.24670202]
[1.5862412, 0.6716162, 0.6575119, 0.25711328]
[1.733452, 0.811809, 0.6638191, 0.25782382]
[1.5531019, 0.690145, 0.6188222, 0.2441347]
[1.8202326, 0.9225055, 0.6810181, 0.21670899]
[1.4520361, 0.4630949, 0.76775455, 0.2211867]
[2.5241277, 1.079699, 1.2191513, 0.2252774]
[1.5225946, 0.80653083, 0.5000832, 0.21598054]
[1.7002726, 0.7118701, 0.7726181, 0.21578437]
[1.9098635, 0.5924635, 1.0957975, 0.2216024]
[1.5501175, 0.7447214, 0.58644646, 0.21894953]
[1.7648307, 0.7545272, 0.79746294, 0.21284056]
[1.3410091, 0.5766325, 0.5439983, 0.22037838]
[1.5668956, 0.80889404, 0.5281056, 0.22989596]
[1.3889208, 0.30768824, 0.8817694, 0.19946313]
[1.8541676, 0.91273284, 0.70094913, 0.24048555]
[1.4953438, 0.56120336, 0.70776767, 0.22637284]
[1.6141504, 0.8370056, 0.5554234, 0.22172141]
[1.3851348, 0.44216132, 0.7310831, 0.21189037]
[1.3008735, 0.55542827, 0.5288443, 0.21660084]
[1.4705379, 0.6193337, 0.62186646, 0.22933766]
[1.3714007, 0.41286972, 0.74386454, 0.21466653]
[1.5648692, 0.72926694, 0.61199987, 0.2236023]
[1.345355, 0.4549216, 0.6445465, 0.2458869]
[1.593033, 0.69864035, 0.6763576, 0.21803495]
[1.7067611, 0.7261073, 0.7391027, 0.24155122]
[1.7439758, 0.9229783, 0.6042953, 0.21670209]
[1.7557477, 0.52593327, 0.9998164, 0.22999804]
[1.6708555, 0.67691517, 0.7551468, 0.23879361]
[1.620078, 0.9057066, 0.49369892, 0.2206725]
[1.3333793, 0.4950079, 0.5946645, 0.2437068]
[1.7670568, 1.027184, 0.51675385, 0.2231189]
[1.8054907, 0.642766, 0.93229127, 0.23043352]
[1.5105468, 0.74449694, 0.54019606, 0.22585383]
[1.5724189, 0.66537356, 0.6944103, 0.21263501]
[1.4966474, 0.62304235, 0.6514008, 0.22220427]
[1.6407928, 0.6150676, 0.7883034, 0.23742181]
[1.4601836, 0.8619932, 0.36411995, 0.23407057]
[2.012689, 0.9668628, 0.8070336, 0.23879254]
[1.5200224, 0.6109478, 0.6866202, 0.22245438]
[1.4559947, 0.68646044, 0.5430535, 0.22648084]
[1.7338374, 0.73808515, 0.7616785, 0.23407358]
[1.4736459, 0.66645527, 0.5758759, 0.23131478]
[1.4696609, 0.6304853, 0.6357215, 0.20345414]
[1.8675637, 0.8470486, 0.8011031, 0.21941203]
[1.6617502, 0.6988015, 0.7382873, 0.22466138]
[1.7354854, 0.7907734, 0.73966116, 0.2050508]
[1.7094896, 0.7824247, 0.68198115, 0.24508385]
[1.5812163, 0.6814339, 0.6702101, 0.22957233]
[1.5375545, 0.5840533, 0.70178497, 0.25171626]
[1.7001469, 0.9063051, 0.5712541, 0.2225878]
[1.8117287, 0.9310483, 0.6792674, 0.201413]
[1.6583457, 0.84329164, 0.5906353, 0.22441879]
[1.346451, 0.53175485, 0.6052199, 0.20947626]
[1.4797335, 0.59257865, 0.67772037, 0.20943454]
[1.808011, 0.96694934, 0.63585746, 0.20520419]
[1.6618133, 0.82386816, 0.61766016, 0.220285]
[1.6700647, 0.56552887, 0.8615367, 0.24299914]
[1.393406, 0.69335914, 0.47893274, 0.22111414]
[1.6325997, 0.7379213, 0.68249893, 0.21217951]
[1.4749212, 0.6567254, 0.5861205, 0.2320754]
[1.5643712, 0.74181557, 0.60980344, 0.21275227]
[1.5748041, 0.6494204, 0.6939384, 0.23144534]
[1.3046528, 0.59994173, 0.4717657, 0.23294535]
[1.6383804, 0.947659, 0.4708422, 0.21987914]
[1.6252306, 0.440381, 0.94309497, 0.2417545]
[1.3657699, 0.53628755, 0.59922194, 0.23026036]
[1.5982655, 0.5567187, 0.7797122, 0.26183462]
[1.9031801, 0.9333236, 0.73654187, 0.23331466]
[1.3342847, 0.5921074, 0.4880799, 0.2540973]
[1.3724189, 0.46161747, 0.6859921, 0.22480933]
[1.5917226, 0.5362449, 0.79690266, 0.25857505]
[1.7025812, 0.74422574, 0.7271484, 0.23120704]
[1.5386025, 0.7294305, 0.5686157, 0.24055631]
[1.5881721, 0.6286349, 0.70651424, 0.2530229]
[1.5598353, 0.45617455, 0.85240006, 0.25126064]
[1.6113594, 0.81116354, 0.5414606, 0.25873518]
[1.4950215, 0.62321365, 0.6543087, 0.2174991]
[1.8031557, 0.7594803, 0.7869222, 0.2567532]
[1.5711156, 0.6854507, 0.6404284, 0.24523653]
[1.9480407, 0.97623247, 0.7063454, 0.26546293]
[1.6458411, 0.38571417, 1.0151925, 0.2449345]
[1.6540986, 0.7855063, 0.6216036, 0.24698864]
[1.4726149, 0.42410177, 0.81660473, 0.23190847]
[1.6763073, 0.9309925, 0.5069202, 0.23839462]
[1.4571706, 0.5865865, 0.6212139, 0.24937019]
[1.499979, 0.7043805, 0.52354145, 0.27205706]
[1.4860294, 0.5340169, 0.718961, 0.23305155]
[1.6958468, 0.88647485, 0.56829774, 0.24107423]
[1.4876847, 0.4815954, 0.76126194, 0.24482733]
[1.8248531, 0.80763257, 0.78370357, 0.2335169]
[1.7132355, 0.9078893, 0.56800795, 0.23733814]
[1.4147999, 0.56511915, 0.62855136, 0.22112942]
[1.544084, 0.7160397, 0.60140914, 0.22663507]
[1.6657668, 0.69985247, 0.7550957, 0.21081865]
[1.7523103, 0.84147346, 0.6612504, 0.24958634]
[1.6048579, 0.6861569, 0.69973016, 0.21897075]
[1.7013614, 0.8901336, 0.58188736, 0.2293404]
[1.5650101, 0.5456388, 0.78780925, 0.23156196]
[1.6288214, 0.74462736, 0.6313572, 0.2528368]
[1.5529118, 0.5995342, 0.7378582, 0.21551947]
[1.5469327, 0.79942757, 0.51798326, 0.22952192]
[1.526122, 0.7185611, 0.5697957, 0.2377652]
[1.3019967, 0.5638698, 0.51515806, 0.22296886]
[1.6997278, 0.71971166, 0.7260397, 0.25397635]
[1.5465562, 0.65650547, 0.6686024, 0.22144842]
[1.9684489, 1.0066811, 0.74395454, 0.21781325]
[1.4450978, 0.5628499, 0.6455772, 0.23667076]
[1.6021864, 0.5149266, 0.84588754, 0.24137229]
[1.340611, 0.68221605, 0.3979324, 0.26046258]
[1.5595531, 0.30157167, 1.0204661, 0.23751542]
[1.4331634, 0.9280659, 0.2485861, 0.25651142]
[1.6351156, 0.80163574, 0.614037, 0.21944287]
[1.6114475, 0.67707586, 0.7066983, 0.22767332]
[1.6801741, 0.6324624, 0.80779475, 0.23991707]
[1.5781441, 0.6849434, 0.6454394, 0.24776122]
[1.7570302, 0.7585838, 0.73683906, 0.2616074]
[1.7019275, 0.6666373, 0.808295, 0.2269952]
[1.6218818, 0.7840699, 0.61300576, 0.22480619]
[1.7218795, 0.9790133, 0.5116142, 0.23125198]
[1.7547197, 0.73996025, 0.7777812, 0.2369783]
[1.5215609, 0.53015476, 0.7514401, 0.239966]
[1.6217369, 0.66328156, 0.7225487, 0.23590657]
[1.3055438, 0.5643642, 0.5035739, 0.2376057]
[1.7645056, 0.7780054, 0.77730244, 0.2091977]
[1.5027106, 0.56493443, 0.7410064, 0.19676974]
[1.6075029, 0.796532, 0.56422484, 0.24674605]
[1.8102202, 0.6961904, 0.8600135, 0.2540164]
[1.6617881, 0.7929968, 0.64942193, 0.21936925]
[1.7372587, 0.73348767, 0.7813209, 0.22245002]
[1.4824471, 0.40647936, 0.8486888, 0.22727892]
[1.469801, 0.7296145, 0.48675779, 0.2534287]
[1.4101076, 0.66270334, 0.48954245, 0.2578618]
[1.5975095, 0.7310289, 0.6536057, 0.21287489]
[1.3057953, 0.41907483, 0.65838635, 0.22833404]
[1.6916859, 0.6275213, 0.85427725, 0.20988742]
[1.3506291, 0.5777852, 0.51288927, 0.25995463]
[1.3935959, 0.42441797, 0.72133505, 0.24784294]
[1.2330391, 0.4509281, 0.51292855, 0.26918247]
[1.6879784, 1.0533853, 0.39919972, 0.23539339]
[1.5299646, 0.55669117, 0.75537044, 0.21790302]
[1.525833, 0.714061, 0.5703668, 0.24140517]
[1.5758407, 0.6376499, 0.70391434, 0.23427653]
[1.5957758, 0.5640445, 0.766664, 0.26506734]
[1.5693334, 0.72000045, 0.60565645, 0.2436765]
[2.0111246, 1.0071504, 0.7502, 0.25377426]
[1.9859221, 0.8910086, 0.84372103, 0.2511925]
[1.8175235, 0.6607439, 0.9182197, 0.23856]
[1.9591225, 0.9800241, 0.73748446, 0.24161398]
[1.6948009, 0.7672179, 0.6797335, 0.2478495]
[1.7331359, 0.90433085, 0.60866606, 0.22013901]
[1.3722441, 0.46850488, 0.6796961, 0.22404316]
[1.5296236, 0.69965446, 0.5785588, 0.25141037]
[1.5189931, 0.79940295, 0.4910882, 0.22850198]
[1.4522233, 0.50549835, 0.7313678, 0.2153571]
[1.809867, 0.7005759, 0.86429334, 0.24499783]
[1.8011136, 0.80760014, 0.7334994, 0.260014]
[1.7828825, 1.0230713, 0.533568, 0.22624312]
[1.2096748, 0.32170257, 0.7070543, 0.18091804]
[1.6739794, 0.86953366, 0.56807685, 0.23636886]
[1.6591113, 0.8793762, 0.5474735, 0.23226167]
[1.6264582, 0.6622052, 0.7468903, 0.21736267]
[1.4188772, 0.5410419, 0.6363776, 0.24145782]
[1.6588876, 0.5712288, 0.8499782, 0.23768063]
[1.8290627, 0.9094733, 0.66101944, 0.25856996]
[1.4671648, 0.6594945, 0.5969968, 0.21067347]
[1.4817305, 0.64492464, 0.63513017, 0.2016757]
[1.7556822, 0.537597, 0.99528074, 0.2228045]
[1.638316, 1.0271628, 0.4068507, 0.20430255]
[1.4362037, 0.3347317, 0.8989942, 0.20247775]
[1.6217461, 0.86296135, 0.54065436, 0.21813041]
[1.5313005, 0.43510646, 0.8854457, 0.21074848]
[1.3520622, 0.71635807, 0.38301635, 0.25268787]
[1.7301702, 0.6772529, 0.8259668, 0.22695062]
[1.7461076, 0.81072366, 0.71000004, 0.22538391]
[1.7130419, 0.58069026, 0.8917489, 0.24060273]
[1.866223, 1.0080526, 0.64323616, 0.21493419]
[1.6186273, 0.7304586, 0.6563937, 0.23177502]
[1.3390641, 0.48700425, 0.60672945, 0.2453304]
[1.6078032, 0.77559125, 0.61315644, 0.21905556]
[1.7225184, 0.72788936, 0.75731975, 0.2373093]
[1.6303979, 0.78025293, 0.63880306, 0.21134195]
[1.6935209, 0.7751135, 0.67715716, 0.24125014]
[1.4243091, 0.42482454, 0.7843836, 0.21510103]
[1.7925506, 0.78767914, 0.7879756, 0.21689577]
[1.351725, 0.7279892, 0.4178791, 0.20585665]
[1.6036227, 0.61921036, 0.7569899, 0.22742242]
[1.5941361, 0.91173583, 0.46979746, 0.21260284]
[1.4241061, 0.37045205, 0.83491105, 0.21874306]
[1.766951, 1.0861633, 0.43954685, 0.24124086]
[1.7144444, 0.8618183, 0.63747215, 0.21515398]
[1.7679248, 0.5676171, 0.96370625, 0.2366014]
[1.485297, 0.719242, 0.5279118, 0.23814316]
[1.556718, 0.6913921, 0.6380294, 0.2272965]
[1.4459391, 0.705447, 0.49939218, 0.24109986]
[1.530231, 0.6684046, 0.6483519, 0.21347448]
[1.4504452, 0.53960955, 0.6757549, 0.23508069]
[1.4801457, 0.90441585, 0.35025007, 0.22547983]
[1.5414629, 0.63003594, 0.68045723, 0.23096964]
[1.229732, 0.37401408, 0.6366974, 0.2190206]
[1.5770156, 0.78346527, 0.5592829, 0.23426744]
[1.415688, 0.59260666, 0.5968344, 0.22624692]
[1.5448644, 0.7276319, 0.5517733, 0.26545912]
[1.6693175, 0.78607976, 0.6464543, 0.23678347]
[1.5204856, 0.44338208, 0.87641275, 0.20069072]
[1.5142188, 0.86301243, 0.41050136, 0.24070507]
[1.7402761, 0.57183117, 0.92820823, 0.24023677]
[1.6268187, 0.64524436, 0.74349, 0.23808435]
[1.5553688, 0.63031375, 0.7122523, 0.21280275]
[1.7225336, 0.88947755, 0.6016973, 0.23135862]
[1.4910371, 0.6091913, 0.6248844, 0.25696132]
[1.6382182, 0.58999205, 0.8281139, 0.22011222]
[1.5205939, 0.6332864, 0.6114446, 0.2758629]
[1.8503885, 0.7999252, 0.8044783, 0.24598509]
[1.703403, 0.86226815, 0.59732497, 0.24380998]
[1.5908982, 0.7946298, 0.5636076, 0.23266082]
[1.7065414, 0.49863884, 0.96629596, 0.24160662]
[1.7671059, 0.71267724, 0.839209, 0.21521965]
[1.5413094, 0.6329428, 0.6569388, 0.25142783]
[1.8543509, 1.0402648, 0.57352746, 0.24055864]
[1.5885955, 0.3236406, 1.0390708, 0.22588405]
[1.3490803, 0.573068, 0.548247, 0.22776532]
[1.5832312, 0.9631793, 0.38343674, 0.23661521]
[1.4072578, 0.35056144, 0.8135648, 0.24313162]
[1.7095675, 1.0428693, 0.39796788, 0.2687304]
[1.6927662, 0.58034396, 0.85705006, 0.25537214]
[1.6046717, 0.773142, 0.616122, 0.21540776]
[1.5062475, 0.54533505, 0.73777556, 0.22313684]
[1.7538269, 0.84359384, 0.67176616, 0.23846687]
[1.6965955, 0.58589184, 0.8871598, 0.22354384]
[1.5404581, 0.8497058, 0.45020533, 0.24054694]
[1.7558845, 0.7106897, 0.816396, 0.22879875]
[1.6203482, 0.75187933, 0.6345837, 0.23388518]
[1.8461105, 0.8950322, 0.7135965, 0.23748173]
[1.4674892, 0.5864886, 0.6420778, 0.23892277]
[1.920325, 1.1252862, 0.55871993, 0.2363188]
[1.672358, 0.6152636, 0.8119916, 0.24510285]
[1.5842061, 0.6854777, 0.66817814, 0.23055029]
[1.7780672, 0.8271469, 0.73269737, 0.21822296]
[1.4992287, 0.7460966, 0.5342263, 0.21890584]
[1.4718604, 0.5670058, 0.6745489, 0.23030569]
[1.7131243, 0.7962618, 0.688438, 0.22842455]
[1.359003, 0.40063804, 0.70567465, 0.2526902]
[1.6113666, 0.68036735, 0.69944227, 0.23155701]
[1.3485671, 0.5038894, 0.6449481, 0.19972959]
[1.4718177, 0.7424194, 0.46046877, 0.26892954]
[1.7628665, 0.5991949, 0.9284186, 0.2352531]
[1.6998826, 0.6456473, 0.80969995, 0.24453533]
[1.6313211, 0.83989704, 0.58329475, 0.20812933]
[1.6703019, 0.7116312, 0.7305756, 0.228095]
[1.6749388, 0.8998904, 0.56208, 0.21296832]
[1.8541733, 0.94407415, 0.6851485, 0.22495064]
[1.7261255, 0.54858494, 0.9485711, 0.2289695]
[1.9472712, 0.82545733, 0.8928707, 0.22894327]
[1.7259421, 0.8322128, 0.67946255, 0.2142668]
[1.8751984, 0.7490219, 0.9022058, 0.22397067]
[1.3817654, 0.57853925, 0.5867287, 0.21649742]
[1.5804911, 0.8460506, 0.5176911, 0.21674941]
[1.6718162, 0.73594546, 0.72418845, 0.21168236]
[1.4359213, 0.5348375, 0.6610644, 0.24001941]
[1.4517857, 0.8555573, 0.39674366, 0.19948468]
[1.5652567, 0.6025078, 0.7552864, 0.20746243]
[1.7367954, 0.7477402, 0.768363, 0.22069213]
[1.5632005, 0.6742631, 0.6616285, 0.22730893]
[1.6035116, 0.6287357, 0.7665162, 0.20825955]
[1.8483217, 0.8640847, 0.74418056, 0.24005638]
[1.5313246, 0.8211426, 0.48060766, 0.22957434]
[1.7857795, 0.76245457, 0.8331118, 0.19021305]
[1.547416, 0.5273155, 0.7844353, 0.23566517]
[1.517695, 0.5592397, 0.7321956, 0.22625972]
[1.6532012, 0.7688735, 0.65849125, 0.22583637]
[1.5791287, 0.74326396, 0.5816959, 0.25416887]
[1.5080123, 0.6175771, 0.64978045, 0.2406547]
[1.5444794, 0.57097596, 0.75248885, 0.22101454]
[1.610397, 0.81870764, 0.55280054, 0.23888883]
[1.6019915, 0.5570351, 0.8248825, 0.22007392]
[1.5635077, 0.7380898, 0.583929, 0.24148881]
[1.8320662, 0.88385177, 0.71488935, 0.23332515]
[1.7961692, 0.7086646, 0.87938154, 0.20812306]
[1.5271269, 0.59149575, 0.6981025, 0.2375287]
[1.454229, 0.59556246, 0.6156371, 0.24302949]
[1.6350045, 0.63262135, 0.7669914, 0.2353918]
[1.8038332, 1.0373895, 0.50466454, 0.2617792]
[1.7187423, 0.6878562, 0.8238145, 0.20707159]
[1.7660061, 0.71612704, 0.83071244, 0.2191666]
[1.5826218, 0.7644567, 0.6256883, 0.19247672]
[1.4284993, 0.64236826, 0.5611563, 0.22497478]
[1.8608408, 0.7707991, 0.8649055, 0.2251363]
[1.5301538, 0.6817486, 0.61891043, 0.22949463]
[1.4906406, 0.53596, 0.7204013, 0.23427941]
[1.69834, 0.73557055, 0.7343397, 0.22842975]
[1.2641684, 0.52582425, 0.5152998, 0.22304425]
[1.7739276, 0.71048903, 0.83562106, 0.22781742]
[1.511317, 0.74742806, 0.5369804, 0.2269085]
[1.6365538, 0.71226597, 0.70109046, 0.22319728]
[1.8020065, 0.9932149, 0.5895518, 0.21923968]
[1.838929, 0.5720922, 1.0524266, 0.21441029]
[1.5009798, 0.6987686, 0.5837911, 0.21842016]
[1.6467023, 0.6864315, 0.7439637, 0.21630698]
[1.711777, 0.71106744, 0.76613134, 0.23457813]
[1.640805, 0.7271297, 0.70168984, 0.21198551]
[1.5469215, 0.5154536, 0.7970884, 0.23437957]
[1.8422989, 0.8769975, 0.7216373, 0.24366415]
[1.6435505, 0.74325216, 0.6413319, 0.25896645]
[1.7414614, 0.63953173, 0.88872993, 0.21319972]
[1.666724, 0.9189644, 0.5301937, 0.21756588]
[1.598983, 0.67523146, 0.7147913, 0.20896024]
[1.7833668, 0.6390996, 0.92108166, 0.22318551]
[1.5424597, 0.68366396, 0.62873197, 0.23006374]
[1.8380836, 0.8585856, 0.7765515, 0.20294657]
[1.6476525, 0.79208106, 0.64014524, 0.21542618]
[1.52195, 0.8096392, 0.49494135, 0.2173694]
[1.3435822, 0.4513877, 0.6945446, 0.19764987]
[1.5206343, 0.75321496, 0.53628814, 0.2311312]
[1.6205939, 0.7204598, 0.67205936, 0.22807464]
[1.5885448, 0.74524957, 0.6204088, 0.22288656]
[1.5598805, 0.51734495, 0.8050184, 0.23751709]
[1.5224178, 0.7323301, 0.55095404, 0.23913354]
[1.7900686, 0.95247495, 0.61684775, 0.22074594]
[1.5455725, 0.55946445, 0.74201655, 0.24409157]
[1.444627, 0.7379924, 0.46199095, 0.24464372]
[1.3825641, 0.4702987, 0.65968466, 0.2525807]
[1.9192314, 1.0415452, 0.62883353, 0.24885279]
[1.698188, 0.6068466, 0.8636136, 0.22772777]
[1.5995116, 0.75756836, 0.62432563, 0.2176176]
[1.5376593, 0.83531857, 0.49900925, 0.20333144]
[1.7228658, 0.718537, 0.760905, 0.24342385]
[1.8134971, 0.84510344, 0.7630948, 0.2052989]
[1.616344, 0.81068665, 0.55968, 0.2459774]
[1.415771, 0.4821158, 0.7097885, 0.22386669]
[1.7337155, 0.95117074, 0.5434536, 0.23909119]
[1.8061295, 0.5095874, 1.0688401, 0.22770195]
[1.5501362, 0.7575087, 0.58401334, 0.20861426]
[1.422929, 0.6687686, 0.53614426, 0.2180162]
[1.6816672, 0.66890097, 0.80506223, 0.20770398]
[1.8250328, 0.74859583, 0.8601314, 0.21630563]
[1.6391321, 0.7695819, 0.6283208, 0.24122944]
[1.8486377, 0.8222593, 0.80931365, 0.2170647]
[1.8527884, 0.75043327, 0.878231, 0.22412413]
[1.4591439, 0.7287814, 0.5114, 0.21896248]
[1.8960977, 0.728951, 0.96396214, 0.20318462]
[1.4747097, 0.69587624, 0.57020366, 0.2086299]
[1.575409, 0.67092186, 0.67279434, 0.23169291]
[1.7549202, 0.8895211, 0.64937365, 0.21602547]
[1.5987102, 0.650018, 0.7191707, 0.22952148]
[1.9198067, 0.7596226, 0.93536025, 0.22482389]
[1.6664681, 0.67020756, 0.8077557, 0.18850492]
[1.716465, 0.83508646, 0.6767424, 0.20463613]
[1.5944866, 0.7619482, 0.60411775, 0.22842064]
[1.8103089, 0.75430965, 0.8483381, 0.20766121]
[1.4647856, 0.5892502, 0.6774653, 0.19807011]
[1.5957577, 0.6636931, 0.70898473, 0.22307998]
[1.3809456, 0.62078106, 0.5249923, 0.23517215]
[1.7305734, 0.66306114, 0.8353257, 0.2321865]
[1.3913187, 0.51726043, 0.66837597, 0.20568228]
[1.6954209, 0.7534838, 0.7398382, 0.20209892]
[1.5847911, 0.6642178, 0.71595216, 0.20462112]
[1.6388973, 0.80593336, 0.6384192, 0.19454464]
[1.4617382, 0.5670005, 0.67504126, 0.21969642]
[1.6519406, 0.856241, 0.5683114, 0.22738808]
[1.6550026, 0.6560506, 0.76601124, 0.23294061]
[1.3677607, 0.67267585, 0.47088212, 0.22420263]
[1.815931, 0.80244184, 0.79052764, 0.22296154]
[1.5239208, 0.58069515, 0.71593463, 0.22729093]
[1.6380239, 0.74507153, 0.66257805, 0.23037434]
[1.8989693, 0.97403806, 0.70178235, 0.22314891]
[1.7180015, 0.65310395, 0.84830964, 0.21658787]
[1.6188878, 0.7986877, 0.58362937, 0.23657067]
[1.8920395, 0.83006454, 0.8368956, 0.22507945]
[1.5801799, 0.57237834, 0.7923994, 0.21540211]
[1.6690282, 0.5330338, 0.9243564, 0.21163797]
[1.5558307, 0.8486564, 0.49402502, 0.21314935]
[1.2862837, 0.5079211, 0.56246454, 0.21589799]
[1.862159, 0.98798996, 0.6648616, 0.20930746]
[1.6779884, 0.68532574, 0.7841486, 0.20851406]
[1.6634794, 0.7987931, 0.64802307, 0.21666327]
[1.8451241, 0.6958945, 0.9245243, 0.22470538]
[1.6998118, 0.94910187, 0.57337606, 0.17733394]
[1.6739001, 0.73136234, 0.7229946, 0.21954323]
[1.7588739, 0.6863733, 0.8655925, 0.20690818]
[1.6590439, 0.8321644, 0.6087713, 0.21810815]
[1.7201515, 0.7266329, 0.7825129, 0.21100579]
[1.4880886, 0.56111157, 0.7235687, 0.20340836]
[1.563744, 0.78400105, 0.5784739, 0.20126903]
[1.3931239, 0.48284534, 0.69057477, 0.2197038]
[1.4764751, 0.5745485, 0.6494571, 0.25246954]
[1.666269, 0.6415524, 0.8005081, 0.2242085]
[1.4343778, 0.75172937, 0.43554783, 0.24710058]
[1.8348238, 0.650046, 0.9358797, 0.2488981]
[1.3361477, 0.6453257, 0.45544234, 0.23537959]
[1.4370584, 0.5079674, 0.7334376, 0.19565341]
[1.7702312, 0.8581114, 0.6753773, 0.23674247]
[1.6285552, 0.6666015, 0.7344896, 0.22746406]
[1.5320767, 0.765471, 0.5470997, 0.21950601]
[1.9844685, 0.7127317, 1.0502284, 0.22150844]
[1.6492778, 0.70654666, 0.7036042, 0.23912695]
[1.4982882, 0.6993526, 0.56244844, 0.23648715]
[1.498918, 0.5967162, 0.69946456, 0.20273733]
[1.7814374, 0.800791, 0.7449073, 0.23573905]
[1.4225075, 0.5584339, 0.6348942, 0.22917944]
[1.6561351, 0.7720739, 0.63255644, 0.2515046]
[1.6962372, 0.66909814, 0.7743819, 0.25275722]
[1.758816, 0.8117401, 0.7203131, 0.22676274]
[1.6253518, 0.7079129, 0.6938158, 0.22362301]
[1.6116054, 0.63917994, 0.76235425, 0.21007127]
[1.6450298, 0.7643989, 0.63909626, 0.24153472]
[1.4702474, 0.55065787, 0.7021878, 0.21740177]
[1.6639774, 0.757097, 0.68432945, 0.22255093]
[1.421389, 0.5608698, 0.61997414, 0.24054499]
[1.6369607, 0.87820023, 0.53794956, 0.22081088]
[1.855483, 0.780576, 0.8499066, 0.22500041]
[1.5976197, 0.6598468, 0.71863025, 0.2191426]
[1.8547065, 0.95127976, 0.6814247, 0.22200206]
[1.620907, 0.5934641, 0.79600763, 0.23143515]
[1.71082, 0.7547662, 0.75905395, 0.1969998]
[1.5756214, 0.62085253, 0.7290833, 0.22568557]
[1.6448393, 0.6941304, 0.7269414, 0.22376749]
[1.8615824, 0.82957435, 0.8111213, 0.2208868]
[1.3602655, 0.46475044, 0.66333634, 0.2321787]
[1.4747692, 0.51970994, 0.7180078, 0.2370515]
[1.7497224, 0.75187796, 0.778253, 0.21959142]
[1.5403154, 0.78564775, 0.5551107, 0.19955692]
[1.5117168, 0.66911256, 0.61452115, 0.22808309]
[1.5954795, 0.66774213, 0.6603581, 0.26737922]
[1.500502, 0.6274824, 0.65115184, 0.22186764]
[1.6217157, 0.63080126, 0.75702655, 0.23388784]
[1.6707153, 0.6888067, 0.7163422, 0.2655663]
[1.4523627, 0.557737, 0.6575997, 0.23702598]
[1.7062591, 0.63724846, 0.8317044, 0.23730627]
[1.5866654, 0.8188709, 0.525829, 0.24196556]
[1.6138088, 0.5400212, 0.863824, 0.20996359]
[1.4420855, 0.7631005, 0.4549631, 0.22402193]
[1.6740329, 0.72949517, 0.7026832, 0.24185455]
[1.5346338, 0.64232486, 0.66459364, 0.22771525]
[1.9576554, 0.9223233, 0.8183197, 0.21701244]
[1.4815193, 0.6143726, 0.6372134, 0.22993335]
[2.049394, 0.89825916, 0.9037745, 0.24736024]
[1.4656132, 0.62070394, 0.6351422, 0.20976712]
[1.5531083, 0.5323639, 0.7480278, 0.27271667]
[1.5396212, 0.78680915, 0.52755034, 0.2252618]
[1.5543686, 0.67822075, 0.62536085, 0.250787]
[1.7773882, 0.8939626, 0.65176415, 0.23166145]
[1.5579394, 0.5920214, 0.73372304, 0.232195]
[1.6645337, 0.7066453, 0.7231646, 0.2347238]
[1.9002473, 0.92290103, 0.76789844, 0.20944789]
[1.5400203, 0.6186325, 0.6734954, 0.24789253]
[1.3649346, 0.65064883, 0.46814227, 0.24614345]
[1.6762743, 0.6103878, 0.8098723, 0.25601405]
[1.6533145, 0.7833668, 0.6448465, 0.22510108]
[1.6940022, 0.8338276, 0.629973, 0.23020154]
[1.4960052, 0.647053, 0.6371367, 0.21181548]
[1.5805624, 0.64205205, 0.7138774, 0.22463293]
[1.9320554, 0.89518166, 0.8165002, 0.22037347]
[1.7465067, 0.9978756, 0.5426386, 0.2059925]
[1.8376303, 0.75846136, 0.8676717, 0.21149719]
[1.8645918, 0.7490547, 0.89722997, 0.21830732]
[1.678052, 0.8116554, 0.64341044, 0.22298613]
[1.6440715, 0.8549185, 0.5713027, 0.21785031]
[1.4639659, 0.671775, 0.58727914, 0.20491174]
[1.7409229, 0.6556439, 0.8601409, 0.22513813]
[1.7429191, 0.53223205, 1.0081003, 0.20258673]
[1.6582557, 0.8747314, 0.5833174, 0.20020688]
[1.8768466, 0.95718306, 0.70429754, 0.21536583]
[1.5735173, 0.5193732, 0.83385426, 0.22028995]
[1.6998079, 0.70916325, 0.76787275, 0.22277194]
[1.575565, 0.7032075, 0.6545669, 0.21779065]
[1.728868, 0.91305697, 0.6131978, 0.20261328]
[1.8206661, 0.7683053, 0.84142995, 0.21093082]
[1.5471274, 0.66006494, 0.67952776, 0.20753469]
[1.5723155, 0.7317766, 0.64219123, 0.19834763]
[1.4439244, 0.61453635, 0.6062678, 0.22312024]
[1.4028723, 0.43433347, 0.7570771, 0.21146175]
[1.5130813, 0.8385781, 0.4524702, 0.22203296]
[1.5837513, 0.7356857, 0.6242107, 0.2238549]
[1.5793837, 0.5289108, 0.838111, 0.21236196]
[1.6404128, 0.8057301, 0.60296917, 0.2317135]
[1.4509193, 0.61706495, 0.6114063, 0.22244804]
[1.7160113, 0.7265389, 0.7468263, 0.24264616]
[1.6505308, 0.9156661, 0.51536286, 0.2195018]
[1.3671142, 0.5915434, 0.57299674, 0.2025741]
[1.5375073, 0.63600165, 0.68031096, 0.22119473]
[1.3349546, 0.5595033, 0.5357651, 0.23968616]
[1.5088811, 0.7083271, 0.595474, 0.20508006]
[1.3292353, 0.47023284, 0.6482309, 0.21077153]
[1.5483634, 0.7260146, 0.6217388, 0.20061007]
[1.6440197, 0.8817361, 0.52892387, 0.23335972]
[1.7785664, 0.67549217, 0.8603736, 0.24270064]
[1.7086922, 0.6349381, 0.84157145, 0.23218267]
[1.3154497, 0.4983032, 0.6232184, 0.19392812]
[1.387888, 0.7148553, 0.43786165, 0.23517098]
[1.582459, 0.62692124, 0.7504513, 0.20508653]
[1.7861017, 0.7420851, 0.8234129, 0.22060373]
[1.7604359, 0.87132215, 0.6450857, 0.24402806]
[1.645537, 0.56566626, 0.8611633, 0.21870747]
[1.6785648, 0.8178247, 0.59789, 0.26285005]
[1.647407, 0.60255754, 0.82998127, 0.21486825]
[1.5611959, 0.5572307, 0.7813227, 0.22264245]
[1.773536, 0.88696337, 0.632661, 0.25391167]
[1.7393215, 0.5620775, 0.97303677, 0.20420724]
[1.7399521, 1.1205084, 0.3933633, 0.22608043]
[1.5117866, 0.8148329, 0.4935614, 0.20339222]
[1.6607091, 0.54696584, 0.9221073, 0.19163603]
[1.473977, 0.69637084, 0.56134725, 0.21625888]
[1.8706213, 0.9184948, 0.72004724, 0.23207924]
[1.6169541, 0.47385284, 0.9447105, 0.19839077]
[1.793252, 0.919837, 0.64251155, 0.23090336]
[1.7853001, 0.7108675, 0.85122037, 0.22321224]
[1.7524182, 0.51785296, 0.9964492, 0.23811598]
[1.664423, 0.8688015, 0.5964368, 0.19918463]
[1.5734552, 0.7948624, 0.5871245, 0.19146839]
[1.4999373, 0.66186327, 0.61323404, 0.22483987]
[1.7630213, 0.7750821, 0.75158906, 0.23635021]
[1.492613, 0.64071405, 0.6356268, 0.21627216]
[1.570183, 0.6356471, 0.7152649, 0.219271]
[1.5558574, 0.7534122, 0.5491219, 0.25332332]
[1.5826406, 0.4891937, 0.85518396, 0.23826295]
[1.3294964, 0.6081009, 0.47483727, 0.24655816]
[1.7879975, 0.81089205, 0.7249541, 0.25215128]
[1.763118, 0.7355409, 0.8032227, 0.22435434]
[1.8095438, 0.77891433, 0.7925937, 0.23803574]
[1.5067856, 0.53477144, 0.7072479, 0.26476616]
[1.5738046, 0.700804, 0.6109351, 0.26206547]
[1.5570188, 0.6350386, 0.7140632, 0.20791693]
[1.7901713, 0.7530755, 0.82586205, 0.21123374]
[1.6691182, 0.6098306, 0.82103455, 0.23825301]
[1.8035798, 0.831377, 0.7325784, 0.23962444]
[1.6240861, 0.7906605, 0.60206556, 0.23136011]
[1.5187331, 0.6075121, 0.6787567, 0.23246431]
[1.5893927, 0.67554486, 0.65884024, 0.25500745]
[1.4584363, 0.7882827, 0.4206879, 0.24946567]
[1.5701579, 0.5015745, 0.8305018, 0.23808154]
[1.4560796, 0.54681337, 0.69842786, 0.21083844]
[1.543011, 0.8479465, 0.4439835, 0.25108093]
[1.6620443, 0.549927, 0.8715639, 0.24055333]
[1.6387138, 0.9504559, 0.44702858, 0.24122924]
[1.8718585, 0.7956548, 0.84369683, 0.23250684]
[1.7399944, 0.88524634, 0.6314433, 0.22330472]
[1.3698374, 0.5079995, 0.6269024, 0.23493557]
[1.6214814, 0.61747074, 0.7974901, 0.2065205]
[1.7415262, 0.912163, 0.6209814, 0.20838177]
[1.4326103, 0.5394189, 0.62921435, 0.26397708]
[1.6327137, 0.73187345, 0.6763552, 0.22448507]
[1.8085526, 0.7717414, 0.79468143, 0.24212985]
[1.5781827, 0.67479265, 0.6896329, 0.21375716]
[1.806761, 0.7691989, 0.80438495, 0.23317716]
[1.8060429, 0.7887049, 0.78730124, 0.2300368]
[1.4543372, 0.65477717, 0.5491017, 0.25045836]
[1.7505865, 0.844365, 0.69067454, 0.21554695]
[1.7266024, 0.51637036, 0.9390578, 0.27117428]
[1.8347541, 1.1134775, 0.5138912, 0.20738542]
[1.8869915, 0.9269396, 0.7250289, 0.23502308]
[1.5827122, 0.62926704, 0.71829146, 0.2351537]
[1.5819795, 0.5762105, 0.77742827, 0.22834077]
[1.4479795, 0.56812346, 0.6580905, 0.22176552]
[1.5507164, 0.5800967, 0.7444593, 0.22616036]
[1.7502614, 1.0760009, 0.44318843, 0.23107211]
[1.9590597, 0.80848694, 0.9351281, 0.21544471]
[1.8201255, 0.8583807, 0.7468612, 0.2148836]
[1.6882931, 0.6687914, 0.8097873, 0.20971441]
[1.7158371, 0.7730026, 0.73639226, 0.20644228]
[1.6936338, 0.8906385, 0.5893227, 0.21367262]
[1.4751142, 0.5375062, 0.7063521, 0.23125589]
[1.3724773, 0.4426612, 0.70589495, 0.22392115]
[1.57339, 0.7607076, 0.5960152, 0.21666719]
[1.5591028, 0.64699066, 0.6749557, 0.2371564]
[1.7903903, 0.8807628, 0.6858102, 0.22381724]
[1.5442837, 0.5318656, 0.794052, 0.21836618]
[1.6622871, 0.6884447, 0.7452567, 0.22858572]
[1.874541, 0.8660675, 0.758757, 0.24971648]
[1.707337, 0.83560115, 0.6427002, 0.22903574]
[1.6236894, 0.6807726, 0.71563816, 0.22727868]
[1.5288018, 0.64878255, 0.6366996, 0.2433196]
[1.7267246, 0.7178262, 0.80036706, 0.20853144]
[1.6887358, 0.86830497, 0.5945647, 0.22586617]
