[1.5705693, 0.45326924, 0.87397474, 0.2433252]
[1.6490374, 0.83787453, 0.57215446, 0.23900847]
[1.6681906, 0.77942055, 0.6463932, 0.24237695]
[1.425756, 0.6541834, 0.50788236, 0.2636903]
[1.8209451, 0.60119784, 0.9886306, 0.23111664]
[1.6722887, 0.7687156, 0.6584979, 0.24507517]
[1.7559767, 0.7574955, 0.7548794, 0.24360174]
[1.2477636, 0.5651369, 0.46306726, 0.21955946]
[1.5442123, 0.67193377, 0.61896807, 0.25331044]
[1.455133, 0.5543959, 0.6789726, 0.2217645]
[1.5077491, 0.6069433, 0.65403926, 0.24676663]
[1.4283406, 0.628538, 0.5488806, 0.25092193]
[1.3892329, 0.5582974, 0.5692849, 0.26165062]
[1.6156718, 0.74857044, 0.6281693, 0.238932]
[1.5014584, 0.6110649, 0.6534054, 0.23698805]
[2.0106933, 0.87720317, 0.8841208, 0.24936938]
[1.4898357, 0.6917356, 0.52858335, 0.26951665]
[1.5411451, 0.52897453, 0.77878517, 0.23338538]
[1.6316208, 0.7738133, 0.6178311, 0.23997627]
[1.6055863, 0.81840146, 0.5444392, 0.2427457]
[1.6820673, 0.86296785, 0.59511894, 0.22398058]
[1.4874396, 0.4336657, 0.79339147, 0.26038235]
[1.6933199, 0.7216779, 0.7332738, 0.23836812]
[1.8420556, 1.1089882, 0.49502134, 0.23804608]
[1.9153033, 0.7191672, 0.9550538, 0.2410823]
[1.3954637, 0.6293229, 0.50634646, 0.2597943]
[1.7332665, 0.8048373, 0.7020241, 0.226405]
[1.3180034, 0.5343803, 0.5286205, 0.25500262]
[1.5970865, 0.7105757, 0.63011295, 0.25639784]
[1.3883783, 0.63100636, 0.5197422, 0.23762977]
[1.2512202, 0.38387004, 0.6240717, 0.24327856]
[1.5990715, 0.76355994, 0.57195866, 0.26355296]
[1.6202275, 0.6454145, 0.72765577, 0.24715726]
[1.759773, 0.9194497, 0.60261375, 0.23770946]
[1.8447232, 0.4283468, 1.1706537, 0.24572276]
[1.735154, 1.08536, 0.40236774, 0.24742623]
[1.5318522, 0.594761, 0.6866449, 0.25044626]
[1.7374521, 0.78198427, 0.73160493, 0.22386304]
[1.4801145, 0.7048583, 0.5092845, 0.26597163]
[1.6329774, 0.6227095, 0.7692338, 0.24103399]
[1.815381, 0.73127407, 0.8482425, 0.23586434]
[1.5178725, 0.6353282, 0.63650334, 0.24604096]
[2.0025313, 1.0053492, 0.75563115, 0.24155101]
[1.923727, 0.5319421, 1.1653073, 0.22647764]
[1.4146209, 0.8093538, 0.3712195, 0.23404759]
[1.5670028, 0.65894085, 0.6852013, 0.22286054]
[1.6500556, 0.76497364, 0.6509834, 0.2340987]
[1.6151032, 0.70241475, 0.6951971, 0.2174914]
[1.7040883, 0.67515516, 0.78630644, 0.24262679]
[1.5028228, 0.62780845, 0.6666449, 0.20836936]
[1.6753194, 0.72724134, 0.7093948, 0.23868322]
[1.3151506, 0.4691592, 0.62511265, 0.2208787]
[1.7686296, 0.79313195, 0.74617887, 0.22931868]
[1.4517974, 0.5554683, 0.65857387, 0.23775515]
[1.5177, 0.45325333, 0.81028533, 0.25416136]
[1.6597632, 0.8980492, 0.5008018, 0.2609123]
[1.4903286, 0.59140366, 0.6832111, 0.21571368]
[1.5649632, 0.7209755, 0.6143371, 0.2296506]
[1.5578885, 0.7863211, 0.53847337, 0.23309402]
[1.7480665, 0.7376312, 0.7837099, 0.22672549]
[1.7248619, 0.66506016, 0.8333892, 0.22641256]
[1.9406079, 0.78835833, 0.9376817, 0.21456786]
[1.7788117, 0.79113436, 0.7714255, 0.21625184]
[1.5714594, 0.78511965, 0.5690524, 0.21728745]
[1.548373, 0.45608482, 0.8450741, 0.24721414]
[1.5973561, 0.6639632, 0.6998723, 0.23352051]
[1.5582167, 0.8110404, 0.5298475, 0.21732879]
[1.6574992, 0.6931294, 0.7458375, 0.21853223]
[1.436602, 0.55432045, 0.6438389, 0.23844263]
[1.4659992, 0.5097966, 0.7083007, 0.24790189]
[1.5594335, 0.679674, 0.65305364, 0.22670579]
[1.8001711, 0.80921996, 0.7484212, 0.24252996]
[1.6132538, 0.63036054, 0.76963514, 0.21325809]
[1.7487808, 0.73191774, 0.79259896, 0.22426417]
[1.7727603, 0.7514808, 0.7768507, 0.24442878]
[1.7499495, 0.7646782, 0.7592557, 0.22601554]
[1.3831701, 0.5582807, 0.57501173, 0.24987774]
[1.765038, 0.995024, 0.53597486, 0.23403907]
[1.8149706, 0.58363384, 1.0088322, 0.22250447]
[1.5195303, 0.82053053, 0.48056507, 0.2184347]
[1.799852, 0.71004283, 0.8569087, 0.23290047]
[1.6640038, 0.75801355, 0.68190813, 0.22408226]
[1.4559495, 0.6325265, 0.6165463, 0.20687677]
[1.5148467, 0.7780132, 0.5124462, 0.22438732]
[1.6518053, 0.5461285, 0.897818, 0.2078587]
[1.370199, 0.60757816, 0.51417494, 0.24844581]
[1.6057333, 0.8196944, 0.54051495, 0.2455239]
[1.5555142, 0.49115717, 0.8452056, 0.21915141]
[1.5795228, 0.6829407, 0.6702963, 0.22628587]
[1.3879917, 0.562513, 0.5959124, 0.22956629]
[1.5027802, 0.5926599, 0.68723273, 0.22288755]
[1.6780581, 0.88236475, 0.5777266, 0.21796685]
[1.7024062, 0.57269776, 0.88921154, 0.2404969]
[1.4649554, 0.5161979, 0.70440865, 0.24434884]
[1.7676909, 0.7850513, 0.7463275, 0.23631209]
[1.5734507, 0.78889155, 0.54955184, 0.23500726]
[1.6204696, 0.7147899, 0.69323033, 0.21244925]
[1.5538969, 0.64380026, 0.69602144, 0.21407516]
[1.560156, 0.53049356, 0.80596685, 0.22369567]
[1.6726117, 0.853129, 0.57969487, 0.23978777]
[1.5204902, 0.58841944, 0.6964117, 0.23565897]
[1.663827, 0.7671608, 0.6583456, 0.23832062]
[1.5895259, 0.5921783, 0.76949084, 0.22785687]
[1.327477, 0.53915215, 0.5602678, 0.22805709]
[1.6172513, 0.49099937, 0.8578638, 0.26838812]
[1.6059818, 0.85927206, 0.5157654, 0.23094434]
[1.4898944, 0.6766769, 0.57987195, 0.23334548]
[1.5362716, 0.7514813, 0.54155135, 0.2432389]
[1.5092297, 0.628665, 0.6420648, 0.23849982]
[1.6107292, 0.80574334, 0.5655933, 0.23939249]
[1.7253926, 0.8056276, 0.6829405, 0.23682448]
[1.5903517, 0.4663374, 0.8868835, 0.23713075]
[1.5697984, 0.7546949, 0.58261883, 0.23248473]
[1.7944126, 0.8172605, 0.73975277, 0.23739928]
[1.524619, 0.6525253, 0.63170904, 0.24038473]
[1.6224918, 0.79784805, 0.6013111, 0.22333267]
[1.5582988, 0.5018884, 0.8013332, 0.25507724]
[1.3899856, 0.60221136, 0.5450412, 0.24273303]
[1.6806028, 0.9166878, 0.537608, 0.22630692]
[1.6704568, 0.46331942, 0.9944036, 0.21273375]
[1.4658626, 0.6396961, 0.54784155, 0.278325]
[1.6296022, 0.5589401, 0.80067444, 0.26998752]
[1.602517, 0.7347403, 0.62913, 0.23864667]
[1.78636, 0.6427195, 0.89817774, 0.24546283]
[1.7004325, 0.87379026, 0.58785236, 0.23878996]
[1.4803315, 0.59528434, 0.6184867, 0.26656044]
[1.3689823, 0.605115, 0.5204248, 0.24344252]
[1.5480548, 0.77096486, 0.53421414, 0.24287581]
[1.6871936, 0.6022062, 0.8464842, 0.23850322]
[1.4368967, 0.55499065, 0.63371134, 0.24819466]
[1.6209182, 0.8143913, 0.5584348, 0.2480921]
[1.6893936, 0.56640244, 0.86437047, 0.25862077]
[1.476804, 0.84128344, 0.41073555, 0.22478512]
[1.7616113, 0.73807156, 0.79614174, 0.22739804]
[1.4865348, 0.76844096, 0.4707275, 0.24736644]
[1.6467668, 0.5641568, 0.8387468, 0.24386327]
[1.6679566, 0.6810356, 0.7260149, 0.26090607]
[1.5079217, 0.9013634, 0.3850844, 0.22147396]
[1.6438727, 0.50400084, 0.92009246, 0.2197795]
[1.301491, 0.5198483, 0.5507262, 0.23091644]
[1.3995513, 0.45832828, 0.6957016, 0.2455214]
[1.6108642, 0.83844703, 0.502267, 0.27015024]
[1.413744, 0.45935732, 0.70750535, 0.24688125]
[1.7259138, 0.81329584, 0.6684297, 0.24418832]
[1.4662012, 0.65655637, 0.55568695, 0.25395784]
[1.600579, 0.67387414, 0.6899396, 0.23676533]
[1.61024, 0.706746, 0.6665797, 0.2369143]
[2.04401, 0.8697847, 0.9181664, 0.25605878]
[1.5126486, 0.76752937, 0.53330076, 0.21181844]
[1.5893819, 0.43314686, 0.9314048, 0.22483033]
[1.6426064, 0.98377585, 0.3954495, 0.26338103]
[1.6564227, 0.60689604, 0.81350505, 0.23602164]
[1.7108269, 0.7812398, 0.67967165, 0.24991533]
[1.5621027, 0.6368184, 0.69663095, 0.22865331]
[1.5768771, 0.5826504, 0.76527905, 0.2289477]
[1.4814146, 0.5413263, 0.6841215, 0.25596678]
[1.750203, 0.7156659, 0.78552866, 0.24900857]
[1.457626, 0.798307, 0.4112777, 0.24804132]
[1.433432, 0.5537266, 0.6258565, 0.2538489]
[1.3648674, 0.39816046, 0.7240015, 0.24270546]
[1.6579158, 0.8052789, 0.6058355, 0.24680144]
[1.5669143, 0.411861, 0.90770423, 0.24734905]
[1.6351118, 0.7296008, 0.6708664, 0.23464462]
[1.5792518, 0.8473971, 0.48731306, 0.24454167]
[1.3470688, 0.57886964, 0.5470516, 0.22114755]
[1.9022967, 0.9510632, 0.71252894, 0.23870455]
[1.4259096, 0.37849575, 0.8232156, 0.22419824]
[1.7195604, 0.99717426, 0.47796655, 0.24441952]
[1.608365, 0.5744971, 0.7875171, 0.24635085]
[1.6663067, 0.79679596, 0.6258723, 0.24363856]
[1.5662242, 0.7904624, 0.5567477, 0.21901421]
[1.6635404, 0.81101435, 0.61478525, 0.23774074]
[1.7778847, 0.62410855, 0.93212605, 0.22165015]
[1.6146153, 0.7572045, 0.6288826, 0.22852826]
[1.6999042, 0.6818474, 0.7655619, 0.25249487]
[1.5144395, 0.6024439, 0.6657623, 0.2462333]
[1.2980428, 0.51099324, 0.5284827, 0.25856686]
[1.4111135, 0.58929974, 0.5733032, 0.2485106]
[1.379513, 0.47207212, 0.68171006, 0.22573085]
[1.5180596, 0.5058316, 0.76684725, 0.24538071]
[1.9783342, 1.1980293, 0.513438, 0.26686692]
[1.6098782, 0.5735293, 0.803499, 0.23284999]
[1.6170325, 0.83682656, 0.5528455, 0.2273605]
[1.5138074, 0.64777964, 0.622278, 0.2437497]
[1.8322704, 0.80847186, 0.7893436, 0.23445481]
[1.4188014, 0.44500023, 0.7220649, 0.25173625]
[1.732045, 1.0292258, 0.45054895, 0.2522703]
[1.4813178, 0.60485756, 0.6432731, 0.23318705]
[1.4137065, 0.6119483, 0.5912354, 0.21052292]
[1.8695544, 0.7307274, 0.8959733, 0.24285375]
[1.451443, 0.60804164, 0.6037785, 0.23962283]
[1.5397466, 0.77563035, 0.52224225, 0.24187405]
[1.6493145, 0.82638025, 0.59322774, 0.2297065]
[1.5318115, 0.47757563, 0.82531387, 0.22892202]
[1.7286857, 0.7990154, 0.6682347, 0.26143563]
[1.5345501, 0.6206133, 0.6681287, 0.24580802]
[1.3617026, 0.5266697, 0.5942238, 0.24080908]
[1.857746, 0.93130046, 0.70206213, 0.22438347]
[1.6846555, 0.4962779, 0.9540261, 0.2343515]
[2.0364957, 0.9392829, 0.8726348, 0.2245779]
[1.9492546, 1.1139505, 0.5929758, 0.24232827]
[1.8004222, 0.8146286, 0.7732202, 0.21257341]
[1.5654794, 0.70104814, 0.65051544, 0.21391581]
[1.6057751, 0.6420524, 0.741733, 0.22198957]
[1.7533065, 0.6572497, 0.8773065, 0.21875034]
[1.3609762, 0.547078, 0.57264984, 0.24124837]
[1.9881127, 1.002114, 0.75996166, 0.22603697]
[1.5842385, 0.84123814, 0.49355787, 0.24944262]
[1.7586644, 0.63936305, 0.889014, 0.23028736]
[1.3800167, 0.5937784, 0.5409268, 0.24531145]
[1.9587194, 0.78929365, 0.9658569, 0.20356883]
[1.7311411, 0.72805303, 0.73491997, 0.2681681]
[1.7166182, 0.7037692, 0.7797267, 0.23312218]
[1.5278078, 0.7565206, 0.5626372, 0.20865002]
[1.7458557, 0.79097927, 0.7167045, 0.23817194]
[1.6296437, 0.5717012, 0.82087636, 0.23706599]
[1.5961112, 0.74367607, 0.6296643, 0.22277077]
[1.5576017, 0.60575, 0.74883777, 0.20301393]
[1.6930645, 0.77660686, 0.7006415, 0.21581608]
[1.5887231, 0.69820774, 0.68009746, 0.2104179]
[1.4141308, 0.68682873, 0.512534, 0.214768]
[1.5049585, 0.36323726, 0.9012518, 0.24046943]
[1.8567028, 1.1321361, 0.50737584, 0.2171908]
[1.5589433, 0.64828986, 0.69532096, 0.21533254]
[1.8424914, 0.75009024, 0.87036884, 0.22203228]
[1.7295152, 0.6811259, 0.8451519, 0.20323738]
[1.6062292, 0.8015816, 0.58074117, 0.2239064]
[1.4485807, 0.3670959, 0.8773366, 0.20414829]
[1.7258179, 0.8798075, 0.6139401, 0.23207033]
[1.8282306, 0.59028924, 1.0043888, 0.23355262]
[1.8991789, 0.80586195, 0.86689407, 0.22642286]
[1.4275675, 0.7764056, 0.413467, 0.23769501]
[1.6669406, 0.548934, 0.8718324, 0.24617422]
[1.8493556, 0.75152224, 0.8738419, 0.22399154]
[1.6893034, 0.9315946, 0.55943084, 0.19827789]
[1.6543337, 0.63299465, 0.80447733, 0.21686172]
[1.7355957, 0.7399823, 0.7718211, 0.22379231]
[1.6899508, 0.9312745, 0.541149, 0.21752732]
[1.6096275, 0.5791576, 0.8228457, 0.20762426]
[1.8351905, 0.84282994, 0.7730261, 0.21933444]
[1.3219651, 0.45473605, 0.6426337, 0.2245954]
[1.5821335, 0.8050488, 0.5411978, 0.23588696]
[1.6153631, 0.7365614, 0.68165374, 0.19714794]
[1.5400721, 0.56793463, 0.74898064, 0.22315678]
[1.6471751, 0.73701763, 0.6911598, 0.21899769]
[1.403283, 0.73215115, 0.45863968, 0.21249211]
[1.5159043, 0.5452063, 0.76840246, 0.20229559]
[1.5246637, 0.62240076, 0.6479186, 0.25434434]
[1.4065455, 0.7347004, 0.45753914, 0.21430598]
[1.6325667, 0.7362348, 0.6598848, 0.23644713]
[1.7555021, 0.6484535, 0.901183, 0.20586559]
[1.7446135, 0.96234196, 0.5422874, 0.23998411]
[1.8454865, 0.6193485, 0.9964541, 0.22968383]
[1.6482041, 1.0002906, 0.4234391, 0.22447449]
[1.4463515, 0.6907105, 0.53173447, 0.22390658]
[1.4440613, 0.51981974, 0.7048927, 0.21934885]
[1.5184304, 0.591737, 0.6892194, 0.23747396]
[1.9191663, 1.0859965, 0.60923445, 0.22393543]
[1.6721885, 0.55867934, 0.8948934, 0.21861577]
[1.7276982, 0.9019171, 0.59606194, 0.22971912]
[1.6065915, 0.5261703, 0.8686936, 0.21172765]
[1.5862136, 0.5996585, 0.75926316, 0.227292]
[1.832013, 0.9382646, 0.6841597, 0.20958866]
[1.8004128, 0.80931294, 0.7758827, 0.21521713]
[1.6594007, 0.72539425, 0.69114363, 0.24286279]
[1.6228796, 0.7486743, 0.66446704, 0.20973834]
[1.3509188, 0.34759027, 0.7749464, 0.22838214]
[1.6481016, 0.83515537, 0.5835272, 0.22941902]
[1.6331112, 0.64509296, 0.7712277, 0.21679062]
[1.8901532, 0.79457843, 0.8792534, 0.21632132]
[1.6804924, 0.7922605, 0.65415823, 0.23407361]
[1.6090151, 0.6483858, 0.75899845, 0.2016308]
[1.9836234, 0.8192855, 0.9427983, 0.22153957]
[1.6519679, 0.8454786, 0.5847639, 0.22172531]
[2.0254984, 0.88173246, 0.92490053, 0.21886536]
[1.8041991, 1.0283916, 0.55040264, 0.22540486]
[1.6840662, 0.7326353, 0.7653361, 0.18609476]
[1.6034468, 0.64769226, 0.7390541, 0.21670043]
[1.4617454, 0.81367385, 0.45672265, 0.19134896]
[1.6707954, 0.6579411, 0.8093387, 0.20351559]
[1.7365142, 0.62271535, 0.89689636, 0.21690248]
[1.5685003, 0.610709, 0.75690085, 0.20089048]
[1.6960336, 0.934864, 0.54898214, 0.2121874]
[1.5459096, 0.57433856, 0.76969117, 0.20187992]
[1.6144273, 0.6637317, 0.74155223, 0.20914343]
[1.7285539, 0.8414414, 0.66498804, 0.22212446]
[1.214789, 0.6486825, 0.35300165, 0.21310481]
[1.5800179, 0.5442138, 0.83235264, 0.20345154]
[1.7466873, 1.0189731, 0.53373414, 0.19398013]
[1.7665336, 0.5918106, 0.9665737, 0.20814931]
[1.8209507, 0.9089714, 0.712991, 0.19898838]
[1.7162696, 0.84989995, 0.65634966, 0.21001998]
[1.5152788, 0.54085255, 0.76040435, 0.21402189]
[1.3577167, 0.46379602, 0.6918671, 0.2020535]
[1.7817883, 1.1223738, 0.4432677, 0.21614677]
[1.5274199, 0.59443927, 0.7330152, 0.19996545]
[1.6938691, 0.586998, 0.8909391, 0.21593204]
[1.6749817, 0.92153245, 0.53339946, 0.22004978]
[1.3565458, 0.52827036, 0.6443425, 0.18393287]
[1.5728971, 0.6371419, 0.7143709, 0.22138424]
[1.5762569, 0.69458306, 0.6623687, 0.21930517]
[1.441526, 0.59793353, 0.6410416, 0.20255102]
[1.6484334, 0.73184144, 0.69944453, 0.21714744]
[1.7349429, 0.77000475, 0.7364763, 0.2284618]
[1.2974255, 0.6124204, 0.4802099, 0.20479518]
[1.6417742, 0.83756596, 0.55980676, 0.24440145]
[1.4818661, 0.5064546, 0.74899006, 0.22642145]
[1.6467941, 0.7052936, 0.74410105, 0.19739944]
[1.5284421, 0.5179037, 0.7778777, 0.23266077]
[1.663722, 0.72182655, 0.7370605, 0.20483488]
[1.4709615, 0.7514482, 0.48723873, 0.2322745]
[1.4926622, 0.49348503, 0.77867806, 0.22049898]
[1.7570841, 1.026137, 0.50056505, 0.23038214]
[1.5344856, 0.47026888, 0.847226, 0.21699074]
[1.55973, 0.7791967, 0.5478602, 0.23267311]
[1.6380427, 0.7053599, 0.7116307, 0.22105214]
[1.4913638, 0.42165625, 0.8189115, 0.25079602]
[1.4336212, 0.5784902, 0.5952176, 0.2599134]
[1.6060841, 0.6565051, 0.71034837, 0.23923069]
[1.6615987, 0.7930425, 0.6311616, 0.23739451]
[1.6317875, 0.71583354, 0.69314694, 0.22280708]
[1.660747, 0.89292556, 0.5385097, 0.22931173]
[1.6831142, 0.6899363, 0.7461966, 0.24698122]
[1.6311284, 0.5608473, 0.84031504, 0.22996607]
[1.440282, 0.64130545, 0.5514138, 0.24756281]
[1.3614926, 0.34081876, 0.7786325, 0.2420414]
[1.7414107, 0.9720493, 0.5144303, 0.25493118]
[1.3310138, 0.58333963, 0.5082692, 0.23940504]
[1.874915, 0.8701643, 0.77100945, 0.23374125]
[1.6221969, 0.6873255, 0.7173024, 0.21756914]
[1.8803338, 0.745327, 0.88397646, 0.25103033]
[1.6997435, 0.6033853, 0.8599396, 0.23641855]
[1.6331917, 0.80606174, 0.60100615, 0.22612377]
[1.4791878, 0.45478383, 0.7695545, 0.25484958]
[1.6810173, 0.94113773, 0.5082217, 0.23165789]
[1.345632, 0.3488012, 0.73982984, 0.25700095]
[1.5561668, 0.93517417, 0.40460426, 0.21638833]
[1.5106422, 0.36447164, 0.8985583, 0.24761228]
[1.5563321, 0.72205436, 0.6038449, 0.2304329]
[1.5854251, 0.81679153, 0.5524115, 0.21622199]
[1.5632218, 0.68150496, 0.6155384, 0.2661785]
[1.4036947, 0.5087096, 0.6657485, 0.22923668]
[1.8823726, 0.8706687, 0.7840502, 0.22765368]
[1.5859017, 0.7227723, 0.62558657, 0.23754293]
[1.656502, 0.6453398, 0.76009864, 0.25106356]
[1.55376, 0.7743226, 0.5168351, 0.26260233]
[1.6178739, 0.5624584, 0.78442633, 0.2709892]
[1.5861666, 0.82758844, 0.50430626, 0.25427192]
[1.724942, 0.4745137, 1.0169367, 0.23349164]
[1.5401795, 0.7409693, 0.5640296, 0.23518062]
[1.4953249, 0.7396706, 0.5344769, 0.22117732]
[1.9566932, 0.8759018, 0.84613824, 0.23465317]
[1.49103, 0.5918142, 0.6435107, 0.25570512]
[1.6796546, 0.66189325, 0.77642244, 0.24133897]
[1.753138, 0.72304213, 0.7770417, 0.25305414]
[1.6847687, 0.8947243, 0.5481865, 0.24185795]
[1.5008827, 0.49944434, 0.7527789, 0.24865949]
[1.7830726, 0.7856987, 0.76967394, 0.22769989]
[1.7202209, 0.9136115, 0.5649466, 0.24166282]
[1.4057932, 0.5267421, 0.67073923, 0.20831186]
[1.6551505, 0.94965464, 0.45927775, 0.24621807]
[1.5422703, 0.55340844, 0.7374467, 0.25141513]
[1.7174238, 0.84446836, 0.62127304, 0.25168243]
[1.7721937, 0.5384625, 1.0081328, 0.22559828]
[1.6911066, 0.95579815, 0.5053328, 0.22997552]
[2.1347024, 0.8430808, 1.0692469, 0.22237471]
[1.6342955, 0.85664463, 0.5412127, 0.2364381]
[1.4061611, 0.4848436, 0.7064761, 0.21484143]
[1.3325188, 0.5522977, 0.5275906, 0.25263047]
[1.5628324, 0.7327672, 0.5851114, 0.24495369]
[1.5586319, 0.6485201, 0.6766279, 0.23348391]
[1.4735292, 0.5072688, 0.74362445, 0.22263598]
[1.7926366, 0.79447067, 0.7638012, 0.23436481]
[1.4800582, 0.7142247, 0.5080464, 0.2577871]
[1.8453116, 0.4743001, 1.1155596, 0.25545198]
[1.837785, 1.1618421, 0.42322558, 0.25271732]
[1.6946293, 0.7666284, 0.7340982, 0.19390272]
[1.5007545, 0.78484654, 0.48491687, 0.23099105]
[1.7716697, 0.5442567, 0.9980978, 0.22931528]
[1.2586505, 0.6088207, 0.40512025, 0.24470955]
[1.8240384, 0.8029985, 0.7979635, 0.22307649]
[1.484684, 0.44906056, 0.8001476, 0.23547575]
[1.716988, 0.894473, 0.5765063, 0.24600863]
[1.551812, 0.5811257, 0.7374849, 0.23320153]
[1.3702967, 0.6693419, 0.4615959, 0.2393589]
[1.5505524, 0.61011744, 0.7270518, 0.21338326]
[1.5599787, 0.6645199, 0.67906344, 0.21639533]
[1.5966048, 0.69207454, 0.6828959, 0.22163442]
[1.562909, 0.64508986, 0.67495346, 0.24286571]
[1.5188015, 0.71957004, 0.5746254, 0.22460602]
[1.6605679, 0.539318, 0.88408464, 0.23716518]
[1.7987404, 1.1180315, 0.4561563, 0.22455257]
[1.8866735, 0.51487046, 1.16931, 0.20249297]
[1.5411522, 0.73682374, 0.58083844, 0.22349]
[1.872063, 0.8285308, 0.8105588, 0.23297346]
[1.435902, 0.6521841, 0.56556785, 0.21815006]
[1.6225736, 0.80847836, 0.5890199, 0.22507536]
[1.3339291, 0.53478885, 0.5636178, 0.23552245]
[1.20356, 0.40977806, 0.5872501, 0.2065318]
[1.2517204, 0.4944923, 0.5014335, 0.25579458]
[1.8264687, 0.6444387, 0.95184153, 0.23018843]
[1.5726227, 0.71430707, 0.63329935, 0.22501628]
[1.497681, 0.716501, 0.5440867, 0.23709333]
[1.5198141, 0.6026926, 0.70408577, 0.2130357]
[1.5210896, 0.53911465, 0.75310063, 0.22887425]
[1.6673781, 0.7910937, 0.63673604, 0.23954833]
[1.7424695, 0.77814335, 0.7469102, 0.21741611]
[2.023323, 1.1054978, 0.68519497, 0.23263021]
[1.8215683, 0.78470886, 0.81505, 0.2218094]
[1.6242017, 0.8265808, 0.5707679, 0.22685304]
[1.6850424, 0.7167057, 0.7465507, 0.22178608]
[1.4744289, 0.41080862, 0.8401295, 0.22349073]
[1.7475756, 0.86341953, 0.64645946, 0.23769662]
[1.6728277, 0.9038426, 0.5526773, 0.21630788]
[1.5629715, 0.45145413, 0.8650733, 0.24644399]
[1.5794337, 0.81359, 0.55371344, 0.21213028]
[1.506225, 0.46933848, 0.8124722, 0.22441423]
[1.7683933, 1.053232, 0.48565665, 0.22950464]
[1.6503953, 0.5803236, 0.83942753, 0.2306441]
[1.6026036, 0.8325037, 0.5514327, 0.21866712]
[1.744267, 0.5310513, 0.9799081, 0.23330763]
[1.6951463, 0.73080146, 0.71279943, 0.2515454]
[1.297744, 0.6051867, 0.47571, 0.21684735]
[1.7549512, 0.8259648, 0.7068643, 0.22212222]
[1.6191809, 0.74280596, 0.671147, 0.20522802]
[1.6557748, 0.87102616, 0.5524192, 0.23232949]
[1.392473, 0.46511143, 0.7103096, 0.21705192]
[1.7654468, 0.62952965, 0.9218714, 0.21404567]
[1.8526561, 0.99943936, 0.62357813, 0.22963858]
[1.540735, 0.7969836, 0.5203177, 0.22343375]
[1.8571584, 0.82852983, 0.82433355, 0.20429507]
[1.5827978, 0.6344403, 0.72283757, 0.2255199]
[1.7996993, 0.80274284, 0.76706064, 0.22989579]
[1.8566315, 0.7102158, 0.9206047, 0.22581106]
[1.5384973, 0.5023858, 0.81324315, 0.2228683]
[1.489754, 0.78302133, 0.48007745, 0.22665524]
[1.4187084, 0.5208347, 0.6900351, 0.20783868]
[1.62195, 0.6703483, 0.73336196, 0.2182398]
[1.6931382, 0.79049075, 0.6871853, 0.21546221]
[1.2709006, 0.43545645, 0.6183153, 0.21712887]
[1.4679905, 0.4724066, 0.75481564, 0.24076827]
[1.5699277, 0.67763376, 0.6841961, 0.20809782]
[1.5521766, 0.7987137, 0.50642145, 0.24704143]
[1.5165586, 0.6689748, 0.6243572, 0.22322655]
[1.5654424, 0.7016896, 0.62723076, 0.23652208]
[1.5852133, 0.65510076, 0.73675704, 0.19335546]
[1.3250657, 0.44382995, 0.64651966, 0.23471609]
[1.4081893, 0.62968916, 0.5568841, 0.22161601]
[1.7673537, 0.9417071, 0.600416, 0.22523057]
[1.7413237, 0.7294084, 0.78551054, 0.22640485]
[1.5610889, 0.7370695, 0.6152105, 0.208809]
[1.5636808, 0.62349105, 0.7108089, 0.22938083]
[1.3090385, 0.40824047, 0.67716587, 0.22363222]
[1.6963303, 0.72469306, 0.69308203, 0.2785551]
[1.5901852, 0.8693818, 0.48443747, 0.23636591]
[1.5436542, 0.7094105, 0.6169995, 0.21724418]
[1.417119, 0.4621756, 0.69042724, 0.26451617]
[1.4781913, 0.6355235, 0.63714564, 0.20552221]
[1.656009, 0.76054025, 0.6858973, 0.20957139]
[1.5306019, 0.6720146, 0.61239445, 0.24619281]
[1.8861861, 0.5899539, 1.0455889, 0.25064337]
[1.6244974, 0.9266706, 0.4629736, 0.23485327]
[1.4637069, 0.36968255, 0.8583703, 0.23565401]
[1.6525842, 0.76133776, 0.6577963, 0.23345004]
[1.8220596, 0.92859447, 0.6430534, 0.2504118]
[1.6322112, 0.51390356, 0.8755558, 0.24275179]
[1.6568239, 0.85744154, 0.5545216, 0.2448607]
[1.3326206, 0.58707714, 0.5202966, 0.22524685]
[1.6032337, 0.56114084, 0.79840267, 0.24369016]
[1.5965497, 0.83968425, 0.5274852, 0.22938032]
[1.8456297, 0.6979606, 0.912839, 0.23483011]
[1.8214785, 0.8865365, 0.7378147, 0.19712722]
[1.3916631, 0.4726445, 0.6647675, 0.25425103]
[1.8127578, 0.9398494, 0.65550005, 0.2174084]
[1.6013523, 0.549282, 0.8404254, 0.21164504]
[1.4261695, 0.5515152, 0.6403589, 0.2342954]
[2.0428631, 0.9833096, 0.8449025, 0.214651]
[1.6760219, 0.7754779, 0.6566551, 0.24388894]
[1.6270795, 0.56021863, 0.8350334, 0.2318275]
[1.5109389, 0.69341815, 0.5871385, 0.23038214]
[1.6962796, 0.7761297, 0.7055182, 0.21463166]
[1.245279, 0.51383495, 0.4851433, 0.24630067]
[1.3976628, 0.5412177, 0.62501436, 0.23143068]
[1.2595816, 0.5812964, 0.45153236, 0.2267527]
[1.5185941, 0.38101393, 0.8659655, 0.27161467]
[1.6524403, 1.0310616, 0.3812337, 0.24014492]
[1.5160294, 0.29969984, 0.9870191, 0.22931036]
[1.6406031, 0.8997912, 0.51164126, 0.22917056]
[1.757165, 0.68161124, 0.81583524, 0.25971848]
[1.7125323, 0.8678938, 0.591682, 0.2529564]
[1.6109447, 0.6840923, 0.6775862, 0.24926633]
[1.4385796, 0.55474496, 0.66403043, 0.2198042]
[1.5710827, 0.97985125, 0.36130327, 0.22992809]
[1.6181846, 0.69962263, 0.70513546, 0.21342644]
[1.4323006, 0.63164496, 0.57082754, 0.22982812]
[1.5590037, 0.7306051, 0.60905814, 0.21934041]
[1.4599226, 0.53338933, 0.68727565, 0.2392576]
[1.4313124, 0.6583984, 0.52710354, 0.24581054]
[1.8036904, 0.706699, 0.85689497, 0.24009645]
[1.6931956, 0.8531871, 0.5989756, 0.24103278]
[1.6671107, 0.5984012, 0.8219639, 0.24674562]
[1.6498201, 0.71743906, 0.6937584, 0.23862271]
[1.7076815, 0.96621, 0.52429813, 0.21717341]
[1.6256733, 0.568897, 0.8327976, 0.22397879]
[1.6230326, 0.65886533, 0.7214506, 0.24271661]
[1.5075895, 0.78207827, 0.5093883, 0.21612291]
[1.4990917, 0.7243128, 0.5385415, 0.23623744]
[1.5820961, 0.6530905, 0.71310055, 0.21590507]
[1.1765691, 0.50971454, 0.42559645, 0.24125813]
[1.5713665, 0.5126564, 0.8155359, 0.24317425]
[1.5634744, 0.79310894, 0.51465917, 0.25570625]
[1.7063757, 0.86965585, 0.61351407, 0.22320578]
[1.3832283, 0.4517305, 0.6735542, 0.25794357]
[1.6694806, 0.8128417, 0.6055545, 0.2510844]
[1.7539377, 0.8446364, 0.65486777, 0.2544336]
[1.1105853, 0.40278575, 0.48402092, 0.22377864]
[1.4729253, 0.41294807, 0.8224139, 0.23756321]
[1.6797024, 0.90434635, 0.5374508, 0.2379053]
[1.611755, 0.7223687, 0.6398728, 0.2495135]
[1.5933, 0.64092624, 0.7063855, 0.24598825]
[1.7714976, 0.7927075, 0.75449646, 0.22429359]
[1.7231243, 0.4922716, 0.9929278, 0.23792484]
[1.8157774, 0.9351756, 0.64788723, 0.23271452]
[1.5959063, 0.45229053, 0.8967898, 0.24682587]
[1.8277804, 0.90411884, 0.66565573, 0.25800574]
[1.4633136, 0.63602656, 0.58454317, 0.24274385]
[1.5952741, 0.7178273, 0.6271452, 0.25030157]
[1.6416762, 0.7609645, 0.64885575, 0.2318559]
[1.6591245, 0.59565735, 0.81789875, 0.24556842]
[1.3945873, 0.6020553, 0.5497035, 0.24282846]
[1.2733449, 0.5734348, 0.4886378, 0.21127228]
[1.7855324, 0.75282973, 0.79476774, 0.23793498]
[1.4481716, 0.6740198, 0.51735395, 0.2567978]
[2.0455081, 1.0590515, 0.7741252, 0.21233146]
[1.7265866, 0.71614075, 0.7903153, 0.22013052]
[1.3875499, 0.58360994, 0.5517657, 0.25217432]
[1.7800741, 0.7263463, 0.7977968, 0.25593096]
[1.5460149, 0.6477314, 0.6876489, 0.21063462]
[1.5720123, 0.6368885, 0.7083226, 0.2268013]
[1.5306005, 0.770026, 0.51508206, 0.24549252]
[1.3546853, 0.5981671, 0.53308225, 0.22343594]
[1.6232077, 0.5939191, 0.7830904, 0.24619815]
[1.6952707, 0.6578911, 0.7943157, 0.24306385]
[1.6960557, 0.80194795, 0.645223, 0.24888474]
[1.7655234, 0.89532113, 0.64727145, 0.22293092]
[1.8117645, 0.3987159, 1.170613, 0.2424354]
[1.9379373, 1.0677564, 0.65672266, 0.21345817]
[1.5637002, 0.63940954, 0.6860589, 0.23823181]
[1.6290555, 0.5813678, 0.78578734, 0.26190042]
[1.402204, 0.66896415, 0.5121347, 0.22110519]
[1.4724257, 0.5104576, 0.6941124, 0.26785564]
[1.5944705, 0.72546464, 0.6190108, 0.24999504]
[1.5404769, 0.7213476, 0.58914924, 0.22998014]
[1.8010191, 0.9207845, 0.67468596, 0.20554867]
[1.3374552, 0.38407552, 0.71464217, 0.23873743]
[1.6489847, 0.7540282, 0.6578048, 0.23715156]
[1.6742711, 0.87393737, 0.5691798, 0.231154]
[1.4558105, 0.42853236, 0.7707516, 0.25652665]
[1.4535807, 0.7690209, 0.4681432, 0.2164166]
[1.4468297, 0.39770988, 0.8148196, 0.23430023]
[1.6272495, 0.86886317, 0.52027893, 0.2381075]
[1.5278803, 0.68698394, 0.61729324, 0.22360308]
[1.5767517, 0.6423271, 0.69473803, 0.2396866]
[1.6417439, 0.7528764, 0.6464393, 0.24242824]
[1.6161401, 0.6264266, 0.7640107, 0.22570282]
[1.5952642, 0.8580988, 0.51024306, 0.22692233]
[1.5176497, 0.6300034, 0.66947544, 0.21817084]
[1.4983139, 0.60461724, 0.67150193, 0.22219464]
[1.4642112, 0.7697791, 0.46333736, 0.23109484]
[1.2947687, 0.4096276, 0.6644783, 0.22066286]
[1.6562105, 0.7660859, 0.6533975, 0.23672715]
[1.741434, 0.5820892, 0.9017166, 0.25762817]
[1.9267488, 0.858281, 0.8368319, 0.23163581]
[1.6850696, 0.6867258, 0.7485665, 0.24977736]
[1.4966245, 0.79766035, 0.45446932, 0.2444948]
[1.9752227, 0.99153626, 0.7539869, 0.22969945]
[1.5688138, 0.61070544, 0.738931, 0.21917732]
[1.5695915, 0.79874635, 0.5430044, 0.22784075]
[1.528991, 0.62175286, 0.6865369, 0.22070128]
[1.3951463, 0.60680556, 0.53962016, 0.2487205]
[1.3850368, 0.6182997, 0.5366424, 0.23009479]
[1.3328632, 0.64502686, 0.462692, 0.22514442]
[1.4908766, 0.63589025, 0.59473383, 0.26025248]
[1.773433, 0.7219887, 0.81777906, 0.23366529]
[1.6237314, 0.91567755, 0.48185995, 0.22619395]
[1.8003743, 0.5826957, 1.0003406, 0.21733792]
[1.6781839, 0.82049215, 0.63034666, 0.22734512]
[1.5608231, 0.69111335, 0.6589962, 0.21071355]
[1.6745855, 0.5488217, 0.8701688, 0.25559497]
[1.6813982, 0.92265385, 0.5396831, 0.21906109]
[1.3766335, 0.6785275, 0.47389376, 0.22421232]
[1.4516073, 0.35328162, 0.87174135, 0.22658435]
[1.5673991, 0.78788763, 0.56571186, 0.2137996]
[1.785278, 0.8515899, 0.7089311, 0.22475699]
[1.3208859, 0.47353548, 0.6257152, 0.22163518]
[1.8856064, 1.012537, 0.63202155, 0.24104783]
[1.5542148, 0.6909038, 0.6210836, 0.24222748]
[1.7459346, 0.73961294, 0.7829604, 0.22336125]
[1.5144707, 0.52860063, 0.7468841, 0.23898585]
[1.4476049, 0.7203268, 0.5014167, 0.22586149]
[1.7215905, 0.5830966, 0.8727032, 0.26579064]
[1.5737898, 0.6778035, 0.6338506, 0.2621358]
[1.7354177, 0.602112, 0.8718263, 0.2614795]
[1.4645633, 0.55996996, 0.6375873, 0.267006]
[1.86538, 1.0396957, 0.59600997, 0.22967434]
[1.6519899, 0.7186554, 0.70003724, 0.23329735]
[1.7257489, 0.79532903, 0.7233591, 0.2070607]
[1.7577264, 0.8915143, 0.63444406, 0.23176819]
[1.5278145, 0.47921106, 0.82913786, 0.21946563]
[1.3688021, 0.54449874, 0.601498, 0.22280526]
[1.6835241, 0.84503996, 0.6059098, 0.23257433]
[1.6753016, 0.69730055, 0.7211151, 0.25688583]
[1.3958316, 0.4354314, 0.72182137, 0.23857886]
[1.6680616, 0.65307486, 0.7567035, 0.25828326]
[1.8017547, 0.874267, 0.6892097, 0.23827809]
[1.5583735, 0.56631386, 0.76628554, 0.22577408]
[1.5229048, 0.6618985, 0.61326754, 0.24773869]
[1.4719986, 0.6204386, 0.5961838, 0.25537625]
[1.5518754, 0.68290114, 0.63645977, 0.23251438]
[1.5131705, 0.7015773, 0.54956096, 0.26203233]
[1.3607078, 0.41910744, 0.6888086, 0.2527917]
[1.4878176, 0.51905084, 0.7134807, 0.2552861]
[1.5646697, 0.8156477, 0.5046769, 0.24434505]
[1.8392881, 0.6402651, 0.9587375, 0.24028555]
[1.7524011, 0.39480984, 1.1023625, 0.2552287]
[1.9920347, 1.3097978, 0.4266513, 0.25558567]
[1.6226534, 0.6758031, 0.69974774, 0.24710254]
[1.7867539, 0.56943995, 0.97551936, 0.24179459]
[1.7952771, 1.0627501, 0.5100782, 0.22244886]
[1.4811593, 0.58988684, 0.6711459, 0.2201265]
[1.6903664, 0.6450343, 0.836573, 0.20875902]
[1.7131267, 0.66017264, 0.81989455, 0.23305938]
[1.6456556, 0.684835, 0.7252863, 0.23553431]
[1.6000985, 0.9391305, 0.43185592, 0.229112]
[1.4763345, 0.57628953, 0.6727469, 0.22729802]
[1.2911953, 0.5344045, 0.52417976, 0.23261106]
[1.695627, 0.67083883, 0.7882347, 0.23655345]
[1.4851786, 0.55031073, 0.7039091, 0.23095885]
[1.6489316, 0.77748984, 0.626331, 0.24511087]
[1.3429265, 0.34088355, 0.7826406, 0.21940231]
[1.8607253, 1.136868, 0.49449348, 0.22936383]
[1.5412095, 0.6020714, 0.7140491, 0.22508901]
[1.5230618, 0.6121517, 0.6829567, 0.22795346]
[1.9430699, 0.87613106, 0.83745956, 0.22947925]
[1.5211332, 0.62658894, 0.6830098, 0.21153444]
[1.7502297, 0.9374039, 0.5911515, 0.22167428]
[1.6058049, 0.52380633, 0.85420173, 0.22779682]
[1.5532781, 0.74768215, 0.55407465, 0.2515212]
[1.5491772, 0.6943855, 0.6435865, 0.21120507]
[1.3878039, 0.520033, 0.64997786, 0.21779309]
[1.4722428, 0.64261556, 0.60060453, 0.22902271]
[1.6323278, 0.6327534, 0.76045984, 0.23911446]
[1.5918955, 0.5968727, 0.75708735, 0.23793538]
[1.7242596, 0.8402331, 0.6396632, 0.24436326]
[1.8251314, 0.89763284, 0.6998788, 0.22761978]
[1.2343022, 0.5084015, 0.49581617, 0.23008454]
[1.5609338, 0.76601493, 0.5485827, 0.24633624]
[1.3047864, 0.39693505, 0.6699092, 0.23794217]
[1.6290896, 0.7514366, 0.6289257, 0.24872734]
[1.4732808, 0.6167076, 0.6010344, 0.25553882]
[1.3960433, 0.51278234, 0.63691795, 0.24634308]
[1.5160848, 0.75769526, 0.54325354, 0.21513598]
[1.4652901, 0.67677546, 0.5473242, 0.2411904]
[1.8385009, 0.78007317, 0.8217511, 0.2366766]
[1.8166921, 0.84989095, 0.7227369, 0.24406433]
[1.8746576, 0.667457, 0.97142357, 0.23577708]
[1.9416718, 1.0978028, 0.6325514, 0.21131775]
[1.4231888, 0.46552625, 0.7366537, 0.22100893]
[1.5488319, 0.7082216, 0.6428063, 0.197804]
[1.6172736, 0.8463087, 0.5389373, 0.23202747]
[1.3271103, 0.5654983, 0.5230925, 0.23851946]
[1.6614466, 0.7746645, 0.62425387, 0.2625282]
[1.3855073, 0.33279115, 0.80267775, 0.25003842]
[1.2702322, 0.5115181, 0.5087624, 0.24995157]
[1.662119, 0.8557792, 0.5680661, 0.23827374]
[1.3816674, 0.67667574, 0.45609313, 0.2488985]
[1.2598027, 0.45254022, 0.58321977, 0.22404274]
[1.5696194, 0.74580616, 0.59249973, 0.23131347]
[1.8543106, 0.8754061, 0.7707987, 0.20810595]
[1.7179532, 0.6965145, 0.7898816, 0.23155716]
[1.6823475, 0.84615254, 0.6186464, 0.21754867]
[1.4897978, 0.4905153, 0.76483727, 0.23444527]
[1.6567608, 0.77676034, 0.6406573, 0.23934314]
[1.8324412, 0.9374778, 0.6434611, 0.25150228]
[1.6309948, 0.61268044, 0.7684353, 0.24987906]
[1.4700966, 0.82488865, 0.42445847, 0.22074948]
[1.7315551, 0.85910475, 0.6401144, 0.2323359]
[1.5009631, 0.43865064, 0.8246512, 0.23766126]
[1.5677547, 0.8724874, 0.48261553, 0.2126517]
[1.6347048, 0.7464122, 0.654364, 0.23392874]
[1.5250562, 0.51017207, 0.78522515, 0.22965893]
[1.3237039, 0.47244114, 0.6327431, 0.21851957]
[1.4798675, 0.6904235, 0.552057, 0.23738694]
[2.0423083, 1.1289544, 0.7064516, 0.20690216]
[1.6255039, 0.5245162, 0.871637, 0.22935073]
[1.694225, 0.85823154, 0.6012692, 0.23472412]
[1.6410918, 0.5621831, 0.8590392, 0.2198696]
[1.7933087, 0.8659165, 0.6860482, 0.24134402]
[1.797852, 0.7433623, 0.81649923, 0.2379905]
[1.6334965, 0.69993585, 0.7234933, 0.21006742]
[1.5260113, 0.75417614, 0.54495966, 0.22687551]
[1.5356095, 0.40386295, 0.900264, 0.23148252]
[1.7105815, 0.9077736, 0.5891716, 0.2136364]
[1.3943884, 0.5326849, 0.6603543, 0.20134924]
[1.6026138, 0.7398711, 0.61632633, 0.24641642]
[1.4373531, 0.5374862, 0.67671037, 0.22315653]
[1.5968176, 0.788535, 0.5757271, 0.23255554]
[1.5325065, 0.5709952, 0.7402575, 0.22125374]
[1.4448109, 0.76905024, 0.4569987, 0.21876192]
[1.5179996, 0.69965625, 0.59266096, 0.22568247]
[1.8244188, 0.8689906, 0.7242964, 0.2311318]
[1.6350757, 0.64589834, 0.7380414, 0.25113595]
[1.6946119, 0.5995829, 0.8758931, 0.21913588]
[1.4526855, 0.83931863, 0.35927528, 0.25409162]
[1.5994898, 0.5367926, 0.818147, 0.24455026]
[1.3872887, 0.46841872, 0.6671231, 0.25174686]
[1.5369942, 0.9141491, 0.38686505, 0.23598006]
[1.5139968, 0.5780499, 0.6856772, 0.2502698]
[1.7039572, 1.0461397, 0.422229, 0.23558846]
[1.6449246, 0.5923792, 0.83766353, 0.21488184]
[1.5470841, 0.49920863, 0.8237635, 0.224112]
[1.5234911, 0.9106506, 0.37609628, 0.23674428]
[1.7897525, 0.6062847, 0.932199, 0.25126892]
[1.2495238, 0.45811576, 0.5534182, 0.23798975]
[1.5668236, 0.5474125, 0.75008726, 0.26932383]
[1.454508, 0.85663086, 0.35924226, 0.23863485]
[1.4240813, 0.6109575, 0.56955403, 0.24356984]
[1.7750212, 0.63332593, 0.91826606, 0.22342917]
[1.7708929, 0.9688299, 0.58225954, 0.21980341]
[1.3078407, 0.5007392, 0.59006286, 0.21703866]
[1.5368975, 0.65846527, 0.6326348, 0.24579753]
[1.5789489, 0.5954174, 0.750145, 0.23338638]
[1.5866792, 0.7659879, 0.582255, 0.23843628]
[1.690723, 0.767285, 0.6641399, 0.25929815]
[1.6668837, 0.8137051, 0.60078084, 0.25239784]
[1.5722413, 0.7436706, 0.5773218, 0.25124878]
[1.5909321, 0.5451712, 0.8095054, 0.2362555]
[1.7355391, 0.7124746, 0.7822161, 0.2408484]
[1.7565346, 0.63478637, 0.89027405, 0.23147422]
[1.7109703, 0.9251952, 0.54470646, 0.24106857]
[1.4386964, 0.39491612, 0.7869433, 0.25683695]
[1.6263398, 0.64596343, 0.7499154, 0.23046096]
[1.5406414, 0.82097524, 0.48043132, 0.23923478]
[1.6997206, 0.8564712, 0.6213058, 0.22194359]
[1.6160972, 0.59996295, 0.7678236, 0.2483107]
[1.373767, 0.5377189, 0.5837448, 0.2523032]
[1.4966735, 0.72661746, 0.5477005, 0.22235551]
[1.6367253, 0.78798735, 0.6265665, 0.22217144]
[1.6891084, 0.7454238, 0.7170632, 0.22662143]
[1.4467449, 0.50458646, 0.7071905, 0.23496792]
[1.7204368, 0.5674153, 0.8899914, 0.26303]
[1.4089918, 0.69664764, 0.461143, 0.25120118]
[1.72024, 0.924663, 0.55921626, 0.23636065]
[1.4165112, 0.5755209, 0.6045726, 0.2364176]
[1.4927785, 0.5638103, 0.7221787, 0.20678945]
[1.4606676, 0.66436607, 0.5370288, 0.25927284]
[1.5253465, 0.7126279, 0.5921987, 0.22051992]
[1.46276, 0.508003, 0.7042077, 0.25054926]
[1.5303926, 0.73842335, 0.5523881, 0.23958126]
[1.4902865, 0.5741692, 0.69109374, 0.22502348]
[1.5273936, 0.556296, 0.7407508, 0.2303468]
[1.9231855, 1.0316607, 0.663943, 0.22758183]
[1.7686778, 0.57813144, 0.9529127, 0.2376337]
[1.7804663, 0.9376817, 0.613225, 0.2295596]
[1.8175077, 0.75904965, 0.83932257, 0.2191355]
[1.472548, 0.5604767, 0.6636939, 0.24837737]
[1.6186199, 0.8152327, 0.5929282, 0.21045901]
[1.6978109, 0.68240464, 0.79098785, 0.22441837]
[1.8157206, 0.78164613, 0.7918649, 0.24220958]
[1.4007865, 0.72227097, 0.46907657, 0.20943895]
[1.8456448, 0.8207161, 0.7935789, 0.23134984]
[1.6039569, 0.5674314, 0.81840146, 0.21812414]
[1.4180065, 0.67304933, 0.5108482, 0.23410904]
[1.7422825, 0.82498604, 0.68868023, 0.22861624]
[1.3434293, 0.42490903, 0.68498755, 0.23353285]
[1.4789093, 0.6842799, 0.5594324, 0.23519692]
[1.6165968, 0.70597994, 0.6704223, 0.24019451]
[1.4587749, 0.5274408, 0.6885667, 0.24276745]
[1.4779229, 0.65018797, 0.5791706, 0.2485643]
[1.5029745, 0.59171784, 0.6919491, 0.21930757]
[1.6714491, 0.6536999, 0.7389147, 0.2788345]
[1.9977945, 1.1320049, 0.67282957, 0.19296014]
[1.9566244, 0.5985695, 1.1147194, 0.24333549]
[1.7450435, 0.8744941, 0.65945244, 0.211097]
[1.7288224, 0.7757508, 0.7418564, 0.21121514]
[1.5611804, 0.7322943, 0.6255249, 0.20336115]
[1.3545128, 0.51686335, 0.640103, 0.19754653]
[1.3984525, 0.63852143, 0.55145, 0.2084811]
[1.4283798, 0.5868368, 0.62998253, 0.21156055]
[1.3844371, 0.7371485, 0.41789404, 0.22939453]
[1.636841, 0.7514802, 0.65486467, 0.2304962]
[1.3985853, 0.5707294, 0.608178, 0.21967793]
[1.6806743, 0.6477556, 0.8099007, 0.2230179]
[1.480169, 0.65421027, 0.60798305, 0.21797569]
[1.5152735, 0.6096869, 0.6815824, 0.22400415]
[1.4979738, 0.7008392, 0.57023996, 0.22689459]
[1.7132486, 0.9284893, 0.5642298, 0.22052947]
[1.5766538, 0.70618045, 0.6266804, 0.24379303]
[1.5958073, 0.65198785, 0.7103071, 0.23351246]
[1.4429665, 0.6266937, 0.5914452, 0.22482756]
[1.4741772, 0.6778984, 0.56596124, 0.23031758]
[1.605317, 0.45530266, 0.9130319, 0.23698251]
[1.410512, 0.9009547, 0.2902524, 0.2193048]
[1.8902267, 0.85204947, 0.81212306, 0.22605415]
[1.5860575, 0.5807426, 0.7851018, 0.22021317]
[1.9445596, 0.9212386, 0.8070315, 0.21628948]
[1.588643, 0.83955634, 0.49721825, 0.25186834]
[1.6912282, 0.74609905, 0.70548415, 0.23964494]
[1.3673801, 0.55581325, 0.5819076, 0.22965938]
[1.3689983, 0.63717175, 0.48815972, 0.24366683]
[1.676142, 0.6895541, 0.77601695, 0.21057099]
[1.5748338, 0.5503831, 0.7862886, 0.23816201]
[1.4390516, 0.69707793, 0.51990306, 0.22207072]
[1.4853613, 0.63343775, 0.605485, 0.24643849]
[1.7065061, 0.85221004, 0.63060063, 0.22369541]
[1.5677097, 0.63212174, 0.69605875, 0.23952919]
[1.3723676, 0.3949477, 0.7319138, 0.24550606]
[1.6256586, 0.8629917, 0.5273, 0.23536697]
[1.5864363, 0.6311544, 0.7041208, 0.25116104]
[1.7727304, 0.8724636, 0.6534462, 0.24682061]
[1.7338006, 0.62023824, 0.87606305, 0.23749937]
[1.2969143, 0.40438163, 0.6274393, 0.2650934]
[1.9296465, 0.9905729, 0.73594785, 0.20312577]
[1.5137601, 0.5277643, 0.73504543, 0.25095037]
[1.4599824, 0.7465367, 0.46721762, 0.24622808]
[1.5630126, 0.79580486, 0.55792165, 0.20928614]
[1.5310775, 0.5742153, 0.7286487, 0.22821346]
[1.7689474, 0.8577635, 0.6623587, 0.24882501]
[1.6416423, 0.6169001, 0.7941685, 0.2305738]
[1.6886697, 0.7512575, 0.72114366, 0.21626851]
[1.4085453, 0.5866442, 0.5818435, 0.24005756]
[1.5181928, 0.6095516, 0.6584555, 0.25018573]
[1.8273792, 0.8392844, 0.75626504, 0.23182973]
[1.8416238, 0.73269856, 0.8672412, 0.24168393]
[1.6649792, 0.8696325, 0.5486608, 0.24668595]
[1.5489575, 0.73788273, 0.590726, 0.22034875]
[1.6850761, 0.4551929, 0.997401, 0.23248217]
[1.7626072, 0.97861385, 0.54552865, 0.23846473]
[1.4319794, 0.61042976, 0.58697337, 0.23457628]
[1.8041571, 0.75696033, 0.8006609, 0.2465359]
[1.4512228, 0.3901302, 0.8269828, 0.23410973]
[1.5438299, 0.90906215, 0.39644408, 0.23832372]
[1.8446023, 0.6087656, 1.0005414, 0.23529534]
[1.5203255, 0.62990046, 0.66057706, 0.229848]
[1.5755872, 0.7695874, 0.5684338, 0.2375659]
[1.5400254, 0.5939475, 0.7030369, 0.2430409]
[1.7551807, 0.9922413, 0.5418137, 0.22112569]
[1.4653989, 0.32638216, 0.91431284, 0.22470394]
[1.4845276, 1.0077522, 0.26364136, 0.21313405]
[1.6303071, 0.5957943, 0.7913903, 0.24312244]
[1.6501538, 0.6298669, 0.78039587, 0.2398909]
[1.5918179, 0.80327326, 0.5737608, 0.21478382]
[1.4511364, 0.32055295, 0.907725, 0.22285837]
[1.4907681, 0.8264595, 0.45228502, 0.21202353]
[1.4802958, 0.49399874, 0.7563975, 0.22989957]
[1.7052735, 0.9977751, 0.48644167, 0.22105686]
[1.5910285, 0.6419568, 0.7214623, 0.22760943]
[1.6416432, 0.51742655, 0.8909955, 0.23322122]
[1.7098519, 0.61486113, 0.8650856, 0.22990513]
[1.4538862, 0.6711488, 0.5616037, 0.22113362]
[1.7201364, 0.8450303, 0.6472937, 0.22781245]
[1.5894516, 0.8163499, 0.5254104, 0.24769111]
[1.4529991, 0.61757445, 0.6168621, 0.2185626]
[1.6746941, 0.85187596, 0.5970456, 0.22577253]
[1.5984029, 0.5824324, 0.7947219, 0.22124855]
[1.5754398, 0.75950485, 0.6062734, 0.2096616]
[1.4134351, 0.5980715, 0.6039321, 0.21143153]
[1.6618344, 0.65143585, 0.77763605, 0.23276246]
[1.775655, 1.0474081, 0.51042503, 0.2178219]
[1.5351087, 0.55542207, 0.73961115, 0.24007545]
[1.6583242, 0.7010966, 0.71064186, 0.24658588]
[1.7103968, 0.84680104, 0.65811706, 0.2054787]
[1.53452, 0.621668, 0.6665742, 0.24627791]
[1.4393955, 0.80700636, 0.4214933, 0.21089587]
[1.5193299, 0.71865654, 0.57815874, 0.22251464]
[1.6201973, 0.5638777, 0.8241415, 0.23217809]
[1.529, 0.7622889, 0.54049116, 0.22621986]
[1.3523558, 0.55940145, 0.5695354, 0.2234191]
[1.4132824, 0.3152756, 0.8370178, 0.26098892]
[1.4680085, 0.87723917, 0.3586326, 0.2321367]
[1.5431919, 0.50072134, 0.80212754, 0.24034303]
[1.7449739, 0.83132523, 0.6722335, 0.24141508]
[1.5121596, 0.6583356, 0.60844225, 0.24538165]
[1.69771, 0.48291877, 0.95731854, 0.2574728]
[1.5170493, 0.8756809, 0.38125616, 0.26011223]
[1.4879636, 0.6449913, 0.6163058, 0.22666642]
[1.5771284, 0.5314162, 0.80364275, 0.24206954]
[1.5373352, 0.82909656, 0.48567942, 0.22255927]
[1.619138, 0.750836, 0.62583655, 0.24246556]
[1.4593444, 0.7021896, 0.51512957, 0.24202515]
[1.7331245, 0.41497746, 1.0880754, 0.23007165]
[1.6855918, 0.8755899, 0.567739, 0.24226297]
[1.6938349, 0.5346083, 0.9178905, 0.24133612]
[1.5582865, 0.9234594, 0.40738392, 0.22744317]
[1.5777038, 0.66619205, 0.68441355, 0.22709818]
[1.6104158, 0.81632215, 0.5610335, 0.23306026]
[1.6576918, 0.42069343, 1.0111313, 0.22586711]
[1.6309478, 0.8705393, 0.50800997, 0.25239846]
[1.6589295, 0.5755651, 0.8856114, 0.197753]
[1.3585851, 0.5208491, 0.58661485, 0.2511211]
[1.6166947, 0.84386784, 0.5485679, 0.22425896]
[1.5123074, 0.36566693, 0.93457186, 0.21206856]
[1.4408529, 0.74733424, 0.4692833, 0.2242353]
[1.7340164, 0.9966334, 0.49149963, 0.24588333]
[1.4397798, 0.5552269, 0.64910066, 0.23545223]
[1.5928398, 0.72249055, 0.6530094, 0.21733989]
[1.4427395, 0.6352186, 0.561193, 0.24632783]
[1.5654743, 0.8071737, 0.5436994, 0.21460122]
[1.8213841, 0.6108121, 0.9794157, 0.2311562]
[1.853983, 0.833292, 0.7983822, 0.22230874]
[1.7881584, 0.72382796, 0.8442824, 0.22004801]
[1.7222595, 0.74470633, 0.7681, 0.20945312]
[1.5932254, 0.73502564, 0.6176344, 0.24056534]
[1.5127618, 0.61151457, 0.66784436, 0.23340303]
[1.5642358, 0.77914333, 0.54599744, 0.23909505]
[1.6595457, 0.767253, 0.6761269, 0.21616572]
[1.4288749, 0.53259987, 0.657507, 0.23876798]
[1.6572737, 0.7731191, 0.62647665, 0.2576779]
[1.7688967, 0.73050904, 0.8083136, 0.2300741]
[1.5675662, 0.7151079, 0.6399085, 0.21254963]
[1.61349, 0.75800866, 0.62915206, 0.22632918]
[1.5287936, 0.77366793, 0.53019786, 0.22492777]
[1.7482744, 0.70699966, 0.7984099, 0.242865]
[1.4646027, 0.5584519, 0.6519947, 0.2541561]
[1.589005, 0.78756404, 0.559893, 0.24154794]
[1.4401529, 0.5156187, 0.6959543, 0.22857985]
[1.6928544, 0.9616778, 0.53662443, 0.19455224]
[1.6789877, 0.5383293, 0.9005531, 0.24010542]
[1.4057565, 0.6807448, 0.49609575, 0.22891589]
[1.6328341, 0.76055014, 0.64681715, 0.22546683]
[1.7729079, 0.48711485, 1.0580723, 0.22772062]
[1.6783587, 0.81332153, 0.63245195, 0.23258516]
[1.6123482, 0.65192467, 0.7166803, 0.2437433]
[1.6012139, 0.7916264, 0.56808376, 0.24150369]
[1.5201961, 0.5242691, 0.7743289, 0.22159806]
[1.7240747, 0.7624285, 0.7294743, 0.23217192]
[1.4003067, 0.62713504, 0.53897595, 0.23419572]
[1.6936866, 0.6494949, 0.8249533, 0.2192384]
[1.370683, 0.7482673, 0.37378842, 0.24862719]
[1.7136309, 0.7489275, 0.74790156, 0.21680188]
[1.6873586, 0.5996218, 0.8439054, 0.2438314]
[1.8837068, 1.117039, 0.54197997, 0.22468776]
[1.7286448, 0.51285243, 0.99539834, 0.22039413]
[1.7554598, 0.772117, 0.75564384, 0.22769888]
[1.7697651, 0.8446091, 0.7227321, 0.2024239]
[1.8487045, 0.9220312, 0.6802855, 0.24638772]
[1.48612, 0.5127157, 0.7405803, 0.23282398]
[1.7749349, 0.89354384, 0.64758307, 0.23380789]
[1.4419966, 0.6158623, 0.61710525, 0.2090289]
[1.5696236, 0.4815702, 0.87992203, 0.20813131]
[1.6199503, 0.8305322, 0.5644916, 0.22492643]
[1.3893968, 0.4837262, 0.6788625, 0.22680806]
[1.9348639, 0.7546754, 0.9560286, 0.22415996]
[1.4748051, 0.4819979, 0.77785814, 0.21494918]
[1.5113039, 0.7079501, 0.6000475, 0.20330624]
[1.533129, 0.6539239, 0.65490437, 0.2243006]
[1.5059083, 0.68192357, 0.6086557, 0.21532892]
[1.6131363, 0.71579415, 0.68699217, 0.21035004]
[1.619385, 0.62314206, 0.77128303, 0.22495991]
[1.3223398, 0.5538673, 0.5415645, 0.22690803]
[1.8713509, 0.8146491, 0.8399498, 0.21675196]
[1.5171535, 0.69733435, 0.5982338, 0.22158523]
[1.4955957, 0.65275234, 0.62468624, 0.21815705]
[1.5981714, 0.8176534, 0.58265513, 0.19786271]
[1.6323988, 0.6127697, 0.83223474, 0.18739438]
[1.916112, 0.83489764, 0.8647362, 0.21647808]
[1.3260763, 0.6059507, 0.46686465, 0.2532608]
[1.5687646, 0.6737586, 0.6649238, 0.23008215]
[1.6544174, 0.76461184, 0.66553485, 0.22427066]
[1.8797585, 0.76827073, 0.8813665, 0.23012121]
[1.6786354, 0.73616374, 0.7128205, 0.22965117]
[1.6115031, 0.86173373, 0.54428613, 0.20548314]
[1.8961167, 0.7218376, 0.94952404, 0.22475505]
[1.6058389, 0.66460454, 0.71843016, 0.2228042]
[1.7964404, 0.90577996, 0.70153004, 0.18913035]
[1.4537712, 0.55009496, 0.6773162, 0.22636011]
[1.5324363, 0.70669866, 0.59112406, 0.23461357]
[1.4955627, 0.5887133, 0.69257444, 0.21427503]
[1.3389318, 0.6340257, 0.4929182, 0.211988]
[1.630193, 0.64532995, 0.7649097, 0.21995327]
[1.5758507, 0.81597805, 0.54026437, 0.2196083]
[1.7041925, 0.56466156, 0.9285431, 0.21098794]
[1.6235646, 0.7797949, 0.6075055, 0.23626418]
[1.7911386, 0.79086775, 0.7855624, 0.21470857]
[1.2542257, 0.51185554, 0.52777314, 0.21459705]
[1.4743468, 0.61382794, 0.65665084, 0.20386803]
[1.3496814, 0.49827182, 0.6310837, 0.22032583]
[1.3421043, 0.5516411, 0.58056104, 0.20990221]
[1.7002757, 1.0012531, 0.49693525, 0.20208728]
[1.5120065, 0.3401218, 0.90753317, 0.26435167]
[1.758224, 0.85474324, 0.6801108, 0.22336993]
[1.9405199, 1.1690352, 0.52015704, 0.25132763]
[1.9770204, 0.79037434, 0.94506186, 0.24158418]
[1.4933114, 0.5792245, 0.6813408, 0.23274618]
[1.7481529, 0.67068815, 0.843776, 0.23368874]
[1.6274534, 0.67027116, 0.74474883, 0.21243349]
[1.6051395, 0.77737665, 0.5949988, 0.23276395]
[1.3843384, 0.5747951, 0.58977175, 0.21977146]
[1.4250609, 0.5994707, 0.5879669, 0.23762332]
[1.5424074, 0.6799895, 0.6347043, 0.22771358]
