[1.8636212, 1.0322788, 0.79964995, 0.031692524]
[1.9035287, 0.79034066, 1.0806646, 0.03252342]
[2.0173218, 1.09601, 0.88879704, 0.032514766]
[2.068542, 1.1029959, 0.9348109, 0.030735187]
[1.9084368, 0.9130119, 0.9652497, 0.030175189]
[1.8153956, 0.8245441, 0.9582978, 0.032553665]
[1.9495485, 0.97248137, 0.94070876, 0.036358327]
[1.9591401, 0.9524404, 0.971593, 0.03510671]
[1.8775878, 0.9813856, 0.859246, 0.03695624]
[1.8572712, 0.848531, 0.97242963, 0.036310542]
[2.0379639, 0.9538557, 1.0455453, 0.03856276]
[1.9674203, 0.9101361, 1.0143118, 0.042972423]
[1.9943318, 0.8134389, 1.1383625, 0.042530444]
[2.004317, 0.938679, 1.0263028, 0.03933525]
[2.0121734, 0.9137837, 1.0621402, 0.0362495]
[1.8804685, 0.87703013, 0.96784985, 0.035588488]
[1.9766413, 0.93052787, 1.0062169, 0.03989664]
[1.8651288, 0.9498384, 0.87483525, 0.040455095]
[1.9908648, 0.8896378, 1.0645627, 0.03666427]
[1.9277256, 0.8578225, 1.0330751, 0.03682808]
[1.9315622, 1.0188637, 0.8695836, 0.0431149]
[2.0134683, 0.9551002, 1.0136526, 0.04471547]
[1.8978885, 0.98723334, 0.8708216, 0.039833672]
[1.9970858, 0.98524135, 0.97313935, 0.03870506]
[2.0486062, 1.0706159, 0.9396558, 0.03833451]
[1.9645591, 0.9676424, 0.9610082, 0.035908468]
[2.0449693, 0.8499174, 1.1583178, 0.03673403]
[1.9039907, 1.0256989, 0.8445542, 0.033737626]
[1.9639939, 0.9736182, 0.9590279, 0.03134787]
[2.0320597, 0.99501806, 1.0067408, 0.030300837]
[2.0009155, 0.972937, 0.99837774, 0.029600862]
[1.9823611, 1.0737636, 0.8793495, 0.029247984]
[1.8804585, 0.9595089, 0.89392674, 0.027022876]
[1.9309838, 0.97536945, 0.9229388, 0.03267555]
[2.0127094, 0.92289335, 1.0579301, 0.031885818]
[1.9934267, 1.0378945, 0.92567265, 0.029859541]
[1.8455217, 0.87876153, 0.93898857, 0.027771648]
[1.9541258, 1.0186187, 0.9009404, 0.034566667]
[1.9243286, 0.9848194, 0.907866, 0.031643145]
[1.9841292, 0.9487424, 1.0040753, 0.03131156]
[1.9280672, 1.0566988, 0.8406744, 0.030694067]
[1.9599384, 0.93339896, 0.9908172, 0.035722263]
[1.9032917, 0.9450511, 0.92734253, 0.030898094]
[2.01279, 0.8995366, 1.0765024, 0.03675091]
[1.9364539, 1.041643, 0.8620056, 0.03280528]
[2.0845025, 1.0572605, 0.99146146, 0.035780363]
[1.9974911, 0.8501262, 1.1199855, 0.027379544]
[1.9332365, 1.0296324, 0.8717913, 0.031812735]
[1.9697431, 1.0659577, 0.87342733, 0.030358227]
[2.0263083, 1.0945582, 0.9033314, 0.028418578]
[2.0305374, 1.0235398, 0.97865725, 0.028340254]
[2.0050554, 1.0722456, 0.9027338, 0.030075986]
[1.8835499, 0.97826767, 0.8786676, 0.026614644]
[1.8873608, 1.0239525, 0.83671355, 0.026694756]
[1.8739893, 0.91605544, 0.9284849, 0.029448934]
[1.9997566, 1.0227576, 0.9462683, 0.03073066]
[1.9636091, 0.9848381, 0.948125, 0.03064598]
[2.0229754, 1.0078981, 0.9825479, 0.032529447]
[1.9208082, 0.8658426, 1.0256081, 0.029357545]
[2.0134242, 0.95240116, 1.030279, 0.030744055]
[1.9139476, 0.98229456, 0.8999906, 0.031662516]
[1.8737848, 0.9193602, 0.92053044, 0.03389401]
[1.9102219, 0.8861531, 0.9924414, 0.031627417]
[2.0545652, 1.0638456, 0.9575702, 0.0331495]
[1.9696139, 0.88962215, 1.0464656, 0.033526026]
[2.0544515, 1.0253285, 0.99533105, 0.03379206]
[1.9749048, 0.94567573, 0.9985879, 0.030641112]
[1.8665601, 0.9553573, 0.8844962, 0.026706582]
[1.9839495, 0.88459784, 1.0698236, 0.029527973]
[1.9536912, 1.0975837, 0.82380676, 0.03230077]
[1.9487681, 0.886292, 1.0309414, 0.031534784]
[1.9269816, 1.0635693, 0.8347759, 0.028636334]
[1.8704083, 0.89805806, 0.9393146, 0.033035636]
[1.9243767, 0.9457592, 0.9457202, 0.032897376]
[2.0011153, 0.9523318, 1.0120125, 0.036771107]
[1.9968659, 0.93797266, 1.0247642, 0.03412907]
[1.9475136, 1.0101552, 0.9027759, 0.03458247]
[1.9718189, 0.9666364, 0.9697185, 0.035464004]
[1.8081441, 0.86458266, 0.9112785, 0.032282908]
[1.9715023, 1.0901536, 0.8458917, 0.035457022]
[1.833107, 0.79380786, 1.0009904, 0.03830877]
[1.9729322, 0.94503933, 0.9908385, 0.037054382]
[2.0135996, 0.80888003, 1.1687905, 0.035929225]
[2.0142484, 0.92609274, 1.0542336, 0.033922184]
[1.8670125, 0.92370296, 0.91052055, 0.032789037]
[1.8945582, 0.8315522, 1.0267785, 0.03622745]
[1.8799644, 0.9102323, 0.93033075, 0.03940127]
[2.0659814, 0.9367174, 1.0892797, 0.039984126]
[1.983447, 0.88284206, 1.0673997, 0.033205133]
[1.8362406, 1.0949223, 0.7069022, 0.034416053]
[1.9417626, 0.82895887, 1.0715411, 0.04126267]
[2.0492582, 1.0140711, 0.994074, 0.041113026]
[2.0578032, 1.1787739, 0.8400318, 0.038997512]
[1.9696088, 0.9002838, 1.0309446, 0.038380414]
[2.0021198, 0.9863417, 0.9779846, 0.037793465]
[1.996692, 0.97337615, 0.98936695, 0.033948857]
[1.9019902, 1.0225254, 0.84469974, 0.03476506]
[1.9846474, 0.945359, 1.0010548, 0.038233675]
[1.9028444, 0.84481, 1.0220921, 0.035942357]
[2.07572, 0.9460108, 1.0951593, 0.03455005]
[2.1747248, 1.2693369, 0.8729204, 0.03246767]
[1.9798166, 0.90052736, 1.0523074, 0.026981778]
[2.0046697, 0.912449, 1.0619924, 0.030228253]
[1.8978698, 0.9582927, 0.9111687, 0.028408378]
[1.9400316, 0.8714575, 1.0386986, 0.029875629]
[1.9299537, 0.8871851, 1.0128775, 0.029891124]
[1.954105, 0.9825529, 0.9399378, 0.031614408]
[1.8777281, 0.85172206, 0.9903218, 0.035684273]
[1.9149418, 0.90942264, 0.96988577, 0.035633348]
[2.0028982, 1.0027393, 0.96008694, 0.040071912]
[1.9035861, 0.9598607, 0.910739, 0.0329864]
[2.0083091, 0.9348535, 1.0339298, 0.03952571]
[1.9013977, 1.0376002, 0.82345444, 0.040343076]
[2.059454, 1.0243261, 0.99453783, 0.040590137]
[1.9357224, 0.9085716, 0.99038947, 0.03676132]
[1.941004, 0.97870815, 0.9264868, 0.03580899]
[2.0421062, 1.0279503, 0.9771197, 0.03703606]
[1.9437971, 1.0622973, 0.8486823, 0.03281746]
[1.9476137, 0.9192096, 0.99555546, 0.032848626]
[1.9895129, 1.0853634, 0.8726603, 0.031489223]
[2.045122, 1.0116236, 1.0008948, 0.032603472]
[1.9700773, 1.1003919, 0.8412835, 0.028401904]
[1.9569095, 0.9244796, 1.001787, 0.030643027]
[1.9871658, 0.98246896, 0.9755374, 0.029159376]
[1.9238001, 0.9301515, 0.96128434, 0.0323642]
[1.927779, 0.8986157, 0.9981436, 0.031019747]
[1.897317, 0.9151253, 0.9505215, 0.031670246]
[1.9037284, 0.922616, 0.94473475, 0.03637758]
[2.0087857, 1.0186294, 0.9556279, 0.034528255]
[1.899013, 0.9073856, 0.95585805, 0.03576941]
[2.0032856, 1.0566138, 0.91293347, 0.033738405]
[2.0196025, 0.82843184, 1.1560793, 0.03509132]
[1.9602435, 1.0334345, 0.89532113, 0.031487834]
[1.9325413, 0.85521126, 1.0441952, 0.033134833]
[1.9379078, 1.0558798, 0.8479752, 0.034052692]
[1.9263781, 0.94821316, 0.94332683, 0.034838073]
[1.9587965, 0.96749175, 0.9595343, 0.031770416]
[2.0107625, 0.9860718, 0.9925792, 0.03211144]
[1.9553628, 0.98102105, 0.9407215, 0.033620283]
[1.889093, 0.90396905, 0.95338094, 0.03174307]
[2.0117245, 0.84625924, 1.1341499, 0.03131531]
[1.9908675, 1.0790246, 0.88121426, 0.030628636]
[2.009032, 1.0832108, 0.89516115, 0.030660018]
[1.9894819, 1.0311275, 0.9301522, 0.028202266]
[1.9530357, 1.0132694, 0.9073463, 0.032420002]
[1.9980315, 1.1433194, 0.8262631, 0.028448889]
[1.9326497, 1.0436373, 0.862959, 0.026053414]
[1.9194107, 0.9891397, 0.90236825, 0.027902838]
[1.8818305, 1.0983635, 0.7514396, 0.032027327]
[1.9893023, 1.0923233, 0.8644345, 0.032544486]
[1.9310726, 0.9252304, 0.974736, 0.031106211]
[1.9274821, 0.97629255, 0.9200567, 0.031132944]
[1.8950294, 0.88700974, 0.9727572, 0.035262465]
[2.0859723, 1.1305826, 0.91791314, 0.03747664]
[1.9942967, 0.9231627, 1.0366459, 0.034488067]
[1.994706, 1.102686, 0.85920244, 0.032817464]
[1.9334989, 0.93458223, 0.9680402, 0.030876383]
[1.8297485, 1.0374118, 0.75868386, 0.03365286]
[1.9902196, 0.81560624, 1.1405332, 0.034080118]
[1.9511224, 0.9993386, 0.9171859, 0.034597863]
[2.0277624, 1.0842957, 0.9093173, 0.03414949]
[1.9321764, 0.91406596, 0.98513925, 0.03297113]
[1.9964664, 0.9395745, 1.0210311, 0.035860725]
[1.9768958, 0.8847586, 1.0607536, 0.031383656]
[2.000337, 0.8936199, 1.076159, 0.030557923]
[1.9473845, 0.9506073, 0.96531856, 0.03145862]
[1.923303, 0.82854813, 1.0606478, 0.03410713]
[1.8521628, 0.8076965, 1.015275, 0.02919123]
[1.9044225, 0.90759146, 0.9646541, 0.03217701]
[1.9982849, 1.0028672, 0.957251, 0.038166646]
[1.8542917, 0.85380995, 0.9674064, 0.03307528]
[1.8951136, 0.78266585, 1.0764747, 0.035973042]
[1.8780898, 0.9965036, 0.8383281, 0.04325809]
[1.9775338, 0.93327075, 1.0033505, 0.040912606]
[1.9956696, 0.9717319, 0.97831964, 0.04561808]
[2.0827894, 0.9798475, 1.065779, 0.037163127]
[1.8803209, 1.1041393, 0.7383605, 0.03782105]
[1.9828091, 0.947032, 1.000584, 0.035193138]
[1.900246, 0.944844, 0.9223781, 0.033023912]
[2.007042, 1.1054174, 0.8654717, 0.036152855]
[1.9357915, 0.81419444, 1.0867932, 0.03480385]
[1.9920347, 1.1766467, 0.7836509, 0.031737067]
[1.9813918, 0.9346663, 1.0089663, 0.037759162]
[1.9203743, 0.8259084, 1.0598681, 0.034597736]
[2.0932226, 1.1580744, 0.90190643, 0.033241857]
[1.912268, 0.9298531, 0.9519531, 0.0304619]
[1.8877373, 0.92801696, 0.9278943, 0.031826027]
[1.9233452, 0.8811768, 1.0059137, 0.036254644]
[2.0563886, 1.116888, 0.9037048, 0.03579569]
[1.9361893, 0.87441885, 1.0313463, 0.030424077]
[1.9326218, 0.92726994, 0.9712422, 0.034109745]
[1.9217033, 0.9639597, 0.92273104, 0.035012662]
[1.8985509, 0.8831831, 0.98058605, 0.03478175]
[1.9924396, 0.86767685, 1.0878968, 0.036865994]
[2.03395, 0.959, 1.0396715, 0.035278626]
[2.0393524, 1.0587759, 0.9483957, 0.032180756]
[2.0005217, 0.9138186, 1.0586789, 0.028024292]
[2.0492804, 1.061889, 0.95937836, 0.028013049]
[1.9673105, 0.8172661, 1.121243, 0.028801419]
[1.9895574, 1.0811555, 0.879392, 0.029009812]
[1.9321486, 0.83749866, 1.0692637, 0.02538627]
[1.8910598, 0.97381616, 0.89028704, 0.026956543]
[2.0611856, 0.9351423, 1.0973833, 0.028660066]
[1.9222622, 1.0398948, 0.85429525, 0.028072134]
[1.9949261, 1.0414512, 0.9291145, 0.024360355]
[1.9645854, 0.96641093, 0.9694521, 0.028722372]
[1.8482987, 0.8759976, 0.9460747, 0.026226394]
[2.0622678, 1.0914748, 0.9446331, 0.026159795]
[1.9936947, 0.82622284, 1.1391463, 0.028325446]
[1.9206289, 0.93471533, 0.9601598, 0.02575381]
[1.9641849, 1.0001599, 0.9341074, 0.029917546]
[1.9251521, 0.9484101, 0.9497088, 0.027033089]
[2.0643137, 0.98904467, 1.0427026, 0.03256633]
[1.982137, 1.0516825, 0.9042, 0.026254438]
[1.9789128, 0.96355665, 0.9886694, 0.026686776]
[1.845114, 0.96748215, 0.85142636, 0.026205499]
[2.0115378, 1.0627905, 0.9216075, 0.027139666]
[2.0381837, 1.0192034, 0.9881232, 0.030857045]
[1.920685, 0.97667027, 0.9178623, 0.026152462]
[1.9430227, 0.98535395, 0.9264083, 0.03126049]
[1.983134, 1.0541191, 0.89981586, 0.029199157]
[1.8915168, 0.9578023, 0.90240896, 0.031305533]
[1.9229054, 0.9077685, 0.9846344, 0.030502617]
[2.0154657, 0.9821762, 1.0002908, 0.03299886]
[1.905764, 0.95123214, 0.9231556, 0.031376265]
[1.8568693, 0.9311981, 0.89223343, 0.033437833]
[1.9840795, 0.8777871, 1.068213, 0.038079415]
[1.9398531, 0.9774486, 0.9268192, 0.035585314]
[1.8930746, 0.9380301, 0.9193412, 0.035703313]
[2.0607362, 1.0817499, 0.94319004, 0.035796285]
[1.8872753, 0.7373065, 1.1168646, 0.0331043]
[1.9501172, 1.01646, 0.89823395, 0.03542345]
[1.8225157, 0.85647464, 0.9309458, 0.035095222]
[1.912374, 1.0296706, 0.8417498, 0.040953577]
[1.9127551, 0.7257863, 1.1506424, 0.03632642]
[1.9656669, 1.1345639, 0.79141486, 0.039688155]
[1.8674077, 0.9039732, 0.9252159, 0.038218662]
[1.9137452, 0.9050467, 0.9654854, 0.04321307]
[1.988239, 0.98585427, 0.9568353, 0.045549408]
[2.0286303, 1.0952203, 0.8945507, 0.038859285]
[1.9653764, 1.111537, 0.81459975, 0.039239585]
[1.9677246, 0.8675787, 1.0571992, 0.042946592]
[1.9111961, 1.0179869, 0.8505297, 0.042679556]
[1.8849741, 0.8645166, 0.9778935, 0.042564087]
[1.9411284, 0.90520704, 0.9923352, 0.043586154]
[1.8980193, 1.0389153, 0.81825423, 0.040849835]
[1.986023, 0.8307829, 1.1082119, 0.04702815]
[1.8544707, 0.9795587, 0.8298681, 0.045044005]
[1.8857323, 0.74145997, 1.1025203, 0.04175199]
[2.0089378, 1.1347566, 0.8261449, 0.048036348]
[2.118825, 0.7897425, 1.2879815, 0.04110094]
[2.170138, 1.2332475, 0.8944186, 0.04247194]
[1.8866694, 1.0109444, 0.8459949, 0.029730104]
[1.8534616, 0.8386396, 0.9829618, 0.031860176]
[1.9443983, 0.785916, 1.1204458, 0.038036495]
[1.8996357, 1.114476, 0.7473313, 0.03782832]
[2.1218517, 0.93127054, 1.1460577, 0.044523455]
[1.8822871, 0.9853252, 0.8631846, 0.033777393]
[1.9840525, 1.0807283, 0.8651355, 0.038188763]
[2.0886154, 0.79874665, 1.2542121, 0.03565669]
[1.9690584, 1.0558971, 0.88101554, 0.0321457]
[1.9211783, 0.81454587, 1.0733867, 0.03324578]
[1.9755962, 1.0149367, 0.92734766, 0.033311836]
[2.02956, 0.9966769, 1.0012121, 0.031671084]
[2.031619, 1.0689551, 0.9349934, 0.02767066]
[1.8390037, 0.8236238, 0.988741, 0.026638873]
[2.0478234, 1.0905075, 0.9258784, 0.031437345]
[1.9264069, 0.9107647, 0.984915, 0.03072714]
[1.880648, 0.93057954, 0.9176079, 0.03246058]
[1.9985101, 1.095525, 0.8685442, 0.034440927]
[1.8705535, 0.7116579, 1.1277933, 0.031102289]
[1.9650705, 1.0161033, 0.9145026, 0.034464553]
[1.9904337, 1.09026, 0.8634355, 0.036738187]
[1.913339, 0.97643316, 0.907802, 0.029103931]
[2.0072308, 0.9959291, 0.9795957, 0.03170594]
[1.9503901, 0.885601, 1.030412, 0.03437707]
[1.9222258, 0.9296787, 0.9628374, 0.029709686]
[1.8751726, 0.86025023, 0.9832935, 0.031628847]
[1.9690756, 0.8924675, 1.038335, 0.03827312]
[1.9349904, 1.0039569, 0.8950976, 0.035935916]
[1.9205194, 1.0640421, 0.81957984, 0.036897454]
[1.9944848, 0.9570936, 0.9989674, 0.03842376]
[1.9790187, 0.8964872, 1.0455444, 0.03698708]
[2.0215938, 1.0836364, 0.89924186, 0.038715653]
[2.0686831, 0.9123454, 1.1191694, 0.037168603]
[1.9921273, 0.95569384, 1.0032318, 0.033201665]
[2.039444, 1.0562539, 0.9528398, 0.03035022]
[1.8588879, 0.903394, 0.9221843, 0.033309713]
[1.8768289, 0.9523823, 0.8933344, 0.031112194]
[1.9797256, 0.9379482, 1.0063632, 0.03541421]
[2.1114876, 0.85607314, 1.2184625, 0.036951937]
[1.9645965, 1.1263604, 0.80739504, 0.03084115]
[2.1038296, 1.0460806, 1.0298206, 0.027928531]
[2.010011, 0.88986623, 1.0947765, 0.025368111]
[2.0260532, 0.9613376, 1.0404716, 0.024244165]
[2.0434902, 0.94970655, 1.0692227, 0.024560947]
[1.9884956, 0.89844304, 1.0667076, 0.023345027]
[1.8955545, 0.91740763, 0.9564964, 0.02165057]
[2.0274882, 1.1065791, 0.89552647, 0.025382638]
[1.9304128, 0.88913107, 1.019914, 0.021367678]
[1.9560939, 0.9791882, 0.95115227, 0.025753418]
[1.9530207, 1.0813528, 0.8472073, 0.024460506]
[1.9273132, 0.837456, 1.0657165, 0.024140693]
[1.9785863, 0.9728875, 0.97851753, 0.027181322]
[1.9930075, 1.0795065, 0.8857262, 0.02777486]
[2.012363, 0.9978927, 0.99093574, 0.023534458]
[2.0945084, 1.0282834, 1.0446231, 0.021601824]
[1.8687336, 0.9336468, 0.9167447, 0.018342163]
[1.9701688, 0.908452, 1.0368438, 0.024873037]
[2.0139205, 0.9992425, 0.9937262, 0.020951804]
[1.9636346, 1.0269591, 0.9162576, 0.020417884]
[1.973344, 0.85815555, 1.0943425, 0.020846058]
[1.94715, 0.97812283, 0.94638276, 0.022644367]
[1.9605564, 0.94368184, 0.9939843, 0.022890251]
[1.9676859, 0.90093935, 1.0441202, 0.02262634]
[1.9095953, 0.96947765, 0.9152648, 0.024852777]
[1.9243655, 1.0494902, 0.85011566, 0.024759665]
[1.9189345, 0.8982349, 0.99433035, 0.026369166]
[2.0122402, 0.9958875, 0.9918101, 0.024542596]
[1.9041909, 0.92544407, 0.95334756, 0.025399372]
[1.9853835, 0.9409113, 1.0177115, 0.026760727]
[2.102954, 1.042768, 1.0322628, 0.027923027]
[1.9638819, 0.9164912, 1.0245328, 0.022857843]
[1.9851223, 0.97179306, 0.9895874, 0.02374179]
[2.0302749, 1.027108, 0.98109186, 0.022075266]
[1.9625485, 0.9671691, 0.9735412, 0.021838227]
[1.9738337, 0.9491047, 1.0024176, 0.022311278]
[1.9585408, 0.9164005, 1.020605, 0.021535281]
[1.9611632, 0.9586284, 0.9783845, 0.024150264]
[1.9223386, 0.88887894, 1.0103444, 0.023115288]
[1.9843187, 0.999557, 0.9583302, 0.02643152]
[1.9776804, 1.0289781, 0.9227194, 0.0259828]
[2.0008485, 0.9096879, 1.0647526, 0.026408002]
[1.9953978, 1.0279913, 0.9432419, 0.024164647]
[2.106745, 1.0285275, 1.0574586, 0.02075892]
[1.9997535, 1.037842, 0.9429058, 0.019005716]
[1.9781922, 0.94568485, 1.0146219, 0.017885607]
[1.9363528, 0.99550575, 0.9201313, 0.020715805]
[2.004962, 0.97634876, 1.006704, 0.021909349]
[1.9212793, 0.95595413, 0.94532347, 0.02000178]
[1.9265946, 0.96782446, 0.9383931, 0.020377034]
[2.022303, 0.91473615, 1.0866058, 0.0209613]
[1.8973703, 0.97104865, 0.9054101, 0.020911522]
[1.9736714, 1.0083756, 0.94178486, 0.023510952]
[2.0114708, 1.0733305, 0.9136218, 0.024518564]
[1.9229178, 0.9911984, 0.9100378, 0.02168159]
[1.9348532, 0.9671768, 0.9462905, 0.021385904]
[1.9004511, 0.93822527, 0.93617034, 0.026055412]
[1.9725934, 1.0487994, 0.8981323, 0.025661753]
[2.0645587, 1.172251, 0.8655618, 0.02674611]
[2.0095456, 0.9575326, 1.0287373, 0.023275673]
[1.9385039, 0.92908263, 0.98914397, 0.02027725]
[2.0227785, 1.0359917, 0.9632902, 0.023496514]
[1.9731578, 0.97078, 0.98046446, 0.021913325]
[1.9975612, 1.0625291, 0.914831, 0.020201188]
[1.9641922, 1.0100636, 0.93249315, 0.021635234]
[1.8921921, 0.9417682, 0.929312, 0.021111919]
[1.9081637, 0.97249544, 0.9126481, 0.023020132]
[1.9470853, 0.9941895, 0.92771125, 0.025184497]
[2.0247316, 1.1048511, 0.89146364, 0.028416784]
[1.880344, 0.8770819, 0.9763892, 0.02687299]
[2.060219, 0.84085363, 1.1945635, 0.024802]
[2.0552042, 0.91515756, 1.1134735, 0.026572922]
[2.0145586, 0.92155117, 1.0682327, 0.024774805]
[2.004514, 1.0021032, 0.9773704, 0.025040451]
[1.9848168, 0.98581785, 0.97737694, 0.021621944]
[1.9611337, 0.9337981, 1.0056038, 0.021731822]
[1.9016078, 0.9988227, 0.87862384, 0.024161205]
[1.8775707, 0.9679085, 0.8854556, 0.024206609]
[1.936022, 0.99737096, 0.91253245, 0.026118603]
[2.0079417, 0.8862089, 1.0951009, 0.026631892]
[1.935213, 0.9136963, 0.99610853, 0.025408145]
[1.9735532, 0.9171365, 1.0330074, 0.023409307]
[2.0099506, 0.94808304, 1.0389768, 0.022890726]
[2.0659342, 0.94904435, 1.0945816, 0.022308275]
[1.9446093, 1.0060065, 0.9165793, 0.022023557]
[1.9328371, 0.97495115, 0.9377744, 0.020111598]
[1.9957185, 0.9499834, 1.0231069, 0.022628058]
[1.9480792, 0.96545583, 0.9614347, 0.021188624]
[1.9764028, 0.9899471, 0.9650706, 0.02138507]
[1.9555544, 0.9448773, 0.9864161, 0.024260905]
[1.8999242, 0.9065056, 0.9696819, 0.023736604]
[1.9590616, 0.9512283, 0.98416847, 0.023664813]
[2.0014787, 0.96444064, 1.0109053, 0.026132805]
[1.9522216, 0.9595766, 0.9688587, 0.023786321]
[1.9174724, 0.9368335, 0.9586824, 0.021956448]
[1.9397959, 0.83835745, 1.0763588, 0.02507961]
[1.9344431, 0.98895764, 0.919863, 0.025622476]
[1.9829401, 1.0290809, 0.92709345, 0.026765738]
[1.9611373, 0.96554404, 0.9688667, 0.026726522]
[2.02505, 1.0165436, 0.9796573, 0.028848935]
[1.9965795, 1.0864513, 0.88281834, 0.027309919]
[1.9944748, 0.9248384, 1.0435205, 0.026115948]
[2.0240273, 1.0209668, 0.97755194, 0.025508616]
[1.9523387, 0.9886672, 0.94063854, 0.023032919]
[1.9432336, 0.92810786, 0.99161685, 0.023508877]
[1.879198, 1.0222385, 0.8307601, 0.026199335]
[1.955882, 0.9905499, 0.9409647, 0.024367318]
[1.954263, 0.91974735, 1.0071187, 0.027396947]
[1.9816997, 0.9527894, 0.9998722, 0.029038023]
[2.0087347, 1.1561203, 0.82581365, 0.026800752]
[1.9782763, 0.95781994, 0.9964937, 0.023962637]
[1.8908108, 0.95726097, 0.90726274, 0.026287228]
[1.9483151, 0.93903375, 0.9804578, 0.028823636]
[1.9044496, 0.8668687, 1.0098019, 0.027778963]
[2.0330868, 1.04731, 0.95488113, 0.030895682]
[2.096287, 1.0470849, 1.0221982, 0.027004013]
[2.0015252, 0.9055971, 1.0735221, 0.02240601]
[1.9740819, 1.0105796, 0.9415734, 0.021928946]
[1.9661527, 0.9956761, 0.9488061, 0.021670438]
[1.9465122, 0.99029493, 0.9308667, 0.025350567]
[1.9960449, 0.9621974, 1.0088882, 0.024959188]
[1.9932771, 0.9490032, 1.0211811, 0.023092724]
[1.9009767, 1.0435688, 0.8333345, 0.024073333]
[1.96678, 1.012155, 0.92861307, 0.02601181]
[1.9318149, 0.9648973, 0.94083446, 0.026083171]
[1.9991624, 1.0513856, 0.9224024, 0.025374385]
[1.9619498, 0.81987107, 1.1157317, 0.026347052]
[1.9081354, 0.9654912, 0.9124136, 0.030230682]
[1.9563023, 1.0199456, 0.9073675, 0.028989168]
[1.9438326, 1.0372064, 0.87740284, 0.029223476]
[2.0071685, 1.0584612, 0.9183474, 0.030359915]
[1.8536898, 0.84612995, 0.9772079, 0.030352017]
[1.9567417, 0.90628374, 1.0168732, 0.03358473]
[1.949224, 0.93314326, 0.9847846, 0.031296134]
[1.9215795, 0.9535865, 0.9332217, 0.034771267]
[1.816629, 0.97513753, 0.80435205, 0.03713956]
[2.087414, 1.0998136, 0.94942534, 0.038175054]
[2.031543, 0.8940913, 1.105723, 0.031728648]
[1.9214072, 0.9366541, 0.9533289, 0.031424336]
[1.9693996, 1.0741608, 0.8611525, 0.034086257]
[1.984294, 1.0112519, 0.9397336, 0.033308543]
[1.9642503, 0.8571648, 1.0726933, 0.03439215]
[1.9816667, 0.9581301, 0.9897266, 0.033810034]
[1.9497148, 1.024626, 0.8941786, 0.030910168]
[1.9546291, 0.8417512, 1.0796211, 0.033256724]
[1.9456298, 1.0279982, 0.8862588, 0.031372838]
[2.082476, 0.90620923, 1.1427057, 0.03356104]
[2.0020297, 1.0200934, 0.9539819, 0.027954264]
[1.9874663, 0.91582656, 1.0446335, 0.027006324]
[1.9394655, 0.9561702, 0.953986, 0.029309226]
[1.9514174, 0.89612657, 1.0259858, 0.029304974]
[1.9391623, 0.9873218, 0.92395085, 0.027889568]
[1.9051155, 0.96639115, 0.9108423, 0.027882032]
[2.026203, 1.0838532, 0.9100648, 0.03228481]
[1.9234316, 0.9177885, 0.97920084, 0.026442295]
[1.8961375, 0.8904954, 0.97507215, 0.030569948]
[1.9203757, 0.8879453, 0.9988753, 0.033555195]
[1.9441081, 0.83710086, 1.0731311, 0.0338762]
[1.9690919, 1.0010874, 0.9349128, 0.033091657]
[1.9674569, 1.0061271, 0.9293563, 0.031973537]
[1.9162176, 0.92538935, 0.9566276, 0.03420061]
[1.9108427, 1.011812, 0.8645482, 0.034482516]
[1.9909723, 0.853745, 1.0999, 0.03732727]
[2.0042996, 1.0432042, 0.9275929, 0.03350263]
[1.8884208, 0.76004016, 1.0959147, 0.032465886]
[1.9783347, 1.1196139, 0.82551503, 0.033205695]
[1.9101142, 0.98507273, 0.894477, 0.030564412]
[1.9234278, 1.0092243, 0.8787084, 0.035495054]
[1.945878, 1.0086739, 0.9034977, 0.033706367]
[1.9303832, 0.8920667, 1.0037336, 0.03458284]
[2.1248405, 1.01267, 1.0752228, 0.036947444]
[1.9665008, 1.1222711, 0.81439805, 0.02983163]
[2.0154955, 1.0323849, 0.9488474, 0.03426324]
[1.892341, 1.0135709, 0.85036397, 0.028406192]
[1.9717768, 1.0706849, 0.87103695, 0.03005488]
[2.0272272, 1.1586145, 0.83899665, 0.029616054]
[1.9887818, 0.88492143, 1.0753938, 0.028466541]
[1.9381585, 1.0658071, 0.8427433, 0.029608127]
[1.94953, 0.9036098, 1.0160712, 0.029848903]
[2.008352, 1.0264671, 0.9492502, 0.032634825]
[2.0419898, 1.034107, 0.9774709, 0.030412039]
[2.0444958, 0.981512, 1.0390081, 0.02397562]
[1.96037, 0.8974748, 1.0401139, 0.022781253]
[2.0490484, 1.0267909, 0.99495685, 0.02730079]
[1.952461, 0.90752745, 1.0212795, 0.023654116]
[2.068952, 0.92707115, 1.1194091, 0.022471834]
[1.9419616, 0.9501737, 0.96710825, 0.02467975]
[1.946693, 0.9856465, 0.9411653, 0.019881155]
[1.9571968, 0.92226064, 1.0123627, 0.022573415]
[2.039308, 0.9654862, 1.0501301, 0.023691688]
[1.9533229, 0.91090596, 1.0213051, 0.021111906]
[2.00229, 0.8980026, 1.0826564, 0.021631021]
[2.0026348, 0.8556168, 1.1261675, 0.02085048]
[1.9065853, 0.8674311, 1.0178931, 0.021261122]
[1.9015752, 0.82384205, 1.0551101, 0.02262305]
[1.9550881, 0.91759443, 1.016408, 0.021085791]
[1.9771118, 0.9377347, 1.0169514, 0.0224257]
[1.9256186, 1.002525, 0.89600456, 0.027089074]
[2.0134993, 0.9462701, 1.0429906, 0.024238702]
[1.9268161, 1.0092068, 0.89140207, 0.026207378]
[2.0217135, 1.0510442, 0.9448567, 0.025812555]
[1.9584596, 0.99626255, 0.9372996, 0.024897434]
[1.9178762, 0.9158185, 0.97804826, 0.024009522]
[2.0091603, 0.9708737, 1.0138413, 0.02444537]
[1.9628919, 1.0267184, 0.9105078, 0.02566573]
[1.9917121, 0.9888133, 0.97617376, 0.026725052]
[2.045753, 0.9816492, 1.0362607, 0.027842939]
[1.9433587, 0.8797158, 1.0430483, 0.020594584]
[1.920776, 0.95438445, 0.9440359, 0.022355635]
[1.8986156, 0.92790514, 0.94748867, 0.023221673]
[1.986821, 0.95991516, 0.9993021, 0.02760373]
[1.9883155, 0.9531851, 1.0095136, 0.02561678]
[1.9193487, 0.95703304, 0.9335911, 0.028724596]
[1.9166499, 0.95630515, 0.9307221, 0.029622696]
[1.9167869, 0.93566805, 0.95175785, 0.029361011]
[1.8289759, 0.8917402, 0.9064548, 0.030780949]
[2.0085208, 1.02818, 0.945703, 0.034637768]
[1.8813471, 0.95658636, 0.89086396, 0.033896748]
[1.9058361, 0.8564334, 1.0083382, 0.041064456]
[1.9996092, 0.93056387, 1.0313051, 0.03774026]
[1.970177, 0.9560782, 0.97852075, 0.035578184]
[1.9001855, 0.8595263, 1.0080893, 0.032569863]
[2.009472, 1.0584251, 0.9092761, 0.041770607]
[2.0336394, 1.040518, 0.95946395, 0.033657387]
[2.0596673, 0.84556025, 1.1812717, 0.03283544]
[1.9659612, 0.991383, 0.947352, 0.027226243]
[1.9315239, 0.9548178, 0.9471852, 0.029520826]
[2.0306413, 0.8668904, 1.1332408, 0.030510262]
[1.9545429, 0.9900364, 0.9374038, 0.027102672]
[1.9971516, 1.0212495, 0.9453231, 0.030578982]
[1.9736363, 1.0169059, 0.9317348, 0.024995517]
[2.0684302, 1.101902, 0.93984973, 0.026678262]
[2.0206707, 1.0343635, 0.96274763, 0.02355953]
[1.8765031, 0.8695916, 0.98233736, 0.024574138]
[1.9680159, 0.9685433, 0.9762449, 0.023227695]
[1.9326718, 1.092898, 0.81535935, 0.024414474]
[8.30578, 6.63521, 0.20837855, 1.4621919]
[2.1281023, 0.5448437, 1.5794625, 0.003796008]
[2.004472, 0.64500225, 1.356908, 0.0025617923]
[2.0137846, 0.68913096, 1.3226796, 0.001974029]
[2.010843, 0.79481983, 1.214269, 0.001753986]
[1.9845464, 0.85488844, 1.1282295, 0.0014284606]
[1.9644865, 0.8569126, 1.1060219, 0.0015519467]
[1.9730375, 0.8646288, 1.106896, 0.0015126297]
[1.955873, 0.9167484, 1.0374091, 0.0017155197]
[1.9930604, 0.9105761, 1.0807025, 0.0017816854]
[1.9605161, 0.93882734, 1.0199428, 0.001746034]
[1.9915738, 0.9097526, 1.0795615, 0.0022597755]
[1.9665133, 0.94179523, 1.0226753, 0.0020427431]
[1.9412619, 0.9310992, 1.0078409, 0.0023218761]
[1.9710071, 0.9515283, 1.0170686, 0.0024101832]
[1.9737226, 0.9894049, 0.9817474, 0.0025702147]
[2.00469, 0.97006404, 1.031698, 0.0029280272]
[1.9949632, 0.98332375, 1.0088124, 0.002826931]
[1.994591, 0.94249964, 1.0489787, 0.0031127094]
[1.9363581, 0.98662835, 0.94684494, 0.0028847572]
[1.972102, 0.96467024, 1.0039794, 0.0034524524]
[1.9506714, 0.9252922, 1.0217516, 0.0036275126]
[1.9531505, 0.9241176, 1.024853, 0.004179986]
[1.978883, 1.0013257, 0.9734775, 0.0040797824]
[1.9420208, 0.9307964, 1.0068505, 0.004373901]
[1.9593806, 0.9918426, 0.96322846, 0.0043094778]
[1.915028, 1.0734313, 0.8371078, 0.0044889017]
[2.0003245, 1.1584814, 0.8371464, 0.0046967077]
[1.9429853, 1.021559, 0.91692877, 0.004497489]
[2.035275, 1.1211194, 0.90922976, 0.0049257395]
[1.9888693, 1.0986353, 0.88551533, 0.004718647]
[1.9921882, 1.0237969, 0.96345806, 0.0049331794]
[2.01113, 1.0251783, 0.9809711, 0.004980824]
[1.9849644, 1.0338861, 0.9460358, 0.005042599]
[2.0668285, 1.1405578, 0.9214341, 0.0048366496]
[2.030671, 1.0089846, 1.0171522, 0.004534103]
[1.9976104, 1.052717, 0.9410098, 0.0038836799]
[1.9860057, 0.9631024, 1.0185912, 0.0043121018]
[1.9755396, 0.9530846, 1.0173726, 0.0050823595]
[1.9273508, 0.960171, 0.9621656, 0.0050141523]
[1.9969604, 1.0646638, 0.9278296, 0.00446696]
[1.9743336, 1.0034289, 0.9660611, 0.0048435684]
[2.00712, 1.1019384, 0.90075743, 0.0044240872]
[1.9472266, 1.0727557, 0.8695893, 0.004881606]
[2.008829, 1.0176921, 0.9857368, 0.0054001464]
[1.9897596, 1.0939994, 0.8914975, 0.0042627333]
[1.9406049, 0.9519547, 0.98315823, 0.0054919184]
[2.0103219, 1.0386941, 0.9666816, 0.0049461]
[1.9640418, 0.94104266, 1.0172274, 0.0057717995]
[2.0438294, 0.93067646, 1.107726, 0.005426875]
[1.9682531, 0.98553693, 0.9779235, 0.004792732]
[2.0005174, 1.0022634, 0.9935243, 0.004729622]
[1.9818034, 0.9132427, 1.063179, 0.005381693]
[1.9460894, 0.9151137, 1.0254157, 0.005560055]
[2.000494, 0.99993545, 0.9953339, 0.005224695]
[2.0268836, 1.0076127, 1.0142899, 0.00498103]
[2.0528655, 0.9820579, 1.0659193, 0.0048883203]
[2.0482314, 0.9197224, 1.123458, 0.0050509004]
[1.9904718, 0.93660736, 1.049593, 0.004271526]
[2.0477412, 0.97503513, 1.0685198, 0.004186132]
[1.9895684, 0.9136147, 1.0720091, 0.003944565]
[2.017054, 0.9188098, 1.0943688, 0.0038755974]
[1.9643354, 0.93658364, 1.0239692, 0.003782635]
[2.0018253, 0.9275373, 1.0695032, 0.004784884]
[1.9835788, 0.91831994, 1.0613222, 0.0039366926]
[2.028225, 0.9166164, 1.1070894, 0.004519228]
[1.9800192, 1.0027324, 0.97410214, 0.003184688]
[2.0024724, 0.9728987, 1.0255959, 0.003977785]
[1.9462012, 0.93773544, 1.00491, 0.0035557742]
[1.9757693, 0.94992554, 1.0220387, 0.0038050553]
[1.9650093, 0.9270123, 1.0333362, 0.0046608867]
[2.018965, 0.9462615, 1.0685128, 0.004190793]
[1.9854344, 0.9536525, 1.0274053, 0.004376654]
[2.01994, 0.96826655, 1.0478826, 0.0037907877]
[2.0408251, 1.0078626, 1.0292244, 0.0037381845]
[1.9867085, 0.9367732, 1.046356, 0.0035793441]
[1.9859154, 0.9103513, 1.0718186, 0.0037455424]
[2.0125153, 1.0031773, 1.0059973, 0.0033407896]
[2.0075424, 0.98837876, 1.0154932, 0.0036705125]
[1.9984853, 0.93541145, 1.0594563, 0.0036174995]
[1.9548919, 0.93222046, 1.0196003, 0.0030712474]
[1.9639465, 0.9204235, 1.0396261, 0.0038968353]
[2.0294883, 0.9828998, 1.042424, 0.004164396]
[1.959988, 0.96293527, 0.9932021, 0.0038506147]
[1.994486, 0.96136373, 1.0291622, 0.003959963]
[1.9965813, 0.9895688, 1.0027192, 0.004293344]
[1.985344, 0.9080015, 1.0730138, 0.004328858]
[1.9835757, 0.90467703, 1.0743335, 0.004565135]
[1.9084983, 0.9465456, 0.9578198, 0.0041328706]
[1.9874398, 0.96308327, 1.0196571, 0.0046993834]
[1.9637356, 0.9969697, 0.9620063, 0.004759602]
[1.9594355, 0.96076, 0.9938028, 0.004872679]
[1.9849062, 1.0202141, 0.96001863, 0.004673465]
[1.9905058, 1.03557, 0.95018005, 0.004755726]
[1.9991139, 0.9888108, 1.0056438, 0.004659253]
[1.9467622, 0.9853817, 0.95698583, 0.004394615]
[1.9889271, 1.0361573, 0.9477172, 0.005052653]
[1.9431932, 0.91749173, 1.0202653, 0.005436184]
[1.961742, 0.9450922, 1.0107058, 0.005943994]
[1.9616368, 0.93508816, 1.0204493, 0.006099342]
[1.9889392, 0.9797262, 1.003284, 0.0059289504]
[1.9760404, 0.92676055, 1.0424714, 0.006808356]
[1.997499, 0.9429705, 1.0477879, 0.0067405677]
[2.0413156, 1.0292244, 1.0061009, 0.005990198]
[1.949313, 1.0297319, 0.9139515, 0.0056296093]
[1.9655285, 0.9650747, 0.99421537, 0.0062385015]
[1.9809531, 1.028986, 0.9454845, 0.006482578]
[1.9538997, 1.0034508, 0.94321835, 0.0072306236]
[1.9976676, 0.9319631, 1.0584145, 0.0072900597]
[1.9650728, 0.9353995, 1.0216569, 0.008016517]
[1.9404176, 0.9307542, 1.0007899, 0.0088736005]
[1.9856148, 0.9824152, 0.99495876, 0.008240796]
[1.9513043, 0.9596609, 0.9825737, 0.009069799]
[2.0177367, 0.8607607, 1.1481577, 0.008818448]
[1.9464381, 0.9983206, 0.940092, 0.008025406]
[1.9633497, 0.94967014, 1.0042646, 0.009414977]
[1.9517659, 0.9090769, 1.0331558, 0.0095332125]
[1.9748855, 0.98135597, 0.9819233, 0.011606169]
[1.9618806, 1.0265185, 0.9240588, 0.011303296]
[1.9710523, 0.938808, 1.020132, 0.012112222]
[1.9978321, 1.0204389, 0.9670803, 0.010312835]
[2.00185, 0.9737208, 1.0170038, 0.011125351]
[1.9360203, 0.9116475, 1.0117843, 0.012588395]
[1.98404, 0.9336036, 1.0375125, 0.012923948]
[2.001895, 0.9991174, 0.98978406, 0.012993565]
[1.9753011, 0.97862923, 0.9835491, 0.013122855]
[2.002125, 1.046215, 0.9433427, 0.012567379]
[1.9677494, 0.8904872, 1.065362, 0.01190024]
[1.9423797, 0.9911761, 0.9372926, 0.013910956]
[1.9307971, 0.9300346, 0.98549724, 0.015265253]
[2.00706, 0.996565, 0.9941812, 0.016313761]
[1.9440471, 0.9399006, 0.98872197, 0.01542458]
[1.9756936, 0.874398, 1.0841125, 0.01718307]
[2.0340476, 0.9022461, 1.1154914, 0.01631017]
[1.9926337, 0.99635524, 0.98145384, 0.014824642]
[1.9323113, 0.99720764, 0.91911787, 0.015985725]
[2.0328903, 0.961385, 1.0545352, 0.016970264]
[1.967691, 1.0689346, 0.882077, 0.01667938]
[1.9332284, 0.9459666, 0.9706446, 0.016617209]
[1.9614288, 0.90513694, 1.0378857, 0.018406177]
[1.9162172, 0.95723706, 0.94151115, 0.017469024]
[1.9439002, 0.9367034, 0.98985475, 0.017342078]
[1.9433175, 0.897403, 1.027798, 0.01811651]
[1.9255011, 0.9446418, 0.9600619, 0.020797327]
[1.9429569, 1.0041773, 0.92041284, 0.018366769]
[1.9343145, 0.9083346, 1.0028589, 0.023120996]
[1.9666404, 0.9436994, 0.99820286, 0.024738034]
[2.0647807, 0.9753076, 1.064291, 0.025182288]
[2.0129716, 1.1073849, 0.885598, 0.019988835]
[1.9239635, 0.8806605, 1.0222559, 0.021047164]
[1.9275596, 1.0251626, 0.87951756, 0.02287945]
[1.9346789, 0.9418559, 0.9655436, 0.027279435]
[2.0569859, 1.033213, 0.9957599, 0.02801304]
[1.9640048, 0.94273615, 0.9977448, 0.023523847]
[1.9943554, 1.0111758, 0.9588559, 0.024323748]
[1.9794564, 0.910635, 1.0466125, 0.02220891]
[1.9948844, 1.0789306, 0.89094305, 0.025010698]
[1.9432986, 0.8690372, 1.0489402, 0.025321295]
[1.976209, 1.0496652, 0.89939517, 0.02714865]
[2.0045877, 0.97600174, 1.0052226, 0.023363272]
[1.8856729, 0.86526453, 0.995298, 0.025110364]
[1.944915, 0.89079714, 1.0267843, 0.027333584]
[1.9517481, 0.87112296, 1.0519904, 0.02863482]
[1.9460005, 0.9666561, 0.9528067, 0.02653765]
[1.945524, 1.0015275, 0.91383624, 0.03016019]
[1.9717723, 0.96501964, 0.9773937, 0.02935901]
[1.8672134, 0.84899944, 0.98910713, 0.029106794]
[2.0090318, 0.9816586, 0.99889517, 0.028477948]
[1.8379478, 0.93005675, 0.8754176, 0.032473613]
[1.951672, 0.8728797, 1.0407901, 0.03800212]
[1.9066005, 0.9178944, 0.95276076, 0.0359453]
[1.8654464, 0.8442672, 0.98523915, 0.03594]
[1.9461291, 0.94055176, 0.96811277, 0.03746468]
[1.9379734, 0.75931615, 1.1376604, 0.04099696]
[1.9972689, 1.0923102, 0.8667984, 0.038160373]
[1.9556304, 0.93916523, 0.9803091, 0.03615603]
[2.01098, 0.9682467, 1.0072845, 0.03544874]
[1.9139168, 0.8328047, 1.0419979, 0.039114278]
[2.0526893, 1.0332539, 0.9859682, 0.033467248]
[2.0164862, 0.9553189, 1.0224928, 0.03867437]
[1.9898126, 1.0468642, 0.9084389, 0.034509543]
[1.9723477, 1.0041724, 0.9319097, 0.036265664]
[1.9525121, 1.0248305, 0.8910221, 0.03665962]
[2.057116, 0.9407129, 1.0761003, 0.040302865]
[2.0202353, 1.1040055, 0.88413775, 0.03209201]
[1.9427863, 0.9401579, 0.9717936, 0.030834764]
[1.9392123, 1.0375221, 0.8703461, 0.031344235]
[1.9263562, 1.0836813, 0.8105391, 0.03213575]
[1.8769917, 0.8243954, 1.0197551, 0.03284125]
[1.9098221, 0.87653434, 0.991798, 0.041489758]
[2.023106, 0.9905486, 0.99171543, 0.040842086]
[1.8435395, 0.9553015, 0.8490542, 0.03918378]
[1.9581697, 0.89924574, 1.013989, 0.044934973]
[1.9657197, 1.0612522, 0.86510295, 0.039364517]
[2.0403152, 0.8748554, 1.1236403, 0.041819364]
[2.022423, 1.0439656, 0.94298756, 0.035469797]
[2.0101075, 1.0823245, 0.8999165, 0.027866445]
[1.9460363, 1.0768508, 0.84392273, 0.025262786]
[1.8628701, 0.9554057, 0.878462, 0.02900232]
[2.0261557, 0.9988184, 0.99667716, 0.030660223]
[2.0052242, 0.9643343, 1.0103177, 0.030572198]
[2.0515933, 1.0360531, 0.9888097, 0.026730498]
[2.0150473, 1.0321646, 0.95782316, 0.025059616]
[2.0143452, 0.9990152, 0.99098265, 0.024347283]
[1.9899576, 0.93457794, 1.0340784, 0.021301279]
[1.9802843, 0.8248741, 1.1303906, 0.025019549]
[1.9909632, 1.0408652, 0.93006647, 0.02003157]
[1.9976633, 0.759537, 1.2128475, 0.025278838]
[1.9192963, 0.8948375, 1.0008179, 0.023640823]
[1.9102226, 0.88195306, 1.0042751, 0.023994528]
[1.974821, 0.8433092, 1.1045294, 0.026982427]
[1.896398, 0.8357382, 1.037447, 0.023212798]
[1.86848, 0.85273397, 0.9879254, 0.027820617]
[1.8750857, 0.79136187, 1.0563028, 0.027421148]
[2.0104318, 1.1060841, 0.87688404, 0.027463585]
[1.9883449, 0.7368589, 1.2250555, 0.026430558]
[1.9038185, 1.185236, 0.69700706, 0.021575429]
[2.01396, 0.97926396, 1.005483, 0.029212901]
[1.9154497, 0.9004568, 0.9840952, 0.030897738]
[1.9344584, 0.8058346, 1.1010953, 0.027528448]
[1.9550858, 0.9740808, 0.95132, 0.029685002]
[2.007575, 1.0374844, 0.942791, 0.027299678]
[2.0561666, 1.0389661, 0.9899856, 0.02721509]
[2.0165699, 1.1586388, 0.83564305, 0.022287901]
[1.9787848, 0.9751125, 0.9781457, 0.025526538]
[2.045191, 1.0336924, 0.99277043, 0.018728208]
[1.9697497, 1.0421828, 0.9080726, 0.019494254]
[1.8873601, 0.9676394, 0.8988605, 0.020860152]
[1.953509, 1.0242567, 0.9063706, 0.02288163]
[1.9309305, 1.0509928, 0.8557807, 0.024156984]
[1.9437529, 0.9591598, 0.958668, 0.025925033]
[1.9279913, 0.9643804, 0.93207294, 0.031537835]
[2.0229228, 1.0376973, 0.9581331, 0.027092354]
[1.9737763, 0.97639793, 0.9693963, 0.027982123]
[1.9810055, 0.89364004, 1.0560498, 0.031315718]
[1.9260118, 1.0511248, 0.84581554, 0.029071463]
[1.8682908, 0.91804135, 0.918222, 0.032027308]
[1.9622802, 0.8951658, 1.0320189, 0.0350954]
[1.9289918, 0.9100436, 0.9871316, 0.03181655]
[2.0064056, 0.96993667, 1.0025117, 0.033957295]
[1.8796642, 0.85674185, 0.9860438, 0.036878627]
[1.8815111, 0.79570776, 1.045538, 0.04026541]
[1.8878455, 0.91616297, 0.93426037, 0.03742222]
[1.8324493, 0.86050856, 0.93093, 0.041010734]
[2.0155568, 1.0052606, 0.9677495, 0.042546786]
[1.9572703, 0.99723345, 0.9163846, 0.04365218]
[2.0173085, 0.94649327, 1.0314381, 0.03937706]
[2.0647116, 0.919926, 1.1085451, 0.036240637]
[1.940332, 1.0351372, 0.87290514, 0.032289717]
[1.8728937, 1.022831, 0.81698275, 0.03307999]
[1.9554824, 0.92166173, 0.9947666, 0.03905406]
[1.9616975, 0.940799, 0.9844285, 0.036469907]
[1.8879926, 0.904819, 0.94853425, 0.03463938]
[1.9852558, 0.9687836, 0.97880065, 0.037671555]
[1.8622246, 1.1361444, 0.68826914, 0.037811026]
[2.0911877, 0.8831029, 1.1656007, 0.04248411]
[1.9469486, 1.1019921, 0.81157446, 0.03338203]
[1.9137876, 0.841689, 1.0368258, 0.0352728]
[1.9283811, 0.95413005, 0.93718195, 0.03706907]
[2.087966, 1.0875508, 0.95834035, 0.04207486]
[1.976873, 0.9117831, 1.0265889, 0.038500987]
[1.9287561, 0.86124825, 1.0280663, 0.039441638]
[1.9959815, 1.1601539, 0.8008113, 0.03501635]
[1.9324124, 0.8822231, 1.0114065, 0.038782727]
[1.9934597, 0.89726925, 1.059228, 0.0369625]
[2.123774, 1.2021929, 0.8874309, 0.03415009]
[2.0218003, 0.8246379, 1.1637433, 0.033419188]
[1.9289577, 0.94078124, 0.9597167, 0.028459739]
[1.9528651, 0.90612113, 1.0160968, 0.030647175]
[1.9684535, 0.9377048, 1.002127, 0.02862162]
[2.0057275, 0.95725304, 1.0176148, 0.030859673]
[1.9608817, 0.89300305, 1.0383244, 0.029554334]
[1.9242696, 1.0081638, 0.88696784, 0.029137932]
[1.8917878, 0.84793377, 1.0154562, 0.02839783]
[1.8779025, 0.9709909, 0.8732048, 0.03370681]
[2.009537, 1.0253763, 0.9524678, 0.031692844]
[1.9321911, 0.8524158, 1.045624, 0.034151275]
[1.9996903, 0.9551863, 1.0089005, 0.035603512]
[1.8752548, 0.9882097, 0.8510259, 0.036019247]
[2.0515413, 0.96881586, 1.0428321, 0.039893344]
[2.0452352, 1.0113659, 1.0014064, 0.03246283]
[2.0581613, 0.95303154, 1.0724297, 0.032700054]
[1.9549737, 1.0980549, 0.8277869, 0.029131837]
[2.020193, 0.9037024, 1.0841033, 0.032387387]
[1.9450349, 1.145278, 0.76483, 0.034926876]
[2.0545402, 1.04781, 0.97385734, 0.032872826]
[2.0205505, 0.98636955, 1.0039566, 0.030224223]
[2.042339, 0.95383286, 1.0565155, 0.03199084]
[2.046793, 1.0450046, 0.9762859, 0.025502492]
[1.9212188, 0.88015366, 1.0133934, 0.02767175]
[1.8985604, 0.8783492, 0.9947169, 0.02549435]
[1.9754331, 0.9215892, 1.0214425, 0.032401286]
[1.8777436, 0.8732751, 0.9741889, 0.030279499]
[1.9882725, 1.0310495, 0.92338574, 0.03383731]
[1.8891166, 0.71799403, 1.1412802, 0.02984252]
[2.1164887, 1.1410019, 0.93793875, 0.037548028]
[1.9752132, 1.0548575, 0.8918631, 0.028492577]
[1.9710042, 1.0446786, 0.8951234, 0.031202361]
[1.8797041, 1.0167849, 0.83263546, 0.030283788]
[1.9907138, 0.9679377, 0.9914113, 0.031364802]
[1.9470303, 0.9399137, 0.97449476, 0.032621894]
[1.9781499, 0.99333394, 0.95448613, 0.030329863]
[2.0328681, 1.0369682, 0.96438396, 0.031515878]
[1.9539, 0.95103145, 0.9722729, 0.030595617]
[2.0216837, 0.908689, 1.0798022, 0.033192463]
[2.0063872, 0.98888344, 0.9836041, 0.03389973]
[1.9371223, 1.0396833, 0.86753225, 0.029906802]
[1.985638, 0.98658, 0.9654731, 0.0335849]
[1.9770325, 0.95197546, 0.9949964, 0.030060668]
[2.010936, 0.87552786, 1.107263, 0.028145127]
[1.9662277, 1.0328981, 0.9081396, 0.025189975]
[1.9726584, 0.9389057, 1.005842, 0.027910654]
[1.9023044, 0.9647553, 0.9087807, 0.02876847]
[2.0813122, 1.057992, 0.99811226, 0.025208097]
[2.0020008, 1.0406721, 0.9377285, 0.023600116]
[1.9922464, 1.1424979, 0.8280951, 0.021653414]
[1.9623116, 0.9882698, 0.9524984, 0.021543331]
[1.9799675, 0.9091358, 1.0481868, 0.022644827]
[1.9828814, 0.8805259, 1.0809779, 0.021377629]
[2.0017772, 1.0387983, 0.9409816, 0.021997325]
[2.0214112, 1.0657985, 0.9352792, 0.020333432]
[1.9595466, 1.0847647, 0.85641617, 0.01836563]
[2.0046678, 1.1048982, 0.8830838, 0.01668568]
[2.027392, 1.0304319, 0.98017776, 0.016782358]
[2.003285, 1.0733862, 0.91293806, 0.01696051]
[1.9923158, 1.0321676, 0.9444497, 0.015698407]
[2.0113332, 0.9735644, 1.0224162, 0.01535268]
[1.9387907, 1.0088279, 0.91403186, 0.015930852]
[1.9153929, 1.0059164, 0.89124763, 0.018228889]
[1.9625341, 1.0481285, 0.8963358, 0.018069876]
[1.9817066, 0.95275897, 1.0103109, 0.018636664]
[1.9457793, 0.93819314, 0.9892057, 0.018380396]
[1.9456812, 0.96575314, 0.9604464, 0.019481607]
[1.9785992, 0.9651775, 0.99403644, 0.019385166]
[2.0245144, 0.9699497, 1.0359019, 0.018662792]
[1.9718683, 0.9201863, 1.0322601, 0.019421883]
[1.8922803, 0.913832, 0.9568883, 0.021559985]
[1.9980797, 0.93539715, 1.041292, 0.021390613]
[1.9004221, 0.8340745, 1.0450306, 0.021316975]
[1.8891894, 0.88386226, 0.98179996, 0.02352716]
[1.934152, 0.8695792, 1.0382136, 0.02635922]
[1.9833441, 0.9887038, 0.9653801, 0.02926014]
[1.9381311, 0.9914917, 0.916178, 0.030461395]
[1.9848342, 0.9251354, 1.0288495, 0.030849349]
[1.9547851, 1.0196705, 0.90528184, 0.02983281]
[1.9394395, 0.86784756, 1.0415293, 0.030062659]
[1.9457899, 0.8614326, 1.0558753, 0.028482024]
[2.0176983, 0.9886161, 0.99785787, 0.031224154]
[1.9101748, 0.9067532, 0.976092, 0.027329661]
[2.0014908, 0.89506227, 1.0737023, 0.032726333]
[1.9926962, 0.9476399, 1.0175867, 0.027469493]
[1.9325976, 1.0121157, 0.8896184, 0.030863497]
[1.9337132, 0.84679186, 1.0574112, 0.029510155]
[2.016436, 0.9658227, 1.0191145, 0.03149882]
[1.9074979, 0.92548877, 0.955204, 0.026805142]
[1.9425875, 0.9394188, 0.9719992, 0.031169584]
[1.9714203, 1.0437267, 0.894347, 0.033346653]
[2.029202, 1.0397398, 0.95702887, 0.032433152]
[1.9818246, 1.1490256, 0.8025403, 0.030258786]
[1.9632957, 1.0011132, 0.9361573, 0.02602534]
[2.0128798, 1.0705208, 0.91492486, 0.027434207]
[1.9688408, 1.0193498, 0.9203159, 0.029175077]
[1.9559019, 0.95738286, 0.9713891, 0.027129909]
[1.8857957, 0.77612525, 1.080671, 0.028999463]
[1.9410878, 0.9969634, 0.9118074, 0.032317005]
[1.9488363, 0.7728206, 1.1428217, 0.033194125]
[2.0049915, 1.169249, 0.80367595, 0.032066654]
[2.0718956, 0.8797294, 1.1651266, 0.027039465]
[1.926636, 1.0829523, 0.82072896, 0.02295474]
[1.9799179, 1.022774, 0.9320941, 0.025049837]
[1.9433445, 1.0077163, 0.910697, 0.024931176]
[1.8781512, 1.0215135, 0.83134544, 0.025292283]
[1.9187057, 0.9129881, 0.97698975, 0.028727787]
[1.9423413, 1.0753001, 0.836482, 0.030559313]
[1.9468203, 0.8116579, 1.1029682, 0.03219408]
[1.9612906, 1.0594127, 0.87218523, 0.02969259]
[1.962557, 1.0285687, 0.9028188, 0.031169452]
[1.9559585, 0.7434466, 1.1775503, 0.034961525]
[2.0630572, 1.1928418, 0.83807814, 0.032137122]
[2.0179386, 1.0972514, 0.8905015, 0.030185677]
[2.0947056, 0.91120684, 1.1530807, 0.030418035]
[1.9384835, 0.9871435, 0.92632896, 0.025011078]
[1.9454488, 1.0224986, 0.89437443, 0.028575763]
[1.9725385, 0.96835643, 0.9737101, 0.030471863]
[1.9963037, 0.99393237, 0.9742726, 0.028098669]
[1.9473801, 0.9049653, 1.0092756, 0.033139206]
[1.9932848, 1.0365702, 0.92538106, 0.031333577]
[1.900681, 0.91373384, 0.95593315, 0.031014001]
[1.9430526, 0.9847739, 0.93033886, 0.027939968]
[1.9120342, 1.0211787, 0.8570031, 0.033852287]
[1.9662118, 0.9779009, 0.9540068, 0.034304097]
[2.0249026, 1.021283, 0.97167397, 0.031945515]
[1.9802505, 0.9174933, 1.0278105, 0.034946766]
[1.970388, 0.91554636, 1.0218335, 0.033008195]
[1.9442854, 0.77576995, 1.1352825, 0.033232868]
[1.9109024, 0.99504834, 0.8808321, 0.03502194]
[1.944887, 0.76442575, 1.1448555, 0.035605796]
[2.0079052, 1.0594238, 0.9145455, 0.033936113]
[1.9483303, 0.95365, 0.96392536, 0.030754896]
[1.9239466, 0.8354771, 1.0567093, 0.03176018]
[1.9429213, 0.89084727, 1.0179483, 0.034125663]
[1.8727603, 0.8402188, 0.99309963, 0.03944188]
[2.0163708, 0.986282, 0.9916412, 0.0384476]
[2.0085027, 1.13053, 0.8433449, 0.034627803]
[1.9220319, 0.87933147, 1.0083177, 0.034382723]
[1.9369023, 0.94281113, 0.9599693, 0.03412188]
[1.8994269, 1.1368768, 0.7272747, 0.035275463]
[1.9943409, 1.0250955, 0.93524945, 0.033995956]
[1.9703803, 0.9739008, 0.95546925, 0.041010235]
[2.0023928, 1.0443633, 0.9231832, 0.034846302]
[1.9669248, 0.9236346, 1.0078902, 0.035399977]
[2.0580497, 1.091454, 0.9328768, 0.033718932]
[1.9934883, 0.9066074, 1.0544715, 0.032409407]
[1.9756606, 1.1092762, 0.8358753, 0.030509103]
[1.9402174, 0.9474257, 0.9634967, 0.02929493]
[1.9239985, 0.93397, 0.955704, 0.03432447]
[1.9750466, 0.94668776, 0.99184525, 0.036513604]
[1.9968504, 0.9359161, 1.0270532, 0.03388103]
[1.9814798, 0.99921, 0.94784045, 0.03442932]
[2.0498714, 1.0066915, 1.0079842, 0.035195794]
[1.989488, 1.0470054, 0.9077177, 0.034764897]
[1.9624788, 0.9750138, 0.9539881, 0.03347698]
[1.8417991, 0.95616305, 0.8516881, 0.033948094]
[1.9902772, 1.0555942, 0.9004986, 0.034184344]
[1.9565526, 0.9361476, 0.9832772, 0.037127845]
[2.014835, 1.0072732, 0.9690015, 0.038560264]
[1.9958422, 1.0788019, 0.88332456, 0.033715665]
[2.0064964, 0.9177278, 1.0562017, 0.032566965]
[1.9536438, 0.958459, 0.96517503, 0.030009726]
[1.9677365, 1.0174332, 0.91802835, 0.03227494]
[1.9367791, 0.924934, 0.98038596, 0.031459235]
[1.8977563, 0.84352326, 1.0199946, 0.03423845]
[1.886033, 0.8265999, 1.0254306, 0.034002505]
[2.0106704, 0.9391538, 1.0357994, 0.035717174]
[1.9518721, 0.9097717, 1.0062468, 0.03585363]
[1.891641, 0.8554655, 1.0016187, 0.03455675]
[1.9938782, 0.92094934, 1.0345273, 0.03840155]
[1.9555367, 0.9540825, 0.9635852, 0.037869044]
[1.9690228, 0.97215486, 0.9553359, 0.04153202]
[2.0085464, 0.92088616, 1.0513306, 0.036329653]
[1.9571095, 1.0001161, 0.91979283, 0.0372004]
[2.031544, 1.074532, 0.92663574, 0.030376239]
[2.0344663, 0.9837947, 1.0162933, 0.03437832]
[1.9481335, 1.0369488, 0.87849087, 0.032693908]
[1.9753736, 0.8684349, 1.0762479, 0.030690748]
[2.0164368, 1.0758272, 0.9101627, 0.030446947]
[2.0754004, 0.91286385, 1.1362517, 0.026284613]
[2.033783, 0.95447725, 1.0536195, 0.025686268]
[1.9332963, 0.94810677, 0.96308213, 0.022107452]
[1.955984, 1.0397078, 0.89277995, 0.023496293]
[1.9490042, 0.8747634, 1.0511036, 0.023137141]
[1.9961735, 1.016402, 0.9561616, 0.023609823]
[1.8156043, 0.9098977, 0.880568, 0.025138613]
[1.9502534, 0.94995177, 0.9711819, 0.029119557]
[1.9951676, 0.9715457, 0.99270874, 0.030913258]
[2.078686, 0.9815781, 1.0699751, 0.027132738]
[2.0148644, 1.0018612, 0.99008656, 0.022916757]
[1.9631219, 1.0093453, 0.9309507, 0.02282593]
[1.9674609, 0.9509072, 0.99333906, 0.02321453]
[2.0411968, 1.0138934, 1.0022495, 0.025054088]
[1.9145173, 1.0091503, 0.88184667, 0.023520408]
[2.0323243, 0.9819602, 1.0263155, 0.0240488]
[1.9246484, 0.9145477, 0.9888314, 0.021269273]
[2.1426537, 1.0635917, 1.0558046, 0.02325758]
[1.9579326, 1.0789378, 0.85756314, 0.021431644]
[1.9348003, 0.9319595, 0.9832727, 0.019568134]
[2.015791, 0.9736606, 1.0177466, 0.024383763]
[2.0517504, 0.9906741, 1.0398254, 0.02125089]
[1.9779096, 0.90924346, 1.0478684, 0.02079769]
[2.0251417, 0.9776615, 1.0324903, 0.014989758]
[1.9711385, 0.9796423, 0.9745874, 0.016908845]
[1.9216849, 0.87076795, 1.0328308, 0.018086053]
[1.8870436, 0.8498759, 1.0193987, 0.01776896]
