[2.060595, 1.0930393, 0.9298327, 0.03772297]
[1.9889425, 1.0169004, 0.93869066, 0.03335146]
[1.9322143, 1.0146668, 0.8800045, 0.03754296]
[1.9691207, 0.99890494, 0.930676, 0.0395398]
[1.9395703, 1.0276139, 0.875816, 0.036140487]
[1.9000096, 0.93131375, 0.933851, 0.034844913]
[1.9041758, 0.84865344, 1.0160255, 0.039496783]
[1.9786819, 1.0077817, 0.93538076, 0.035519443]
[1.8172929, 0.9161872, 0.86004966, 0.04105599]
[1.8318038, 0.7481383, 1.0405705, 0.04309494]
[1.965529, 1.1268303, 0.7940016, 0.044696994]
[2.2834122, 0.7047344, 1.5335686, 0.045109205]
[1.9860617, 1.1865853, 0.7627037, 0.03677257]
[2.0676496, 1.0288475, 1.008358, 0.030444056]
[2.133715, 1.0267419, 1.0801959, 0.02677697]
[1.9898202, 0.9556271, 1.0099261, 0.024267059]
[1.9208508, 0.9771435, 0.9179005, 0.025806688]
[2.00662, 1.008575, 0.97301596, 0.025029054]
[1.8564042, 0.9080845, 0.92255294, 0.02576673]
[2.0333724, 1.0416187, 0.96434784, 0.027405635]
[2.0325322, 0.98795843, 1.0191089, 0.025464987]
[1.9040025, 1.053496, 0.82851624, 0.021990258]
[1.963627, 1.0074874, 0.931309, 0.02483062]
[1.9758501, 0.9710612, 0.9780283, 0.026760638]
[2.003261, 0.98236823, 0.9949906, 0.02590238]
[1.9370227, 0.98373914, 0.9299633, 0.023320228]
[1.9173384, 0.92126846, 0.97076833, 0.025301538]
[1.9561112, 0.9903774, 0.936613, 0.029120656]
[1.9534827, 0.96547383, 0.9608444, 0.0271646]
[2.0058637, 1.0499094, 0.92994964, 0.02600458]
[1.9633147, 0.91635513, 1.0217838, 0.025175638]
[1.9573526, 0.9200341, 1.0105003, 0.026818242]
[1.9997599, 0.94968235, 1.0213754, 0.028702099]
[1.9389806, 0.95142967, 0.96107113, 0.026479736]
[2.0062199, 0.99221146, 0.987932, 0.026076287]
[1.936519, 0.97474664, 0.934088, 0.027684301]
[1.9964291, 0.9897194, 0.9784868, 0.028222937]
[1.9391776, 1.0093668, 0.90310603, 0.026704906]
[1.8987873, 0.89398146, 0.9738747, 0.030931123]
[1.924616, 0.88545775, 1.00736, 0.03179822]
[1.9437014, 0.8809464, 1.0301557, 0.032599304]
[2.00664, 0.9096764, 1.065511, 0.031452674]
[1.9879118, 0.9373018, 1.0195683, 0.031041728]
[1.938562, 0.9671506, 0.9381943, 0.03321713]
[1.9418244, 0.9375631, 0.97059184, 0.033669468]
[1.8862903, 0.92753565, 0.92607415, 0.032680534]
[1.9517037, 1.0830147, 0.8320538, 0.036635175]
[1.9664454, 0.935346, 0.99916863, 0.031930856]
[1.933249, 1.0287733, 0.87056047, 0.033915237]
[1.9203624, 0.99740165, 0.8875474, 0.03541334]
[1.9736688, 1.0899168, 0.8487592, 0.034992874]
[1.98035, 0.86996496, 1.072386, 0.037999056]
[1.9447569, 0.87257963, 1.0359954, 0.036181763]
[2.0281649, 1.0669748, 0.9248981, 0.036292057]
[1.9865661, 0.9969934, 0.955186, 0.034386672]
[1.9289868, 1.0118222, 0.8851489, 0.032015678]
[1.9791576, 1.0719357, 0.8762461, 0.030975852]
[1.859471, 0.87955225, 0.9471998, 0.032718904]
[1.9693799, 0.88486606, 1.0507079, 0.03380584]
[1.9094161, 0.86870384, 1.0068544, 0.03385786]
[1.878614, 0.9668474, 0.8808662, 0.030900257]
[1.8960062, 0.9092283, 0.9498006, 0.036977246]
[1.957687, 1.0302212, 0.887884, 0.03958181]
[1.9235262, 0.97840536, 0.90778697, 0.037333887]
[1.9077129, 0.84851617, 1.0190533, 0.04014346]
[1.9607253, 0.8978707, 1.0196273, 0.043227207]
[1.8845059, 0.86383814, 0.9762602, 0.04440754]
[1.9617882, 1.1228931, 0.7958629, 0.04303217]
[1.8602635, 0.9863276, 0.8312578, 0.042677946]
[1.883535, 0.8797396, 0.9595649, 0.044230636]
[1.9373993, 0.97267914, 0.9119302, 0.052789934]
[1.9964709, 0.9679512, 0.9811528, 0.047367033]
[2.163445, 1.00298, 1.1164825, 0.043982483]
[1.9208562, 0.8516029, 1.0295855, 0.0396678]
[2.0041008, 1.055076, 0.9066095, 0.042415395]
[1.9355447, 0.93474185, 0.9615886, 0.039214246]
[1.8817201, 0.98604316, 0.85601735, 0.039659448]
[1.9718264, 0.9808031, 0.9524462, 0.038577244]
[2.0082273, 1.0791941, 0.88819313, 0.040840134]
[1.9827116, 0.9101419, 1.0344746, 0.038095057]
[1.9894501, 1.0352502, 0.9180493, 0.03615063]
[1.9171307, 0.9639274, 0.9155941, 0.037609164]
[1.9964954, 0.88919973, 1.0669816, 0.040314134]
[1.9506996, 0.98241913, 0.93106115, 0.03721931]
[1.9428142, 0.91654325, 0.9896729, 0.036598064]
[1.9435849, 1.0298749, 0.8751959, 0.0385141]
[1.9202062, 0.8585212, 1.0241773, 0.037507635]
[1.8497914, 1.0063133, 0.8073565, 0.036121625]
[2.02204, 0.9301044, 1.052241, 0.03969448]
[1.9740616, 1.014235, 0.91982615, 0.040000454]
[2.0802274, 1.0243267, 1.0174664, 0.038434356]
[2.0911186, 0.99947816, 1.0563354, 0.03530498]
[1.8733964, 1.0097017, 0.8313159, 0.032378808]
[1.9108118, 0.9330881, 0.9448449, 0.03287877]
[1.9294968, 0.9562485, 0.9350589, 0.03818939]
[2.0086286, 0.91795564, 1.0576628, 0.033010036]
[1.9883661, 0.9944984, 0.9645184, 0.029349305]
[1.8448911, 0.8713764, 0.9438193, 0.029695429]
[1.9604843, 0.98392844, 0.9384121, 0.038143743]
[1.9294064, 0.908401, 0.98222435, 0.0387811]
[1.9655396, 0.86965895, 1.0586295, 0.037251156]
[1.9249966, 0.84644413, 1.0407276, 0.037824847]
[1.8775539, 1.0091534, 0.8291981, 0.03920241]
[1.958981, 0.9104456, 1.0081695, 0.04036589]
[2.0139806, 1.079751, 0.8957793, 0.03845021]
[1.8953807, 0.96890724, 0.8904681, 0.03600543]
[1.9009547, 0.87986106, 0.978698, 0.042395577]
[1.8428674, 0.9788414, 0.8230934, 0.04093258]
[1.9304914, 0.89483786, 0.9904379, 0.045215577]
[2.065952, 1.0887198, 0.9272827, 0.049949326]
[2.008401, 1.0249399, 0.94413936, 0.039321624]
[1.9403366, 0.8959447, 1.0072322, 0.03715965]
[1.9248831, 0.88063323, 0.99894977, 0.04530007]
[2.0396683, 1.063807, 0.93402433, 0.041836925]
[1.8843733, 0.9069917, 0.93612313, 0.041258413]
[1.8848004, 0.9117261, 0.9316055, 0.041468844]
[1.9165105, 0.78844035, 1.0877303, 0.040339872]
[1.9940948, 1.0742251, 0.874823, 0.045046758]
[1.9751426, 0.9304274, 1.0048242, 0.03989107]
[1.9252683, 0.9388423, 0.9467901, 0.03963593]
[2.0554268, 0.9803275, 1.0349084, 0.0401909]
[1.8641108, 0.75029045, 1.0790796, 0.03474085]
[2.0168948, 1.0657187, 0.9102731, 0.04090298]
[2.0867836, 1.1085806, 0.938681, 0.039522037]
[1.9651184, 0.93943965, 0.99154687, 0.03413187]
[2.0330887, 1.0450957, 0.95269156, 0.035301358]
[1.973957, 0.94979423, 0.9921157, 0.032047037]
[1.883774, 0.9607762, 0.8939582, 0.029039588]
[1.9396594, 0.95981574, 0.9435662, 0.03627745]
[2.0279589, 0.98914576, 1.0049826, 0.033830523]
[1.9933327, 0.9962289, 0.9654939, 0.031609908]
[1.8795089, 0.87902904, 0.96352535, 0.03695453]
[1.943082, 0.83411646, 1.0713606, 0.037604935]
[2.0506873, 0.86501837, 1.1477225, 0.03794647]
[2.0132205, 1.0731499, 0.90561604, 0.034454584]
[2.1685905, 0.97042334, 1.1669345, 0.031232782]
[1.8684167, 0.9495114, 0.8916885, 0.027216764]
[2.0117168, 0.953418, 1.0278884, 0.030410513]
[1.9049997, 0.9772992, 0.8998745, 0.027826112]
[1.9628086, 1.0314394, 0.90053785, 0.030831296]
[2.0588307, 0.9951317, 1.0347733, 0.028925728]
[1.9409992, 0.95606726, 0.95490015, 0.030031849]
[1.9514592, 0.9749752, 0.9460462, 0.030437686]
[1.8752753, 0.833401, 1.0152943, 0.026580017]
[1.9515977, 0.88746876, 1.0338545, 0.03027445]
[2.007253, 1.0833333, 0.8929056, 0.031014197]
[2.0144665, 0.8537909, 1.1317984, 0.028877258]
[1.9540677, 1.107758, 0.817111, 0.029198617]
[1.8607087, 0.9930044, 0.8365811, 0.03112317]
[2.1154847, 1.0873477, 0.99391496, 0.03422205]
[1.976734, 0.9718267, 0.97502714, 0.029880144]
[2.0614896, 1.0835248, 0.95174557, 0.026219245]
[1.9310591, 0.99634755, 0.9093665, 0.025345115]
[2.0502887, 1.0130472, 1.0100944, 0.027147042]
[1.9561768, 1.0671744, 0.86414135, 0.024861012]
[1.9932861, 0.988976, 0.9791266, 0.025183562]
[1.9508649, 0.9455605, 0.98059535, 0.024709113]
[1.9502846, 0.94661033, 0.9780998, 0.02557439]
[1.8789575, 0.8645869, 0.9886349, 0.025735747]
[1.9364468, 0.9208641, 0.98677194, 0.028810687]
[1.957099, 0.9054258, 1.0258293, 0.0258439]
[1.9528272, 0.9580625, 0.9642284, 0.030536324]
[1.9328434, 0.9545057, 0.94628835, 0.032049455]
[1.9907582, 0.9334496, 1.0255308, 0.031777777]
[1.8783082, 1.0231404, 0.82642245, 0.028745309]
[2.0367284, 0.98161656, 1.020523, 0.03458876]
[1.9311062, 0.98127484, 0.919876, 0.029955372]
[1.8470705, 0.8910544, 0.9233656, 0.032650426]
[1.8999393, 0.86994356, 0.99571425, 0.034281507]
[2.1307826, 1.0657089, 1.031678, 0.033395775]
[2.0123377, 0.8744967, 1.103318, 0.03452301]
[2.0117233, 1.1975632, 0.7839986, 0.03016159]
[1.9045709, 0.9719584, 0.9019828, 0.030629802]
[1.8845127, 0.9567965, 0.8960754, 0.031640753]
[2.0575142, 0.99265325, 1.0288115, 0.03604926]
[2.0048244, 1.0187149, 0.95304286, 0.033066683]
[1.9192637, 0.8725462, 1.0123597, 0.03435781]
[1.895824, 0.9204596, 0.9409785, 0.03438577]
[1.955737, 0.98939705, 0.9303605, 0.03597942]
[2.0250304, 0.98369104, 1.003826, 0.037513223]
[1.9814113, 0.8868386, 1.0614915, 0.033081118]
[2.089361, 1.0743988, 0.97840095, 0.03656133]
[1.954438, 1.0017662, 0.9259126, 0.026759088]
[1.9417946, 0.92491066, 0.98794615, 0.028937833]
[1.9448955, 1.0468993, 0.867247, 0.030749239]
[1.9298115, 0.9598532, 0.9383966, 0.031561695]
[1.9725626, 0.97826815, 0.9632499, 0.031044543]
[1.9092766, 0.9207984, 0.95930195, 0.029176243]
[1.9676892, 0.9620826, 0.9730771, 0.03252951]
[2.0269413, 0.963752, 1.033189, 0.030000106]
[2.0204391, 1.1078131, 0.88292253, 0.029703487]
[1.9321114, 0.8719443, 1.0341825, 0.02598457]
[1.8723879, 0.93424326, 0.9102528, 0.027891869]
[1.9498389, 0.91306925, 1.006947, 0.029822636]
[1.9298536, 0.9815967, 0.9186727, 0.029584223]
[1.8837413, 0.88436943, 0.9677576, 0.031614132]
[1.8648341, 0.9615247, 0.8668581, 0.036451217]
[1.9606544, 1.0240582, 0.89849156, 0.038104605]
[2.0476453, 0.64465797, 1.364609, 0.038378526]
[1.9945498, 1.1884733, 0.77267504, 0.033401337]
[1.9818566, 0.9071085, 1.041357, 0.033391014]
[1.9694078, 0.92603654, 1.0105104, 0.032860734]
[1.9190979, 0.93805456, 0.9516773, 0.029365966]
[1.9355255, 0.9254788, 0.9771522, 0.03289451]
[1.9015514, 0.90203136, 0.9666349, 0.032885056]
[1.9452118, 0.90307784, 1.007487, 0.03464684]
[1.9061394, 1.1485312, 0.72286177, 0.03474635]
[1.9612367, 0.98971677, 0.93261373, 0.038906194]
[2.0413074, 1.0548149, 0.9509897, 0.035502914]
[1.9480935, 1.0068908, 0.908062, 0.033140734]
[1.9099385, 0.81004435, 1.064554, 0.035340153]
[1.9671919, 1.0521564, 0.87926656, 0.035769008]
[1.9790796, 0.8962294, 1.048128, 0.03472218]
[1.9835913, 1.0182681, 0.92880535, 0.03651781]
[1.9774966, 0.7728152, 1.1682335, 0.03644793]
[1.9389579, 1.0020646, 0.9036547, 0.033238612]
[1.9402233, 0.9003885, 1.0087303, 0.031104594]
[1.8628011, 0.96030295, 0.8661913, 0.036306847]
[1.9509616, 1.061645, 0.84830725, 0.041009277]
[1.8650645, 0.85875803, 0.9671881, 0.039118376]
[1.9225134, 0.9534991, 0.9299327, 0.03908156]
[2.0121365, 1.1095405, 0.8631383, 0.039457582]
[2.112086, 1.018395, 1.0587133, 0.034977607]
[1.984684, 0.81372553, 1.1387165, 0.03224211]
[2.0044174, 0.96476686, 1.0063484, 0.03330212]
[1.9906993, 1.1135328, 0.8454864, 0.031680062]
[1.9588659, 0.9043478, 1.0250582, 0.029460011]
[1.9657276, 1.0099171, 0.92309123, 0.032719128]
[1.959716, 1.0468892, 0.8842796, 0.028547145]
[1.8949652, 0.9003815, 0.9602038, 0.034379832]
[2.038648, 1.0547566, 0.94941366, 0.034477383]
[1.9857996, 0.95749086, 0.99639195, 0.031916745]
[1.9563074, 0.9329375, 0.9956163, 0.027753565]
[1.961054, 0.83544815, 1.0944691, 0.031136755]
[1.9425029, 1.0092952, 0.90208316, 0.031124435]
[1.994609, 0.92937154, 1.0312978, 0.03393969]
[1.8827419, 0.9739448, 0.8751239, 0.033673324]
[1.9307642, 0.92455375, 0.9731965, 0.033014]
[1.9441934, 0.97387314, 0.93352234, 0.036797896]
[1.9174876, 0.8300344, 1.0540602, 0.03339302]
[2.091811, 1.0163612, 1.0392611, 0.03618861]
[1.9656327, 0.87400484, 1.0554116, 0.036216225]
[2.0489538, 0.82240075, 1.1946616, 0.03189133]
[1.9600317, 1.0369251, 0.89143056, 0.031676028]
[1.936237, 0.91045654, 0.9966391, 0.029141279]
[1.9942812, 0.9359181, 1.0258175, 0.03254554]
[1.9168506, 0.9483867, 0.93752104, 0.030942742]
[2.0327373, 0.9242901, 1.0753157, 0.03313134]
[1.9052435, 1.0102998, 0.8679874, 0.026956333]
[1.9487163, 0.9236202, 0.99492633, 0.03016973]
[2.0183165, 1.0313613, 0.95708793, 0.029867133]
[2.0063043, 1.0487115, 0.92724186, 0.030350804]
[1.9955168, 1.0044321, 0.962504, 0.02858062]
[1.9373227, 1.0124695, 0.8959005, 0.02895267]
[1.9861103, 1.0216558, 0.9332056, 0.031248894]
[1.9610463, 1.003573, 0.9324152, 0.025058098]
[1.9298013, 0.93408406, 0.9672221, 0.028495234]
[2.0681014, 0.9886749, 1.0519031, 0.027523603]
[1.9854888, 1.0055357, 0.9556667, 0.02428636]
[1.9076691, 1.0037483, 0.87992215, 0.023998642]
[2.0578203, 0.9842031, 1.0487887, 0.024828408]
[1.9635053, 0.93513685, 1.0063561, 0.02201224]
[1.9589703, 0.9264239, 1.0075397, 0.02500666]
[1.9906096, 0.96581304, 1.0008175, 0.023979012]
[1.8624643, 1.0435185, 0.795866, 0.02307974]
[3.0244803, 1.6641636, 0.7587796, 0.6015371]
[2.0358837, 0.5958858, 1.4290788, 0.010918979]
[2.0220966, 0.73310286, 1.2775269, 0.011467072]
[1.9823921, 0.7567508, 1.2144283, 0.01121298]
[1.9489517, 0.8066243, 1.1313548, 0.010972615]
[1.9744837, 0.8853909, 1.0774236, 0.011669291]
[1.9348786, 0.88262236, 1.0389341, 0.013322122]
[1.9686471, 0.93555975, 1.0192469, 0.013840443]
[1.9252293, 0.93354917, 0.9775551, 0.014125138]
[1.9029509, 0.9724985, 0.91526365, 0.015188773]
[1.9383883, 0.98627126, 0.9354129, 0.016704205]
[1.9338096, 0.996949, 0.9188985, 0.017962083]
[1.9568344, 1.0546668, 0.8834717, 0.018695915]
[1.9146533, 1.0001388, 0.8974024, 0.017112102]
[1.8829247, 0.86629814, 0.9963745, 0.020252109]
[2.0010314, 0.9156861, 1.0615866, 0.023758756]
[1.921579, 1.015956, 0.88034666, 0.025276328]
[1.9399494, 0.95642847, 0.9564649, 0.027056135]
[1.9723122, 1.0603378, 0.88633657, 0.025637846]
[2.0237522, 1.0220618, 0.9774006, 0.02428985]
[1.906117, 0.9879722, 0.8931624, 0.024982363]
[2.0161538, 1.0050035, 0.9855437, 0.02560673]
[1.9413358, 0.9787778, 0.93959737, 0.022960518]
[1.9907637, 1.061667, 0.90555495, 0.023541678]
[2.0015302, 1.0368104, 0.9400428, 0.024677057]
[1.9520597, 0.9796051, 0.9486508, 0.023803981]
[1.8966253, 1.0165937, 0.8553982, 0.024633419]
[1.9899496, 0.8983954, 1.0615952, 0.029958954]
[2.0032735, 1.0393872, 0.938041, 0.025845258]
[2.0634239, 1.0898465, 0.95109737, 0.022479996]
[2.078481, 0.9372747, 1.1187027, 0.022503562]
[1.9471453, 0.84346926, 1.0816789, 0.02199721]
[1.884312, 0.85947436, 1.0045887, 0.020249061]
[1.9611919, 0.887655, 1.049015, 0.02452182]
[1.9217918, 0.8839742, 1.0152197, 0.022597868]
[1.8894346, 0.86062014, 1.0035719, 0.025242625]
[1.9521468, 0.8995229, 1.0281671, 0.024456795]
[1.9748173, 0.9888047, 0.9605198, 0.025492813]
[1.9934975, 0.99212605, 0.9746098, 0.026761642]
[1.9020503, 0.68388444, 1.1904588, 0.027707113]
[2.0294225, 1.0002735, 1.0024432, 0.02670594]
[1.9737282, 0.90540797, 1.0419786, 0.026341695]
[1.8615714, 0.8825278, 0.95225835, 0.02678527]
[1.9442017, 0.8357546, 1.0796075, 0.028839562]
[1.8634046, 0.9389899, 0.8938197, 0.030595087]
[2.0535278, 0.9167242, 1.103022, 0.03378147]
[2.0053904, 1.0445153, 0.93269324, 0.028181951]
[1.8953247, 0.98773736, 0.8814371, 0.026150275]
[1.9730942, 0.94860137, 0.9945606, 0.029932253]
[2.0272067, 1.0687783, 0.9289323, 0.029496167]
[1.902628, 0.9596151, 0.91390085, 0.029111937]
[1.9450758, 0.9113961, 1.0042511, 0.029428491]
[2.0139742, 1.0541143, 0.9318826, 0.027977195]
[1.9795234, 0.9606553, 0.98782927, 0.031038884]
[1.964926, 1.0202, 0.9171648, 0.027561195]
[1.9097192, 1.0197985, 0.8634169, 0.026503824]
[1.9857788, 0.9713003, 0.9817141, 0.032764487]
[1.9024352, 1.0685822, 0.80595744, 0.027895594]
[1.9821838, 0.8782699, 1.0743504, 0.029563531]
[1.9307753, 1.0478578, 0.85401577, 0.028901752]
[1.9764717, 0.91801655, 1.0269761, 0.031479035]
[1.9123385, 0.94979596, 0.9351872, 0.027355358]
[1.9294424, 1.0474255, 0.84995854, 0.03205832]
[1.9211026, 0.99287623, 0.89747196, 0.030754408]
[2.0595016, 0.96176827, 1.0648838, 0.032849565]
[1.9927069, 0.92720836, 1.0346712, 0.030827405]
[2.0174448, 1.0591209, 0.92835456, 0.029969407]
[1.9670752, 0.90787685, 1.0317702, 0.027428145]
[1.903894, 0.92946154, 0.9476979, 0.026734564]
[1.9750067, 1.0053288, 0.93768525, 0.031992648]
[2.0307665, 0.95411646, 1.0462388, 0.03041113]
[1.928022, 0.9804195, 0.9223614, 0.025241157]
[1.9714643, 1.0271326, 0.91236675, 0.031964947]
[1.8563784, 0.93172824, 0.8952892, 0.029361058]
[1.905073, 1.0010023, 0.87171924, 0.032351516]
[2.0010273, 1.0319421, 0.93645334, 0.032631963]
[2.062179, 0.93851984, 1.093351, 0.030308353]
[2.0210125, 0.94430244, 1.0476588, 0.02905124]
[1.9737144, 0.9357234, 1.0065093, 0.031481616]
[1.8763387, 0.8644886, 0.98283845, 0.029011767]
[1.8512943, 0.8697696, 0.94912827, 0.032396376]
[1.9422028, 0.8090088, 1.0974977, 0.03569626]
[1.9853772, 1.102731, 0.8481586, 0.034487654]
[1.9760841, 0.886521, 1.0533277, 0.03623543]
[1.8300686, 0.8988553, 0.8956338, 0.03557945]
[1.8666512, 0.8516846, 0.9757693, 0.039197378]
[1.979696, 1.0522227, 0.887451, 0.040022403]
[2.0802093, 0.69403565, 1.3448685, 0.041305054]
[2.0415475, 1.1268159, 0.880624, 0.034107607]
[1.9964237, 0.8862866, 1.0786809, 0.031456232]
[2.0075943, 1.1384063, 0.838674, 0.030513916]
[2.0219262, 1.0449665, 0.94839257, 0.028567009]
[1.9421488, 1.0331894, 0.8804507, 0.028508676]
[1.9138008, 1.008965, 0.8755733, 0.02926258]
[1.9628927, 1.0457443, 0.8890152, 0.028133197]
[1.960172, 1.0112977, 0.91888, 0.029994406]
[2.039421, 1.0998553, 0.91137946, 0.028186437]
[1.9781951, 0.8866949, 1.0671751, 0.02432498]
[1.9905131, 1.0666851, 0.8976072, 0.026220825]
[1.9651228, 0.98042214, 0.9599899, 0.02471082]
[1.9443938, 0.9157946, 1.0027878, 0.025811302]
[1.910821, 0.8603121, 1.022252, 0.02825689]
[1.849992, 0.9431892, 0.88044435, 0.026358478]
[1.9645575, 0.89630413, 1.0385032, 0.029750261]
[1.9235318, 1.0057051, 0.8872975, 0.030529138]
[1.998896, 0.9704706, 0.99511015, 0.033315353]
[1.9644908, 0.9344133, 1.0001246, 0.029952884]
[1.9200311, 0.93771875, 0.9511955, 0.031116784]
[1.9031546, 0.9127635, 0.9535043, 0.03688678]
[1.9896804, 0.9198898, 1.0345572, 0.035233423]
[2.0381074, 1.0706402, 0.93241435, 0.03505269]
[1.9821774, 0.9515239, 0.99726975, 0.033383735]
[1.937048, 1.106039, 0.79550123, 0.035507638]
[1.9467667, 0.95621854, 0.95748323, 0.03306492]
[1.9565654, 1.0445628, 0.87865365, 0.033348948]
[1.9844679, 1.0396187, 0.90843034, 0.036418807]
[1.9825666, 1.0609581, 0.8893552, 0.032253247]
[1.8890704, 1.0205244, 0.8387569, 0.029789053]
[2.0471244, 0.9854637, 1.0285764, 0.033084504]
[2.0435882, 0.96341074, 1.0513012, 0.028876247]
[2.0256362, 0.8763208, 1.1226718, 0.026643556]
[1.9758468, 0.8937044, 1.0570626, 0.025079787]
[1.973156, 0.9746547, 0.97235405, 0.026147187]
[1.9544517, 0.91087776, 1.0165508, 0.027023243]
[1.9669161, 0.9462887, 0.99422216, 0.026405208]
[1.98665, 0.93596005, 1.0239626, 0.026727322]
[1.8737509, 0.9614496, 0.88624585, 0.02605543]
[1.9581282, 1.008987, 0.92186415, 0.02727715]
[1.9419756, 0.99236375, 0.92092156, 0.02869033]
[1.997824, 1.0350187, 0.93376946, 0.02903586]
[1.8666261, 0.9410895, 0.8962345, 0.02930209]
[1.9916935, 0.9163861, 1.0448112, 0.030496176]
[2.012665, 1.0261042, 0.95487094, 0.031689778]
[1.9492984, 1.1205351, 0.8025367, 0.026226576]
[1.9630758, 0.82719296, 1.1039158, 0.0319671]
[1.8442183, 1.0045253, 0.8107633, 0.028929655]
[2.0302544, 0.9881413, 1.0163145, 0.02579847]
[1.8819245, 0.92472667, 0.9278669, 0.029330947]
[1.9466993, 0.98571, 0.9295237, 0.031465545]
[2.0057292, 0.919191, 1.0558555, 0.030682787]
[1.992922, 0.9667996, 0.9961275, 0.029994832]
[1.9906391, 0.94134486, 1.0186617, 0.030632544]
[2.0052903, 1.0974972, 0.87758255, 0.03021048]
[1.8651273, 0.93598497, 0.89946103, 0.029681314]
[2.0119636, 0.8486135, 1.1288204, 0.034529686]
[1.9717472, 1.097171, 0.84559906, 0.028977122]
[1.9179593, 0.94029653, 0.9463951, 0.031267714]
[1.9292047, 0.92320037, 0.9767565, 0.029247764]
[1.9409281, 0.9383173, 0.9679476, 0.03466325]
[2.0174565, 1.0913544, 0.8926732, 0.03342901]
[1.8818095, 0.9188343, 0.93543637, 0.027538722]
[2.1044219, 0.9515933, 1.1201143, 0.032714017]
[1.9259316, 0.96007407, 0.93595195, 0.02990558]
[1.9650211, 0.91706276, 1.0153213, 0.03263709]
[1.9290011, 0.9992922, 0.8993755, 0.03033338]
[1.9298064, 0.94239485, 0.95321846, 0.034193054]
[1.9865602, 0.9793042, 0.972585, 0.03467092]
[2.0369122, 1.0203385, 0.9812529, 0.035320796]
[1.8941668, 0.867218, 0.996862, 0.030086823]
[1.9631236, 0.8463424, 1.0881064, 0.02867488]
[1.8990641, 0.9403395, 0.92470163, 0.034022912]
[1.9790746, 1.0039304, 0.940969, 0.034175128]
[1.9005266, 0.80023944, 1.0654773, 0.03481]
[2.0078712, 0.8257871, 1.1444542, 0.037629858]
[1.9647149, 1.178905, 0.7505125, 0.035297353]
[1.8835949, 0.8992724, 0.9512873, 0.03303511]
[2.0493445, 0.90546566, 1.1107268, 0.03315214]
[2.064599, 1.1608626, 0.87315464, 0.030582055]
[1.9710053, 1.0350864, 0.9086186, 0.027300186]
[2.063779, 0.94741935, 1.0872092, 0.029150376]
[1.917424, 0.97320586, 0.9190867, 0.025131488]
[2.0359108, 1.0590577, 0.9484062, 0.02844689]
[1.9456899, 1.063123, 0.8554132, 0.027153786]
[1.9206761, 0.9968269, 0.897956, 0.025893252]
[1.912931, 0.8533863, 1.0340867, 0.025458027]
[1.9974369, 1.0096159, 0.9589464, 0.028874531]
[1.9131333, 0.96832883, 0.91842043, 0.026384046]
[1.8977089, 0.9714011, 0.8953681, 0.030939696]
[1.896052, 0.9922311, 0.87250745, 0.031313565]
[1.9677851, 0.892108, 1.0406933, 0.034983918]
[1.9651768, 1.1314982, 0.7996075, 0.03407103]
[1.9612119, 1.0964814, 0.8314547, 0.033275813]
[1.984169, 0.91928124, 1.0322158, 0.03267193]
[1.9707074, 0.9583956, 0.979793, 0.032518804]
[2.0088682, 0.996932, 0.9782362, 0.033700105]
[1.9900873, 1.0271358, 0.9345662, 0.028385188]
[2.0306838, 1.0194854, 0.9804059, 0.030792378]
[1.9575785, 1.050333, 0.87492967, 0.03231587]
[1.8940027, 0.91457486, 0.9542755, 0.025152266]
[2.0725336, 0.99547017, 1.0469708, 0.030092614]
[1.9927498, 0.95610255, 1.0094197, 0.027227573]
[1.977181, 1.08814, 0.85726434, 0.031776607]
[1.8734837, 0.93680894, 0.90814644, 0.02852817]
[1.9839737, 0.9884268, 0.96462345, 0.030923493]
[1.996775, 0.995017, 0.97212493, 0.02963315]
[1.9828418, 0.98219424, 0.9743672, 0.026280396]
[2.0193303, 0.95367175, 1.0381632, 0.027495464]
[1.9808079, 1.1593316, 0.79370886, 0.0277675]
[1.9464617, 0.94073296, 0.97949326, 0.026235469]
[2.015562, 1.0150661, 0.9714051, 0.029090926]
[1.8984641, 0.9681442, 0.9046012, 0.0257187]
[2.005121, 0.96385753, 1.013934, 0.027329542]
[1.9079719, 0.8696129, 1.0115647, 0.026794164]
[1.9218577, 0.98413074, 0.90811163, 0.029615227]
[2.0728436, 1.1900115, 0.8513695, 0.03146273]
[2.0663576, 0.9398076, 1.100125, 0.026425088]
[1.9589721, 0.9155905, 1.0186075, 0.024774026]
[1.912527, 1.0147328, 0.8726109, 0.025183165]
[1.9911865, 1.0147961, 0.9491508, 0.02723959]
[2.0479982, 1.0500486, 0.97112024, 0.026829386]
[1.9721384, 0.9537647, 0.9933415, 0.025032222]
[1.9487972, 1.0281934, 0.8969023, 0.02370155]
[1.957501, 0.84881103, 1.0849829, 0.023707174]
[2.0202198, 0.8699955, 1.1248521, 0.025372196]
[1.994941, 0.9034429, 1.0676901, 0.02380798]
[1.9799458, 0.99771094, 0.9596133, 0.022621524]
[1.9142238, 0.9136901, 0.97788155, 0.022652123]
[1.9706258, 0.9180063, 1.0300704, 0.022549057]
[1.941726, 0.93187743, 0.9860315, 0.023817008]
[1.9763153, 0.92910254, 1.0210915, 0.026121277]
[1.92734, 0.90419936, 0.9980457, 0.025095033]
[2.0158677, 0.9523791, 1.0376678, 0.025820892]
[1.9972367, 1.0094658, 0.9651562, 0.022614686]
[1.973072, 0.9340783, 1.0128756, 0.026118252]
[1.9062673, 0.945555, 0.9331788, 0.02753355]
[1.9497743, 0.98661375, 0.93906677, 0.02409372]
[2.0072412, 0.93685305, 1.0428139, 0.027574368]
[1.969964, 0.9832394, 0.9592246, 0.027499974]
[1.9499571, 1.0554336, 0.8670057, 0.02751782]
[1.9399779, 0.97752476, 0.93634117, 0.026111953]
[2.0420039, 1.076108, 0.93854463, 0.027351093]
[1.9482355, 0.9744998, 0.94754636, 0.026189333]
[1.9204232, 0.9297112, 0.9628905, 0.02782147]
[1.9010501, 0.9900955, 0.8829808, 0.027973747]
[2.0572996, 0.96004343, 1.0656931, 0.03156297]
[1.9836824, 1.0228462, 0.93585, 0.024986118]
[1.9509122, 0.9994587, 0.9260365, 0.025417103]
[1.9593985, 0.9579377, 0.9753152, 0.026145522]
[1.9074379, 0.9555894, 0.92483544, 0.027013086]
[2.0433552, 1.020802, 0.9971887, 0.025364708]
[1.9758627, 0.79299927, 1.15832, 0.024543561]
[1.9323986, 1.0034807, 0.90550596, 0.02341203]
[2.0008914, 0.936648, 1.0381093, 0.02613414]
[1.9219217, 0.93315506, 0.96451175, 0.024254914]
[1.9698961, 0.94595283, 0.9972758, 0.026667397]
[2.0648687, 1.0243402, 1.0147151, 0.025813255]
[1.9355309, 1.051266, 0.85909915, 0.025165837]
[1.8898534, 0.9387892, 0.9253404, 0.025723841]
[1.9830464, 0.8895104, 1.0661482, 0.02738791]
[1.8879122, 0.8824125, 0.9792384, 0.026261196]
[1.9236463, 0.93722224, 0.9575324, 0.028891739]
[1.9199554, 0.9288967, 0.9619154, 0.029143266]
[1.9167855, 1.0154388, 0.8704426, 0.03090401]
[1.9821258, 0.9006531, 1.0528159, 0.028656766]
[2.00122, 1.0232124, 0.9443096, 0.03369801]
[1.996795, 0.9026977, 1.0649384, 0.029158983]
[1.9408603, 0.94121796, 0.9699172, 0.029725121]
[1.9438382, 0.94225913, 0.97069466, 0.030884333]
[1.9851853, 0.9377061, 1.0160325, 0.031446747]
[1.842229, 0.8560452, 0.95542115, 0.030762728]
[1.9180169, 0.824921, 1.0531335, 0.039962426]
[2.0049548, 0.87870616, 1.089385, 0.03686356]
[1.9792151, 1.05073, 0.8951686, 0.033316627]
[1.8335229, 0.79356444, 1.008963, 0.030995524]
[1.9758258, 0.8398994, 1.0994745, 0.036451876]
[2.095624, 1.0028771, 1.058137, 0.034609817]
[1.9524834, 0.98182964, 0.9385292, 0.032124475]
[1.9844365, 0.9506501, 0.9995204, 0.034266]
[2.047534, 1.0313048, 0.9869158, 0.029313251]
[2.006313, 1.0076675, 0.97249764, 0.026147794]
[1.9751457, 1.1398184, 0.80959594, 0.025731351]
[1.8752177, 0.9697604, 0.87963843, 0.02581879]
[1.8835793, 0.98276174, 0.87250304, 0.028314523]
[1.926133, 1.0147233, 0.8792486, 0.03216117]
[1.9616879, 0.9720713, 0.95733523, 0.032281373]
[1.8484083, 0.88981265, 0.92640257, 0.032193072]
[1.9557493, 0.941972, 0.97885627, 0.03492092]
[1.9597753, 1.0022461, 0.92418444, 0.033344693]
[2.0426533, 0.95127416, 1.0587034, 0.032675788]
[1.9036796, 0.8082733, 1.0657732, 0.02963306]
[1.9574771, 1.0120229, 0.90962434, 0.03582988]
[1.929368, 0.9332794, 0.9629667, 0.03312192]
[1.8752722, 0.95503575, 0.8877184, 0.032517977]
[1.9327661, 0.8686347, 1.0294586, 0.034672752]
[1.9715894, 1.0464394, 0.8886975, 0.036452584]
[2.0762753, 0.95868766, 1.0772812, 0.040306475]
[1.9880654, 0.98336977, 0.9709701, 0.033725493]
[2.1476262, 0.9462794, 1.1677415, 0.033605415]
[2.030756, 1.0507623, 0.94907427, 0.030919526]
[1.926783, 0.9226267, 0.97606075, 0.02809564]
[1.8612136, 0.89924014, 0.9328095, 0.029163925]
[1.9545506, 0.9518918, 0.97230124, 0.030357618]
[1.920166, 0.904456, 0.98191595, 0.033794057]
[1.8781923, 0.8131852, 1.0324502, 0.03255688]
[1.9289603, 0.85700667, 1.0364604, 0.035493203]
[1.9834976, 1.0935414, 0.85041875, 0.039537415]
[2.0778053, 0.99014056, 1.0527875, 0.03487699]
[1.9303594, 1.0350592, 0.86146253, 0.033837557]
[1.9692489, 1.0022163, 0.9340988, 0.032933794]
[1.9781079, 0.9679004, 0.9757098, 0.034497745]
[1.9768713, 1.0802925, 0.8629738, 0.033604994]
[1.910828, 0.9991199, 0.8786253, 0.033082843]
[1.8765819, 0.8915305, 0.95045364, 0.03459771]
[1.9102582, 0.99068165, 0.8842488, 0.035327777]
[1.9305894, 0.9631722, 0.9322549, 0.035162322]
[1.9059869, 1.0115294, 0.85568404, 0.03877344]
[1.9101106, 0.98062074, 0.89119446, 0.038295425]
[1.9572154, 1.0115907, 0.9022124, 0.043412372]
[1.9977885, 1.1477897, 0.80966276, 0.040336013]
[1.9934671, 0.8769617, 1.0807195, 0.035785884]
[1.9418197, 0.81756425, 1.0842552, 0.040000197]
[2.0356321, 1.1002165, 0.8981137, 0.037301935]
[1.9752427, 0.86433834, 1.0723985, 0.038505897]
[1.8805398, 0.88590384, 0.96140975, 0.033226177]
[1.8732287, 0.8370195, 1.001075, 0.035134222]
[1.8661642, 0.7761614, 1.0549057, 0.035097137]
[1.9364915, 0.9921263, 0.8966211, 0.047744088]
[1.8673333, 0.85230964, 0.9731369, 0.041886717]
[1.9293745, 0.7906457, 1.0926863, 0.04604242]
[1.9290034, 1.0719566, 0.81266767, 0.04437913]
[1.8472826, 0.7537037, 1.047299, 0.046279907]
[1.9336759, 0.8556305, 1.0253904, 0.052655]
[1.8441378, 0.8457945, 0.9489103, 0.04943303]
[1.9101578, 0.9279269, 0.9304176, 0.051813297]
[1.9816601, 0.90027714, 1.0305337, 0.05084935]
[1.8937917, 0.8795165, 0.96133876, 0.0529364]
[2.1692116, 1.0836797, 1.0290892, 0.05644269]
[2.0268362, 1.0164931, 0.96871674, 0.041626446]
[1.9058512, 1.0143263, 0.8530931, 0.03843177]
[2.1051896, 1.0432626, 1.0205998, 0.041327205]
[1.943536, 0.9553497, 0.9499566, 0.038229704]
[2.083633, 1.0637996, 0.98292124, 0.036912024]
[1.9041867, 1.0597522, 0.8122779, 0.032156546]
[1.9786766, 0.9609164, 0.9835736, 0.03418659]
[2.0538948, 0.8913759, 1.1283319, 0.034187086]
[1.9696867, 1.1025692, 0.8360506, 0.031066889]
[1.9658129, 0.9150282, 1.022543, 0.028241724]
[1.9498094, 1.0316374, 0.8911311, 0.027040865]
[1.966996, 0.9365864, 1.0007222, 0.02968743]
[1.9742088, 1.0617743, 0.881611, 0.030823536]
[1.9349712, 0.92259896, 0.98181355, 0.030558657]
[1.9987224, 1.0173366, 0.94505763, 0.036328178]
[1.9269524, 1.0916228, 0.80437815, 0.030951414]
[1.9425517, 0.8745357, 1.0306716, 0.037344497]
[1.9347149, 1.0147576, 0.89123964, 0.028717596]
[1.9802562, 0.79914105, 1.1475791, 0.033536024]
[1.9564205, 1.1105692, 0.8121425, 0.03370881]
[1.8911325, 0.9752492, 0.8835274, 0.032355923]
[1.9013622, 0.86534894, 1.0016325, 0.03438077]
[1.9984076, 0.9935487, 0.96920127, 0.035657622]
[1.9381999, 1.0188916, 0.88076675, 0.038541608]
[1.9956198, 1.0449089, 0.91916704, 0.03154389]
[2.0612006, 1.0781428, 0.95057607, 0.03248175]
[2.1186023, 1.1116385, 0.9782708, 0.028693022]
[1.9345136, 0.94822955, 0.96252394, 0.023760062]
[1.9780359, 1.0585176, 0.89465404, 0.024864294]
[1.9305484, 0.97405505, 0.9312938, 0.025199648]
[2.0282602, 1.0427306, 0.9614603, 0.024069224]
[2.0679464, 1.0620031, 0.9800895, 0.025853893]
[2.0154254, 1.0022708, 0.9889014, 0.024253257]
[1.9706277, 0.89957345, 1.048448, 0.022606198]
[1.9912857, 0.9605854, 1.0075171, 0.023183264]
[1.9208837, 0.91032434, 0.9876502, 0.022909136]
[1.9959104, 1.0210758, 0.9502735, 0.024561102]
[1.9799457, 1.0287946, 0.92570883, 0.025442163]
[1.9716457, 0.9306608, 1.0165889, 0.024396032]
[1.9585079, 0.98616314, 0.9488783, 0.023466459]
[1.9495256, 0.96545255, 0.96151185, 0.022561159]
[1.8810343, 0.8629707, 0.99363965, 0.024424013]
[1.9249758, 0.9449294, 0.9507383, 0.02930802]
[1.8996085, 0.91985226, 0.95166147, 0.028094796]
[2.0237496, 0.95522875, 1.034739, 0.03378175]
[2.005875, 0.9075077, 1.0686312, 0.029736256]
[1.9097619, 0.9883965, 0.89087653, 0.03048879]
[1.935444, 0.86177635, 1.0434219, 0.030245833]
[1.9734135, 0.9730313, 0.96798635, 0.032395832]
[1.8662891, 0.9335659, 0.8992617, 0.033461615]
[1.8560408, 0.9274691, 0.8948103, 0.033761382]
[2.052406, 0.8760809, 1.1360899, 0.040235348]
[1.993294, 1.0570949, 0.9032328, 0.03296624]
[1.9791358, 0.95319223, 0.9912251, 0.03471842]
[2.0075924, 0.9759699, 1.001456, 0.030166589]
[1.9327921, 1.0008645, 0.9040326, 0.02789503]
[1.9493395, 0.8923241, 1.0247719, 0.03224345]
[1.8872918, 0.998987, 0.856675, 0.03162963]
[1.8634688, 0.9384651, 0.8933207, 0.031682976]
[1.9171708, 0.7678163, 1.1130873, 0.036267146]
[1.9392645, 1.1106355, 0.7930726, 0.035556465]
[2.0328178, 0.85538316, 1.141067, 0.03636776]
[1.9863179, 1.1924756, 0.76042664, 0.033415645]
[2.0047398, 0.9877491, 0.9868583, 0.03013235]
[2.0725222, 1.0725679, 0.9718924, 0.028061932]
[1.9673309, 1.07012, 0.87045634, 0.026754584]
[2.0200775, 0.86497766, 1.1279714, 0.027128471]
[1.9344182, 1.0791526, 0.8306682, 0.024597393]
[1.9866208, 0.83516204, 1.1239443, 0.027514443]
[1.973557, 0.9266951, 1.019817, 0.027044896]
[1.9973261, 0.92936605, 1.0394049, 0.028555103]
[1.8959404, 0.91279995, 0.95740706, 0.025733322]
[1.8604167, 0.8312449, 1.0017403, 0.027431428]
[1.8923205, 0.93827796, 0.9235767, 0.03046583]
[1.9416748, 0.8838819, 1.0247569, 0.033035986]
[2.0107696, 0.9583818, 1.0170555, 0.03533222]
[1.9465941, 1.0589178, 0.8546467, 0.03302969]
[1.960528, 1.033035, 0.8983213, 0.02917165]
[1.9466397, 0.9793031, 0.9355335, 0.031802956]
[2.0382664, 1.0884719, 0.92261225, 0.027182223]
[1.9117358, 0.8393208, 1.0409627, 0.031452328]
[2.0077064, 1.1021888, 0.8770466, 0.028470881]
[1.9995041, 0.90750104, 1.063415, 0.028588027]
[1.8789862, 0.92646736, 0.92390764, 0.028611355]
[2.0643435, 0.8993077, 1.1342429, 0.030792706]
[1.8840816, 0.9536818, 0.8996887, 0.030711006]
[1.9621217, 1.0499291, 0.8833436, 0.028848989]
[1.968429, 0.8966776, 1.042532, 0.029219436]
[1.9703795, 0.8348113, 1.1072397, 0.02832859]
[1.9364679, 0.9559649, 0.9523445, 0.02815846]
[1.9358966, 1.0382471, 0.86751556, 0.030133955]
[2.001196, 0.91075253, 1.0574732, 0.032970276]
[1.9790424, 0.94409037, 1.0054809, 0.029471131]
[1.9807787, 1.1026355, 0.8468499, 0.031293243]
[1.9031334, 0.9258176, 0.9448545, 0.032461297]
[1.9474505, 0.975941, 0.9387859, 0.032723583]
[1.8956177, 0.9136275, 0.9493507, 0.03263954]
[2.0113137, 0.95242286, 1.0242448, 0.034646086]
[1.958272, 1.1205244, 0.8045502, 0.033197366]
[1.9128938, 0.9764433, 0.90331244, 0.03313808]
[1.9327313, 0.9344702, 0.96858317, 0.029678043]
[2.118368, 0.984063, 1.0996518, 0.034652937]
[1.9607468, 0.99493545, 0.93835187, 0.02745936]
[1.9299415, 0.88086385, 1.0188802, 0.030197449]
[2.0423996, 0.9693607, 1.0425489, 0.03049018]
[1.9167866, 0.9545061, 0.9342581, 0.028022408]
[1.9478369, 0.9933498, 0.92462695, 0.029860081]
[1.9506545, 1.0426612, 0.88047385, 0.027519504]
[1.9637204, 0.8028763, 1.1323129, 0.0285312]
[1.93629, 1.0328528, 0.87091947, 0.032517828]
[1.9380487, 0.8533336, 1.0540043, 0.030710857]
[2.0220346, 1.1092236, 0.8805842, 0.032226756]
[1.9259164, 0.9280805, 0.96931434, 0.028521586]
[1.973492, 1.1141907, 0.8293128, 0.029988514]
[1.96963, 0.89823765, 1.044488, 0.026904326]
[1.9751428, 0.95013857, 0.99540806, 0.029596161]
[2.064402, 0.9536232, 1.0808184, 0.029960658]
[1.9643106, 0.9957408, 0.94432896, 0.024240928]
[1.9468771, 0.95524776, 0.96679395, 0.024835521]
[1.9934564, 1.1369054, 0.8312955, 0.025255468]
[1.9631753, 0.96854025, 0.9702964, 0.024338678]
[1.9751267, 0.9361577, 1.0112338, 0.027735174]
[1.9232068, 0.9297311, 0.96568257, 0.027793162]
[1.8942555, 0.9456215, 0.92222846, 0.026405549]
[1.8798492, 0.8996642, 0.950215, 0.029969944]
[2.0087812, 1.0805824, 0.89359665, 0.034602117]
[1.8888766, 0.96011627, 0.89790964, 0.030850625]
[1.9506505, 1.050155, 0.8668077, 0.03368774]
[1.8966982, 0.9916227, 0.873487, 0.031588614]
[3.6845121, 1.9156923, 0.3511768, 1.4176431]
[2.3991187, 0.28514227, 2.1022465, 0.011729911]
[1.9999889, 0.5526056, 1.4411609, 0.0062223515]
[1.994484, 0.68222904, 1.3068213, 0.0054335874]
[2.0218697, 0.74257207, 1.2747099, 0.0045876848]
[2.0273926, 0.7834731, 1.239995, 0.003924571]
[1.9912337, 0.8309605, 1.1571186, 0.0031546871]
[1.9747083, 0.8716407, 1.099467, 0.0036005531]
[2.0037184, 0.9175142, 1.081564, 0.0046401145]
[2.0128698, 0.95016825, 1.0587022, 0.003999276]
[1.9578173, 0.9640788, 0.9905709, 0.0031676372]
[1.9721249, 1.0045753, 0.9632075, 0.004342245]
[1.9884912, 1.0183961, 0.9657513, 0.0043437355]
[1.9266413, 1.0336971, 0.88841355, 0.0045307027]
[1.9578089, 1.0048028, 0.9474457, 0.005560307]
[1.956421, 1.0594367, 0.8912766, 0.0057077873]
[1.9324269, 0.98741245, 0.93847024, 0.0065442193]
[1.9264525, 1.0403295, 0.8780772, 0.0080457805]
[1.9754597, 1.0635228, 0.90289044, 0.009046424]
[1.9814918, 1.0693713, 0.9032494, 0.008871091]
[1.9229726, 1.022598, 0.8931947, 0.0071798232]
[1.9242443, 1.0555682, 0.8603176, 0.008358483]
[2.0058239, 1.1198937, 0.87521064, 0.010719515]
[2.032347, 1.0249653, 0.9983094, 0.009072393]
[1.8981367, 1.0625267, 0.8257482, 0.009861855]
[1.9698639, 1.0220094, 0.9363093, 0.011545229]
[2.0054345, 1.037207, 0.9574332, 0.010794244]
[2.015059, 1.0417662, 0.9625859, 0.010706844]
[1.92868, 1.0055766, 0.91185176, 0.011251615]
[1.9001136, 0.9662074, 0.9216471, 0.0122591]
[1.9273863, 1.0461581, 0.8670183, 0.0142099615]
[2.0653348, 0.9471378, 1.1049373, 0.0132597275]
[1.9405831, 0.9863376, 0.94263804, 0.011607548]
[1.9785131, 1.0159414, 0.9509429, 0.011628888]
[2.0276916, 0.97080344, 1.0442233, 0.012664707]
[1.9380721, 1.0290232, 0.897998, 0.011050947]
[1.9933434, 0.9844446, 0.99600726, 0.012891585]
[1.989733, 1.0782173, 0.89942336, 0.012092311]
[1.9950398, 1.0655708, 0.91644835, 0.013020609]
[2.0066233, 1.0226059, 0.9709037, 0.013113618]
[1.9516615, 0.9072761, 1.0295122, 0.014873123]
[1.9414206, 0.9959298, 0.93183017, 0.0136606395]
[1.9195197, 0.89448255, 1.0098476, 0.015189457]
[1.9055587, 0.90975904, 0.97926164, 0.016537996]
[1.9178915, 1.0016193, 0.8994349, 0.016837237]
[1.9104402, 0.95336294, 0.93623936, 0.020837888]
[1.915293, 0.8989922, 0.99428076, 0.022020116]
[2.0831559, 1.0870767, 0.9735377, 0.022541434]
[1.9432719, 0.91651964, 1.0078931, 0.018859137]
[1.944063, 0.850484, 1.0720724, 0.021506537]
[1.9718009, 0.7956749, 1.1534472, 0.022678839]
[1.9429994, 0.96875095, 0.9503416, 0.023906797]
[1.8811418, 0.83958364, 1.0162894, 0.025268774]
[2.0136995, 0.93881255, 1.0482833, 0.026603729]
[1.9922383, 0.90365684, 1.0630282, 0.025553185]
[1.947852, 0.9264113, 0.99588645, 0.025554283]
[1.9495926, 0.9026417, 1.0225163, 0.024434507]
[1.8883928, 1.0072155, 0.8560279, 0.02514948]
[1.9740341, 0.9568155, 0.9908833, 0.026335297]
[2.001832, 0.98016334, 0.9978262, 0.023842487]
[1.9755678, 0.9311176, 1.0205054, 0.023944914]
[1.9863224, 0.99783015, 0.9659738, 0.022518389]
[2.0076244, 0.9936303, 0.9911479, 0.022846274]
[1.9898366, 1.0000701, 0.964666, 0.025100514]
[2.054033, 1.0113528, 1.0180764, 0.024603855]
[1.9276661, 1.0223904, 0.8836132, 0.021662492]
[1.9409606, 0.9565183, 0.959558, 0.02488437]
[1.9228604, 1.0929778, 0.80536234, 0.024520267]
[1.8998456, 0.8960743, 0.9774497, 0.026321623]
[1.9214476, 0.8648546, 1.0334747, 0.023118328]
[1.963434, 0.9253064, 1.0093871, 0.028740406]
[1.9962378, 1.0191803, 0.9478791, 0.029178433]
[2.018087, 0.8352218, 1.1551313, 0.027733803]
[1.887078, 0.99201435, 0.8681369, 0.026926745]
[1.9031887, 0.9651401, 0.9056678, 0.032380763]
[1.9923787, 0.71838766, 1.2398583, 0.034132674]
[1.9617025, 1.1526073, 0.77823585, 0.030859366]
[1.8235329, 0.9359977, 0.8555145, 0.032020673]
[1.9022745, 0.8824376, 0.98757184, 0.032265067]
[2.0172431, 0.98808795, 0.99389875, 0.03525635]
[2.018465, 0.7968637, 1.1858754, 0.03572602]
[1.8457165, 0.9410845, 0.86926913, 0.035362896]
[2.007497, 0.91476846, 1.0537543, 0.03897417]
[1.884466, 0.9122131, 0.93708515, 0.03516783]
[1.9201717, 0.83884025, 1.0462317, 0.035099734]
[2.0089731, 1.2120018, 0.75624424, 0.04072711]
[2.0055747, 0.864463, 1.1048551, 0.036256567]
[2.0396843, 1.1179855, 0.8831793, 0.038519323]
[1.9843972, 1.1112633, 0.8402544, 0.032879483]
[2.0701504, 1.0638499, 0.9735917, 0.03270854]
[1.9908677, 0.9809476, 0.9823592, 0.027561001]
[1.9271938, 0.9738248, 0.9264933, 0.0268756]
[1.9812812, 0.9991224, 0.9539122, 0.028246546]
[2.008765, 0.90369534, 1.0745646, 0.030505124]
[1.936985, 0.9368863, 0.97129786, 0.0288009]
[1.9029076, 0.8403755, 1.031986, 0.030546246]
[1.92269, 0.79552484, 1.0968153, 0.030349817]
[1.9498842, 1.0102999, 0.90833163, 0.03125263]
[1.8720376, 0.85251856, 0.9884691, 0.031049937]
[1.925924, 0.8775432, 1.0120928, 0.03628785]
[1.8899901, 0.9722161, 0.87965816, 0.03811574]
[1.9346815, 0.9405029, 0.9533045, 0.040874094]
[2.031443, 0.99804425, 0.9952549, 0.038144045]
[2.095926, 1.0179489, 1.0387946, 0.039182432]
[2.0414724, 1.1314975, 0.87590134, 0.0340737]
[1.960727, 0.8703352, 1.0572057, 0.033186078]
[1.9958595, 1.0036585, 0.9588256, 0.03337536]
[1.864054, 0.97948176, 0.8544072, 0.03016501]
[1.9520526, 0.90815556, 1.0089927, 0.03490434]
[1.938353, 0.85797966, 1.044594, 0.035779234]
[2.0991127, 0.99759936, 1.0669392, 0.03457433]
[1.9976327, 1.0229732, 0.94397986, 0.030679654]
[1.9856614, 1.0351641, 0.9169029, 0.033594333]
[1.9947497, 1.0073912, 0.9551225, 0.032235995]
[1.9718976, 0.996303, 0.94491076, 0.030683814]
[1.918562, 1.0102664, 0.87562096, 0.032674707]
[1.9297616, 1.0129873, 0.88370883, 0.033065498]
[1.949661, 1.0429144, 0.872425, 0.034321576]
[1.8093936, 0.7547213, 1.0226386, 0.03203374]
[1.9494511, 0.94926727, 0.9585761, 0.0416077]
[1.8808718, 0.966019, 0.87201226, 0.04284046]
[1.8842313, 0.91706896, 0.92398113, 0.043181185]
[1.978658, 0.95267713, 0.9802015, 0.045779288]
[1.9050348, 1.0152494, 0.84626013, 0.04352517]
[1.9419549, 1.030735, 0.8651231, 0.046096805]
[1.9097457, 0.7927967, 1.0701118, 0.04683727]
[1.9556727, 1.0178013, 0.89008045, 0.047791004]
[1.9976472, 0.9303389, 1.0208619, 0.046446495]
[1.9787526, 0.9975022, 0.9342443, 0.047006153]
[2.0062444, 0.99342287, 0.9736595, 0.039161965]
[1.9644084, 1.0269136, 0.89547724, 0.04201744]
[1.9379398, 0.8651135, 1.0333915, 0.0394348]
[1.969609, 0.9069817, 1.0177848, 0.044842526]
[1.9183213, 1.0274942, 0.85007185, 0.040755183]
[1.9220036, 0.81207895, 1.0675545, 0.04237023]
[2.0932922, 0.93118733, 1.1194463, 0.042658493]
[1.9293407, 1.0810468, 0.80794895, 0.04034501]
[1.9755076, 0.9096771, 1.0255659, 0.040264726]
[1.9461114, 1.0285509, 0.87565106, 0.041909482]
[1.8958455, 0.945719, 0.91046023, 0.039666295]
[1.9915546, 1.0212898, 0.9260662, 0.044198625]
[1.9495537, 0.9675312, 0.94557047, 0.03645204]
[2.0033271, 0.9868554, 0.980078, 0.0363937]
[1.8993821, 0.93344766, 0.928423, 0.037511457]
[1.9129763, 0.8572954, 1.0134952, 0.0421857]
[1.8520485, 0.95497847, 0.85404915, 0.0430208]
[2.0346913, 0.87531286, 1.1155877, 0.0437909]
[1.9291333, 0.9976836, 0.8913039, 0.040145785]
[1.9641473, 0.8897236, 1.0350236, 0.0394001]
[2.0886385, 1.0906057, 0.95165646, 0.046376582]
[1.9740664, 1.0978525, 0.8356106, 0.040603235]
[2.013807, 0.89759886, 1.0765426, 0.039665528]
[1.971544, 1.0665829, 0.8674275, 0.037533566]
[1.9247551, 0.9910548, 0.89640236, 0.037297986]
[1.955941, 0.94033325, 0.9726863, 0.042921375]
[1.9559357, 1.0354936, 0.8802208, 0.040221356]
[2.0449853, 1.105209, 0.8991257, 0.040650513]
[1.9609088, 0.84840226, 1.0749078, 0.037598737]
[1.9419874, 0.9642995, 0.9436058, 0.034082104]
[2.0240357, 1.0400121, 0.9474059, 0.03661768]
[1.9018387, 0.98755765, 0.8780591, 0.03622186]
[1.938209, 1.0722108, 0.82731044, 0.038687885]
[1.9037169, 0.89196444, 0.9716265, 0.040125985]
[2.102466, 1.0174916, 1.0427842, 0.04219022]
[1.9479922, 1.0166776, 0.8953472, 0.035967417]
[1.9441686, 0.87961745, 1.0310571, 0.033493977]
[2.0070662, 1.0233642, 0.94536054, 0.03834158]
[1.8549216, 0.79937035, 1.0232732, 0.032278042]
[1.9376212, 0.89319783, 1.0084274, 0.03599605]
[2.0753672, 0.8602787, 1.1777079, 0.037380494]
[1.998094, 1.0610893, 0.9038266, 0.033178143]
[2.0509307, 0.9992087, 1.0175717, 0.03415043]
[1.849368, 0.9678097, 0.8517221, 0.029836154]
[2.0833676, 0.9737335, 1.0773777, 0.03225647]
[2.0308518, 1.0404307, 0.9636843, 0.026736844]
[1.8071706, 0.94186115, 0.83462226, 0.030687178]
[1.8489397, 0.79773533, 1.0197201, 0.031484187]
[1.8794453, 0.9755658, 0.86594015, 0.03793937]
[1.9432375, 0.96369773, 0.9390483, 0.040491547]
[1.9298152, 0.893209, 0.99746764, 0.039138533]
[2.0348132, 1.1183438, 0.8741608, 0.042308472]
[1.9892998, 0.96343815, 0.98335075, 0.042510867]
[2.1828053, 1.0984684, 1.0463171, 0.038019925]
[1.983386, 1.0636659, 0.8884069, 0.031313263]
[1.941638, 0.9028928, 1.0024263, 0.03631889]
[2.1328273, 1.176415, 0.9236219, 0.032790303]
[1.9497101, 1.0347818, 0.8846007, 0.030327568]
[1.9147545, 0.87602645, 1.0089107, 0.02981751]
[1.9872751, 0.9278517, 1.0306381, 0.028785354]
[2.0338204, 1.040585, 0.96425796, 0.028977372]
[1.9944308, 0.95990807, 1.0052767, 0.029246138]
[1.9854181, 0.9830828, 0.9725608, 0.029774442]
[2.0158803, 0.96737176, 1.0217907, 0.026717793]
[2.0127823, 0.95445144, 1.0297539, 0.028576862]
[1.971641, 0.89012367, 1.0537868, 0.027730605]
[1.9719546, 0.9158259, 1.0294023, 0.02672651]
[1.9677421, 0.91113126, 1.028589, 0.02802187]
[1.9193833, 0.9852158, 0.90709305, 0.027074445]
[1.9569294, 0.9437995, 0.9834753, 0.02965464]
[1.8727674, 0.8599154, 0.9838687, 0.028983392]
[1.9509039, 0.8847847, 1.032602, 0.03351724]
[1.9831762, 0.9951696, 0.9540731, 0.03393367]
[1.9641773, 1.0355349, 0.89254737, 0.036095023]
[1.8897177, 0.90274286, 0.9569058, 0.030068977]
[1.9145103, 0.8890612, 0.9898373, 0.03561175]
[1.9473412, 0.9390707, 0.97352064, 0.034749888]
[1.9805048, 0.95408916, 0.99068433, 0.0357313]
[1.9313844, 1.0007868, 0.8964101, 0.03418758]
[1.9143122, 0.97390103, 0.9029683, 0.03744296]
[2.0241714, 1.1644034, 0.82438576, 0.035382237]
[1.9028584, 0.9441992, 0.92294264, 0.03571657]
[1.9963701, 0.99007946, 0.96811295, 0.038177673]
[1.9813018, 1.0962057, 0.8538822, 0.031213883]
[2.0036461, 0.8321824, 1.137919, 0.0335448]
[1.8982317, 1.0099574, 0.8568458, 0.031428546]
[1.9631723, 0.8633057, 1.0650256, 0.0348411]
[1.9208229, 1.0124645, 0.8728124, 0.035545945]
[1.9746547, 0.9384617, 1.0011792, 0.035013687]
[1.9884747, 0.9341179, 1.0180322, 0.036324598]
[1.9504528, 1.0144992, 0.90260327, 0.033350296]
[2.0194197, 0.9476741, 1.0374141, 0.03433145]
[1.9603338, 0.93917674, 0.9887552, 0.032401796]
[2.047645, 0.9725347, 1.0467306, 0.02837972]
[1.9964005, 0.9582881, 1.007215, 0.030897398]
[1.8662789, 0.961792, 0.8741193, 0.030367618]
[1.9724356, 0.96763134, 0.97153103, 0.033273213]
[1.8204087, 0.9395568, 0.8486331, 0.03221876]
[1.8771309, 0.9591794, 0.8826543, 0.03529714]
[2.0075564, 0.8703661, 1.102605, 0.034585364]
[1.9960304, 0.939415, 1.0206666, 0.035948917]
[1.9019179, 0.842481, 1.021866, 0.03757098]
[1.9312291, 0.9903419, 0.90425575, 0.03663148]
[1.9714279, 0.95022833, 0.9824162, 0.038783338]
[2.0202527, 1.0633507, 0.9217533, 0.03514886]
[1.8877554, 0.9221447, 0.93172765, 0.03388308]
[1.9658139, 0.8694129, 1.0575228, 0.038878217]
[1.9501837, 0.9897726, 0.91966915, 0.04074209]
[1.9964472, 0.99679005, 0.96174157, 0.03791555]
[1.9220774, 1.0198685, 0.8659291, 0.036279768]
[1.9913989, 0.8794981, 1.0728037, 0.03909707]
[1.9975944, 1.016555, 0.9419246, 0.039114773]
[2.0237098, 1.1559514, 0.8294989, 0.038259424]
[1.9573638, 0.94095504, 0.9769205, 0.039488327]
[1.9362475, 1.0152385, 0.8869002, 0.03410874]
[1.9962863, 1.0416486, 0.9196142, 0.035023414]
[2.0476213, 1.1655984, 0.8461218, 0.03590097]
[1.9821393, 0.87499917, 1.0701519, 0.036988202]
[1.8884627, 0.99399155, 0.8584768, 0.035994284]
[1.9579467, 0.91452676, 1.0075309, 0.035889007]
[1.9699782, 1.0620077, 0.8749336, 0.033036962]
[1.9906372, 1.0705626, 0.88353634, 0.036538288]
[1.8861781, 0.8802011, 0.97171146, 0.034265652]
[2.0358381, 1.0561376, 0.94597274, 0.03372799]
[1.994416, 0.9645909, 0.99667585, 0.033149227]
[1.9902852, 1.0205793, 0.93561196, 0.034093816]
[1.9333225, 0.8583995, 1.0411084, 0.033814713]
[1.9926043, 0.92468476, 1.0355878, 0.032331694]
[1.858778, 0.8581883, 0.96975476, 0.030834947]
[1.911047, 0.90660167, 0.97089607, 0.033549346]
[1.9564339, 1.006746, 0.911703, 0.037984863]
[2.0592623, 0.963012, 1.0630455, 0.033204887]
[1.932062, 0.98674315, 0.91338444, 0.031934414]
[2.1840138, 0.95360136, 1.1959872, 0.034425184]
[2.0165396, 1.0555481, 0.9288672, 0.03212425]
[1.9912273, 1.1330689, 0.82805836, 0.030099962]
[2.0290132, 1.0263615, 0.9733168, 0.029335022]
[1.9954476, 0.90731245, 1.0613284, 0.026806856]
[1.9720887, 1.00071, 0.9465257, 0.024852976]
[1.9772742, 1.0303595, 0.92266965, 0.024244996]
[1.944144, 0.9807148, 0.93696624, 0.02646308]
[1.9881153, 1.0089723, 0.95301497, 0.026128113]
[1.8761567, 0.9046464, 0.94489896, 0.02661132]
[1.9012312, 0.8676536, 1.0044551, 0.029122496]
[2.02015, 0.90493584, 1.0870279, 0.028186113]
[1.986693, 0.99181175, 0.96795356, 0.026927724]
[1.9081686, 0.9261919, 0.9541811, 0.027795512]
[2.0220723, 0.9389957, 1.056937, 0.026139716]
[1.9832665, 0.9903242, 0.96365255, 0.02928971]
[2.0362346, 0.95377856, 1.0562694, 0.02618669]
