[2.0441928, 0.9289092, 1.0810207, 0.034262974]
[1.9747837, 1.078005, 0.8635844, 0.03319427]
[1.9051943, 0.9268904, 0.9469303, 0.0313736]
[2.037872, 1.0701239, 0.93365073, 0.034097437]
[1.9379454, 0.850124, 1.0571148, 0.030706476]
[2.0478802, 0.8991443, 1.1173315, 0.03140445]
[1.9778011, 0.97384435, 0.9709909, 0.03296586]
[2.0838063, 1.062789, 0.99270564, 0.028311722]
[2.0121906, 0.9427763, 1.0432818, 0.026132455]
[1.9881337, 0.86077917, 1.1004143, 0.02694026]
[1.9129237, 0.9851507, 0.9020312, 0.025741775]
[1.9416991, 0.95142555, 0.963364, 0.026909638]
[1.9619405, 0.9841727, 0.9504318, 0.027335944]
[1.9952525, 1.0419836, 0.9258743, 0.0273947]
[1.9095997, 0.93379945, 0.9476696, 0.02813064]
[1.9402754, 1.0085325, 0.9047723, 0.026970569]
[1.9374852, 0.9630999, 0.9473628, 0.027022587]
[1.9414597, 1.0179124, 0.89575654, 0.027790755]
[1.8972855, 0.94483674, 0.92407036, 0.028378312]
[1.9642694, 0.92296034, 1.0086921, 0.032616884]
[2.0152752, 1.1249213, 0.8604826, 0.02987127]
[1.9257593, 0.8204996, 1.0732696, 0.031990007]
[1.9903753, 1.0717497, 0.8869079, 0.031717792]
[1.9861073, 1.0078468, 0.9448488, 0.0334118]
[1.9437506, 0.9618504, 0.95107746, 0.030822769]
[1.9217209, 0.89829016, 0.9941753, 0.029255336]
[1.9751656, 0.8390894, 1.1047333, 0.031342894]
[2.0515745, 0.9104513, 1.1083221, 0.032800816]
[1.9088093, 0.8940125, 0.9857143, 0.029082367]
[1.9934534, 0.9140884, 1.0492086, 0.030156206]
[2.0425627, 0.8561574, 1.1565751, 0.029830279]
[1.9708778, 0.9309025, 1.011927, 0.028048256]
[1.9880567, 0.95122814, 1.0093422, 0.02748638]
[2.0385654, 0.9550395, 1.0573816, 0.02614427]
[2.0125961, 1.0599784, 0.92722625, 0.025391622]
[1.9399486, 0.9928159, 0.9222642, 0.024868509]
[1.9541976, 0.97286284, 0.9564958, 0.024838977]
[1.938743, 0.9760645, 0.9364009, 0.026277706]
[1.9349016, 0.8924053, 1.0192974, 0.023198944]
[2.053191, 1.0429504, 0.98481727, 0.025423301]
[1.991163, 0.9833045, 0.9826814, 0.025177173]
[1.9299622, 0.98602414, 0.9197976, 0.024140347]
[1.9387482, 0.9817922, 0.93153733, 0.025418691]
[1.9380449, 0.9560845, 0.95480573, 0.027154638]
[1.873258, 0.9554548, 0.88995934, 0.027843837]
[1.9955189, 1.0014915, 0.96759325, 0.026434187]
[1.9341282, 0.9131377, 0.99272573, 0.028264727]
[1.9415591, 0.98930454, 0.9227288, 0.029525803]
[2.03651, 1.0104287, 0.9997104, 0.026370944]
[1.9169953, 1.0390183, 0.85154253, 0.02643441]
[2.0276284, 1.046584, 0.9533981, 0.027646262]
[1.883656, 1.0967855, 0.76197994, 0.024890602]
[1.8772274, 0.97693026, 0.8725568, 0.027740378]
[1.9293164, 0.95654947, 0.9442053, 0.028561745]
[1.928762, 0.9721637, 0.9271609, 0.029437356]
[1.9781169, 1.0526166, 0.8942228, 0.03127752]
[1.9942716, 0.9106746, 1.0552655, 0.028331544]
[1.9981444, 0.9810076, 0.9868407, 0.030296061]
[1.9743251, 0.8851627, 1.0601209, 0.029041454]
[2.0150914, 1.0693982, 0.9163674, 0.029325724]
[2.001621, 1.0360689, 0.9366967, 0.028855417]
[1.9372205, 0.9253058, 0.9869518, 0.024962818]
[1.971718, 0.9930534, 0.95212007, 0.026544455]
[1.9255129, 0.97910917, 0.92017424, 0.026229521]
[1.9163327, 0.8820392, 1.0088135, 0.025480064]
[1.8603823, 1.0343628, 0.79312545, 0.032894135]
[2.0018075, 0.90368295, 1.0674388, 0.030685654]
[1.9460957, 0.9594672, 0.95131356, 0.035314985]
[2.0203693, 0.85023445, 1.1360625, 0.034072287]
[1.8685529, 0.97515357, 0.8601639, 0.03323542]
[2.0650587, 1.0448653, 0.9864397, 0.03375382]
[1.9922392, 0.8822969, 1.0773451, 0.032597177]
[2.0234656, 1.1346884, 0.8601685, 0.028608758]
[2.0004547, 0.8823343, 1.0936633, 0.024456894]
[1.9863254, 1.0135536, 0.94789267, 0.024879105]
[1.9492506, 0.8525574, 1.0714858, 0.025207425]
[1.9125051, 0.94603413, 0.93713, 0.029341009]
[1.9294933, 0.9204035, 0.98198664, 0.027103236]
[1.8784432, 0.91946983, 0.92857933, 0.030394025]
[1.9466547, 0.97625697, 0.9395256, 0.030872062]
[1.954094, 0.9209222, 0.9991463, 0.034025535]
[1.9732755, 0.9105456, 1.0273587, 0.035371326]
[1.8986592, 0.92496574, 0.9392838, 0.034409776]
[1.997027, 0.9415806, 1.0206006, 0.03484594]
[1.967265, 1.0937722, 0.8392732, 0.034219623]
[1.9364258, 0.82320917, 1.0781378, 0.035078906]
[1.9223115, 0.98096883, 0.9056862, 0.03565646]
[1.9482044, 0.9731154, 0.9369594, 0.038129725]
[1.8495318, 0.84271634, 0.96942925, 0.03738615]
[1.8733474, 0.9258186, 0.9041661, 0.04336279]
[2.0550284, 1.0214694, 0.99242187, 0.041137185]
[1.93096, 0.91239876, 0.97623515, 0.04232611]
[1.9158092, 0.94515854, 0.9308759, 0.03977471]
[1.9652143, 1.0695674, 0.8496156, 0.046031278]
[2.1782644, 0.88707423, 1.2462668, 0.044923224]
[2.0507305, 1.2433261, 0.7687136, 0.03869083]
[2.0688825, 0.7750007, 1.2629664, 0.030915314]
[2.0171552, 0.948413, 1.038277, 0.030465122]
[2.0313582, 1.0697494, 0.9319625, 0.02964636]
[1.9756528, 1.005511, 0.9447783, 0.025363443]
[2.03574, 1.0238984, 0.98386335, 0.027978167]
[2.0718958, 1.1504276, 0.897086, 0.02438242]
[2.0078723, 0.9944998, 0.99255306, 0.020819515]
[1.9144019, 0.9038954, 0.9898807, 0.020625863]
[1.9698585, 0.9736461, 0.97468567, 0.021526687]
[1.9337833, 0.9077682, 1.0051903, 0.02082492]
[1.8715515, 0.9333815, 0.9143239, 0.023846168]
[1.9756674, 0.934165, 1.0155342, 0.025968235]
[1.8735433, 0.91514295, 0.9333741, 0.02502625]
[1.9606593, 0.87523746, 1.0590062, 0.02641553]
[1.927915, 0.9249389, 0.97663563, 0.026340403]
[1.9879843, 0.8750327, 1.0857711, 0.027180541]
[1.9881147, 1.0058112, 0.9584341, 0.023869388]
[1.9836682, 0.94185954, 1.0153489, 0.026459843]
[1.9485298, 0.923491, 0.99839085, 0.026647963]
[1.9304368, 0.99236476, 0.9122415, 0.025830528]
[1.893826, 0.97190094, 0.895699, 0.02622599]
[1.9564477, 0.9352313, 0.9917283, 0.029488035]
[1.9758401, 0.9512867, 0.99289465, 0.031658784]
[1.9988673, 1.0186701, 0.9497206, 0.0304766]
[1.9423388, 1.0743637, 0.8414577, 0.026517387]
[2.8021994, 1.6092663, 0.6483648, 0.54456836]
[2.04122, 0.66764003, 1.3616589, 0.011921]
[2.014882, 0.8170362, 1.182908, 0.0149379]
[1.9556508, 0.8091575, 1.1339507, 0.012542559]
[1.9416248, 0.86291045, 1.0646856, 0.014028622]
[1.8570063, 0.8680434, 0.9722217, 0.01674128]
[1.8951521, 0.89596987, 0.9799483, 0.019233953]
[1.9432243, 0.9609664, 0.96083117, 0.021426849]
[2.0991342, 0.9700969, 1.1074823, 0.021555055]
[2.0012536, 1.1237328, 0.85854745, 0.018973421]
[1.9990952, 1.10134, 0.8783337, 0.019421488]
[2.0342886, 1.1858447, 0.8310437, 0.017400365]
[2.0510178, 1.1205564, 0.91604054, 0.014421093]
[2.0472906, 1.0811359, 0.9514047, 0.01474994]
[1.9763073, 1.0844738, 0.8780211, 0.013812348]
[2.0069885, 1.0766528, 0.9155332, 0.014802488]
[2.0186732, 1.0274367, 0.9782941, 0.012942245]
[1.9804363, 1.1023517, 0.86520946, 0.012875216]
[2.0134068, 1.0955855, 0.90502477, 0.012796406]
[1.9787694, 1.0630364, 0.9032066, 0.012526357]
[1.965697, 1.0357332, 0.9163377, 0.0136260865]
[1.9966981, 1.0587494, 0.9259995, 0.011949228]
[1.9435023, 1.0286367, 0.901898, 0.012967616]
[1.9731224, 0.9447385, 1.0149581, 0.013425756]
[2.0409474, 1.0774224, 0.9491593, 0.014365591]
[1.9736494, 1.007101, 0.9543365, 0.01221185]
[1.9331977, 0.9779378, 0.94200104, 0.013258966]
[1.9387496, 1.0141575, 0.9097024, 0.014889585]
[1.9580516, 1.00229, 0.94088686, 0.014874687]
[1.9481537, 0.93798655, 0.99503946, 0.01512771]
[1.9318002, 1.0147192, 0.89883155, 0.018249435]
[1.8361771, 0.86395305, 0.9525073, 0.019716702]
[1.9344468, 0.9221502, 0.9891536, 0.023143059]
[1.9421831, 0.86956114, 1.0495343, 0.02308764]
[1.9505384, 0.91080797, 1.0139452, 0.025785193]
[1.8659354, 0.9070829, 0.93430567, 0.024546819]
[1.8424628, 0.94381726, 0.86956805, 0.02907759]
[1.9083039, 0.7598815, 1.1155556, 0.03286675]
[1.8968045, 0.92590964, 0.93910784, 0.031787023]
[1.9809945, 0.8425891, 1.1056657, 0.032739695]
[2.0593994, 1.0696045, 0.9543435, 0.035451476]
[1.9407885, 0.8537872, 1.0539858, 0.033015545]
[1.9295306, 0.95021325, 0.94813097, 0.031186286]
[1.9739006, 0.9858493, 0.9545025, 0.033548735]
[1.9627885, 1.0181924, 0.91170216, 0.032893933]
[1.9817352, 0.97426695, 0.97425693, 0.033211365]
[2.0754755, 1.0317094, 1.0113066, 0.032459483]
[2.0039515, 0.94632876, 1.0324266, 0.025196228]
[1.9219506, 0.9101553, 0.9880587, 0.023736596]
[1.9714941, 0.84476054, 1.0996778, 0.02705577]
[1.9883428, 0.9612889, 1.0008674, 0.02618646]
[1.9532713, 0.9470928, 0.9829736, 0.02320496]
[1.8867211, 0.8951221, 0.96482575, 0.026773248]
[1.9288545, 0.9288406, 0.9700155, 0.029998297]
[1.8734777, 0.89773834, 0.94495165, 0.030787673]
[1.9874011, 0.91253746, 1.0393581, 0.03550557]
[1.8906823, 1.0301232, 0.82577807, 0.034781046]
[2.079358, 1.0791928, 0.9694505, 0.03071504]
[1.95925, 0.8806985, 1.0489408, 0.029610652]
[1.9556445, 0.9715718, 0.95138556, 0.032687042]
[1.9018027, 0.99477524, 0.87646616, 0.030561317]
[1.9776962, 0.9299618, 1.0159991, 0.031735353]
[2.0402188, 1.1843781, 0.82411385, 0.031726748]
[2.0082827, 0.9750569, 1.0050703, 0.02815535]
[1.9731832, 1.0338306, 0.9094578, 0.02989476]
[1.915138, 1.0877044, 0.7987636, 0.02867012]
[2.0207162, 1.0083557, 0.9822134, 0.030147145]
[1.999153, 1.0722375, 0.8973186, 0.029596955]
[1.9303447, 0.98413444, 0.9184931, 0.02771722]
[1.930824, 0.9955094, 0.9081531, 0.027161561]
[1.951424, 0.93709606, 0.9820696, 0.03225839]
[2.0983648, 0.94638616, 1.1255778, 0.026400905]
[1.9904001, 0.9757236, 0.98668176, 0.027994663]
[1.9674573, 0.9050071, 1.0355556, 0.02689456]
[1.9845995, 1.0230296, 0.93722737, 0.024342507]
[1.9484353, 0.8819635, 1.0409491, 0.025522685]
[1.9008248, 0.95801365, 0.9158901, 0.026921056]
[1.9658248, 0.98322135, 0.95270944, 0.02989415]
[1.9556538, 0.9877107, 0.9385947, 0.029348347]
[1.922604, 0.93767786, 0.95448256, 0.030443512]
[1.9943674, 0.8827898, 1.0814602, 0.030117305]
[1.9562455, 0.9916227, 0.9331603, 0.031462546]
[1.9662321, 0.97853607, 0.955094, 0.0326021]
[1.9956542, 1.155652, 0.8106767, 0.02932547]
[2.0449226, 1.0686178, 0.9435337, 0.032771174]
[1.9180665, 0.89650023, 0.9937489, 0.027817387]
[1.9389068, 0.96127945, 0.9485362, 0.02909112]
[2.0123668, 0.9201877, 1.0651801, 0.026998948]
[2.014508, 1.0593119, 0.9292732, 0.025923118]
[1.9748654, 0.9967064, 0.9562069, 0.021952143]
[1.9797137, 0.95024574, 1.0006769, 0.028791048]
[1.9056797, 0.8620595, 1.0139084, 0.029711882]
[1.8695818, 0.9641373, 0.87278056, 0.032663964]
[1.9265175, 0.91685355, 0.9796831, 0.029980948]
[1.8258705, 0.8744124, 0.91838574, 0.03307238]
[1.7687973, 0.863221, 0.8662714, 0.039304867]
[1.9121163, 0.8389108, 1.0327635, 0.040441982]
[1.9578645, 1.1339908, 0.7781148, 0.045758963]
[1.9093106, 0.87912536, 0.98493576, 0.045249417]
[2.04438, 0.8961405, 1.1035477, 0.04469184]
[1.8573395, 0.94248855, 0.8753824, 0.03946851]
[1.9525391, 0.9056253, 1.0025275, 0.044386297]
[1.959903, 1.0894915, 0.8251792, 0.045232296]
[1.9994568, 0.92495996, 1.0313174, 0.043179438]
[2.0101295, 0.9766897, 0.9920515, 0.041388247]
[1.9452549, 0.99162734, 0.9157966, 0.037830926]
[1.9204437, 1.0124798, 0.8697785, 0.038185306]
[2.0030131, 0.8722974, 1.0919042, 0.038811546]
[2.0356748, 1.2858684, 0.713901, 0.03590525]
[2.0234582, 0.8404429, 1.1522886, 0.030726757]
[1.9977355, 0.9994992, 0.967111, 0.031125274]
[2.0860202, 0.9979627, 1.0613455, 0.026712228]
[1.9506994, 1.0241742, 0.9004725, 0.026052684]
[1.9236616, 1.031348, 0.8657863, 0.026527325]
[1.9242679, 0.9310243, 0.9657285, 0.027515031]
[2.075286, 0.9073586, 1.1406511, 0.027276386]
[1.908692, 0.83007073, 1.0555801, 0.023041107]
[1.819072, 0.93149894, 0.8626435, 0.024929516]
[2.0094357, 1.0325509, 0.9470927, 0.029792035]
[1.935349, 0.8210783, 1.0870695, 0.027201131]
[1.9335575, 0.9170608, 0.9848967, 0.031600006]
[1.9072933, 0.9430506, 0.9323764, 0.031866297]
[2.0196533, 0.94134104, 1.0468235, 0.031488873]
[2.01284, 1.0411217, 0.9399966, 0.03172178]
[2.042403, 0.9107315, 1.1037593, 0.02791224]
[1.9367906, 1.0416672, 0.8668522, 0.028271127]
[2.0056725, 0.95778763, 1.0207847, 0.027100112]
[1.8299148, 0.85920835, 0.9448881, 0.02581837]
[1.9235681, 0.96380985, 0.92890203, 0.030856237]
[1.828032, 0.84640014, 0.95012814, 0.031503677]
[2.0550387, 0.96905804, 1.0488608, 0.037119813]
[2.0564225, 0.99757516, 1.0250688, 0.033778384]
[2.0655026, 1.0368295, 0.99581605, 0.032857165]
[1.9969181, 0.95553815, 1.0146227, 0.026757251]
[1.9278724, 0.96820366, 0.9328797, 0.026789019]
[1.9571933, 0.9657483, 0.9653238, 0.026121192]
[1.948345, 0.861992, 1.0560564, 0.030296512]
[2.0164669, 0.9854605, 1.0003523, 0.030653974]
[1.8869474, 1.020135, 0.83858323, 0.028229099]
[1.9396982, 1.031203, 0.8794668, 0.029028414]
[1.9954715, 1.1079297, 0.85568905, 0.03185275]
[2.0530999, 0.92048895, 1.1068664, 0.025744572]
[1.8819802, 0.9233847, 0.9315323, 0.027063075]
[1.9701693, 0.9242301, 1.0148233, 0.031115837]
[2.0332127, 0.9247323, 1.0808048, 0.027675513]
[1.9888548, 0.89008343, 1.0709394, 0.027831856]
[2.1063633, 1.1164367, 0.9639212, 0.026005343]
[1.9263237, 0.97015, 0.9327487, 0.023424972]
[1.9054298, 0.88991904, 0.9921516, 0.023359196]
[1.9207617, 0.9034996, 0.9930195, 0.024242494]
[2.0108402, 1.0227664, 0.9641489, 0.023924999]
[1.9345324, 0.97140974, 0.9399865, 0.023136085]
[1.9572632, 0.95052433, 0.9815236, 0.025215337]
[1.9754785, 1.0069239, 0.9429572, 0.025597457]
[1.9587442, 1.0022564, 0.93056834, 0.025919408]
[1.9304365, 0.87393856, 1.0317967, 0.02470126]
[1.9668343, 1.0653309, 0.87497467, 0.026528865]
[1.9159994, 0.86879516, 1.0179777, 0.029226553]
[1.909575, 0.92835593, 0.95211, 0.029108997]
[1.9521914, 0.9554158, 0.9701206, 0.026654942]
[1.9502265, 0.98102725, 0.9355819, 0.033617377]
[1.902371, 0.84306467, 1.0258002, 0.03350621]
[1.931373, 0.9890215, 0.9086299, 0.033721577]
[1.9728241, 0.9414339, 0.9983145, 0.03307565]
[1.97232, 1.041316, 0.89871484, 0.032289118]
[1.913169, 0.94212604, 0.93671405, 0.034328938]
[1.8456644, 0.952646, 0.8570936, 0.035924837]
[1.9403758, 1.0034688, 0.89726293, 0.0396441]
[1.9677038, 0.98687005, 0.940018, 0.040815875]
[1.9545215, 0.8958397, 1.0214857, 0.037196167]
[2.152474, 1.1233835, 0.8768393, 0.15225121]
[1.9945168, 0.684577, 1.2771094, 0.032830466]
[1.9095236, 0.9297148, 0.9452041, 0.03460463]
[1.9260753, 0.9102388, 0.97807676, 0.037759792]
[1.8527902, 0.8853814, 0.9298059, 0.037603073]
[2.0446277, 1.1375366, 0.86260486, 0.04448598]
[1.9738808, 0.83587956, 1.1034826, 0.034518544]
[2.019431, 1.1802557, 0.8006611, 0.03851448]
[1.9684843, 0.90945673, 1.0228148, 0.03621284]
[1.937238, 0.92762816, 0.9743601, 0.035249718]
[2.024983, 1.0805618, 0.9096346, 0.03478654]
[2.1225145, 1.0672972, 1.0230515, 0.032165732]
[1.9835628, 0.9289234, 1.024924, 0.029715393]
[1.9509931, 0.8624545, 1.0616158, 0.026922707]
[2.0253508, 1.056608, 0.9383335, 0.030409273]
[1.9397898, 0.88419163, 1.0301623, 0.025435805]
[1.9498521, 0.88494337, 1.0376362, 0.027272604]
[1.9212271, 0.9600751, 0.93038726, 0.030764695]
[1.955013, 0.9111928, 1.0132122, 0.030608097]
[1.9032602, 0.9127184, 0.96088517, 0.029656606]
[1.9477832, 0.8846492, 1.029818, 0.033315837]
[1.9765236, 1.082603, 0.8625394, 0.031381253]
[1.9122347, 0.9421008, 0.9394771, 0.030656712]
[1.9928764, 1.0285652, 0.9299232, 0.034388013]
[1.9708544, 0.9523693, 0.9877907, 0.030694405]
[1.9885845, 1.0325277, 0.9235126, 0.032544233]
[1.8906192, 0.9290596, 0.9308181, 0.030741494]
[1.9716018, 1.1158781, 0.822733, 0.032990772]
[2.004194, 0.8892406, 1.0828483, 0.032105096]
[1.926757, 0.9985712, 0.8970703, 0.031115443]
[1.8968079, 0.99645585, 0.86568105, 0.034671113]
[1.858258, 0.98777616, 0.8378053, 0.03267654]
[1.9109908, 0.9647882, 0.9114131, 0.034789514]
[1.9444653, 0.9002774, 1.0053842, 0.038803674]
[1.9704229, 1.0910385, 0.8393934, 0.039991047]
[2.0968297, 0.8199046, 1.2404182, 0.0365069]
[2.0178924, 1.0865777, 0.8963572, 0.03495751]
[2.0097754, 1.0426973, 0.93329734, 0.033780895]
[1.9656682, 1.0493649, 0.8847108, 0.031592544]
[1.9937588, 1.0043976, 0.95630056, 0.033060644]
[1.9468335, 0.9090642, 1.0113531, 0.026416156]
[1.9676789, 1.0089906, 0.9292779, 0.029410403]
[1.9924501, 1.039542, 0.9211397, 0.031768456]
[2.0151749, 0.9816164, 1.0022594, 0.031299233]
[1.9665154, 0.93904, 0.9985546, 0.028920718]
[1.9708889, 0.92962074, 1.0121756, 0.029092578]
[2.0085316, 0.8798572, 1.0987498, 0.029924724]
[1.9537389, 1.0008311, 0.9226037, 0.030304093]
[1.9786469, 0.8754605, 1.0738997, 0.029286608]
[1.929325, 1.0477575, 0.8553469, 0.026220506]
[1.9606836, 1.0019629, 0.9306443, 0.028076418]
[2.025442, 0.98731935, 1.0102063, 0.0279161]
[2.0000868, 1.004465, 0.96831703, 0.027304742]
[1.8911508, 0.9293983, 0.9333683, 0.028384214]
[1.9358733, 0.93505055, 0.97073233, 0.030090364]
[1.938404, 1.0029265, 0.9048927, 0.03058483]
[2.0392523, 0.9533216, 1.0547552, 0.03117558]
[1.9682314, 0.7817176, 1.1565722, 0.029941607]
[1.8553134, 0.9050591, 0.92151994, 0.028734311]
[1.9963582, 0.8588692, 1.1050382, 0.03245079]
[2.0533547, 1.1092172, 0.91376346, 0.0303741]
[1.902118, 0.8398961, 1.0301213, 0.03210056]
[1.873493, 0.9080796, 0.93732667, 0.02808662]
[1.9222987, 0.9371089, 0.9515955, 0.033594348]
[1.9049553, 0.9602803, 0.90839213, 0.036282886]
[1.8394008, 0.8904061, 0.9164473, 0.032547526]
[1.8522221, 0.92404103, 0.8857331, 0.042447943]
[1.9832069, 1.0162737, 0.9233998, 0.043533348]
[2.0405366, 1.1480979, 0.84913695, 0.043301772]
[1.9397377, 0.9643495, 0.93702185, 0.038366273]
[2.051186, 0.899004, 1.1185408, 0.033641376]
[1.9306427, 0.93649065, 0.96272767, 0.031424444]
[1.9672515, 0.99972016, 0.9326343, 0.034897067]
[1.9090608, 1.0583612, 0.81556165, 0.03513799]
[1.9588422, 0.9735967, 0.947596, 0.037649468]
[2.0046425, 0.9696242, 0.9988186, 0.03619974]
[1.9753131, 0.96099293, 0.98067164, 0.033648442]
[1.949413, 1.0255222, 0.8875543, 0.036336415]
[2.060583, 0.9613205, 1.0646143, 0.034648463]
[1.9956224, 0.96667874, 0.99666595, 0.032277662]
[1.9500706, 0.9315125, 0.9869945, 0.031563684]
[1.9324654, 0.9953322, 0.9055308, 0.031602494]
[2.0139012, 0.90319085, 1.0774652, 0.03324511]
[1.9369569, 1.0141459, 0.89352155, 0.029289532]
[1.9115407, 0.8634091, 1.0192559, 0.028875777]
[1.8147526, 0.8489455, 0.93299377, 0.03281337]
[2.0877247, 1.0287614, 1.0217893, 0.037173986]
[1.9118103, 0.994818, 0.88509595, 0.03189633]
[1.8944324, 0.9344351, 0.92480904, 0.035188276]
[2.0601425, 1.0818744, 0.9394425, 0.038825553]
[1.990844, 0.9243835, 1.0319417, 0.03451886]
[1.9215782, 0.99805295, 0.8910167, 0.032508515]
[1.9375855, 0.94281846, 0.9610565, 0.033710584]
[1.9133229, 0.9122013, 0.96625024, 0.0348713]
[1.8021209, 0.83714974, 0.92583823, 0.039132956]
[1.9701024, 0.987863, 0.935722, 0.046517443]
[2.132809, 0.93081963, 1.1589756, 0.043013833]
[1.9137559, 0.91463554, 0.9607857, 0.038334653]
[1.9451774, 0.80661154, 1.0999563, 0.03860964]
[1.9899559, 1.0474286, 0.9049526, 0.037574723]
[1.9181256, 0.9775357, 0.9060466, 0.034543306]
[1.8758106, 1.0398623, 0.79883695, 0.037111364]
[2.019381, 0.86854243, 1.1078461, 0.04299238]
[1.8771244, 1.0667394, 0.774907, 0.03547804]
[1.9760339, 0.95120776, 0.98590356, 0.03892255]
[1.8232782, 0.89832795, 0.8848846, 0.0400656]
[2.0280719, 0.91584766, 1.0685203, 0.043703932]
[2.032816, 0.97839165, 1.0138047, 0.040619723]
[2.039055, 0.9114438, 1.0914795, 0.036131635]
[1.9937115, 1.1038463, 0.85865486, 0.031210303]
[1.9838402, 0.9743399, 0.9780693, 0.03143093]
[2.002248, 1.0074078, 0.96498936, 0.029851027]
[1.8956027, 0.83567405, 1.0275276, 0.032401122]
[1.8781645, 0.9892535, 0.85620743, 0.032703675]
[2.062641, 1.085175, 0.93990463, 0.037561186]
[1.8973804, 0.996354, 0.8675417, 0.033484638]
[1.8617975, 0.88106024, 0.94628364, 0.03445355]
[1.9247842, 1.0308992, 0.8544969, 0.03938821]
[1.992328, 0.8279234, 1.1287333, 0.035671405]
[1.908543, 1.0933056, 0.7817945, 0.03344287]
[1.9710137, 0.973417, 0.96449447, 0.03310217]
[2.0045588, 1.106364, 0.8623018, 0.035893068]
[2.0647452, 0.7703082, 1.2600646, 0.034372367]
[1.9181478, 1.1516364, 0.73561525, 0.030896164]
[1.973756, 0.9042672, 1.0387638, 0.03072495]
[2.0072145, 0.93885654, 1.0392905, 0.029067557]
[1.9365396, 0.9874518, 0.9194958, 0.029592022]
[1.9340684, 1.0475814, 0.8551945, 0.03129247]
[1.92529, 1.0508554, 0.8452641, 0.029170562]
[1.9376105, 0.96321565, 0.943497, 0.03089783]
[1.8802861, 1.0175433, 0.8266144, 0.036128372]
[1.8924214, 0.9385372, 0.9196156, 0.034268484]
[1.9471543, 0.920442, 0.9878955, 0.03881681]
[1.9611847, 0.990947, 0.92860264, 0.041634977]
[1.9221424, 0.90044135, 0.98194635, 0.039754726]
[1.8540864, 0.9847804, 0.8325794, 0.03672666]
[1.9093332, 1.104385, 0.76493526, 0.040013008]
[1.9227939, 0.93278295, 0.9445869, 0.045423966]
[1.9567536, 0.99146247, 0.92321754, 0.042073607]
[2.0769248, 0.8832163, 1.1539109, 0.039797466]
[2.0243826, 0.85278475, 1.1345813, 0.037016504]
[1.9144273, 1.0520647, 0.83041215, 0.031950526]
[1.854322, 0.848274, 0.971881, 0.034167103]
[1.9857408, 1.0122036, 0.9340553, 0.03948187]
[1.9390392, 0.9273264, 0.96938604, 0.04232678]
[1.9989711, 0.78226596, 1.1801699, 0.03653513]
[1.9469635, 1.043588, 0.8641733, 0.039202213]
[2.0852559, 0.8144026, 1.2306685, 0.04018469]
[2.022935, 0.9356184, 1.052592, 0.03472455]
[2.162262, 1.1253684, 1.0039041, 0.03298948]
[1.9107484, 0.90991944, 0.97245055, 0.028378345]
[1.9023249, 0.75250995, 1.1188886, 0.030926313]
[1.9467247, 0.9311561, 0.983147, 0.032421604]
[2.0466914, 0.98157656, 1.035474, 0.029640991]
[1.867244, 0.87252355, 0.9676876, 0.027032815]
[1.9506463, 0.9094132, 1.0088612, 0.03237183]
[2.0781236, 0.9853661, 1.0592399, 0.033517703]
[1.9076833, 0.97771275, 0.899542, 0.03042855]
[1.908177, 0.98930234, 0.88874733, 0.03012741]
[1.9068133, 1.0435644, 0.8320503, 0.031198507]
[1.9554039, 0.9625024, 0.95558715, 0.03731425]
[2.1253984, 0.97471803, 1.118802, 0.03187843]
[1.8749838, 0.93648887, 0.90893215, 0.029562667]
[1.9530069, 0.92294645, 1.0013726, 0.028687835]
[1.9276621, 0.87959707, 1.015469, 0.03259606]
[1.9968699, 0.97643423, 0.98828834, 0.032147344]
[1.999762, 0.97270024, 0.99511683, 0.031945005]
[2.0094059, 1.0777953, 0.8956824, 0.0359282]
[1.948056, 1.0852534, 0.830414, 0.032388724]
[1.9108032, 0.92945766, 0.95040166, 0.030943913]
[2.000583, 1.0096929, 0.9613173, 0.029572643]
[1.9374552, 0.99821687, 0.9084624, 0.030775897]
[1.9605062, 0.8678152, 1.0601242, 0.032566767]
[1.9150336, 0.8729687, 1.009382, 0.032682914]
[1.8613, 0.99327344, 0.8360798, 0.031946808]
[1.9298432, 1.0233191, 0.87240505, 0.034118973]
[1.8197615, 0.88445646, 0.8985308, 0.036774315]
[2.016477, 0.8859409, 1.090129, 0.040407106]
[2.0070007, 1.0388227, 0.9297692, 0.038408715]
[2.1245291, 1.0751277, 1.0134761, 0.035925247]
[2.1378481, 1.1172942, 0.991327, 0.029226951]
[2.0410154, 1.111233, 0.9019195, 0.027862739]
[2.0252938, 0.90630865, 1.0918868, 0.027098298]
[2.0092251, 1.0275136, 0.9566565, 0.02505489]
[1.9470029, 1.0002282, 0.92445254, 0.022322139]
[1.9734949, 0.94970584, 0.9973634, 0.0264257]
[1.953487, 0.89568543, 1.0313994, 0.026402282]
[1.9548228, 0.9902478, 0.9374666, 0.027108392]
[2.0098686, 1.0160475, 0.96915734, 0.024663746]
[1.986638, 0.9462445, 1.0155197, 0.024873717]
[1.9467484, 1.0485064, 0.8730402, 0.025201812]
[1.9366623, 0.9318886, 0.9797356, 0.025038077]
[1.9995824, 1.0150489, 0.95656943, 0.027964126]
[1.964202, 0.9030119, 1.034536, 0.026654124]
[1.9850441, 1.0233332, 0.937225, 0.02448595]
[1.9201292, 0.9148296, 0.97969234, 0.025607282]
[2.0269055, 1.0107877, 0.9910173, 0.025100406]
[1.9902843, 1.0954063, 0.86877507, 0.02610291]
[1.9487677, 0.97970617, 0.94255584, 0.026505738]
[1.9057037, 0.91866547, 0.96271294, 0.02432527]
[1.9980987, 1.1044624, 0.8676711, 0.025965355]
[2.0358558, 1.0510663, 0.95765746, 0.027132029]
[1.9685751, 0.92829937, 1.0164825, 0.023793321]
[1.9628748, 0.9833204, 0.956731, 0.0228233]
[1.951005, 0.9746884, 0.95229554, 0.02402097]
[1.981422, 0.96603256, 0.9923622, 0.023027178]
[1.9683428, 0.907331, 1.0384932, 0.022518657]
[2.027781, 0.96854866, 1.0342553, 0.024977222]
[1.9203376, 0.89624673, 1.0014873, 0.022603678]
[2.0625265, 0.9278919, 1.1132181, 0.021416424]
[1.9443209, 0.977161, 0.9444099, 0.022749998]
[1.8609836, 0.7537209, 1.0850285, 0.022234164]
[2.100609, 0.9434452, 1.1336501, 0.02351381]
[1.8963829, 0.95707166, 0.919227, 0.020084208]
[1.9231852, 0.8215992, 1.0824392, 0.01914677]
[1.896336, 0.92069423, 0.9525067, 0.023135124]
[1.999417, 0.9202939, 1.0513158, 0.027807282]
[2.0245314, 1.083403, 0.9160484, 0.025079913]
[2.0160434, 1.0482898, 0.9420274, 0.0257263]
[1.9869503, 1.1447309, 0.8169808, 0.025238598]
[2.0049822, 1.1468136, 0.8349426, 0.023226026]
[1.936757, 0.97667336, 0.9360614, 0.024022274]
[1.9149042, 1.0145454, 0.87568325, 0.024675451]
[1.8940834, 0.9680019, 0.89856935, 0.0275122]
[1.9442977, 0.9609187, 0.95715904, 0.026219932]
[1.9003785, 0.9828582, 0.8913437, 0.02617663]
[1.9455014, 0.9713594, 0.9456656, 0.028476441]
[1.9626801, 1.0245671, 0.90964425, 0.02846876]
[1.9074776, 0.94538915, 0.9321549, 0.029933624]
[1.9448676, 0.87888455, 1.0337698, 0.03221319]
[2.0300417, 0.9734403, 1.0247707, 0.031830754]
[1.9924845, 0.91813076, 1.0406754, 0.033678263]
[1.9039032, 0.9331305, 0.94102293, 0.029749837]
[2.0989363, 0.91758204, 1.1481838, 0.03317056]
[1.9575022, 0.9459902, 0.9831408, 0.028371247]
[1.9545987, 1.0634625, 0.863724, 0.027412232]
[1.9181992, 0.9220842, 0.9644114, 0.031703554]
[1.9234788, 0.91438764, 0.9797689, 0.02932242]
[2.0520995, 1.1211927, 0.90027833, 0.0306285]
[2.027935, 0.97958606, 1.0182276, 0.030121302]
[1.9743507, 0.8466436, 1.0989485, 0.028758565]
[2.0806777, 0.99376047, 1.0574555, 0.029461712]
[2.012684, 0.9617874, 1.0281036, 0.022793029]
[1.9824946, 0.9151868, 1.0419425, 0.0253653]
[1.9237597, 0.94180614, 0.9574907, 0.02446296]
[1.9518557, 0.89968425, 1.0270323, 0.025139097]
[1.8449142, 0.96169513, 0.8597209, 0.02349818]
[1.8809495, 0.8083364, 1.0452601, 0.027353056]
[2.0113342, 1.1127021, 0.86615354, 0.03247848]
[1.955705, 0.87123114, 1.0530466, 0.031427257]
[1.8615546, 0.97218835, 0.8565584, 0.032807857]
[1.8018833, 0.90181637, 0.8644334, 0.03563355]
[2.0958478, 0.90307057, 1.1518416, 0.0409358]
[1.951695, 1.0720692, 0.84583175, 0.033794038]
[2.0064466, 0.95120645, 1.0165528, 0.03868724]
[1.9672383, 1.0927124, 0.83998406, 0.034541827]
[1.9584838, 1.0205357, 0.90424216, 0.03370599]
[1.9541472, 0.93621343, 0.9852572, 0.032676622]
[1.9789685, 0.99912757, 0.94510764, 0.034733325]
[1.9846791, 0.98407817, 0.96605945, 0.03454154]
[1.9683889, 0.92476135, 1.0107588, 0.032868788]
[2.0033617, 1.0854023, 0.8867229, 0.0312366]
[1.9765525, 0.89593005, 1.0492935, 0.031328958]
[1.942071, 0.9098778, 1.0004995, 0.031693652]
[1.9619524, 0.8424232, 1.0884928, 0.031036507]
[1.8305234, 1.0153558, 0.7841114, 0.031056121]
[2.179914, 1.0103729, 1.1318241, 0.037716903]
[2.0014198, 1.0489242, 0.9236612, 0.02883444]
[2.0800197, 1.1032283, 0.950316, 0.026475392]
[1.9936851, 0.9548421, 1.013894, 0.02494907]
[1.969891, 0.97459435, 0.9732595, 0.022037167]
[2.0311625, 1.0345718, 0.97115415, 0.02543674]
[1.9427938, 0.8915857, 1.0296007, 0.021607425]
[1.9088252, 0.93860507, 0.9459132, 0.02430692]
[1.9850459, 0.9724569, 0.9876945, 0.024894532]
[1.9739248, 0.9757826, 0.9728209, 0.02532136]
[1.909414, 0.9503233, 0.9348343, 0.024256496]
[1.9311465, 0.99721646, 0.9069259, 0.027004074]
[1.9092114, 0.86307013, 1.0179126, 0.028228685]
[1.9940048, 0.9392784, 1.0258086, 0.028917901]
[1.8749856, 0.89673066, 0.9521066, 0.026148325]
[1.8916385, 0.98287827, 0.87768435, 0.03107592]
[1.9720895, 0.96797, 0.9718398, 0.032279722]
[1.9715209, 1.055403, 0.88441956, 0.03169834]
[1.9767238, 1.0360162, 0.9079717, 0.032736]
[1.9559044, 0.97881246, 0.9455612, 0.031530753]
[1.9571573, 0.91520375, 1.0128394, 0.02911412]
[1.9027164, 0.92599833, 0.9433558, 0.03336233]
[1.9167843, 0.90453565, 0.974757, 0.037491582]
[2.057778, 1.002615, 1.0173198, 0.037843317]
[1.9646636, 0.94576824, 0.9868381, 0.03205733]
[2.0347264, 1.0234149, 0.97976446, 0.031547077]
[1.9811505, 1.0533142, 0.90029067, 0.027545542]
[1.967533, 1.0185673, 0.91826606, 0.030699631]
[1.9063402, 1.0020397, 0.8746155, 0.029685125]
[2.0261662, 1.0664134, 0.92956233, 0.03019055]
[1.9355165, 0.9633132, 0.9437046, 0.028498707]
[1.9085435, 0.9213691, 0.95919585, 0.027978482]
[1.9805065, 0.9713732, 0.98001164, 0.029121732]
[1.9130006, 0.92373157, 0.95954585, 0.029723108]
[1.9375848, 0.94769853, 0.95795125, 0.031935]
[1.9284946, 0.7778435, 1.118939, 0.031712063]
[2.039754, 0.9468197, 1.0586798, 0.034254394]
[1.9684483, 0.984285, 0.95120174, 0.03296151]
[1.9408005, 1.0107021, 0.89750326, 0.032595143]
[2.049509, 0.9673176, 1.0496039, 0.032587443]
[2.099116, 1.067548, 1.0023546, 0.02921346]
[2.0035913, 1.0132561, 0.96381986, 0.026515335]
[1.9338081, 0.9468676, 0.9621922, 0.024748283]
[1.8933774, 0.9223782, 0.9433448, 0.027654547]
[1.9123617, 0.9361001, 0.9476415, 0.028620098]
[1.93836, 0.937287, 0.96986914, 0.031203832]
[1.9627435, 0.9518777, 0.9789262, 0.03193959]
[2.0196512, 1.0024147, 0.9828069, 0.034429625]
[1.991637, 1.1512941, 0.8106944, 0.029648492]
[1.9565387, 0.87859774, 1.0497644, 0.028176539]
[1.9718589, 1.0091583, 0.93257546, 0.030125152]
[1.9385182, 0.96335566, 0.9459915, 0.029170968]
[1.944968, 0.8601683, 1.056251, 0.02854867]
[1.9183079, 0.85022306, 1.0397427, 0.02834208]
[1.9093845, 1.0139899, 0.86101925, 0.034375288]
[1.9769495, 0.89740276, 1.04387, 0.035676755]
[2.0183306, 0.99014586, 0.9984299, 0.029754953]
[1.9882458, 0.90256923, 1.0558083, 0.029868193]
[1.9172815, 0.89914787, 0.98668027, 0.031453338]
[1.9249679, 0.89981705, 0.9909869, 0.034163974]
[1.8712218, 0.8710034, 0.9676059, 0.032612592]
[1.9674299, 0.91921717, 1.0139397, 0.034272894]
[1.973739, 1.006181, 0.93120825, 0.03634979]
[1.8894489, 0.86782664, 0.9827759, 0.038846202]
[2.10181, 1.1374488, 0.923507, 0.040854182]
[1.9230353, 0.90118325, 0.9886119, 0.033240214]
[1.9224597, 0.83107215, 1.0591688, 0.0322188]
[1.9202754, 0.9032502, 0.98224545, 0.03477975]
[1.9837915, 1.0612824, 0.884706, 0.037803]
[2.1058023, 1.1894016, 0.87706435, 0.03933637]
[2.0053546, 0.9484819, 1.0220146, 0.034858137]
[2.0257921, 1.1216705, 0.87591535, 0.02820633]
[1.9185646, 0.95366716, 0.94166386, 0.023233593]
[1.976188, 1.0485773, 0.8974464, 0.03016428]
[2.0366812, 1.1458588, 0.8614645, 0.02935791]
[1.9714912, 0.98555624, 0.963526, 0.022408925]
[1.9133132, 0.9682454, 0.9202827, 0.024785046]
[1.9749136, 0.8794501, 1.0706122, 0.024851274]
[1.9881202, 1.0225325, 0.9418639, 0.023723848]
[2.0238843, 1.013382, 0.98734957, 0.023152903]
[1.9958416, 0.92747366, 1.045079, 0.023288935]
[1.9169073, 0.9987345, 0.89714414, 0.021028697]
[1.9400594, 1.0264623, 0.88815105, 0.02544608]
[1.9418926, 0.9905035, 0.9221765, 0.02921274]
[1.993, 0.94681346, 1.0195804, 0.026606157]
[2.0222387, 1.0807042, 0.91386247, 0.027671967]
[2.0323377, 0.90408754, 1.103697, 0.024553336]
[1.9914325, 1.0020463, 0.9631298, 0.026256476]
[1.9475496, 0.8755102, 1.0516983, 0.020341087]
[1.941274, 0.9066345, 1.0117207, 0.022918772]
[1.9146957, 0.7740805, 1.1164072, 0.024208032]
[2.0156894, 1.0441699, 0.9460284, 0.02549106]
[1.9024317, 0.9128915, 0.964893, 0.024647186]
[1.9115852, 0.85507166, 1.0302745, 0.026239088]
[1.9598048, 0.856419, 1.0766997, 0.026686002]
[1.9486554, 0.81867886, 1.1029443, 0.027032299]
[1.8922923, 0.9415681, 0.9207896, 0.029934596]
[2.0513833, 0.9265355, 1.0954542, 0.029393498]
[1.9734719, 0.9967544, 0.94283676, 0.033880733]
[2.0152962, 0.9977885, 0.9874154, 0.030092318]
[2.0139184, 0.94758165, 1.0384362, 0.027900586]
[1.9960878, 0.9153958, 1.0511099, 0.029582072]
[2.0682008, 1.0385475, 1.0035203, 0.026133064]
[1.9695368, 1.0554054, 0.8909222, 0.023209248]
[2.0278769, 0.97065103, 1.0337547, 0.02347118]
[1.9841212, 1.0814478, 0.87964785, 0.023025531]
[2.0422165, 1.0670953, 0.9546039, 0.020517446]
[2.0040767, 1.1056356, 0.8756441, 0.022797065]
[1.9982067, 1.0130991, 0.96420527, 0.020902451]
[1.9833932, 1.0221452, 0.9419075, 0.01934046]
[1.9084455, 0.93787086, 0.9520192, 0.018555352]
[1.9914899, 0.9112509, 1.0578842, 0.022354854]
[1.9833962, 1.0542717, 0.9092808, 0.019843664]
[1.9754899, 1.0462413, 0.90896046, 0.02028805]
[1.9627486, 0.9983133, 0.94518864, 0.019246735]
[1.9153295, 0.9622737, 0.93321395, 0.019841827]
[1.9987231, 1.0352492, 0.94212484, 0.021349031]
[1.9551374, 0.98041344, 0.95391494, 0.020809006]
[1.995732, 0.9198935, 1.054457, 0.021381477]
[1.9288782, 1.000092, 0.9076185, 0.021167621]
[1.9584527, 0.96926785, 0.96587497, 0.023309994]
[2.0171037, 0.9774718, 1.0157766, 0.023855235]
[1.9835836, 1.0331612, 0.9280183, 0.022404023]
[1.9524146, 0.9467603, 0.98402566, 0.021628778]
[1.9720538, 0.9424529, 1.0070009, 0.022599896]
[1.9304849, 0.9970632, 0.90920913, 0.024212435]
[1.9402987, 0.91220534, 1.0059645, 0.022128828]
[2.008592, 1.0638103, 0.91932774, 0.025453754]
[1.9768835, 0.97003156, 0.9833522, 0.023499895]
[1.9210912, 0.98866826, 0.9097513, 0.022671532]
[1.9174082, 1.0048681, 0.8862778, 0.026262265]
[1.9087602, 0.8949303, 0.98733884, 0.026491003]
[1.9855964, 0.934934, 1.0229795, 0.027682893]
[1.9741683, 0.96060765, 0.98374254, 0.029818073]
[1.9652876, 0.90805274, 1.0294181, 0.027816616]
[2.0575066, 1.0534222, 0.9754696, 0.028614707]
[1.9589545, 1.0233318, 0.90907735, 0.026545431]
[2.0150955, 1.072917, 0.915789, 0.02638937]
[1.8260673, 0.96355313, 0.838928, 0.02358619]
[1.9744725, 1.0528525, 0.895134, 0.026485981]
[1.9446634, 0.9564285, 0.9580372, 0.030197777]
[2.0111606, 0.9283527, 1.0547041, 0.02810391]
[1.919021, 0.8843769, 1.0098404, 0.024803713]
[1.965449, 0.9432353, 0.99553156, 0.02668215]
[1.9500468, 0.96990025, 0.95054483, 0.029601634]
[1.9799649, 0.9371184, 1.0165794, 0.026267074]
[1.9219131, 0.9094025, 0.9835561, 0.028954512]
[1.9875288, 1.1048445, 0.8516109, 0.031073464]
[1.9842408, 0.95726824, 0.99813396, 0.028838683]
[1.9781765, 1.1020465, 0.84814525, 0.027984772]
[1.9705573, 1.0333431, 0.9086572, 0.028557017]
[1.9206567, 0.9209334, 0.9714353, 0.028287932]
[1.9366549, 0.91887593, 0.98935616, 0.028422862]
[2.0286849, 0.9013583, 1.098587, 0.028739419]
[1.967287, 1.0106246, 0.93096805, 0.025694279]
[1.881997, 0.96204567, 0.89246523, 0.027486047]
[1.9594669, 0.8341059, 1.0950108, 0.030350234]
[2.0238566, 1.0396764, 0.9558974, 0.02828285]
[1.90856, 1.0017278, 0.8768309, 0.030001383]
[1.9512057, 0.86371505, 1.0565042, 0.030986398]
[1.9400972, 1.0731605, 0.8325204, 0.0344163]
[1.9362286, 0.9808728, 0.914097, 0.04125876]
[1.9117568, 0.7851598, 1.0913537, 0.035243236]
[2.0056376, 0.8916771, 1.0779135, 0.03604689]
[2.079931, 1.0847507, 0.95758104, 0.037599318]
[1.9751794, 0.8533382, 1.0925395, 0.029301677]
[1.979656, 1.0814451, 0.8707582, 0.027452724]
[1.9582304, 0.9651685, 0.9649824, 0.028079543]
[1.9765629, 1.0546491, 0.89207506, 0.029838659]
[1.8980588, 1.0376377, 0.83171904, 0.028701976]
[1.8962306, 0.8947345, 0.97534466, 0.026151445]
[1.9779669, 1.0341547, 0.9118252, 0.031987034]
[1.891645, 1.0799433, 0.78059125, 0.031110365]
[2.0048213, 1.0125165, 0.96010923, 0.032195453]
[1.9209988, 1.0249596, 0.864868, 0.031171344]
[2.0438538, 0.9657303, 1.0452518, 0.032871827]
[2.00112, 0.99962413, 0.972724, 0.028771892]
[1.9250257, 1.115309, 0.7826433, 0.027073324]
[1.9655541, 1.0352494, 0.90200615, 0.028298568]
[1.9504701, 0.92924386, 0.99153197, 0.02969423]
[2.0860374, 1.2204564, 0.8352928, 0.030288205]
[1.9773444, 0.83310413, 1.1185373, 0.02570296]
[2.0088255, 1.1169779, 0.86519086, 0.026656747]
[1.9169742, 0.88216835, 1.0098268, 0.024979005]
[1.9495828, 0.91304004, 1.010394, 0.026148835]
[1.9975251, 0.9782536, 0.9896666, 0.02960493]
[1.9834344, 0.99752355, 0.95867, 0.027240824]
[1.9835733, 0.8945747, 1.0603205, 0.028678099]
[2.052916, 1.0480027, 0.97571766, 0.029195884]
[2.019094, 1.1194723, 0.87427837, 0.025343394]
[2.005299, 1.0507575, 0.9319864, 0.022555007]
[1.9887369, 0.9340536, 1.0317178, 0.022965398]
[1.9446745, 0.97089285, 0.9536086, 0.020173093]
[1.9821626, 1.0019212, 0.95809036, 0.022151113]
[1.9018334, 0.9614764, 0.9195316, 0.020825561]
[2.0086672, 1.0040452, 0.9795488, 0.0250732]
[1.873406, 0.9501586, 0.89884293, 0.024404582]
[1.9762137, 0.90977323, 1.0412753, 0.025165174]
[2.0332901, 1.1150368, 0.8883313, 0.029922105]
[2.0244515, 0.83322024, 1.1644613, 0.026770003]
[2.0187414, 1.1273122, 0.86830777, 0.023121359]
[1.9624914, 0.956744, 0.9842026, 0.021544825]
[1.988345, 0.9795475, 0.9871043, 0.02169323]
[2.0642838, 0.98235166, 1.0611839, 0.020748053]
[1.968026, 0.9148615, 1.0323832, 0.020781375]
[1.8848753, 0.8560809, 1.008595, 0.020199422]
[1.955828, 0.94223905, 0.99260676, 0.020982116]
[1.9650851, 0.92698276, 1.0161743, 0.021928122]
[2.0276194, 1.0219693, 0.98131675, 0.024333298]
[1.9890106, 0.960935, 1.0036696, 0.024405897]
[1.9528561, 1.0118906, 0.9194912, 0.021474184]
[1.9945077, 0.9984147, 0.9734835, 0.022609513]
[1.8974601, 0.89609575, 0.9799952, 0.021369101]
[1.9520364, 0.95884895, 0.9705126, 0.022674786]
[1.9623004, 0.9046511, 1.0350728, 0.022576489]
[1.8798288, 0.8467431, 1.0108213, 0.022264343]
[1.9300023, 1.0025163, 0.90356386, 0.02392221]
[1.9036492, 0.83111894, 1.0447018, 0.027828468]
[1.8614658, 0.8876385, 0.943923, 0.029904269]
[1.990697, 1.0762632, 0.88298476, 0.03144913]
[1.9664513, 0.9421935, 0.99199617, 0.032261573]
[1.9956044, 0.9776566, 0.98454666, 0.033401188]
[1.9097501, 0.82647085, 1.0557574, 0.027521875]
[1.9245987, 0.92689097, 0.9636148, 0.034092873]
[2.0182157, 0.95279664, 1.0337013, 0.031717762]
[1.9728042, 0.9666405, 0.9722122, 0.033951554]
[1.8709719, 0.90818787, 0.9301059, 0.032678105]
[1.9384431, 0.80436075, 1.1003302, 0.03375214]
[1.9408263, 0.95567673, 0.9471688, 0.037980624]
[1.9424653, 0.8648789, 1.0411288, 0.036457643]
[1.9769161, 1.0547789, 0.8849665, 0.03717062]
[2.0141149, 0.9313079, 1.0485698, 0.034237094]
[1.848993, 0.8815616, 0.9321443, 0.03528703]
[2.2266028, 1.022481, 1.1672845, 0.036837295]
[1.9564264, 0.9954066, 0.9335562, 0.02746353]
[1.983174, 0.93699884, 1.0186011, 0.027574044]
[1.9541544, 1.077574, 0.8440294, 0.03255097]
[1.882545, 1.0898869, 0.7656673, 0.026990794]
[1.9832729, 0.9373302, 1.0142871, 0.031655636]
[1.9809237, 1.0758526, 0.87360865, 0.031462427]
[2.0465896, 1.0916188, 0.9283383, 0.02663256]
[2.000989, 1.0268803, 0.9437448, 0.030363956]
[1.9463118, 0.9410939, 0.97505665, 0.030161262]
[1.9241819, 0.9206017, 0.9752446, 0.028335515]
[2.0333722, 1.0447484, 0.9579481, 0.030675635]
[1.9507877, 0.9009024, 1.0193324, 0.030552868]
[1.9458075, 0.9954884, 0.9199107, 0.0304084]
[2.0301764, 1.0448539, 0.95342016, 0.03190227]
[1.9732456, 0.87787277, 1.0659934, 0.029379413]
[2.023937, 0.98366374, 1.0133747, 0.026898557]
[2.0328956, 0.87913895, 1.1279643, 0.02579248]
[1.9536371, 1.0513675, 0.8760286, 0.026241034]
[1.892467, 1.0239371, 0.8439311, 0.024598885]
[1.9008036, 0.9664047, 0.90840364, 0.025995197]
[1.9533587, 0.950799, 0.9719583, 0.030601343]
[2.0470057, 1.0381669, 0.978615, 0.03022379]
[1.9380765, 0.9728941, 0.9367688, 0.028413601]
[1.9697139, 0.94073856, 1.0037414, 0.025234032]
[1.9587706, 0.93539745, 0.99817646, 0.025196712]
[1.9038763, 0.886011, 0.9908687, 0.026996616]
[1.9122452, 0.7888396, 1.0965528, 0.026852746]
[1.8758755, 1.014529, 0.83102715, 0.030319335]
[1.9240183, 0.9588314, 0.9337288, 0.031458013]
[2.0298185, 1.070493, 0.9253894, 0.033936042]
[2.0221946, 1.0529462, 0.9407017, 0.028546795]
[1.9560214, 1.0110103, 0.9182925, 0.026718661]
[2.0384734, 1.009825, 1.0022919, 0.02635639]
[2.0257783, 1.0150017, 0.98669225, 0.024084294]
[1.9859641, 0.9583807, 1.0022917, 0.02529165]
[1.9085772, 0.98510945, 0.8981836, 0.025284195]
[1.9603677, 0.9467228, 0.98908186, 0.024563095]
[1.8556434, 0.8331115, 0.9976994, 0.024832487]
[1.9168035, 0.8148804, 1.0727181, 0.02920501]
[1.881941, 0.92604, 0.9236726, 0.032228317]
[1.9057605, 0.9714539, 0.903316, 0.030990591]
[1.9760696, 0.8693696, 1.0740964, 0.032603525]
[2.0776377, 1.01779, 1.0282629, 0.031584814]
[1.9723934, 0.9605583, 0.9789787, 0.032856323]
[1.9491768, 0.96244836, 0.95423305, 0.032495357]
[1.9312444, 0.7347404, 1.1680249, 0.028479137]
[1.8837956, 0.907434, 0.9437783, 0.03258334]
[1.9775857, 0.831489, 1.1149341, 0.031162594]
[2.1133242, 0.99388576, 1.0904151, 0.029023161]
[2.0266082, 1.1974149, 0.80375135, 0.02544196]
[1.9903265, 0.867051, 1.0963824, 0.02689312]
[1.9473989, 0.99462414, 0.928801, 0.023973653]
[1.9203502, 0.9741596, 0.92060983, 0.025580812]
[1.8879898, 1.0024203, 0.85819215, 0.0273774]
[1.9022076, 0.86412454, 1.0096143, 0.028468758]
[2.1201782, 0.9110111, 1.1820219, 0.027145468]
[2.0244884, 1.0757744, 0.9235122, 0.025201868]
[1.9319329, 0.97658896, 0.9308914, 0.02445256]
[2.006926, 0.99678355, 0.98545086, 0.024691654]
[2.0052488, 1.0638602, 0.9161165, 0.025272127]
[2.007555, 1.033471, 0.9528062, 0.021277877]
[2.0062354, 0.95751446, 1.0261462, 0.022574686]
[2.0354223, 0.9695653, 1.0447407, 0.021116238]
[1.9072253, 0.96766, 0.920057, 0.019508194]
[2.0338588, 1.0210499, 0.98802584, 0.02478324]
[1.8916711, 0.95228696, 0.91801625, 0.021367934]
[1.9558121, 0.84433025, 1.0907009, 0.02078093]
[1.9236662, 0.9632797, 0.9362409, 0.024145566]
[2.0685577, 1.1027983, 0.94254506, 0.023214247]
[1.9639198, 0.96122766, 0.98029274, 0.022399282]
[1.8986095, 0.932341, 0.9432125, 0.023056014]
[1.9946918, 0.99450874, 0.97612214, 0.024061024]
[2.0223076, 0.8951926, 1.0991039, 0.028011072]
[2.0408747, 1.1049222, 0.91036034, 0.025592111]
[1.9727817, 0.9735423, 0.9739003, 0.025339115]
[1.9821163, 1.0556147, 0.90158343, 0.02491825]
[1.9795403, 0.9280158, 1.0301552, 0.02136935]
[1.9756632, 1.0698843, 0.8850274, 0.02075142]
[1.8891338, 1.0262461, 0.8386223, 0.024265457]
[1.9728571, 1.1249914, 0.8229377, 0.024927963]
[2.0341196, 1.0085931, 1.0005533, 0.02497346]
[1.9315895, 0.98339593, 0.9251658, 0.023027726]
[1.9692771, 0.9814428, 0.9619565, 0.025877777]
[2.0352657, 1.1301209, 0.88188624, 0.023258336]
[1.9401749, 0.9112536, 1.0049391, 0.02398229]
[1.9989427, 1.0267649, 0.9454778, 0.02670011]
[1.9692636, 0.96848416, 0.97736734, 0.023411997]
[1.9602855, 0.9299386, 1.0043635, 0.0259834]
[1.9462212, 0.91218317, 1.0101795, 0.023858536]
[1.9745253, 0.9668951, 0.9852886, 0.022341609]
[1.978467, 1.0213509, 0.9330382, 0.024077948]
[2.011439, 0.9750916, 1.0119781, 0.024369279]
[1.9425434, 0.94339556, 0.9753825, 0.02376531]
[1.9703882, 0.97881067, 0.96546817, 0.02610932]
[2.0234735, 0.988693, 1.0105218, 0.024258846]
[1.9467988, 1.02246, 0.9010502, 0.023288619]
[1.9408035, 0.84564865, 1.0708232, 0.02433174]
[1.920015, 0.8819398, 1.0150225, 0.02305253]
[1.9220676, 0.8553987, 1.0402188, 0.026450112]
[1.9494923, 0.85468173, 1.0694551, 0.02535545]
[1.9195637, 0.9547244, 0.93943477, 0.025404587]
[2.1028636, 0.9749222, 1.1020863, 0.025855169]
[1.8926837, 0.90951335, 0.95980966, 0.023360707]
[1.8697205, 0.7859149, 1.0592997, 0.024505872]
[2.0865777, 0.9882853, 1.0737953, 0.024497036]
[1.9767739, 0.92913336, 1.0237155, 0.023924965]
[1.9494616, 0.9442659, 0.9821526, 0.023043027]
[1.9778106, 0.9609945, 0.9928328, 0.023983411]
[1.9512976, 0.9811941, 0.94370466, 0.02639893]
[1.9163167, 0.95357, 0.9398644, 0.022882383]
[1.9426564, 0.9020778, 1.0160547, 0.02452391]
[2.0074728, 1.0046836, 0.9780936, 0.024695612]
[1.909434, 1.0705701, 0.8139303, 0.024933573]
[1.9119886, 0.9782322, 0.90469563, 0.029060686]
[1.9126781, 1.057874, 0.8241955, 0.030608647]
[1.9204564, 0.9681859, 0.9222679, 0.030002564]
[1.8790668, 1.0353832, 0.8132905, 0.030393075]
[1.9407644, 0.8317249, 1.0764794, 0.032560118]
[1.8219373, 1.030442, 0.75885266, 0.03264258]
[1.9684148, 0.99771285, 0.9349966, 0.035705365]
[2.0102563, 0.7618228, 1.2109449, 0.037488468]
[2.0644872, 1.1485131, 0.8814254, 0.03454877]
[2.0159643, 0.7854595, 1.199687, 0.030817796]
[1.8579341, 1.0300425, 0.7999047, 0.027986933]
[1.9660479, 1.0138271, 0.9201445, 0.032076277]
[1.9503177, 0.8634563, 1.0538311, 0.033030335]
[1.9934236, 1.0629911, 0.8998965, 0.030535907]
[1.9650309, 0.9757615, 0.9608765, 0.02839291]
[1.9494522, 0.9980796, 0.9207979, 0.030574732]
[1.9717667, 0.96039826, 0.9809008, 0.030467678]
[1.9962693, 1.0328864, 0.9321847, 0.031198286]
[1.9268688, 0.90068305, 0.99336576, 0.032820016]
[2.0054579, 0.962059, 1.0074596, 0.035939317]
[1.9438552, 1.0139, 0.8944259, 0.035529263]
[1.9990978, 0.9021522, 1.0642347, 0.032710947]
[1.8903215, 0.92176974, 0.93217766, 0.036374062]
[1.9427595, 1.035927, 0.8681139, 0.038718585]
[1.9282472, 0.771873, 1.1236848, 0.032689434]
[1.9197402, 1.1584913, 0.7254893, 0.035759635]
[1.8092997, 0.8101866, 0.9579112, 0.041201826]
[2.0555937, 1.0035429, 1.0042188, 0.047832087]
[1.9784224, 0.8968911, 1.0418456, 0.039685726]
[1.9407246, 1.2372224, 0.66868675, 0.034815468]
[1.8721759, 0.90474176, 0.93073094, 0.03670324]
[2.033486, 1.0211897, 0.9722743, 0.040021937]
[2.0380602, 1.0121137, 0.99187255, 0.03407374]
[2.0117912, 1.1232889, 0.85582876, 0.03267362]
[1.9834542, 0.93639493, 1.0150696, 0.03198968]
[2.0158186, 0.9577559, 1.0268264, 0.031236378]
[1.9789734, 1.0470998, 0.90434974, 0.027523734]
[1.9494947, 0.78305566, 1.1361217, 0.03031734]
[1.9633373, 0.9746535, 0.95998544, 0.028698273]
[2.0016172, 1.0053201, 0.9657717, 0.03052536]
[1.9378431, 0.9333972, 0.9757974, 0.028648451]
[1.9513489, 0.903363, 1.0149615, 0.033024423]
[1.8289512, 0.8667742, 0.9336643, 0.028512701]
[1.9019707, 0.88452727, 0.9807097, 0.036733754]
[1.8926646, 0.88748956, 0.9695426, 0.03563241]
[1.9681746, 0.8496216, 1.0798672, 0.038685657]
[2.0064034, 1.1116436, 0.8538806, 0.040879313]
[2.0433426, 0.8903667, 1.114918, 0.03805792]
[2.0174942, 1.1866927, 0.7981331, 0.03266846]
[2.0555923, 0.8601475, 1.1596105, 0.035834208]
[2.0252101, 1.0441096, 0.9503342, 0.030766306]
[1.9039222, 0.89126986, 0.98401797, 0.02863448]
[2.0135589, 1.0376582, 0.9447596, 0.031141125]
[1.9698404, 0.9262537, 1.0175054, 0.02608132]
[1.9569669, 0.92088044, 1.0062492, 0.02983725]
[1.9969584, 0.93972445, 1.0285022, 0.028731745]
[1.894362, 0.94177586, 0.9275796, 0.025006551]
[1.9558673, 0.92510676, 1.0052426, 0.025517918]
[2.027312, 1.0247552, 0.975541, 0.02701598]
[1.9255267, 0.89938164, 1.000392, 0.025753181]
[1.9465865, 0.973464, 0.94717455, 0.025947941]
[1.9503143, 0.8820735, 1.041216, 0.027024698]
[1.8583121, 0.87499934, 0.95615184, 0.027160838]
[1.9524492, 1.0418005, 0.87739474, 0.03325403]
[1.9913197, 0.99510443, 0.96223223, 0.033982992]
[1.9699948, 0.984769, 0.95662564, 0.02860025]
[2.0525172, 0.96935654, 1.0507281, 0.03243262]
[2.0772672, 1.026917, 1.0209315, 0.029418694]
[2.014043, 1.0850797, 0.901366, 0.02759737]
[2.0542169, 1.0712316, 0.95717263, 0.025812656]
[2.0145388, 1.0644317, 0.9262347, 0.023872484]
[2.0006125, 1.0592797, 0.91990566, 0.021427127]
[1.9237065, 0.9502127, 0.9515728, 0.021920996]
[1.9449612, 0.9625219, 0.9619838, 0.0204555]
[1.9402581, 0.97923684, 0.9386082, 0.022413088]
[1.930026, 0.97298217, 0.9351341, 0.02190971]
[1.9946359, 1.0148356, 0.95531726, 0.024483055]
[1.9673656, 0.971763, 0.9721315, 0.023471136]
[1.9737097, 1.0538406, 0.8957534, 0.024115717]
[2.0272624, 1.0145284, 0.9874331, 0.025300873]
[1.959807, 0.9927832, 0.94376004, 0.02326386]
[1.9100084, 0.877027, 1.0076282, 0.025353216]
[1.9464632, 1.0610963, 0.8615289, 0.023838043]
[1.9179326, 0.84932303, 1.0430837, 0.025525976]
[1.9689924, 0.982192, 0.95896983, 0.027830452]
[1.9295787, 0.91506493, 0.98502123, 0.029492447]
[2.0840664, 1.0024939, 1.0538826, 0.027690014]
[1.9951587, 1.0763475, 0.89344394, 0.025367232]
[1.9895915, 1.0612848, 0.9033495, 0.024957165]
[1.9521489, 0.89918435, 1.0264329, 0.026531711]
[1.8645058, 0.8580256, 0.98191285, 0.024567343]
[1.9571472, 0.94387734, 0.9876026, 0.0256673]
[2.0717535, 1.124696, 0.9197365, 0.02732077]
[1.926232, 0.983471, 0.91828835, 0.02447265]
[1.9355868, 0.9751704, 0.9347667, 0.025649656]
[2.000113, 0.9852431, 0.9865733, 0.028296731]
