[1.9707102, 0.931481, 1.0071036, 0.032125615]
[1.9194592, 0.8513954, 1.0364796, 0.03158415]
[1.9497625, 0.9530506, 0.9625275, 0.0341843]
[1.9672667, 0.9250304, 1.0097716, 0.032464605]
[1.9847512, 0.9691062, 0.97889006, 0.036754996]
[2.028232, 0.9863775, 1.0071758, 0.03467892]
[1.9840425, 0.9984235, 0.95386016, 0.031758897]
[1.9950378, 0.91985023, 1.0461679, 0.029019663]
[1.934106, 1.0649364, 0.8407952, 0.028374268]
[1.904335, 0.919927, 0.95483136, 0.02957667]
[1.9406261, 0.91303426, 0.9935857, 0.03400614]
[2.0548408, 1.0002676, 1.0220821, 0.03249093]
[2.0187821, 1.0214686, 0.9648051, 0.032508407]
[2.0001063, 0.94902444, 1.0222592, 0.02882273]
[1.9489903, 1.0838251, 0.8367943, 0.028370822]
[2.004228, 1.0310516, 0.94390863, 0.029267887]
[1.9285343, 1.0585344, 0.844264, 0.025735835]
[1.9796463, 1.0498321, 0.90281844, 0.026995817]
[1.8702167, 0.8773017, 0.9630736, 0.029841393]
[1.9528272, 0.9204272, 1.0015001, 0.03089983]
[1.9883213, 0.92802656, 1.0305827, 0.029712114]
[1.8925216, 0.9289899, 0.9314475, 0.032084286]
[1.9592204, 0.92391276, 1.0031356, 0.032172024]
[1.9680375, 1.0239722, 0.9110433, 0.033022083]
[1.9465325, 0.96771944, 0.9458306, 0.032982443]
[1.9391023, 0.92683303, 0.97728425, 0.034984976]
[1.7864231, 0.88443244, 0.86666554, 0.035325184]
[1.9310998, 1.0071936, 0.88597226, 0.037933946]
[1.9606707, 0.73209906, 1.1877267, 0.040844925]
[2.0694647, 1.1808372, 0.8502166, 0.038410913]
[1.9501424, 0.95667195, 0.95956147, 0.03390897]
[1.9609326, 1.1069854, 0.8187413, 0.03520588]
[1.9263453, 0.87501943, 1.0140343, 0.0372917]
[1.9889764, 1.0323431, 0.9182536, 0.03837958]
[2.0036223, 0.95910025, 1.0098196, 0.03470249]
[2.1054127, 1.0912936, 0.97982085, 0.034298234]
[1.9697914, 1.099449, 0.8405533, 0.029789142]
[1.9237814, 0.97455907, 0.91779137, 0.03143091]
[1.9545299, 1.0471357, 0.8763191, 0.031075098]
[1.8984642, 0.9445052, 0.9246603, 0.029298633]
[2.0533376, 0.9022356, 1.1176455, 0.033456422]
[2.040799, 1.1604311, 0.85019934, 0.030168345]
[2.038813, 1.0328187, 0.9793172, 0.026677024]
[1.9605558, 0.9380214, 0.99645585, 0.026078466]
[1.9303157, 0.95608604, 0.94652164, 0.027708068]
[1.9908452, 0.9478272, 1.0164642, 0.02655369]
[1.9527757, 0.90778434, 1.0197792, 0.025212113]
[1.947496, 0.9107858, 1.0128589, 0.023851424]
[1.9640918, 0.89494205, 1.0447507, 0.024399053]
[1.8974708, 0.9812526, 0.88913774, 0.027080402]
[2.0777247, 0.99099195, 1.058219, 0.028513758]
[1.9672664, 0.9104311, 1.0326093, 0.02422602]
[1.9590062, 0.94049793, 0.99151325, 0.026995055]
[1.9740466, 0.9100145, 1.0380807, 0.025951408]
[2.061722, 1.0528774, 0.9857434, 0.023101103]
[1.9653095, 0.99286616, 0.9499074, 0.022535864]
[1.8549874, 0.84862834, 0.98178965, 0.02456935]
[1.9690914, 0.95113045, 0.99189603, 0.026064826]
[1.911365, 0.9104152, 0.97353953, 0.027410276]
[2.0259264, 1.0064249, 0.98896086, 0.03054065]
[1.930516, 0.9003724, 1.0008864, 0.029257184]
[1.8912402, 0.95407367, 0.90817237, 0.028994162]
[1.9663081, 1.0320697, 0.90216196, 0.032076534]
[1.9747329, 1.0161345, 0.9266788, 0.031919636]
[1.9568579, 1.0050055, 0.9237484, 0.028104015]
[2.0072825, 1.0372424, 0.9421798, 0.027860243]
[1.956606, 0.97014624, 0.9591502, 0.027309515]
[1.8372946, 0.894645, 0.91661763, 0.026032029]
[1.8185542, 0.9715222, 0.81567013, 0.031361762]
[1.8862902, 0.95317125, 0.89878213, 0.034336843]
[1.9858648, 1.0092671, 0.94115925, 0.03543844]
[1.8591485, 0.7902162, 1.0338819, 0.03505036]
[2.0323577, 0.9768193, 1.0148189, 0.04071954]
[1.9443077, 0.88892525, 1.0192333, 0.036149114]
[1.9118884, 0.8847059, 0.99106103, 0.036121346]
[1.9449428, 0.91909444, 0.99097854, 0.03486982]
[1.952013, 0.9785165, 0.9369102, 0.036586285]
[1.9875679, 0.9074801, 1.0349312, 0.045156635]
[1.9981953, 0.97015756, 0.98985684, 0.038180932]
[1.9195489, 0.940576, 0.9413471, 0.037625693]
[2.0153701, 1.0187408, 0.9576515, 0.038977765]
[1.9446044, 0.9002053, 1.0084338, 0.03596518]
[1.8814951, 0.915274, 0.9264524, 0.039768647]
[2.0096471, 1.0359738, 0.9314003, 0.04227294]
[1.9775133, 1.058625, 0.8821942, 0.036694087]
[1.9096395, 0.8832171, 0.9880675, 0.0383549]
[2.0558517, 1.1536591, 0.8639419, 0.038250647]
[1.9783602, 0.99011064, 0.9507451, 0.03750445]
[2.01099, 0.8640124, 1.1115289, 0.03544853]
[1.9890202, 0.97147363, 0.9843155, 0.03323116]
[1.8995818, 1.035516, 0.83253, 0.03153572]
[2.0467823, 0.9899156, 1.02413, 0.03273644]
[1.9612148, 0.94228864, 0.985993, 0.03293311]
[1.9389831, 0.95478374, 0.9503853, 0.033814035]
[1.9799358, 0.9625202, 0.9831859, 0.034229614]
[1.9364455, 0.9786626, 0.9229133, 0.034869514]
[1.9471922, 1.0136017, 0.8983312, 0.035259187]
[1.9283347, 1.0783968, 0.8157054, 0.034232505]
[1.9637468, 0.9529005, 0.9730705, 0.03777576]
[1.8868304, 0.84320843, 1.0073223, 0.03629975]
[2.0090358, 0.949508, 1.0225632, 0.036964558]
[1.9330927, 1.0303173, 0.86651015, 0.03626529]
[1.9659202, 0.9888821, 0.9415052, 0.03553296]
[1.9773631, 1.0523249, 0.88630897, 0.038729202]
[1.9734417, 1.1029425, 0.8338122, 0.03668706]
[1.9033505, 0.89042795, 0.97767174, 0.03525079]
[1.9654393, 1.1040499, 0.8235023, 0.037887126]
[1.9530548, 0.9450833, 0.9716437, 0.036327735]
[1.9427005, 0.8462229, 1.0628114, 0.03366624]
[1.8912588, 0.8826597, 0.9750253, 0.033573817]
[2.0567148, 0.9891005, 1.0313699, 0.036244277]
[1.8409382, 0.9163215, 0.88689816, 0.037718512]
[1.945101, 0.8175696, 1.0875933, 0.039938107]
[1.8334825, 0.9455997, 0.8493717, 0.038511217]
[2.0920708, 1.0039161, 1.0473442, 0.04081043]
[1.8989516, 1.1608448, 0.70054555, 0.037561297]
[1.8992923, 0.91446304, 0.95176214, 0.03306716]
[1.8960187, 0.9297439, 0.925539, 0.040735826]
[1.8237469, 0.8062048, 0.9772345, 0.04030761]
[1.8898199, 1.0760846, 0.76635075, 0.047384482]
[2.075993, 0.8757093, 1.1540549, 0.04622878]
[1.931998, 1.0063015, 0.88219297, 0.043503486]
[2.017603, 1.0745528, 0.8976882, 0.045361876]
[1.9984593, 1.0904195, 0.8662095, 0.04183027]
[1.9590337, 1.0422506, 0.87953067, 0.03725247]
[2.1240194, 1.0302641, 1.0524071, 0.041348115]
[2.039544, 1.1463118, 0.8590553, 0.034176975]
[1.857549, 0.8848326, 0.94456446, 0.028151914]
[1.984643, 1.1042519, 0.846202, 0.034189142]
[1.9454246, 0.90366197, 1.0083649, 0.033397645]
[1.9473118, 0.9685168, 0.9460048, 0.032790087]
[1.9977553, 0.95458806, 1.009728, 0.03343922]
[2.0374146, 0.8983375, 1.1068296, 0.03224752]
[1.9448994, 0.8524585, 1.059795, 0.032645974]
[1.9023727, 0.8316586, 1.0375727, 0.033141416]
[1.8514833, 0.91549397, 0.9033234, 0.03266592]
[1.9420911, 0.9490954, 0.957464, 0.035531625]
[1.9878445, 1.036293, 0.91343445, 0.038116902]
[1.8897777, 0.80305386, 1.0550613, 0.031662438]
[2.0002112, 0.95454764, 1.0073243, 0.03833915]
[1.8820692, 0.71235824, 1.1354585, 0.034252495]
[1.9425446, 1.0065601, 0.89779973, 0.038184796]
[1.9770398, 0.82099223, 1.1154585, 0.040589035]
[1.86544, 0.9105548, 0.91817725, 0.036707945]
[2.013326, 0.85984874, 1.1219897, 0.031487495]
[1.9097623, 0.9232728, 0.95020056, 0.036288902]
[2.0016418, 1.0236936, 0.93813854, 0.03980968]
[2.0213728, 0.99889123, 0.98650557, 0.035975996]
[1.8987411, 1.0658079, 0.7983364, 0.03459675]
[1.9842384, 0.9203281, 1.0286608, 0.035249427]
[1.899757, 0.8936605, 0.97147965, 0.034616787]
[1.9303604, 1.0316677, 0.8626916, 0.03600111]
[2.00591, 0.96804714, 0.99946713, 0.03839576]
[1.935046, 0.98576736, 0.9108658, 0.038412776]
[1.9705292, 0.9356628, 0.99762475, 0.03724163]
[1.9357046, 0.95859945, 0.9390677, 0.03803738]
[1.9868891, 0.99691105, 0.9507101, 0.03926801]
[1.8902553, 1.0056993, 0.84750074, 0.03705538]
[1.9549745, 1.0776935, 0.8394648, 0.037816286]
[1.9429723, 0.8210517, 1.0785718, 0.04334881]
[2.0464149, 0.9771851, 1.0324824, 0.036747508]
[1.9394243, 0.9830028, 0.92154336, 0.034878127]
[1.9269863, 0.93562007, 0.9517931, 0.039573215]
[1.9911027, 0.9637333, 0.9909195, 0.036449917]
[1.9417678, 0.8726584, 1.0329134, 0.036195952]
[1.974042, 1.0342025, 0.9038716, 0.035967924]
[1.9510461, 0.94938123, 0.9655443, 0.036120586]
[1.9523888, 1.0966566, 0.8214909, 0.034241278]
[2.0293198, 1.0065733, 0.98911786, 0.033628613]
[1.9899633, 1.0093143, 0.95023185, 0.030417155]
[1.9935014, 0.9713729, 0.9899712, 0.03215733]
[1.9971484, 1.0016724, 0.9645661, 0.030909892]
[2.033581, 1.090335, 0.9115431, 0.03170291]
[1.9943807, 1.0370055, 0.92903566, 0.02833952]
[1.9110572, 0.9084574, 0.972316, 0.030283857]
[1.9535549, 0.97516847, 0.9504174, 0.027968997]
[1.9847186, 0.99591255, 0.9569933, 0.031812653]
[2.0248086, 0.9726653, 1.0205871, 0.031556137]
[1.8826123, 0.8022325, 1.0482991, 0.032080792]
[1.9364064, 0.9507966, 0.95465493, 0.030954838]
[1.9640242, 1.0013127, 0.9318874, 0.030824052]
[1.9337687, 0.91616315, 0.98528856, 0.032317087]
[2.0024686, 0.9601174, 1.010192, 0.03215918]
[1.9308718, 0.9914495, 0.907312, 0.032110322]
[1.9844716, 0.9089527, 1.0430359, 0.032483004]
[2.0118997, 0.9635544, 1.0144697, 0.03387563]
[1.8808612, 0.8877578, 0.9587169, 0.034386486]
[1.8606504, 0.86992645, 0.95418924, 0.036534615]
[2.0606797, 1.0749092, 0.9476939, 0.038076755]
[2.0783355, 0.97511125, 1.0673323, 0.03589198]
[1.9893214, 0.9849082, 0.9732413, 0.03117178]
[1.9953908, 0.93814474, 1.0248878, 0.032358333]
[1.9619522, 0.9783284, 0.95310974, 0.030514035]
[1.985752, 1.0086606, 0.94785744, 0.02923403]
[2.0778172, 0.93877196, 1.1121438, 0.026901416]
[1.9981294, 1.0242181, 0.94550383, 0.028407462]
[1.9223977, 1.0399015, 0.85980105, 0.022695228]
[2.0107331, 1.0683508, 0.91664135, 0.025741097]
[1.9734633, 1.0261486, 0.9215013, 0.025813434]
[1.9133736, 0.9755854, 0.9108869, 0.026901385]
[2.0201402, 0.9890698, 1.0035596, 0.027510835]
[1.9653324, 0.95561826, 0.98595333, 0.023760738]
[1.9928794, 0.9538752, 1.0123765, 0.026627675]
[1.9739566, 0.8730057, 1.0784895, 0.022461472]
[2.021274, 0.88442224, 1.1135359, 0.023315921]
[1.9511423, 0.9607067, 0.9656676, 0.024767937]
[1.9999403, 0.91915816, 1.0556481, 0.025133999]
[1.9599748, 0.9591423, 0.9777577, 0.023074713]
[1.9269136, 0.93244684, 0.97245014, 0.022016607]
[1.9105458, 0.9388744, 0.94665146, 0.025019933]
[2.0081408, 0.95927453, 1.0221858, 0.026680455]
[1.9670675, 1.1128448, 0.82752144, 0.026701167]
[1.925854, 0.9667279, 0.93080074, 0.02832536]
[1.9759184, 1.0962839, 0.8507644, 0.02887009]
[1.9814452, 1.0353036, 0.92084396, 0.025297694]
[1.9376284, 1.0353429, 0.87458557, 0.027699776]
[1.9507074, 0.96350205, 0.96052617, 0.026679324]
[2.0228033, 1.0143178, 0.9820756, 0.026410088]
[1.9728442, 0.9098432, 1.0375407, 0.025460405]
[2.0014722, 0.9774252, 0.99916995, 0.02487697]
[1.9943308, 0.8653541, 1.1016767, 0.02729995]
[1.9914998, 0.99040663, 0.9766451, 0.024448056]
[2.048921, 0.9213003, 1.1037813, 0.02383957]
[2.0732906, 1.0402212, 1.0122889, 0.020780262]
[1.9144576, 0.8902506, 1.005364, 0.018842977]
[1.9447325, 0.91442096, 1.0091292, 0.021182382]
[2.003978, 1.0808455, 0.8993026, 0.023830049]
[1.921827, 0.9424286, 0.9557378, 0.023660548]
[1.9874809, 1.0169365, 0.94748104, 0.02306325]
[1.9637252, 0.954309, 0.9851459, 0.024270276]
[2.0094638, 1.0034983, 0.98535407, 0.020611463]
[1.9442127, 0.95114315, 0.97156036, 0.02150923]
[1.9297688, 0.99278796, 0.91644037, 0.020540424]
[1.9703217, 1.0212071, 0.92461, 0.024504498]
[1.8775488, 1.0179579, 0.83680236, 0.022788487]
[1.9651201, 1.1033199, 0.83532405, 0.026476156]
[1.8861489, 0.87744725, 0.98432916, 0.024372634]
[1.9706339, 0.98336595, 0.9607237, 0.02654422]
[1.9460194, 1.0339749, 0.8828469, 0.029197702]
[1.8553473, 0.94385654, 0.8799416, 0.03154906]
[1.942762, 0.99690527, 0.91373366, 0.03212306]
[2.0327053, 1.0099736, 0.9894194, 0.033312403]
[1.9325294, 0.8723729, 1.0291481, 0.031008538]
[1.9883718, 1.0137653, 0.94247735, 0.032129183]
[1.933816, 0.9477216, 0.954692, 0.031402327]
[1.991927, 1.0120392, 0.9452411, 0.03464678]
[1.8884847, 0.8931451, 0.96224755, 0.033091966]
[2.015639, 0.9922192, 0.9895308, 0.03388901]
[2.0212867, 0.98950577, 0.99978685, 0.03199416]
[1.9495004, 1.0641204, 0.8527379, 0.03264216]
[1.9580947, 0.92758906, 1.0027552, 0.027750526]
[1.9993317, 0.9916383, 0.97794116, 0.029752208]
[2.0925481, 0.92578876, 1.1377686, 0.02899079]
[1.9462662, 1.0080135, 0.9112664, 0.026986372]
[1.9091761, 0.8950821, 0.98862016, 0.025473846]
[1.9406172, 0.8770673, 1.0342624, 0.0292875]
[1.9324107, 1.0081941, 0.8978699, 0.026346678]
[2.0011382, 0.96678746, 1.0038538, 0.030496936]
[1.977298, 1.0890491, 0.8607279, 0.027521044]
[1.8972024, 0.8962076, 0.9723589, 0.028635914]
[1.9431344, 0.9631098, 0.95170295, 0.028321596]
[1.9385606, 0.96016884, 0.94871, 0.02968179]
[1.9170974, 0.8142718, 1.075395, 0.027430668]
[1.8402352, 0.93222827, 0.8804873, 0.02751965]
[2.0901186, 0.9432403, 1.1125764, 0.034302004]
[1.8751812, 0.8626238, 0.98547345, 0.027083829]
[2.0136194, 1.1076411, 0.8784504, 0.02752797]
[1.9324149, 0.7894355, 1.1135967, 0.02938272]
[2.0635798, 1.0458426, 0.98637927, 0.031357914]
[1.9483259, 1.0281577, 0.8886614, 0.03150683]
[2.0114453, 0.87395036, 1.1054205, 0.032074407]
[1.9088268, 0.94508946, 0.93406713, 0.029670233]
[1.8487697, 0.97530293, 0.8434876, 0.029979095]
[1.9490844, 0.71559954, 1.2015219, 0.031963028]
[2.0259502, 0.9990359, 0.99225664, 0.034657642]
[1.9449735, 1.0151997, 0.8984346, 0.03133917]
[1.9927859, 0.99607056, 0.96469057, 0.032024905]
[1.9684178, 1.0784854, 0.8597212, 0.03021125]
[2.0072799, 0.8734096, 1.1031418, 0.030728523]
[1.9513468, 1.1289234, 0.7941804, 0.028242897]
[1.9299878, 0.9725615, 0.9311478, 0.026278453]
[1.8769134, 0.92346466, 0.92496085, 0.028487975]
[1.9346745, 0.9469467, 0.9556643, 0.03206344]
[1.8098396, 0.82411957, 0.95103, 0.034690075]
[2.0182965, 1.0612752, 0.92498446, 0.032036766]
[2.004865, 0.7187996, 1.2495193, 0.03654603]
[2.078479, 1.2845021, 0.7643174, 0.029659564]
[1.9445007, 0.7909169, 1.1261036, 0.02748011]
[2.0054393, 1.0560677, 0.9181796, 0.03119214]
[1.9015932, 0.9080554, 0.9650983, 0.028439526]
[1.9288236, 0.9202744, 0.9775309, 0.031018324]
[1.9540461, 0.89026135, 1.0291893, 0.034595333]
[1.8907893, 0.9515649, 0.90609634, 0.03312806]
[1.9649541, 1.0704342, 0.8622302, 0.032289803]
[1.8253524, 0.7818237, 1.0108273, 0.032701485]
[1.970443, 1.168381, 0.7638056, 0.038256414]
[1.977687, 0.9446686, 0.99785036, 0.035168007]
[1.966241, 1.0849857, 0.84899306, 0.032262236]
[1.921103, 0.8032032, 1.0853437, 0.032556083]
[1.9462935, 1.0408087, 0.8703804, 0.035104383]
[1.9455466, 0.98820466, 0.9209384, 0.03640367]
[1.9450498, 0.9778383, 0.9332355, 0.033976004]
[1.9815162, 0.89671206, 1.0496719, 0.03513225]
[1.9757322, 1.0683012, 0.874553, 0.032878034]
[1.9597917, 1.0794462, 0.8467131, 0.033632234]
[1.9512979, 0.9131196, 1.0042728, 0.03390535]
[1.8689281, 0.92929363, 0.9035315, 0.03610285]
[2.0074775, 0.9404323, 1.0323521, 0.0346931]
[1.8678013, 0.9116547, 0.92169726, 0.0344493]
[1.8609868, 0.89468074, 0.92985034, 0.03645578]
[2.0151615, 0.9527118, 1.0249455, 0.03750423]
[1.9965153, 1.1061119, 0.85345733, 0.036946096]
[2.010665, 0.8684833, 1.1107752, 0.031406313]
[1.9465563, 1.0303853, 0.8786684, 0.037502617]
[1.928053, 0.9766763, 0.915873, 0.035503775]
[1.9103361, 0.9867958, 0.88604236, 0.037497982]
[1.902399, 1.0184135, 0.84277606, 0.04120938]
[1.8419316, 0.8634086, 0.9406785, 0.037844446]
[1.9690846, 0.9576574, 0.96849924, 0.042928018]
[1.8787105, 0.821046, 1.0170437, 0.040620804]
[1.9297523, 0.9741647, 0.9124657, 0.043121923]
[1.9968694, 0.916582, 1.0408974, 0.039390035]
[1.94658, 0.96025944, 0.9433017, 0.043018896]
[2.0197299, 1.0671502, 0.91063476, 0.041944936]
[1.9880849, 0.9013821, 1.0473757, 0.039327092]
[1.874622, 0.9208572, 0.9143397, 0.039424986]
[1.9721638, 0.9691295, 0.9603275, 0.042706903]
[2.0256014, 1.0577796, 0.92913187, 0.038690075]
[2.0308385, 0.8675618, 1.1242812, 0.03899561]
[1.8718129, 0.93449104, 0.8996691, 0.037652873]
[1.8783548, 0.9066821, 0.9326679, 0.03900483]
[2.0624087, 1.016209, 1.0011969, 0.045002643]
[1.9803363, 0.853011, 1.0886011, 0.038724147]
[1.9467953, 0.9803235, 0.9282717, 0.038200095]
[2.0032036, 0.9242568, 1.0425756, 0.036371306]
[1.9925882, 1.0368049, 0.91795367, 0.03782954]
[1.910833, 0.9594749, 0.9176098, 0.033748254]
[1.9068816, 0.8860772, 0.9838793, 0.03692508]
[2.0097225, 1.0710552, 0.8927907, 0.045876622]
[1.8918295, 1.0197823, 0.8375604, 0.03448675]
[1.8807372, 0.84853715, 0.9951986, 0.037001498]
[1.9131191, 0.9132824, 0.9614794, 0.038357258]
[1.9920436, 0.9193561, 1.030083, 0.042604588]
[1.8959337, 0.8808708, 0.977514, 0.037548937]
[1.9825674, 0.9339254, 1.0127634, 0.035878688]
[1.8509849, 0.99111205, 0.81790626, 0.041966535]
[1.8466806, 0.89254874, 0.91233873, 0.041793104]
[1.945912, 0.9695707, 0.93408006, 0.042261243]
[1.834097, 0.97187066, 0.8159389, 0.046287417]
[2.0143518, 0.8634181, 1.1049122, 0.046021655]
[1.9411448, 1.1573759, 0.73625624, 0.047512703]
[1.9375862, 0.76648426, 1.1246746, 0.046427395]
[2.1306021, 1.2579553, 0.830564, 0.04208272]
[1.951135, 0.88796484, 1.0250477, 0.038122512]
[2.029957, 1.0385731, 0.9524958, 0.038888134]
[1.9072268, 0.97516525, 0.8957931, 0.036268413]
[1.8602785, 0.92886996, 0.8921778, 0.039230652]
[1.9370908, 0.9265982, 0.9678059, 0.04268655]
[1.9003466, 0.8878101, 0.9662015, 0.046335094]
[2.0364003, 1.018181, 0.9703938, 0.04782559]
[1.9923236, 1.0885001, 0.8617887, 0.04203483]
[1.9642864, 0.8708677, 1.0527756, 0.04064315]
[2.067719, 1.070019, 0.95329434, 0.044405803]
[1.9991639, 0.8656527, 1.0946451, 0.038866002]
[1.8831117, 0.89836824, 0.94286656, 0.04187697]
[1.9225515, 0.9550234, 0.92499495, 0.042533126]
[1.9512949, 0.9205308, 0.9863339, 0.044430263]
[1.934893, 0.9649111, 0.92849064, 0.041491304]
[1.9587966, 0.9757545, 0.93990004, 0.043142118]
[1.9220655, 0.9305564, 0.95131487, 0.040194273]
[1.9405029, 0.8957845, 0.9975723, 0.04714612]
[2.01602, 1.020311, 0.95274115, 0.04296783]
[2.1216228, 1.0205842, 1.061368, 0.03967064]
[1.9333553, 1.0686167, 0.8308488, 0.03388979]
[1.9834281, 0.9836432, 0.9608841, 0.038900834]
[1.952597, 0.89913726, 1.0175295, 0.035930254]
[1.9518158, 0.90115106, 1.0145066, 0.036158204]
[1.9426839, 0.9677665, 0.93855184, 0.036365524]
[1.933953, 1.0304978, 0.8672615, 0.036193676]
[1.804555, 0.7766323, 0.9934294, 0.034493323]
[2.0330095, 0.94347537, 1.0480013, 0.041532833]
[1.9014096, 0.98602515, 0.87465644, 0.040728137]
[2.0242114, 0.9226134, 1.059654, 0.041944027]
[1.91832, 1.1001724, 0.7810869, 0.037060656]
[6.9186115, 2.9191687, 0.34871015, 3.6507325]
[3.714103, 0.037052326, 3.1257522, 0.5512984]
[1.9963876, 0.86554277, 1.1261086, 0.0047361543]
[2.000457, 0.9277953, 1.0674405, 0.00522136]
[1.9401065, 0.86861175, 1.0660553, 0.005439342]
[2.009297, 0.93550646, 1.0672934, 0.006496954]
[2.0177662, 0.91492677, 1.097274, 0.005565498]
[1.9884598, 0.9937682, 0.98909974, 0.0055918666]
[1.9700973, 0.9656354, 0.9984745, 0.005987445]
[1.9573199, 0.9398434, 1.0120318, 0.005444646]
[1.9643582, 0.98698735, 0.97102785, 0.006343019]
[1.9391016, 0.96270835, 0.96958435, 0.0068089133]
[1.9916308, 1.0264379, 0.95818514, 0.007007787]
[1.9862075, 0.95568776, 1.0238476, 0.0066721276]
[2.0254219, 1.035671, 0.98216486, 0.0075859004]
[2.0178947, 0.9971324, 1.013661, 0.0071012387]
[1.9777042, 0.9612337, 1.0101302, 0.00634042]
[1.9705659, 0.9768342, 0.98737466, 0.0063570347]
[1.9792213, 0.9843689, 0.9875916, 0.0072607473]
[2.0180745, 1.0719495, 0.9385332, 0.0075917854]
[1.981393, 1.0495529, 0.924819, 0.007021035]
[2.081861, 1.0954952, 0.97926927, 0.0070965295]
[2.0515997, 1.033876, 1.0113125, 0.0064113312]
[1.9890653, 1.0703933, 0.9122655, 0.0064064134]
[1.976661, 1.061608, 0.90814245, 0.00691057]
[1.936794, 1.0438243, 0.88699275, 0.0059768856]
[2.0275893, 1.0593135, 0.9618553, 0.006420547]
[2.0537775, 1.0258782, 1.0213366, 0.006562778]
[1.9992846, 0.9839083, 1.0096852, 0.005691153]
[1.9990846, 1.0088923, 0.9834795, 0.006712761]
[1.9551148, 0.95192087, 0.99749786, 0.0056959987]
[2.000439, 1.0202048, 0.9740496, 0.006184539]
[2.0231802, 1.0768824, 0.9406711, 0.005626847]
[2.005481, 1.0228858, 0.9777863, 0.004808788]
[1.9878535, 1.001305, 0.9804523, 0.0060962993]
[1.9602674, 1.0176445, 0.9370543, 0.0055686394]
[1.9833051, 1.0134066, 0.9640396, 0.005858735]
[1.9340417, 1.0346346, 0.89337224, 0.0060348934]
[1.9632764, 1.0068517, 0.95051205, 0.0059126527]
[1.9468378, 1.032897, 0.9079195, 0.00602125]
[2.030003, 1.0383248, 0.9856096, 0.0060688006]
[1.9240528, 0.9809076, 0.9366345, 0.006510759]
[1.9466983, 1.0623045, 0.877027, 0.0073667224]
[1.9662011, 1.0552986, 0.903589, 0.007313547]
[1.9877505, 1.0160391, 0.9644365, 0.0072748987]
[2.0283182, 1.0606699, 0.96014196, 0.0075063193]
[1.9971459, 1.0635617, 0.92701876, 0.0065654186]
[1.9772658, 1.0195699, 0.95034707, 0.0073489463]
[1.99988, 0.9515397, 1.041495, 0.0068453248]
[1.9681152, 1.0218301, 0.93858176, 0.0077033797]
[2.0037208, 1.0689937, 0.92700624, 0.0077209333]
[1.9889497, 1.0181173, 0.9637684, 0.007063996]
[2.0156965, 0.99321526, 1.0147381, 0.0077432357]
[1.9882252, 1.0704659, 0.91095155, 0.0068078414]
[2.061386, 1.1377169, 0.91598445, 0.0076846834]
[2.0000098, 1.0414681, 0.95221555, 0.006326009]
[2.0261302, 0.9928224, 1.0266291, 0.0066785784]
[1.9600444, 0.9968294, 0.95618284, 0.00703212]
[2.032744, 1.0234392, 1.0021398, 0.00716503]
[1.9535676, 1.0159364, 0.93105984, 0.0065714456]
[2.0019028, 1.0068544, 0.988503, 0.006545307]
[2.0110998, 1.0313663, 0.97285604, 0.006877362]
[2.0039802, 1.0046637, 0.9922607, 0.007055876]
[1.9744549, 0.99836224, 0.968871, 0.007221735]
[1.9761249, 1.0208951, 0.94824135, 0.0069884565]
[1.9753953, 1.0221109, 0.94567364, 0.007610639]
[1.9348291, 0.9712273, 0.95649743, 0.007104355]
[1.9695793, 1.0026689, 0.958717, 0.00819351]
[1.9604448, 1.0547442, 0.897784, 0.007916523]
[1.9614834, 0.9761002, 0.97609806, 0.0092851315]
[1.9190359, 1.0129336, 0.8971332, 0.008969093]
[1.938198, 0.9692041, 0.95932734, 0.009666549]
[1.9224643, 0.95798004, 0.95413095, 0.0103531545]
[1.9704612, 0.94631726, 1.0131884, 0.010955664]
[1.9134122, 0.93900824, 0.96248025, 0.011923643]
[1.9051433, 0.9354322, 0.9570925, 0.012618573]
[2.0074105, 0.9027467, 1.0908253, 0.013838505]
[1.9933159, 0.9572966, 1.0228994, 0.013119904]
[2.049527, 0.9953843, 1.0407991, 0.013343516]
[1.9994317, 0.9592926, 1.0270681, 0.013070891]
[1.9993491, 0.94962764, 1.0384547, 0.0112667885]
[1.9269046, 0.8853353, 1.0303357, 0.0112335775]
[2.0162213, 0.9809306, 1.0215235, 0.0137673]
[1.9144515, 0.8924742, 1.0083046, 0.013672692]
[1.9542594, 0.895587, 1.0442114, 0.014461006]
[1.979623, 0.8971454, 1.068788, 0.013689506]
[1.9563695, 1.0146031, 0.92816675, 0.013599591]
[2.0037599, 0.94068116, 1.0450602, 0.018018596]
[2.0273502, 0.94848496, 1.0625126, 0.016352694]
[1.954496, 0.9321728, 1.0070493, 0.015273904]
[1.9951916, 0.95128214, 1.0271055, 0.01680404]
[1.9972203, 0.94318676, 1.0374779, 0.016555656]
[1.939813, 0.96896625, 0.9547695, 0.016077273]
[1.9690489, 0.9066773, 1.0470281, 0.015343582]
[1.9323218, 0.9086039, 1.007046, 0.016671943]
[1.9494724, 0.8494859, 1.0835918, 0.016394794]
[1.9513457, 0.9065125, 1.0281621, 0.01667107]
[2.0353444, 0.9290808, 1.0884198, 0.01784361]
[1.9818197, 0.99053067, 0.9752997, 0.015989374]
[1.99222, 0.9033862, 1.0725219, 0.016312048]
[1.970714, 0.9916756, 0.9627905, 0.016247824]
[1.9319217, 0.9447299, 0.96909106, 0.018100701]
[1.9798026, 0.98262763, 0.9797708, 0.017404227]
[1.9355557, 1.0119808, 0.9053794, 0.01819554]
[1.9566197, 0.9344618, 1.004698, 0.0174599]
[1.9486737, 0.94970953, 0.981411, 0.017553162]
[1.9775249, 0.90696836, 1.0504197, 0.02013687]
[2.0010698, 0.9841387, 0.9988513, 0.018079747]
[1.937131, 0.95000446, 0.9695005, 0.017626207]
[1.9655455, 0.9724027, 0.9738259, 0.019317068]
[1.962372, 0.9951196, 0.94866616, 0.018586233]
[1.9175239, 1.0111973, 0.8874459, 0.018880596]
[1.9581594, 0.9729836, 0.965199, 0.019976867]
[1.9445865, 1.0200012, 0.90524274, 0.019342698]
[1.9240428, 0.98008215, 0.92183495, 0.022125706]
[1.9382957, 1.0156946, 0.90045106, 0.022150096]
[2.0155475, 0.92261773, 1.0697768, 0.0231531]
[1.918979, 0.9381511, 0.957417, 0.023410924]
[1.9946729, 0.9349377, 1.0343556, 0.025379565]
[1.8922551, 0.87847394, 0.99014294, 0.0236382]
[2.0111828, 0.9712331, 1.0164702, 0.023479477]
[1.9898863, 1.0228744, 0.9445192, 0.022492662]
[1.9683725, 0.88323975, 1.0613753, 0.023757458]
[1.9532406, 0.94430006, 0.9844403, 0.0245003]
[1.9127564, 0.94868654, 0.93962973, 0.024440149]
[1.9008389, 0.90847456, 0.966838, 0.025526296]
[1.998881, 0.9812083, 0.990167, 0.027505636]
[1.991478, 0.9419284, 1.0211138, 0.028435858]
[1.9159266, 0.98769224, 0.90003824, 0.02819606]
[1.9391043, 0.9291281, 0.98272324, 0.027252855]
[1.9986427, 0.9128295, 1.0553535, 0.030459667]
[1.9313109, 0.9657379, 0.9373423, 0.028230663]
[1.9525129, 0.93352735, 0.990009, 0.02897653]
[1.8689499, 0.8186926, 1.0206792, 0.029577913]
[1.9253271, 0.94040644, 0.9528316, 0.032089047]
[1.8353577, 0.9198698, 0.8821933, 0.033294618]
[1.9416701, 0.97886956, 0.9305001, 0.032300368]
[1.9093398, 0.9298961, 0.94361055, 0.035833076]
[1.977789, 0.8918039, 1.0514551, 0.03453]
[2.0174673, 1.0356097, 0.94580305, 0.036054455]
[1.9415058, 0.99494255, 0.91046035, 0.036102876]
[1.9585648, 1.0427942, 0.8850178, 0.030752622]
[1.9925895, 0.9134856, 1.0404186, 0.038685314]
[2.0003586, 1.0277799, 0.9407098, 0.031868733]
[1.9455618, 1.0005493, 0.911254, 0.033758536]
[1.988109, 1.0383835, 0.91612685, 0.033598684]
[1.9131588, 0.8625569, 1.0177003, 0.03290163]
[2.0224347, 0.98295325, 1.0090879, 0.03039357]
[2.0663657, 1.059448, 0.9763626, 0.030555137]
[1.9252242, 0.9902117, 0.9045031, 0.030509375]
[2.038647, 1.0237225, 0.98519504, 0.029729463]
[1.9344822, 1.0350635, 0.8709613, 0.028457444]
[1.9417572, 0.8492698, 1.059586, 0.03290131]
[1.9494371, 0.9459387, 0.97011864, 0.033379845]
[1.8951952, 0.92995685, 0.931219, 0.034019504]
[2.1004484, 1.0125924, 1.0524781, 0.035377737]
[1.9532238, 0.9968345, 0.9244391, 0.031950206]
[1.9201665, 0.9702117, 0.92109185, 0.028863]
[1.9160075, 0.8844942, 0.99635756, 0.03515583]
[1.9052204, 0.9686899, 0.90271974, 0.033810712]
[1.9249002, 0.8841883, 1.0031902, 0.03752169]
[1.9321427, 1.0431026, 0.8554654, 0.03357473]
[2.0134597, 1.1673924, 0.80998284, 0.036084466]
[1.902573, 0.96501124, 0.9053999, 0.032161817]
[1.9268962, 0.85412896, 1.0410619, 0.03170535]
[2.0615895, 0.9947947, 1.0307525, 0.03604218]
[1.9993715, 1.1099582, 0.85281813, 0.036595188]
[1.9636625, 1.0034206, 0.9275645, 0.032677375]
[1.9939622, 0.9147011, 1.0443571, 0.03490396]
[1.8852651, 0.8869815, 0.96381295, 0.03447063]
[2.0617847, 1.03307, 0.9906465, 0.038068257]
[1.8579034, 0.9280379, 0.89563525, 0.034230255]
[1.9036819, 1.0112522, 0.8498095, 0.04262016]
[1.8265693, 0.9348184, 0.8526066, 0.039144218]
[1.971974, 0.9066911, 1.023139, 0.042143926]
[1.9628553, 1.0455146, 0.8753078, 0.042032935]
[1.8452004, 0.9177904, 0.8838439, 0.043566097]
[1.9682974, 0.99548984, 0.9284712, 0.044336345]
[1.8851061, 1.0332359, 0.8095461, 0.042324062]
[2.0473566, 0.9543539, 1.0473515, 0.04565113]
[2.1049542, 1.0612242, 1.0033876, 0.04034242]
[2.0016983, 0.9033062, 1.0574923, 0.040899854]
[2.0275795, 1.0448709, 0.94272757, 0.0399812]
[1.9892241, 0.92129517, 1.0336537, 0.03427522]
[1.8734466, 0.8238432, 1.0131379, 0.036465578]
[1.9244113, 0.91944325, 0.96284705, 0.04212093]
[1.9418154, 0.9863136, 0.91506565, 0.0404362]
[1.9189627, 0.8829274, 0.996506, 0.039529324]
[1.9347072, 0.9899959, 0.90055364, 0.044157617]
[1.9272281, 0.96698594, 0.9183779, 0.041864246]
[1.9861598, 0.91651034, 1.0266912, 0.04295824]
[1.9485077, 0.84259105, 1.0611733, 0.04474335]
[1.8239785, 0.85174, 0.9298143, 0.0424243]
[2.0015686, 0.9051185, 1.0515916, 0.04485855]
[2.0181081, 1.0613407, 0.9107722, 0.045995172]
[1.8959624, 0.802204, 1.0498105, 0.043947853]
[2.0088186, 1.0727673, 0.89186466, 0.044186607]
[2.1337729, 1.0562153, 1.0254574, 0.05210027]
[1.979498, 0.94759536, 0.99177295, 0.040129833]
[1.8405476, 0.94300693, 0.85674685, 0.040793806]
[1.9694752, 0.96431565, 0.9613526, 0.043806955]
[1.8338405, 0.85209924, 0.93900025, 0.04274092]
[1.9682039, 0.9471236, 0.97541463, 0.045665585]
[1.9115953, 0.897719, 0.96873397, 0.045142457]
[2.0357835, 0.9443582, 1.0436685, 0.04775674]
[1.9928663, 1.0052598, 0.9441618, 0.0434448]
[2.032363, 1.0893701, 0.898705, 0.04428778]
[2.0237646, 1.0068159, 0.9776325, 0.03931628]
[2.0390131, 1.0898383, 0.9084275, 0.040747333]
[1.9114732, 0.88241875, 0.99424183, 0.034812618]
[1.9576057, 0.92105603, 0.9973332, 0.039216407]
[1.9023316, 0.8884909, 0.9758166, 0.038024098]
[1.8840871, 0.9493445, 0.89732814, 0.03741448]
[2.0012863, 0.9170841, 1.0423048, 0.041897353]
[1.9611646, 1.0717162, 0.8474723, 0.041976057]
[1.833498, 0.8751908, 0.9213512, 0.036956042]
[2.0755336, 1.0474235, 0.9865398, 0.041570403]
[2.017466, 0.94443893, 1.0375985, 0.035428625]
[1.9045607, 0.8652064, 0.99982953, 0.039524674]
[1.9410834, 1.0355633, 0.8668207, 0.038699392]
[1.8642421, 0.7190306, 1.1076859, 0.037525535]
[1.912689, 0.89535224, 0.97620755, 0.041129097]
[2.1265664, 1.0659397, 1.0192156, 0.041411154]
[1.971607, 0.93006486, 1.0022082, 0.039333798]
[1.9229784, 1.0149217, 0.86668444, 0.041372314]
[2.0006464, 0.9410658, 1.0230191, 0.036561564]
[2.0538406, 1.0295058, 0.9821129, 0.04222198]
[2.022585, 0.94385993, 1.0409334, 0.037791625]
[2.058123, 1.0177522, 1.0025299, 0.037841104]
[2.0386357, 1.0629325, 0.9404256, 0.035277683]
[1.9873849, 0.92929155, 1.023486, 0.034607276]
[1.9383963, 1.0094454, 0.89814293, 0.03080801]
[1.9938087, 0.9719595, 0.9867769, 0.035072304]
[1.8758374, 0.93099385, 0.91238433, 0.032459266]
[1.94685, 0.8917024, 1.0205852, 0.034562357]
[1.999627, 1.1327646, 0.83109796, 0.03576444]
[1.9190841, 0.9181222, 0.9646586, 0.036303323]
[1.9461094, 0.9257613, 0.986008, 0.0343401]
[1.965282, 0.92605615, 1.0030996, 0.03612624]
[2.002422, 0.9294361, 1.0369595, 0.036026444]
[2.0187771, 1.1426327, 0.84265554, 0.03348896]
[1.9984418, 1.0113313, 0.9542432, 0.032867353]
[1.8824849, 0.9078487, 0.94621813, 0.028418072]
[1.9900274, 1.0316945, 0.92360336, 0.034729533]
[1.9181445, 0.95312583, 0.93157005, 0.03344857]
[1.9538155, 1.0380456, 0.8817217, 0.034048095]
[2.0030618, 0.9418997, 1.0277474, 0.03341467]
[2.0356257, 1.0385396, 0.96087193, 0.03621414]
[1.9702246, 1.0254056, 0.912317, 0.03250199]
[1.9332665, 0.9017059, 0.9992002, 0.032360468]
[1.923426, 0.82375646, 1.0675415, 0.032128133]
[1.9558192, 0.8706159, 1.0507619, 0.034441307]
[1.9261363, 1.0815328, 0.810655, 0.033948377]
[1.9681404, 0.86636627, 1.0664659, 0.03530828]
[1.9645382, 1.0665462, 0.8635758, 0.034416236]
[1.9833513, 0.9059099, 1.0416739, 0.035767592]
[1.9354271, 0.8723539, 1.0290327, 0.034040466]
[1.9250501, 0.9513383, 0.93912053, 0.03459137]
[2.0009325, 1.0571716, 0.9104521, 0.033308707]
[1.9679368, 0.96569055, 0.96866095, 0.03358529]
[1.8439289, 0.9162538, 0.89042675, 0.037248407]
[1.9183488, 0.97709686, 0.90244937, 0.03880257]
[1.9687111, 1.0461266, 0.8831633, 0.03942127]
[1.9563304, 0.9990474, 0.9220028, 0.035280205]
[2.0013094, 1.043503, 0.91938454, 0.038421765]
[2.0898156, 1.0844538, 0.9694857, 0.035875935]
[2.0179534, 0.8548714, 1.1298826, 0.03319934]
[1.9704416, 0.9118061, 1.0283592, 0.030276336]
[1.9139824, 0.9618114, 0.91867054, 0.03350048]
[1.8294924, 0.9138522, 0.8837583, 0.03188191]
[1.9660156, 0.9735327, 0.9582217, 0.03426122]
[1.9562874, 0.94149154, 0.9802093, 0.034586504]
[1.9787589, 0.96561944, 0.9752108, 0.037928738]
[1.9248763, 0.99033463, 0.8977425, 0.036799166]
[1.9325676, 0.9609693, 0.93652534, 0.03507288]
[2.0061736, 1.0392531, 0.93100554, 0.035914786]
[1.9227009, 0.92446506, 0.96322703, 0.035008762]
[1.9382602, 0.95600826, 0.9424947, 0.039757293]
[1.9709339, 0.9469476, 0.9869073, 0.037079122]
[1.9818752, 0.9143191, 1.0296785, 0.03787751]
[1.9384375, 1.0140762, 0.8891331, 0.03522809]
[1.9594923, 0.85890234, 1.061399, 0.039191052]
[1.9073545, 0.87642556, 0.991161, 0.03976784]
[1.9343548, 0.94651866, 0.9499155, 0.037920542]
[1.9265783, 1.0260253, 0.8625994, 0.0379536]
[1.899912, 0.85591424, 1.0034614, 0.040536437]
[1.8656493, 0.83691156, 0.98524433, 0.043493412]
[1.9736195, 1.0733076, 0.85645795, 0.04385391]
[1.9518507, 1.0710088, 0.8381313, 0.042710535]
[1.9234756, 0.9277625, 0.95525354, 0.040459476]
[1.9202117, 0.9380338, 0.9420128, 0.040165056]
[2.0089736, 1.0557314, 0.90625703, 0.046985224]
[1.9777324, 1.138777, 0.7934607, 0.045494694]
[2.001705, 1.0029569, 0.95814705, 0.040601052]
[1.9177519, 0.88364637, 0.99487156, 0.039234098]
[1.9861522, 1.0739465, 0.86950207, 0.04270363]
[1.977029, 1.0597523, 0.8750726, 0.04220403]
[1.8854579, 0.93795884, 0.906193, 0.041305993]
[1.8849152, 0.9213995, 0.924891, 0.03862475]
[1.9664478, 1.0899037, 0.83270216, 0.0438419]
[1.8940877, 0.93228346, 0.9168465, 0.044957805]
[2.0082247, 1.075182, 0.89409375, 0.03894902]
[1.914486, 0.9365338, 0.93522763, 0.04272463]
[2.074722, 1.022445, 1.0091313, 0.04314594]
[1.9730572, 0.7475898, 1.186203, 0.039264306]
[1.9549226, 1.1186578, 0.7947382, 0.041526526]
[1.9228808, 0.83699775, 1.0450449, 0.040838175]
[1.8609074, 0.96168184, 0.8600148, 0.039210778]
[1.9358966, 0.9234676, 0.9721661, 0.040262945]
[1.8710855, 0.975161, 0.8552433, 0.040681295]
[2.184878, 0.96492004, 1.1760974, 0.04386068]
[1.8556385, 1.0335398, 0.78426194, 0.037836798]
[1.9953599, 0.9859333, 0.9694448, 0.039981846]
[1.8870981, 1.0132973, 0.83881867, 0.03498213]
[1.8571652, 0.8799795, 0.9391196, 0.03806611]
[1.9989733, 1.0230632, 0.93113697, 0.044773087]
[1.9548744, 0.9788313, 0.9343928, 0.041650243]
[2.1135166, 1.1124654, 0.9576649, 0.043386143]
[1.972087, 0.8507738, 1.0796659, 0.041647367]
[2.0098348, 1.077425, 0.8966762, 0.035733473]
[1.9036033, 0.8728743, 0.9962882, 0.03444072]
[2.0029776, 1.0395874, 0.9256456, 0.03774475]
[2.0133827, 1.0951645, 0.8822464, 0.035971865]
[1.914254, 0.93761504, 0.9467348, 0.02990415]
[1.9532664, 0.94694394, 0.9713167, 0.035005804]
[1.9529661, 0.98119175, 0.9352155, 0.036558814]
[1.9870236, 1.0212724, 0.92921567, 0.03653546]
[2.0496216, 1.1770205, 0.8351779, 0.037423134]
[1.8861454, 0.8374789, 1.0191048, 0.029561589]
[2.0242302, 0.992514, 0.9972093, 0.034506846]
[2.025519, 1.058249, 0.93538797, 0.031881895]
[2.0175962, 0.89554477, 1.0916482, 0.030403245]
[2.0065343, 0.9195589, 1.0579779, 0.028997626]
[1.8200821, 0.74738854, 1.0454357, 0.027257847]
[1.994888, 1.0361803, 0.92600465, 0.032703012]
[1.9245751, 0.76833844, 1.1247451, 0.031491518]
[1.9988006, 1.0954075, 0.871341, 0.032052122]
[1.9205514, 0.891673, 0.9945089, 0.034369495]
[1.9765779, 0.92655927, 1.0176446, 0.032373976]
[2.0267887, 0.972082, 1.0182319, 0.03647486]
[2.0453603, 1.0071033, 1.0018024, 0.03645441]
[1.9098682, 0.8958188, 0.98130655, 0.032742817]
[1.9579747, 1.014551, 0.9107298, 0.032693822]
[1.8861966, 0.89840317, 0.9543865, 0.033406958]
[1.9788817, 0.9327054, 1.0102421, 0.035934187]
[1.9083878, 0.93981636, 0.9369949, 0.031576484]
[1.987943, 1.0191568, 0.93177605, 0.03701023]
[2.0018878, 1.0106374, 0.9548245, 0.036425866]
[1.8968655, 0.98381793, 0.878129, 0.0349186]
[1.8760974, 0.9136564, 0.9248786, 0.037562393]
[1.9366486, 0.85738367, 1.0417342, 0.037530646]
[1.83833, 0.8251135, 0.973844, 0.039372623]
[2.0536273, 1.1230211, 0.89091414, 0.03969203]
[1.9673952, 0.9390402, 0.9860956, 0.042259365]
[2.0647712, 1.1203833, 0.9053812, 0.039006606]
[1.9564822, 0.93392104, 0.988176, 0.03438522]
[1.9709364, 0.9243398, 1.0111924, 0.035404168]
[2.0529625, 1.0616994, 0.95869225, 0.032570742]
[2.0916593, 1.029, 1.0288177, 0.033841517]
[1.9412497, 0.973265, 0.9379532, 0.03003153]
[1.9300884, 0.9621297, 0.93715143, 0.03080726]
[1.9791311, 1.0392854, 0.9054735, 0.034372184]
[1.9137982, 0.98391515, 0.89764607, 0.032236986]
[1.9456512, 0.9332578, 0.97973347, 0.03265988]
[2.0211875, 0.990236, 0.9950972, 0.035854243]
[2.0422068, 0.99164796, 1.0195408, 0.031018078]
[1.9899123, 1.0258961, 0.9327421, 0.03127402]
[1.9160873, 0.9476471, 0.934256, 0.034184128]
[1.9862603, 1.083818, 0.87319994, 0.029242355]
[1.9551806, 0.8274739, 1.0953242, 0.03238266]
[1.8215091, 0.8328782, 0.9570102, 0.03162073]
[1.9233814, 0.94877124, 0.9410797, 0.03353054]
[1.8790892, 0.8353745, 1.0078932, 0.035821527]
[2.0129945, 0.8224594, 1.15733, 0.033205103]
[1.9458375, 0.9014846, 1.0091277, 0.035225097]
[1.980258, 1.0028309, 0.9442955, 0.03313157]
[1.9765881, 1.0471156, 0.8892961, 0.04017653]
[1.989444, 0.9355479, 1.0170392, 0.03685688]
[2.0118968, 0.8736921, 1.1021706, 0.036034133]
[1.9437404, 1.0274516, 0.8843794, 0.031909384]
[2.0039027, 0.9984194, 0.97175175, 0.033731498]
[1.9909399, 1.0444086, 0.9145825, 0.031948794]
[1.9673395, 0.9958628, 0.9405464, 0.030930297]
[1.8716565, 0.96422446, 0.873733, 0.03369911]
[1.9816848, 1.0032651, 0.9436812, 0.034738395]
[1.9049789, 0.9875279, 0.8885801, 0.028870907]
[1.9030716, 0.83384734, 1.0350499, 0.034174472]
[1.9600807, 0.906447, 1.0218365, 0.03179731]
[1.9547133, 1.0305402, 0.8917367, 0.032436423]
[2.0376668, 0.9913911, 1.0105791, 0.035696596]
[1.9351507, 0.951676, 0.9478521, 0.035622675]
[1.9260947, 0.8857986, 1.0059316, 0.03436442]
[2.076847, 0.9682856, 1.0775754, 0.030986026]
[1.9817584, 1.0287817, 0.9183217, 0.03465493]
[1.9341773, 1.0433781, 0.85691285, 0.033886306]
[1.9852715, 0.96634066, 0.98722214, 0.031708658]
[1.9255377, 0.9137814, 0.98034215, 0.031414114]
[1.9801124, 0.94064945, 1.0067184, 0.032744534]
[1.8868512, 0.92928374, 0.92739385, 0.030173704]
[2.0125918, 0.9875008, 0.9924848, 0.032606233]
[1.951692, 0.9257775, 0.9922747, 0.03363977]
[1.9471734, 1.0160165, 0.8988447, 0.03231214]
[1.9630781, 0.97066116, 0.9630091, 0.029407829]
[1.9472108, 0.85991603, 1.0599071, 0.027387667]
[1.9558367, 1.1162775, 0.802981, 0.036578216]
[1.9756612, 1.0267234, 0.91725874, 0.031679027]
[2.0190356, 0.90757763, 1.0807445, 0.030713545]
[1.981476, 1.010248, 0.9397571, 0.031470902]
[1.9963995, 1.0102363, 0.95309556, 0.03306769]
[1.9872208, 1.0756674, 0.88352907, 0.028024267]
[1.9340374, 0.87091315, 1.031835, 0.031289395]
[1.8817097, 0.9939523, 0.85865223, 0.02910519]
[1.951645, 0.9501242, 0.96758586, 0.033935003]
[1.843158, 0.9790766, 0.8298442, 0.034237154]
[2.0149262, 1.0603384, 0.9172008, 0.03738699]
[2.020658, 0.773149, 1.2142719, 0.033237018]
[1.9449785, 1.0390608, 0.87306535, 0.03285228]
[1.9556092, 0.8270136, 1.0940921, 0.034503516]
[1.9577404, 1.0204468, 0.89955425, 0.03773939]
[2.1066136, 1.161254, 0.9132801, 0.032079495]
[1.9002546, 0.8199932, 1.047014, 0.033247396]
[1.9846649, 1.0389063, 0.9124353, 0.033323273]
[1.9452078, 0.87952125, 1.0320388, 0.033647783]
[1.8839014, 0.9528155, 0.8998056, 0.031280287]
[1.949841, 0.9572206, 0.9512621, 0.0413582]
[2.0778427, 1.0044316, 1.0384588, 0.034952126]
[1.9785748, 1.1108229, 0.83280826, 0.034943543]
[1.874671, 0.98768747, 0.85572946, 0.0312541]
[1.9845806, 1.1273524, 0.8194059, 0.037822388]
[1.9302253, 0.91858023, 0.97642505, 0.035219975]
[1.8919687, 0.98349607, 0.8730266, 0.0354461]
[1.996165, 1.0103337, 0.9483736, 0.03745775]
[1.9350625, 0.9057969, 0.99464273, 0.03462291]
[1.985961, 1.0591917, 0.892272, 0.034497246]
[1.9444973, 0.8333559, 1.075944, 0.03519746]
[1.9705728, 1.0352762, 0.8998394, 0.03545726]
[2.010079, 0.89979726, 1.0690687, 0.041212942]
[1.9814836, 1.046876, 0.8997824, 0.03482521]
[2.0443294, 0.9654761, 1.0453938, 0.03345939]
[1.980499, 0.98020804, 0.9658547, 0.034436196]
[1.9315603, 1.0310519, 0.8660915, 0.034416854]
[2.0076256, 0.9586357, 1.0159762, 0.033013746]
[1.8887599, 0.96813893, 0.8933829, 0.027238026]
[6.608302, 3.2757778, 0.2173109, 3.1152136]
[2.335953, 0.26655793, 2.0620122, 0.007382772]
[2.1280234, 0.53223723, 1.5916679, 0.0041182116]
[2.0442367, 0.6507069, 1.3901532, 0.0033764034]
[2.038636, 0.7299732, 1.3064196, 0.0022432306]
[1.9974549, 0.8092249, 1.1864107, 0.0018193239]
[2.0073333, 0.8435322, 1.1623319, 0.0014690729]
[1.9775194, 0.8665109, 1.1095595, 0.0014490223]
[1.9837257, 0.860492, 1.1215432, 0.0016904918]
[1.9844034, 0.877776, 1.1049621, 0.001665212]
[1.984265, 0.88412154, 1.0985599, 0.0015836048]
[1.9711884, 0.89919007, 1.0703216, 0.0016768468]
[1.9759599, 0.93611777, 1.038429, 0.0014130968]
[1.9543892, 0.9434141, 1.0095234, 0.001451703]
[1.9785439, 0.9680523, 1.0090528, 0.001438688]
[1.9621372, 0.96133816, 0.99915516, 0.0016439041]
[1.9876779, 0.977874, 1.0080367, 0.0017672972]
[1.9708686, 1.0017294, 0.9674486, 0.001690668]
[1.9678501, 0.973186, 0.9928639, 0.0018001539]
[1.9437296, 0.95611405, 0.98566425, 0.0019513043]
[1.9475893, 0.9749394, 0.9707422, 0.0019077323]
[1.9717158, 1.0026262, 0.9668803, 0.0022092995]
[1.9815651, 1.0245907, 0.95496356, 0.0020107883]
[1.9438586, 0.9916895, 0.9500064, 0.0021626588]
[1.980443, 0.9813108, 0.99673665, 0.0023955838]
[1.9297329, 0.9524412, 0.97444814, 0.0028435434]
[1.9511731, 1.0116833, 0.9370884, 0.002401391]
[1.9465423, 1.0579472, 0.88617027, 0.0024248308]
[1.9359118, 0.9984634, 0.93460107, 0.0028473432]
[1.9313806, 1.0296342, 0.8986064, 0.003139972]
[1.9645537, 1.0092614, 0.9517778, 0.0035145408]
[1.9292444, 1.0536771, 0.87195486, 0.0036124429]
[1.9252956, 1.0037453, 0.9182688, 0.0032815086]
[1.949827, 0.98984766, 0.9557773, 0.004201965]
[1.9758655, 1.0486046, 0.9211203, 0.0061406274]
[1.9514484, 1.006363, 0.94027025, 0.0048150998]
[1.9583791, 0.9679477, 0.9850913, 0.0053401273]
[1.908628, 0.9533813, 0.94905245, 0.0061942087]
[1.9512643, 1.0328, 0.9122235, 0.0062407367]
[1.9476547, 1.0202165, 0.92077523, 0.006663027]
[1.9047517, 0.98008883, 0.9181467, 0.006516127]
[1.9438184, 0.96187496, 0.9746806, 0.0072628437]
[1.9108442, 0.9641049, 0.9385067, 0.008232597]
[1.8863894, 0.9331804, 0.94406307, 0.0091458345]
[1.9620674, 0.9401053, 1.0131557, 0.00880635]
[1.919917, 0.9641185, 0.9460766, 0.00972182]
[1.9314492, 0.91954017, 1.0029134, 0.0089956615]
[1.9692297, 0.93845415, 1.0205802, 0.01019536]
[1.9586226, 0.96544135, 0.981961, 0.011220272]
[1.9510708, 0.9483655, 0.9914987, 0.011206659]
[2.00254, 0.9607879, 1.029423, 0.012329288]
[1.9416945, 0.9321109, 0.9981753, 0.011408285]
[1.9694242, 0.9814545, 0.97763574, 0.010333969]
[1.9905906, 1.006055, 0.97252774, 0.012007799]
[1.898064, 0.8954327, 0.99008584, 0.012545505]
[1.9661921, 0.9689716, 0.98441106, 0.0128093865]
[1.9835011, 1.0141536, 0.9565538, 0.012793709]
[1.9732702, 0.9001911, 1.0594255, 0.013653513]
[1.9630883, 0.91292286, 1.0379283, 0.012237121]
[1.981234, 0.9843012, 0.98301375, 0.013919024]
[1.9537511, 0.954774, 0.98506564, 0.013911533]
[2.002959, 0.9219248, 1.0674222, 0.013612034]
[1.9944208, 0.9590694, 1.0221882, 0.013163162]
[2.0906942, 1.0013399, 1.0770254, 0.012328786]
[2.0102675, 0.9430113, 1.0535107, 0.013745511]
[1.9647475, 0.93683493, 1.0150539, 0.012858746]
[1.9220942, 0.95692825, 0.951812, 0.013353987]
[1.9919885, 0.89107496, 1.0862205, 0.014693142]
[1.9417422, 0.910213, 1.017071, 0.014458152]
[2.0187006, 0.95001, 1.0535696, 0.015120894]
[1.9323264, 0.93378687, 0.9854376, 0.013101947]
[1.9819001, 0.91586673, 1.0512767, 0.014756621]
[1.9813771, 0.9754129, 0.9902478, 0.015716422]
[2.053642, 1.0057025, 1.032048, 0.01589154]
[1.9168316, 0.9765222, 0.9271779, 0.013131501]
[1.9643736, 1.0216925, 0.92662513, 0.016055973]
[1.9130766, 0.91400576, 0.9844162, 0.014654644]
[1.9686873, 0.93237644, 1.0194892, 0.016821645]
[1.9736947, 0.9817515, 0.97211117, 0.019831998]
[1.9341053, 0.91868365, 0.99727726, 0.018144403]
[1.9720992, 0.9281299, 1.0248291, 0.019140152]
[1.9268532, 0.9899556, 0.91615844, 0.02073909]
[1.927566, 0.91783184, 0.989916, 0.019818246]
[1.9266887, 0.9868119, 0.91650355, 0.023373256]
[1.9486725, 0.92052084, 1.0072219, 0.02092984]
[1.8954744, 0.9369541, 0.9329333, 0.025587127]
[1.9206148, 0.97525483, 0.91458213, 0.030777778]
[1.9619136, 0.9825686, 0.94779074, 0.031554215]
[1.9405308, 0.953928, 0.95841384, 0.028188959]
[1.9753641, 0.8964727, 1.0503479, 0.028543424]
[1.9409317, 0.9229657, 0.9841659, 0.03379998]
[1.9003847, 0.9047556, 0.9593211, 0.036308035]
[1.9089667, 0.8898195, 0.9850391, 0.034108024]
[1.8926107, 0.9048333, 0.95560735, 0.032169975]
[1.8884652, 0.8572179, 0.9955389, 0.035708465]
[1.8969969, 0.86630434, 0.9908555, 0.039836966]
[1.9279782, 0.8685082, 1.020072, 0.03939794]
[2.096221, 0.94059765, 1.115523, 0.040100314]
[1.9058874, 1.0304765, 0.837978, 0.03743296]
[1.9505953, 0.9875593, 0.9242311, 0.03880485]
[2.026313, 0.90825737, 1.0768852, 0.041170552]
[1.8546132, 0.9276488, 0.89046407, 0.036500327]
[1.9723215, 0.87248886, 1.0656444, 0.034188285]
[1.987106, 1.0541906, 0.8958117, 0.0371036]
[1.9967233, 0.9287939, 1.0278836, 0.040045723]
[2.0003572, 0.9332314, 1.0276666, 0.03945919]
[2.0285835, 1.1383165, 0.8501669, 0.040099993]
[1.906558, 0.9681323, 0.9065312, 0.031894423]
[1.9917928, 0.91141015, 1.044772, 0.03561057]
[1.9883709, 1.0133294, 0.9406018, 0.03443966]
[2.039858, 1.1257854, 0.88209033, 0.031982355]
[1.9428694, 0.9840386, 0.92500675, 0.033824045]
[1.9627895, 1.0731518, 0.8555608, 0.03407692]
[1.9623442, 1.0126156, 0.91779757, 0.031930994]
[1.9504619, 1.1206377, 0.7956777, 0.034146525]
[1.8825427, 0.9521369, 0.89646554, 0.03394033]
[1.9965304, 0.9607661, 1.0023384, 0.0334259]
[1.8727751, 0.9964764, 0.8445764, 0.031722303]
[2.0322404, 0.9687663, 1.0304694, 0.033004854]
[1.930185, 0.975389, 0.91843, 0.036365964]
[1.9982892, 0.98120326, 0.9804398, 0.03664626]
[1.8864576, 0.9696761, 0.8820275, 0.034753975]
[1.9699876, 0.95197374, 0.97926813, 0.038745776]
[1.9369328, 0.91269904, 0.9874689, 0.036764912]
[1.9926252, 0.97307235, 0.9821755, 0.03737732]
[1.9270623, 0.9856764, 0.90581864, 0.035567246]
[1.9929237, 0.946118, 1.0092912, 0.037514597]
[1.8913212, 0.8574816, 0.9982605, 0.035579108]
[2.0447688, 1.0539626, 0.9546013, 0.036204793]
[2.0273972, 1.02994, 0.96446025, 0.032996915]
[1.9081475, 0.8659682, 1.0088762, 0.033303034]
[2.0591774, 0.9148429, 1.1116545, 0.03268008]
[1.9327472, 0.8659987, 1.0351998, 0.03154881]
[1.9429388, 0.93257403, 0.97734404, 0.033020783]
[2.005344, 0.9810888, 0.99350226, 0.030752838]
[1.9553206, 0.85759526, 1.067714, 0.030011449]
[1.8852464, 0.9039868, 0.9521707, 0.02908884]
[2.063073, 0.9559406, 1.0731206, 0.034011547]
[1.9996668, 0.93449426, 1.0371805, 0.027992021]
[1.9457144, 0.9201692, 0.99381506, 0.03173004]
[1.8947121, 0.9931114, 0.86877584, 0.032824866]
[1.8819329, 0.8743323, 0.97524184, 0.0323588]
[1.9432744, 0.9693073, 0.94078493, 0.033182196]
[2.099332, 0.98902714, 1.0759068, 0.034398295]
[2.0173173, 1.115948, 0.8727396, 0.02862981]
[1.9971076, 0.9593112, 1.0099051, 0.027891325]
[1.9540911, 1.1396141, 0.78809536, 0.026381563]
[1.9182954, 0.9651594, 0.9261343, 0.027001679]
[2.0455828, 1.0375371, 0.97728914, 0.030756403]
[1.9422548, 0.9943887, 0.91702694, 0.03083923]
[1.9373426, 1.0863302, 0.82121944, 0.029793043]
[1.933865, 0.99738586, 0.9070742, 0.029404923]
[2.0052297, 1.0253108, 0.9501652, 0.02975363]
[2.013976, 1.0448347, 0.93846476, 0.030676655]
[2.0084672, 0.9397602, 1.0404617, 0.028245235]
[1.9487696, 0.96546817, 0.9545833, 0.028718084]
[1.9516007, 0.9447136, 0.9780261, 0.028860958]
[1.9491962, 0.9587727, 0.9609426, 0.029480763]
[1.9771008, 0.9498037, 0.9956624, 0.03163483]
[1.8789814, 0.90875936, 0.94146186, 0.028760243]
[2.0011103, 0.92587674, 1.0444425, 0.030791033]
[1.9318548, 0.84868014, 1.0550287, 0.028146053]
[2.0020204, 0.87776476, 1.0937557, 0.030500028]
[1.9432089, 0.87076384, 1.0357637, 0.036681443]
[1.9339181, 0.9481813, 0.95432425, 0.03141265]
[1.9249257, 0.9562336, 0.93639857, 0.032293446]
[1.9610914, 0.90460634, 1.0216628, 0.03482224]
[1.987393, 0.91060245, 1.0414793, 0.03531125]
[2.0024686, 1.0461751, 0.9244983, 0.03179514]
[1.9390968, 1.0218575, 0.8835908, 0.033648532]
[1.8376309, 0.899767, 0.90176815, 0.036095694]
[1.9944938, 0.8954285, 1.061755, 0.037310433]
[1.8613276, 0.93808067, 0.88565224, 0.037594855]
