[1.9691764, 0.8198911, 1.1112304, 0.038054906]
[1.9145243, 0.8778149, 0.9990476, 0.03766179]
[1.898654, 0.9929725, 0.87145126, 0.034230243]
[1.9629458, 0.9052244, 1.0187588, 0.03896272]
[1.9578683, 1.0854878, 0.8367009, 0.03567961]
[1.9961556, 0.9546784, 1.0001988, 0.041278373]
[1.8651087, 0.9310472, 0.8984873, 0.035574183]
[1.9732043, 0.93270385, 0.9989149, 0.041585512]
[1.950494, 1.0854237, 0.82498384, 0.040086478]
[2.0263457, 0.97883433, 1.0079601, 0.039551307]
[1.9145432, 0.9512757, 0.9259205, 0.037346903]
[1.9007108, 1.0814674, 0.78293973, 0.036303766]
[2.1395514, 1.1160285, 0.98045766, 0.04306535]
[1.908732, 0.9561777, 0.9195981, 0.032956235]
[1.9801751, 0.9458153, 0.99834245, 0.036017302]
[2.0601215, 0.849203, 1.1765591, 0.03435939]
[1.8913246, 1.0061374, 0.85192275, 0.033264544]
[2.0351815, 0.9880153, 1.01054, 0.036626264]
[1.9217749, 0.9567767, 0.93265486, 0.03234343]
[1.9682589, 0.87105906, 1.0653553, 0.03184455]
[1.9234245, 1.051072, 0.8409135, 0.03143912]
[2.0447638, 0.9474497, 1.0655481, 0.031766172]
[1.959921, 0.8978156, 1.0292509, 0.03285461]
[1.9455339, 1.0188546, 0.8936317, 0.03304761]
[1.9309856, 0.89930254, 1.0038277, 0.027855309]
[1.9631852, 0.9458327, 0.98438525, 0.032967232]
[1.8953607, 0.992998, 0.87124217, 0.031120596]
[1.998223, 0.89605963, 1.0700037, 0.032159597]
[2.0144665, 0.95044696, 1.0319397, 0.03207987]
[1.950424, 0.90694946, 1.0133579, 0.030116517]
[1.8938229, 0.80141777, 1.060796, 0.031609107]
[1.878186, 0.95611084, 0.8887923, 0.033282846]
[1.93661, 0.9394431, 0.95905924, 0.03810761]
[1.981618, 0.93987256, 1.0038027, 0.037942775]
[1.8646777, 0.8315753, 0.9955576, 0.037544776]
[2.0842826, 0.9657816, 1.0794349, 0.03906604]
[1.9138168, 0.9445338, 0.93121266, 0.038070288]
[1.8329684, 0.82000375, 0.9801665, 0.032798197]
[1.9280276, 0.9898231, 0.8992895, 0.038914993]
[1.8700758, 0.92716867, 0.90284306, 0.040064074]
[1.9070547, 0.8835772, 0.9816288, 0.041848667]
[2.008475, 0.9752986, 0.9898354, 0.04334124]
[1.8909241, 1.0200621, 0.8279563, 0.042905677]
[1.8859012, 0.83789057, 1.0057305, 0.042280227]
[1.9516852, 1.1929381, 0.7160078, 0.042739302]
[2.368704, 1.0377021, 0.9909479, 0.340054]
[2.0042787, 0.6823082, 1.2923627, 0.029607728]
[1.912414, 1.1034896, 0.77358353, 0.035340834]
[1.9952315, 0.9753769, 0.9865495, 0.033305064]
[1.99711, 0.8727318, 1.0891252, 0.035252992]
[1.8251461, 0.9352844, 0.8600291, 0.029832609]
[1.9785604, 0.8889963, 1.0575504, 0.03201367]
[4.2301307, 2.8194005, 0.19667885, 1.2140511]
[2.2466013, 0.4440362, 1.7939517, 0.008613458]
[2.1001918, 0.67034376, 1.4240724, 0.0057757837]
[2.0533352, 0.72819513, 1.3198324, 0.0053075994]
[2.0234685, 0.7871577, 1.2318121, 0.0044986187]
[2.00665, 0.83272004, 1.1691267, 0.004803168]
[1.993506, 0.8734801, 1.11582, 0.0042057857]
[2.0230222, 0.9744169, 1.0436932, 0.0049121436]
[1.9853841, 0.9477219, 1.0319351, 0.005727168]
[1.9679263, 0.9756405, 0.9867509, 0.005534838]
[1.9762404, 0.9698384, 1.0017177, 0.004684314]
[1.9872956, 1.054075, 0.92692316, 0.00629752]
[1.9798204, 1.0236129, 0.94861674, 0.007590715]
[1.9433491, 1.0028664, 0.9345194, 0.0059632724]
[1.9523953, 1.0379806, 0.9067718, 0.007643016]
[1.9592143, 1.0380003, 0.9127568, 0.008457219]
[1.9879147, 1.0729215, 0.90563476, 0.009358458]
[1.974926, 1.0615664, 0.9044918, 0.008867841]
[1.9956795, 1.1152985, 0.8709537, 0.009427296]
[1.926735, 0.9935343, 0.92377496, 0.009425804]
[1.9591968, 1.0208904, 0.92875564, 0.009550836]
[1.976171, 1.0108682, 0.95639145, 0.008911338]
[1.9580864, 0.99518764, 0.9528566, 0.010042071]
[1.9092988, 0.97520566, 0.9239459, 0.010147273]
[1.9542422, 1.0120173, 0.93123233, 0.010992608]
[2.0045354, 1.0415316, 0.9517426, 0.011261144]
[1.9982336, 1.0379283, 0.94907665, 0.011228554]
[1.9735448, 1.0015692, 0.959462, 0.012513681]
[1.9230528, 0.9713731, 0.9396295, 0.012050092]
[1.9645293, 1.0013263, 0.95114076, 0.012062211]
[1.9247702, 0.93106353, 0.9810242, 0.012682567]
[1.8863953, 0.92177916, 0.95130897, 0.013307178]
[2.0139697, 1.0169334, 0.983489, 0.013547117]
[1.9238443, 0.9164728, 0.9912586, 0.016112883]
[2.0004802, 1.0151113, 0.9697, 0.015668802]
[1.9363632, 0.9138802, 1.0075952, 0.0148877995]
[1.9161688, 0.8996336, 1.0008163, 0.015718812]
[1.9462548, 0.9228452, 1.0055221, 0.01788745]
[1.9952794, 0.9793159, 0.9976625, 0.01830116]
[1.9630866, 0.9819608, 0.9641218, 0.017003985]
[1.9624997, 1.0201856, 0.9262588, 0.016055347]
[1.9135416, 0.9282724, 0.9669502, 0.018318852]
[1.8588607, 0.94328797, 0.8961772, 0.019395571]
[1.9354875, 1.0005286, 0.91425574, 0.020703137]
[2.0005324, 1.054049, 0.9252727, 0.021210786]
[1.9855957, 0.9783176, 0.98569334, 0.021584757]
[1.968977, 0.9249634, 1.0236843, 0.020329278]
[1.9639149, 0.9677352, 0.9743087, 0.021870933]
[1.9606514, 0.9300951, 1.0104105, 0.02014572]
[1.9572926, 0.9652685, 0.96935004, 0.022674032]
[1.9689248, 1.0202672, 0.928079, 0.020578526]
[1.9552084, 0.90875214, 1.0247738, 0.02168244]
[1.8860652, 0.8925513, 0.97162443, 0.021889424]
[1.9940842, 0.98431987, 0.9835814, 0.02618299]
[2.015107, 0.9219422, 1.0708117, 0.022352856]
[1.9730115, 0.973088, 0.97753775, 0.022385672]
[2.0707262, 0.9773242, 1.0718174, 0.02158457]
[1.878225, 0.8949803, 0.964764, 0.018480618]
[1.9806478, 0.941854, 1.0143096, 0.024484154]
[1.9661162, 0.9998144, 0.9437636, 0.022538159]
[1.9842185, 0.946493, 1.0143353, 0.023390163]
[1.8428296, 0.84775114, 0.9708548, 0.02422363]
[1.8665801, 0.9073085, 0.9343817, 0.024889769]
[2.0000572, 0.9660617, 1.0084864, 0.025509235]
[2.0503345, 0.9827661, 1.0442317, 0.023336548]
[2.033324, 1.0681889, 0.9433538, 0.02178112]
[1.9292696, 0.8998301, 1.0062928, 0.023146601]
[1.9797603, 0.97449756, 0.9826857, 0.022577088]
[1.9564002, 0.8623783, 1.0683804, 0.025641419]
[1.9393604, 0.92984515, 0.98513216, 0.024383046]
[1.9662088, 0.8921687, 1.0496895, 0.024350513]
[1.9877834, 1.0145894, 0.9505381, 0.02265596]
[2.0157373, 1.0373335, 0.953889, 0.0245147]
[1.9444895, 1.0320588, 0.8875115, 0.024919111]
[1.90111, 0.94489306, 0.93167794, 0.024539076]
[2.0562985, 1.0767682, 0.9536719, 0.02585832]
[1.9190235, 0.9181907, 0.9773613, 0.023471504]
[1.948608, 0.9266249, 0.99731696, 0.024666183]
[1.896102, 0.9335786, 0.934547, 0.027976278]
[1.8974674, 1.0288614, 0.8390024, 0.029603641]
[1.9947186, 0.90984106, 1.0565641, 0.028313449]
[2.0067055, 0.910957, 1.0637181, 0.032030556]
[1.9157537, 0.90999484, 0.9768659, 0.028892977]
[1.965009, 0.939492, 0.99321145, 0.032305527]
[1.9561738, 0.97594833, 0.94845486, 0.03177064]
[1.8660452, 0.9230139, 0.9098368, 0.033194482]
[2.0607736, 1.0022334, 1.0239569, 0.034583416]
[2.0202343, 1.0236179, 0.96214545, 0.034471]
[1.9637057, 0.8509315, 1.083637, 0.029137185]
[1.9614077, 0.9317686, 0.9985923, 0.031046716]
[1.9948827, 0.9668707, 0.99682844, 0.031183582]
[1.9247928, 0.92350924, 0.96440744, 0.036876045]
[1.8842375, 0.9104932, 0.93982106, 0.03392326]
[1.9643707, 1.0248652, 0.9082513, 0.03125424]
[1.9392931, 0.9570606, 0.9474702, 0.034762338]
[1.8571268, 0.85044813, 0.97010434, 0.036574397]
[1.9985961, 1.007643, 0.95234275, 0.0386103]
[2.0234702, 1.1559865, 0.8297268, 0.037756793]
[2.024007, 0.946458, 1.0418657, 0.03568343]
[2.0124571, 1.1214653, 0.855787, 0.035204817]
[1.9796364, 1.0850965, 0.8616699, 0.032870114]
[2.0428293, 1.1219507, 0.8898897, 0.030989002]
[1.9497706, 0.98349303, 0.9392744, 0.027003221]
[1.9690505, 0.9917884, 0.9489342, 0.028327994]
[1.9323847, 0.89091015, 1.0132039, 0.028270695]
[1.959834, 0.9598757, 0.9686924, 0.031265877]
[1.9703138, 0.8946803, 1.0470121, 0.028621469]
[1.9080116, 0.91905826, 0.9582528, 0.030700617]
[1.9308587, 0.94927245, 0.94826615, 0.033320017]
[1.9629121, 0.9993573, 0.9331013, 0.030453457]
[1.9796567, 0.968775, 0.9788381, 0.03204371]
[1.9449027, 0.9140097, 0.9987207, 0.032172255]
[2.0093365, 0.9295523, 1.0475099, 0.03227429]
[1.8808815, 0.966771, 0.88340247, 0.030708052]
[1.9048961, 0.8624965, 1.0026596, 0.039740056]
[1.8447974, 0.86435795, 0.94820803, 0.032231376]
[1.9773366, 0.9899872, 0.9471208, 0.040228598]
[1.8508228, 0.8702053, 0.9453668, 0.035250753]
[1.9548066, 0.9443468, 0.9704262, 0.040033553]
[1.9607779, 0.91021734, 1.0134127, 0.037147872]
[1.9833391, 1.0626391, 0.88196754, 0.038732372]
[1.9845182, 0.869243, 1.0774235, 0.037851736]
[1.8526715, 0.8201856, 0.99278605, 0.039699957]
[1.9061099, 0.91494924, 0.9486939, 0.042466752]
[1.9600117, 0.9443603, 0.9700867, 0.04556467]
[1.8740066, 0.98823214, 0.841068, 0.04470641]
[1.968625, 0.86146086, 1.0644476, 0.04271643]
[1.9243525, 1.0064142, 0.8783511, 0.03958723]
[1.8386825, 0.8565176, 0.9368248, 0.045340158]
[1.9966469, 1.0950706, 0.8527033, 0.048872918]
[1.9610164, 0.94147146, 0.97226614, 0.047278926]
[2.0059018, 0.9665262, 0.99288887, 0.046486795]
[1.8857067, 0.9686037, 0.87067413, 0.04642898]
[1.8908273, 0.9213635, 0.92549026, 0.043973573]
[1.990194, 1.1932449, 0.7501955, 0.04675348]
[1.8999677, 0.6897266, 1.1652104, 0.045030773]
[1.7920202, 0.93516195, 0.81065774, 0.046200536]
[1.9814988, 1.0312474, 0.90070736, 0.04954414]
[1.888724, 0.92187864, 0.922614, 0.04423126]
[1.9597567, 0.88527286, 1.0231578, 0.051326014]
[1.9441646, 1.0139562, 0.885528, 0.044680495]
[1.9642037, 0.94660854, 0.9682903, 0.049304858]
[2.006656, 0.98264307, 0.9777677, 0.046245147]
[1.9812322, 1.0538001, 0.8815005, 0.045931563]
[2.1237547, 1.0098653, 1.0624509, 0.051438533]
[1.843919, 0.97587526, 0.8261641, 0.0418797]
[1.8647381, 0.83277917, 0.9869756, 0.044983275]
[1.9377048, 0.8772626, 1.0093759, 0.05106623]
[1.9357827, 1.0824168, 0.80849385, 0.04487206]
[1.758845, 0.8003783, 0.9094205, 0.049046163]
[2.0382977, 0.94251025, 1.0413818, 0.05440546]
[1.9579674, 0.9845431, 0.9241339, 0.049290415]
[1.7951534, 0.6968217, 1.051096, 0.0472357]
[1.8566573, 0.9441917, 0.863639, 0.048826594]
[2.0670826, 0.9445723, 1.0697883, 0.0527219]
[1.8066071, 0.89272976, 0.86243796, 0.05143936]
[1.9804317, 0.84098077, 1.0838164, 0.055634476]
[1.8690463, 0.9330108, 0.88366246, 0.05237308]
[1.8757646, 0.6680839, 1.1553673, 0.05231344]
[2.0394025, 1.1230661, 0.8632128, 0.053123705]
[1.9428802, 1.0114487, 0.88124806, 0.050183248]
[1.9931105, 0.88433623, 1.0531387, 0.055635616]
[2.0378525, 1.1696781, 0.8167031, 0.051471416]
[1.9747267, 1.058615, 0.8667303, 0.04938152]
[2.0039585, 0.89304227, 1.0629762, 0.047940053]
[1.8940223, 1.0814841, 0.76676136, 0.045776922]
[2.0073204, 1.0136706, 0.9486181, 0.045031846]
[1.9607606, 0.9705639, 0.95013493, 0.040061712]
[2.096195, 1.0326748, 1.015794, 0.047726225]
[1.9479197, 1.1196523, 0.7859052, 0.042362384]
[2.0888758, 1.111584, 0.93278986, 0.044501983]
[2.012395, 0.92637503, 1.0457878, 0.040231943]
[2.0421267, 1.0683432, 0.9345498, 0.03923364]
[1.8902538, 0.91871107, 0.9316268, 0.03991598]
[2.0292752, 0.9735893, 1.018322, 0.03736378]
[1.914367, 0.98629117, 0.8893803, 0.038695607]
[1.9112532, 0.9054948, 0.96999264, 0.03576571]
[1.9582818, 0.99893963, 0.9208717, 0.038470484]
[1.8889292, 0.84986264, 1.000669, 0.038397662]
[1.8764648, 0.9110812, 0.92290545, 0.042478174]
[1.9380338, 0.80648834, 1.0871497, 0.04439563]
[1.9561727, 0.9504144, 0.9593597, 0.04639867]
[1.9526426, 0.95074475, 0.959829, 0.042068888]
[1.9625994, 0.94048697, 0.98399425, 0.038118288]
[1.9330139, 0.9772471, 0.9153813, 0.04038553]
[1.9422625, 0.8761715, 1.0255358, 0.040555097]
[1.9539121, 1.0021365, 0.9063666, 0.04540904]
[1.937498, 0.86021364, 1.0348225, 0.042461835]
[2.0360413, 0.9854032, 1.0028172, 0.04782083]
[1.9280584, 1.0104094, 0.87666607, 0.040983006]
[1.9189668, 0.9922815, 0.88481075, 0.04187449]
[1.8979797, 0.9417156, 0.9138477, 0.042416416]
[1.9861515, 0.9798339, 0.96236, 0.043957513]
[1.8898301, 0.9910396, 0.8538549, 0.044935685]
[1.8291727, 0.88012403, 0.9018233, 0.04722537]
[2.021163, 0.95042944, 1.0224973, 0.04823625]
[2.0164754, 1.0101221, 0.96238804, 0.043965388]
[1.9764782, 1.0093732, 0.92354083, 0.043564245]
[1.9460704, 0.6195302, 1.2805079, 0.046032287]
[1.9292731, 1.1463523, 0.73883885, 0.044081915]
[2.0103734, 0.86997205, 1.0979319, 0.04246953]
[1.8211815, 0.8668204, 0.91271925, 0.04164189]
[1.9410235, 0.8295642, 1.069254, 0.04220525]
[1.9417775, 1.0009545, 0.8984021, 0.04242083]
[2.0561833, 1.0233035, 0.98600626, 0.046873648]
[1.981069, 1.0074865, 0.93051, 0.043072537]
[2.0581877, 0.9563098, 1.0621336, 0.039744403]
[1.9725714, 0.9969589, 0.93837434, 0.037238147]
[2.0036583, 1.0631702, 0.9006976, 0.039790437]
[1.9256897, 0.9345659, 0.9533898, 0.037734017]
[2.0617113, 1.0737875, 0.95147645, 0.03644751]
[1.9692305, 0.871338, 1.0615703, 0.036322214]
[1.9118134, 0.9268362, 0.9499244, 0.03505279]
[1.8424348, 0.81036514, 0.9974354, 0.034634247]
[1.9674034, 1.115542, 0.8134333, 0.038428098]
[2.056472, 0.89994264, 1.1155891, 0.04094024]
[1.8639191, 0.8864676, 0.94277424, 0.034677364]
[1.9136434, 0.869933, 1.0024462, 0.041264128]
[2.02275, 0.99545294, 0.9893414, 0.03795564]
[1.8400272, 0.9112035, 0.89063746, 0.03818624]
[2.0089414, 1.0030453, 0.96531117, 0.04058483]
[1.8847376, 0.9205954, 0.9265007, 0.037641503]
[1.9610523, 0.87610435, 1.0439811, 0.04096687]
[1.833437, 0.9552573, 0.8400135, 0.03816613]
[1.8468484, 1.0202682, 0.7819233, 0.044656903]
[2.01161, 0.86817265, 1.0952337, 0.04820369]
[1.8167661, 0.998762, 0.7725278, 0.045476362]
[2.0612888, 0.89347595, 1.127996, 0.039816752]
[1.9903738, 1.0532322, 0.8946218, 0.042519774]
[1.9076164, 0.9749302, 0.88819396, 0.044492267]
[1.9106588, 0.85427004, 1.0129501, 0.043438714]
[1.9542178, 0.95264316, 0.96168673, 0.039887875]
[1.9534078, 0.95174253, 0.9605362, 0.041129123]
[1.9729174, 1.0397797, 0.8905153, 0.04262243]
[1.9729017, 0.9445791, 0.9888109, 0.039511736]
[2.036898, 0.95337856, 1.0401331, 0.04338616]
[1.9381007, 0.95529646, 0.94108427, 0.041719988]
[2.078876, 1.0232562, 1.0166606, 0.038959373]
[1.8952588, 0.9764076, 0.88428867, 0.034562454]
[1.8531187, 0.86683595, 0.94710714, 0.039175518]
[1.8800749, 0.8856897, 0.9589946, 0.035390545]
[2.0312212, 0.94064593, 1.0514724, 0.039102886]
[2.1323202, 0.98896337, 1.1032476, 0.040109254]
[1.9084308, 1.0521452, 0.8200908, 0.03619479]
[1.8160089, 0.82314473, 0.9563667, 0.036497526]
[1.9149489, 1.030232, 0.84308636, 0.041630678]
[1.8904681, 0.95484126, 0.89417076, 0.04145609]
[1.8477887, 0.9214853, 0.8841934, 0.04210993]
[1.917723, 0.74718785, 1.1262461, 0.044289045]
[1.9222887, 1.039914, 0.83499014, 0.047384456]
[1.9432107, 0.87014157, 1.029941, 0.04312817]
[1.9686286, 1.0840659, 0.8403884, 0.044174343]
[2.015583, 1.0573384, 0.9111254, 0.0471192]
[2.0509937, 1.1238254, 0.884526, 0.042642392]
[1.9581263, 0.9055626, 1.0127447, 0.03981901]
[1.7825322, 0.96173525, 0.779352, 0.041445065]
[1.9804124, 0.98843443, 0.9482565, 0.04372144]
[1.8847207, 1.1256216, 0.71709836, 0.042000763]
[1.9188235, 0.8972082, 0.9785702, 0.043045096]
[2.0868, 0.96200806, 1.0793653, 0.04542687]
[1.959658, 0.96980155, 0.9449656, 0.044890866]
[2.0317175, 1.1249578, 0.86351395, 0.043245718]
[1.9150804, 0.866502, 1.0062454, 0.042332955]
[1.9841192, 0.98537374, 0.9583528, 0.040392622]
[1.974423, 1.0369189, 0.8994529, 0.03805129]
[1.8716652, 0.88168335, 0.94822353, 0.041758318]
[1.9747895, 1.022854, 0.9120335, 0.039902046]
[1.835375, 0.85144633, 0.94283247, 0.04109612]
[1.8356845, 0.8191204, 0.96528244, 0.05128166]
[2.0310261, 1.1384324, 0.844734, 0.047859784]
[2.002906, 0.96203995, 0.9973649, 0.04350122]
[1.974793, 1.0197273, 0.91214806, 0.042917468]
[1.892167, 0.86107856, 0.9872005, 0.043887917]
[2.0380664, 1.042207, 0.95020384, 0.045655515]
[1.9474654, 0.9388006, 0.96094143, 0.047723465]
[2.0495188, 1.029573, 0.97768885, 0.042257115]
[1.9626888, 0.9476959, 0.9761082, 0.03888473]
[1.8422598, 0.91448665, 0.88987136, 0.037901763]
[1.9771447, 0.9611258, 0.9727134, 0.043305553]
[1.9097912, 0.9670115, 0.9007031, 0.042076558]
[1.9865842, 0.88219786, 1.0583143, 0.046072006]
[2.0470612, 0.94467664, 1.0576768, 0.044707675]
[1.9817336, 1.075676, 0.86448705, 0.04157059]
[2.0184019, 0.90238297, 1.0752299, 0.040789]
[2.0154717, 1.0649084, 0.91465896, 0.035904445]
[1.839004, 0.92570686, 0.87544376, 0.03785342]
[1.8104953, 0.85950637, 0.9143555, 0.036633424]
[2.0353096, 0.92678463, 1.0629606, 0.04556436]
[1.9724722, 1.0620267, 0.87241966, 0.038025893]
[1.8856702, 0.9582577, 0.8897791, 0.037633467]
[1.8976151, 1.0418601, 0.8165365, 0.039218575]
[1.9369662, 1.0153197, 0.88051564, 0.04113075]
[1.9513711, 1.0131862, 0.89695567, 0.041229084]
[1.9617825, 0.91284686, 1.0091977, 0.03973791]
[1.9766498, 1.0800314, 0.85388863, 0.04272977]
[1.9053257, 0.90368074, 0.960873, 0.040771976]
[1.904224, 0.9990702, 0.8628919, 0.042261936]
[1.9098396, 1.0400387, 0.8254137, 0.044387206]
[1.8803215, 0.8811957, 0.9549744, 0.044151366]
[1.9605076, 0.89378256, 1.0196033, 0.04712179]
[1.8783599, 0.8439946, 0.9860902, 0.048275117]
[1.9724437, 1.1567712, 0.76912266, 0.046549927]
[1.8176216, 0.8338679, 0.9386318, 0.045121923]
[1.9154745, 0.8781315, 0.9882193, 0.049123637]
[1.8288785, 0.90968466, 0.87270594, 0.046487957]
[1.9051958, 0.7305292, 1.1209124, 0.053754225]
[1.911313, 0.9544826, 0.90656525, 0.05026517]
[1.7517508, 0.87226474, 0.82415205, 0.055333927]
[1.9840815, 0.96643883, 0.95557374, 0.06206896]
[1.872139, 0.78560984, 1.0262682, 0.060260903]
[2.0474808, 1.0690299, 0.919268, 0.059182886]
[1.9543327, 1.1659355, 0.7341456, 0.054251503]
[2.0517561, 0.7948643, 1.2004769, 0.056414966]
[2.0166051, 1.155761, 0.8085638, 0.052280344]
[1.9306648, 0.9118517, 0.9757202, 0.043092795]
[2.0263498, 0.9522642, 1.0269427, 0.04714296]
[1.9879464, 0.96035945, 0.9817291, 0.045857746]
[1.9014714, 0.9520546, 0.9068391, 0.042577706]
[1.9244297, 0.842921, 1.0342222, 0.047286436]
[1.9702046, 0.7766782, 1.1456355, 0.047890864]
[2.0087764, 0.96212554, 1.0030211, 0.043629758]
[1.8729833, 0.88232136, 0.94568753, 0.04497449]
[1.8428655, 0.78815854, 1.0081207, 0.046586256]
[1.993832, 1.0012714, 0.9439244, 0.048636243]
[1.9691373, 0.6873628, 1.2346705, 0.047103956]
[2.0367215, 1.1098279, 0.8814964, 0.045397144]
[2.03907, 0.82585895, 1.1718402, 0.04137077]
[1.9378263, 1.0216445, 0.875503, 0.040678844]
[1.9027213, 0.87566257, 0.9876683, 0.03939042]
[2.0438733, 1.104981, 0.8995608, 0.03933145]
[1.9887122, 1.0040156, 0.94803154, 0.036665127]
[2.0293427, 0.99207294, 0.9972603, 0.040009573]
[1.994326, 1.0543704, 0.90433717, 0.03561841]
[2.013291, 1.0333321, 0.94237113, 0.037587706]
[1.9490329, 0.9545937, 0.95883656, 0.03560274]
[1.9172885, 0.985996, 0.89756465, 0.033727925]
[1.9610525, 0.95139766, 0.9748646, 0.03479028]
[1.9185935, 0.93700767, 0.94245374, 0.039132155]
[1.9278487, 0.9639672, 0.92937744, 0.034504063]
[1.9569415, 0.88738304, 1.0305064, 0.039052173]
[1.9651101, 1.0638928, 0.86665094, 0.034566276]
[1.9377139, 0.9793333, 0.9196298, 0.03875071]
[1.926691, 0.97128344, 0.9171676, 0.038239956]
[2.0188715, 0.8667756, 1.1133624, 0.038733505]
[1.9858496, 1.0304449, 0.9183831, 0.03702169]
[1.9165426, 0.9786294, 0.9014993, 0.036414072]
[1.8970416, 0.86945665, 0.9922378, 0.035347078]
[2.0099058, 0.9705224, 0.99925005, 0.040133446]
[1.9476473, 1.009475, 0.8999092, 0.038263053]
[2.0543768, 0.9477232, 1.070358, 0.036295697]
[2.017294, 0.9608824, 1.0175446, 0.038866982]
[1.9952273, 1.0418164, 0.9166412, 0.036769833]
[1.9733111, 1.0239322, 0.91353565, 0.035843268]
[1.9349968, 0.9293682, 0.9721, 0.03352853]
[1.9866755, 1.1168456, 0.8323683, 0.037461475]
[1.9716982, 0.97860307, 0.9617772, 0.031317856]
[2.0263457, 0.923854, 1.0710166, 0.03147514]
[1.940142, 1.0991459, 0.8074176, 0.033578496]
[1.8588026, 0.9256803, 0.9039581, 0.029164214]
[1.9385322, 0.98836446, 0.9172425, 0.032925263]
[1.8049805, 0.8744569, 0.8975306, 0.03299311]
[2.085762, 0.8998294, 1.1491985, 0.036734164]
[2.0408072, 1.1159183, 0.892084, 0.03280492]
[1.9375784, 0.9807836, 0.92320347, 0.03359139]
[1.8793594, 1.0133032, 0.83086455, 0.035191607]
[1.9188181, 0.8125119, 1.0712385, 0.035067625]
[1.9257964, 0.9200916, 0.9723487, 0.03335612]
[1.9402292, 0.87304664, 1.0232266, 0.043955944]
[1.8979428, 0.8411317, 1.0174952, 0.03931596]
[1.9555122, 0.98841846, 0.924032, 0.043061756]
[1.9557339, 0.95377284, 0.95954674, 0.0424143]
[1.9531196, 0.934389, 0.9804324, 0.03829823]
[1.9074163, 0.96086717, 0.9056869, 0.040862374]
[1.8936605, 0.9237098, 0.92999995, 0.03995081]
[2.0289125, 1.1065211, 0.87872934, 0.043662123]
[1.871521, 0.97678494, 0.8555905, 0.03914546]
[1.9352403, 0.87434816, 1.0158923, 0.044999786]
[1.9428039, 1.0144993, 0.8818881, 0.046416514]
[1.9778831, 0.9423884, 0.9906833, 0.044811428]
[1.9693578, 0.94201756, 0.98222756, 0.045112737]
[2.0692883, 0.94458175, 1.0778208, 0.046885736]
[1.9974821, 1.0687308, 0.88897145, 0.039779782]
[2.1215813, 0.9944297, 1.081838, 0.045313574]
[1.8913194, 1.0154513, 0.839905, 0.035963107]
[1.9542261, 0.9334799, 0.9809173, 0.039828904]
[1.9876087, 0.9870162, 0.9623492, 0.038243316]
[1.9873722, 0.9019702, 1.0468847, 0.03851729]
[1.9714371, 0.95587033, 0.9784458, 0.037120953]
[1.9312451, 0.9936795, 0.9027083, 0.03485722]
[1.9764818, 1.050247, 0.8881525, 0.03808235]
[1.8731753, 0.94740844, 0.8877499, 0.03801688]
[1.9341608, 0.9848515, 0.90871596, 0.04059333]
[2.020199, 0.88459146, 1.0979741, 0.03763352]
[1.9272276, 1.0987146, 0.79265743, 0.03585565]
[1.998187, 0.91162413, 1.0491335, 0.037429266]
[1.9344264, 1.0375813, 0.8593826, 0.037462473]
[1.9325117, 0.7617736, 1.1286356, 0.04210248]
[1.9518735, 1.0694879, 0.8422881, 0.04009742]
[1.8678678, 0.8233516, 1.0062484, 0.038267847]
[1.9559662, 0.8654572, 1.0489635, 0.04154556]
[1.9591527, 1.0336962, 0.88366085, 0.041795768]
[1.9605234, 1.0101148, 0.9136461, 0.03676249]
[2.0727444, 0.9880882, 1.0449024, 0.03975377]
[1.9917524, 1.0449457, 0.91070426, 0.03610242]
[2.01857, 0.9537828, 1.0295811, 0.03520613]
[2.004097, 0.96300167, 1.0073555, 0.033739787]
[1.8808066, 0.89723945, 0.94901776, 0.034549303]
[2.0411408, 0.97016513, 1.0342172, 0.03675849]
[1.9066781, 0.8903839, 0.9861265, 0.030167706]
[1.8889619, 0.9072434, 0.94899774, 0.03272078]
[1.9351743, 0.86334264, 1.0337548, 0.03807683]
[1.8836278, 0.9267528, 0.91600156, 0.04087346]
[2.0145214, 1.1289825, 0.84700227, 0.03853652]
[1.9066262, 1.0029871, 0.86908805, 0.034551077]
[2.1001568, 0.9366901, 1.1252316, 0.03823515]
[1.9199103, 1.0159602, 0.87095004, 0.03300013]
[2.022538, 1.025214, 0.96449435, 0.032829564]
[1.9121484, 1.0153518, 0.8630384, 0.0337582]
[2.0150464, 0.9972939, 0.9824267, 0.035325833]
[1.991968, 1.0744649, 0.8857814, 0.03172175]
[1.8306142, 0.8852439, 0.91426, 0.031110272]
[1.9103043, 0.86877143, 1.008168, 0.033364937]
[1.9241049, 1.1113428, 0.7796904, 0.033071805]
[2.0768428, 0.9587013, 1.080338, 0.0378035]
[1.9292312, 1.0066648, 0.89365554, 0.02891084]
[1.9363736, 0.9599649, 0.9425133, 0.03389538]
[1.9728343, 0.9765845, 0.95905817, 0.0371916]
[1.9700719, 0.9882091, 0.94391894, 0.03794387]
[1.9184382, 0.9083189, 0.97439426, 0.03572516]
[1.9877015, 0.9791819, 0.96474737, 0.04377234]
[1.9053454, 0.8492321, 1.0210016, 0.03511182]
[1.9506203, 1.1694468, 0.750093, 0.031080477]
[1.9873306, 0.8442166, 1.1086993, 0.034414683]
[1.8958019, 0.9063015, 0.94952226, 0.039978154]
[1.9449053, 0.9178047, 0.98670316, 0.04039737]
[1.8848864, 0.95737493, 0.8895243, 0.037987128]
[1.9833663, 1.1358325, 0.8092189, 0.03831485]
[2.0770442, 0.92179376, 1.1185019, 0.0367487]
[2.0815454, 1.0938177, 0.9496825, 0.038045064]
[1.9744567, 1.0401762, 0.9010862, 0.03319432]
[1.8876557, 0.9562117, 0.8988416, 0.032602385]
[1.90624, 1.041193, 0.82847726, 0.036569715]
[2.0420995, 0.95994604, 1.0442173, 0.037936263]
[1.8505642, 0.9554004, 0.862916, 0.032247778]
[1.919433, 0.9123857, 0.97061473, 0.036432665]
[1.9524572, 1.1145445, 0.79980075, 0.03811194]
[2.0142436, 1.0580509, 0.91847503, 0.037717633]
[1.9754136, 0.9079706, 1.0315125, 0.035930365]
[1.9437581, 0.9554986, 0.9523549, 0.035904605]
[2.0281386, 0.94732946, 1.0437944, 0.03701472]
[1.9657829, 0.98234385, 0.9473392, 0.036099885]
[2.0372412, 1.0097933, 0.9954728, 0.03197494]
[1.9726737, 0.8544405, 1.0849495, 0.033283666]
[1.8689659, 0.9536687, 0.8807657, 0.034531474]
[1.849971, 0.8248464, 0.98937047, 0.03575422]
[2.032471, 0.9771607, 1.0173829, 0.037927333]
[2.0020912, 1.0782415, 0.8901144, 0.03373523]
[1.939545, 0.9123393, 0.99278176, 0.034423962]
[1.9752936, 0.95434874, 0.9837617, 0.03718312]
[2.0196881, 1.078115, 0.90315044, 0.03842278]
[1.9473345, 0.99686944, 0.91750675, 0.032958243]
[1.9385408, 1.0476922, 0.8584373, 0.032411378]
[1.9632486, 0.9642457, 0.9606503, 0.03835258]
[1.9718218, 1.0275946, 0.9109273, 0.033299915]
[1.9538668, 0.89534473, 1.0244375, 0.034084573]
[1.9518026, 0.9618515, 0.9588471, 0.031103946]
[1.8908526, 0.9416801, 0.9172754, 0.031897034]
[1.9743526, 0.9821216, 0.95319355, 0.03903742]
[2.0182989, 0.9918356, 0.99035203, 0.03611122]
[1.9779224, 0.95887864, 0.98907846, 0.02996542]
[1.9480047, 0.9069321, 1.0070037, 0.034068994]
[1.8654374, 1.0256703, 0.8052136, 0.034553528]
[1.9055518, 1.002707, 0.8667946, 0.03605023]
[1.9981554, 0.99502075, 0.9665176, 0.036617037]
[1.8201337, 0.85774505, 0.9257258, 0.03666282]
[1.8397176, 0.9099896, 0.88908887, 0.040639117]
[1.8189516, 0.92848974, 0.8468213, 0.04364057]
[2.077129, 0.83053863, 1.1996553, 0.046935014]
[1.9778999, 1.056137, 0.8826814, 0.039081417]
[1.9913857, 0.93955016, 1.0066268, 0.045208663]
[1.970226, 0.99293065, 0.93437505, 0.04292031]
[2.0309021, 0.9953978, 0.9946866, 0.04081773]
[1.9805768, 0.9940995, 0.94678813, 0.03968908]
[2.0194783, 0.94567823, 1.0341407, 0.03965942]
[1.9323776, 1.0597045, 0.8358253, 0.03684774]
[1.8471415, 0.7759796, 1.0327635, 0.038398482]
[1.9139001, 0.87180585, 1.0046949, 0.037399333]
[2.0194035, 1.0643759, 0.9149071, 0.040120482]
[2.0055768, 0.99163115, 0.9741353, 0.039810307]
[1.9753593, 1.0775757, 0.856884, 0.040899634]
[1.9856987, 0.87538743, 1.0765407, 0.033770565]
[2.0523872, 0.9884018, 1.0275705, 0.03641508]
[1.9404302, 0.93810046, 0.9711772, 0.031152446]
[2.0966058, 1.0503147, 1.012517, 0.03377425]
[1.8746854, 1.0752873, 0.7693305, 0.030067578]
[2.0300796, 1.0423621, 0.95885146, 0.028865956]
[2.013307, 1.1242952, 0.85899115, 0.0300207]
[2.0324035, 1.0590229, 0.9480598, 0.025320811]
[1.9314752, 0.95655715, 0.9472386, 0.027679473]
[1.9418259, 1.0006009, 0.91742146, 0.023803461]
[1.8794, 0.8781753, 0.97215, 0.029074654]
[2.0163875, 1.0219336, 0.9621041, 0.03234993]
[1.9864545, 1.0287647, 0.9277859, 0.029903922]
[1.9474701, 0.956022, 0.9607303, 0.030717693]
[2.0020885, 0.9212446, 1.0485964, 0.032247454]
[1.8186816, 0.8860594, 0.90262145, 0.030000828]
[1.9591578, 0.81974936, 1.1085713, 0.030837214]
[1.9608958, 0.93871427, 0.9891095, 0.03307197]
[1.9515169, 0.8792718, 1.0385351, 0.03371002]
[1.9620646, 0.93245924, 0.9948114, 0.034793954]
[1.8375701, 0.93750274, 0.863625, 0.03644243]
[1.9575902, 0.9069106, 1.0162868, 0.03439272]
[1.96451, 0.97885835, 0.9502175, 0.0354341]
[1.955572, 0.9072255, 1.0066991, 0.041647393]
[1.9215857, 0.87140757, 1.016474, 0.03370411]
[1.8679461, 0.94959843, 0.880748, 0.037599787]
[1.9183882, 0.79123807, 1.0874927, 0.03965745]
[1.9186882, 1.0530993, 0.8250313, 0.04055757]
[1.9736956, 0.7595528, 1.1711018, 0.043041166]
[1.9891777, 0.98165095, 0.96977663, 0.037750185]
[2.0927346, 1.1426107, 0.91447645, 0.035647295]
[2.0130942, 0.9515799, 1.0287267, 0.032787517]
[1.9604083, 0.9432456, 0.9820061, 0.035156634]
[1.9005342, 1.0227678, 0.8442904, 0.033475973]
[1.933116, 0.95771784, 0.94081354, 0.03458456]
[1.9617803, 0.9702096, 0.9589869, 0.032583855]
[1.9793466, 0.96526253, 0.97738916, 0.036694907]
[1.9991864, 1.002454, 0.9608208, 0.03591158]
[1.9931736, 0.8572788, 1.0996926, 0.036202185]
[1.8739806, 0.9185072, 0.9234436, 0.032029703]
[1.860047, 0.9569982, 0.86722726, 0.035821587]
[2.029905, 1.0455451, 0.9493042, 0.035055783]
[1.9366382, 0.95485383, 0.94515026, 0.03663405]
[1.9432828, 0.9613251, 0.9461032, 0.035854608]
[2.0499005, 0.97281253, 1.043093, 0.033995062]
[1.9106562, 0.90105283, 0.97242343, 0.037179947]
[1.9659715, 0.9536697, 0.97554135, 0.036760297]
[1.9678956, 0.99137753, 0.94032925, 0.036188785]
[1.9886659, 0.9466799, 1.0085831, 0.033403017]
[1.8944845, 0.9174221, 0.940277, 0.03678537]
[1.9594485, 0.96058697, 0.9600925, 0.03876896]
[1.9719584, 0.85797405, 1.0764952, 0.037489142]
[1.9000306, 0.92195475, 0.94142675, 0.036649138]
[1.9632751, 0.9447254, 0.9773654, 0.041184254]
[1.8744477, 0.98365086, 0.85082823, 0.039968636]
[1.9224311, 0.9066628, 0.9721704, 0.043597847]
[1.969187, 1.1025338, 0.8259491, 0.0407041]
[1.9117137, 1.0926206, 0.77825356, 0.040839538]
[2.0686688, 0.97975093, 1.0439191, 0.04499896]
[1.8875144, 0.97973245, 0.86957693, 0.03820488]
[2.0405452, 1.0156877, 0.9839461, 0.0409114]
[1.9303354, 0.8644046, 1.0255702, 0.040360555]
[1.8496405, 0.8707464, 0.9411721, 0.03772195]
[2.0110614, 1.0517461, 0.91814387, 0.041171335]
[2.0008037, 0.9278912, 1.0315825, 0.04133007]
[1.9859563, 0.9117108, 1.0336438, 0.040601596]
[2.0701115, 0.8970617, 1.1356497, 0.037399985]
[1.8661644, 0.8822663, 0.94578165, 0.038116466]
[1.9459184, 0.9623798, 0.94516456, 0.038374044]
[1.9383965, 0.8179974, 1.0881797, 0.03221941]
[1.8481878, 1.0185738, 0.794646, 0.034968]
[1.9573401, 0.88026917, 1.0334234, 0.04364758]
[1.9125896, 0.985986, 0.886147, 0.04045649]
[1.889791, 0.73198247, 1.1167192, 0.041089356]
[1.9185472, 1.044016, 0.83343416, 0.041096903]
[1.8721857, 0.7975035, 1.0365727, 0.03810959]
[1.9470084, 0.96388555, 0.9412451, 0.04187774]
[1.9218105, 0.9696547, 0.9050988, 0.047057055]
[1.8843896, 0.9742978, 0.8600619, 0.050029933]
[2.0459263, 0.8796805, 1.1243477, 0.041898057]
[1.9528626, 0.87000376, 1.0386066, 0.04425222]
[2.0290642, 0.95263517, 1.0325835, 0.043845493]
[2.000647, 0.9249742, 1.031366, 0.044306807]
[2.1195352, 1.0238013, 1.0553889, 0.040344883]
[1.9195007, 1.0109442, 0.87373126, 0.034825206]
[2.4831877, 1.390203, 0.4633383, 0.6296465]
[1.873598, 0.63855135, 1.2122331, 0.0228136]
[1.9151669, 0.7922461, 1.0899675, 0.0329533]
[2.0536225, 0.8852594, 1.1359365, 0.032426603]
[1.8524673, 0.942531, 0.8786129, 0.031323377]
[1.8933176, 0.9380223, 0.9234071, 0.03188809]
[1.973094, 1.017014, 0.9199027, 0.036177278]
[1.990315, 1.115656, 0.8418373, 0.032821655]
[2.0282748, 1.0360548, 0.95950836, 0.032711614]
[1.9148067, 0.9242005, 0.9603458, 0.030260485]
[1.889962, 0.9621273, 0.89706886, 0.030765772]
[1.9611158, 1.0054072, 0.918738, 0.036970668]
[1.959752, 0.9688831, 0.95643747, 0.03443132]
[2.0647206, 1.1073011, 0.9241067, 0.0333127]
[2.0431135, 1.1187546, 0.8948509, 0.029507898]
[1.9348255, 0.93150026, 0.97441113, 0.028914116]
[1.9331173, 0.93591714, 0.96498966, 0.032210413]
[1.8286351, 0.9625478, 0.8332428, 0.032844573]
[1.9061772, 0.9485601, 0.9229584, 0.034658708]
[1.9623108, 0.95413196, 0.97251475, 0.03566404]
[1.8932198, 0.8675339, 0.987884, 0.037801847]
[1.901249, 1.0334204, 0.82923526, 0.038593423]
[1.9171416, 0.8965377, 0.9793026, 0.041301277]
[1.9100386, 0.9117262, 0.9590421, 0.03927029]
[1.8306563, 0.7873938, 1.0076753, 0.03558714]
[2.1272874, 0.9148016, 1.1690322, 0.04345371]
[1.8056104, 0.9021761, 0.862661, 0.040773373]
[2.1066654, 0.956361, 1.1115025, 0.03880202]
[1.94771, 0.9071216, 1.0022346, 0.03835393]
[1.7695588, 0.7259943, 1.0080255, 0.03553898]
[1.8044139, 0.903074, 0.85839814, 0.04294172]
[1.8825827, 0.78474844, 1.0488721, 0.04896216]
[2.0030906, 0.9625626, 0.99458575, 0.04594227]
[1.9495335, 0.8298842, 1.0726244, 0.047024835]
[1.9448668, 0.98097837, 0.9181081, 0.045780294]
[1.9032276, 0.87136817, 0.9866078, 0.045251638]
[1.9593898, 1.0038455, 0.9068516, 0.048692785]
[2.4260082, 1.2911592, 0.70980775, 0.4250412]
[2.1736825, 0.6136643, 1.5295044, 0.030513834]
[1.9372894, 0.95876956, 0.949489, 0.029030744]
[2.000086, 1.0467619, 0.9254134, 0.02791068]
[1.9080485, 0.9310092, 0.94993013, 0.027109267]
[2.0119255, 1.0953314, 0.88507426, 0.03151985]
[1.9024899, 1.1227057, 0.75289404, 0.026890172]
[1.9703085, 1.0297186, 0.9124458, 0.028144112]
[2.022406, 0.93841356, 1.0522871, 0.031705476]
[2.0449538, 1.1283869, 0.89072937, 0.025837626]
[2.0213346, 1.0058845, 0.9897541, 0.025695957]
[1.901085, 0.973423, 0.9008863, 0.026775766]
[1.9314772, 1.0312335, 0.87322533, 0.027018335]
[1.8824248, 0.9786095, 0.875579, 0.028236378]
[1.9642768, 0.9970672, 0.93912745, 0.028082134]
[1.8929577, 0.9487373, 0.91426826, 0.029952016]
[1.9721699, 0.937727, 1.0037247, 0.030718211]
[1.898317, 0.9464171, 0.92221284, 0.029687071]
[1.9827087, 0.9150903, 1.0360816, 0.031536814]
[1.9548789, 0.9086478, 1.012994, 0.033237122]
[1.8861808, 0.934431, 0.92164195, 0.030107826]
[1.8935086, 0.8537481, 1.003193, 0.036567476]
[1.9215015, 0.9648607, 0.9232652, 0.033375658]
[1.9274532, 0.84768534, 1.0444546, 0.03531329]
[1.9935541, 0.96738935, 0.9865142, 0.03965058]
[1.8931822, 0.99373287, 0.8608779, 0.038571455]
[1.9526134, 0.83240044, 1.0819271, 0.038285814]
[1.8768095, 0.91850936, 0.91786534, 0.040434763]
[2.0084107, 1.0837126, 0.8858738, 0.038824253]
[1.9157299, 0.9539608, 0.9236651, 0.038103946]
[1.861581, 0.9915093, 0.83336115, 0.03671055]
[2.0860167, 1.0293846, 1.0141532, 0.042478792]
[1.9188062, 1.0200853, 0.86359084, 0.035129994]
[1.8658305, 0.9066726, 0.92156994, 0.037587993]
[1.9765844, 1.0542681, 0.8831121, 0.039204292]
[2.083584, 1.1301111, 0.9155592, 0.037913766]
[2.0244353, 0.99449515, 0.99521977, 0.03472038]
[1.7180892, 0.908422, 0.7737801, 0.03588714]
[1.9544843, 0.9257306, 0.9906557, 0.038097944]
[1.7542124, 0.896279, 0.8170812, 0.040852234]
[2.0370808, 0.93764174, 1.0514402, 0.04799874]
[2.0851145, 1.1653874, 0.8757554, 0.043971576]
[2.1190572, 1.0335495, 1.0450191, 0.040488586]
[1.8481157, 0.94668925, 0.86761403, 0.033812433]
[1.8996675, 0.96728134, 0.89366865, 0.038717456]
[1.9849727, 0.94558823, 0.99838066, 0.04100387]
[2.0320792, 1.0229025, 0.96783936, 0.041337304]
[2.0645907, 1.0162383, 1.0107727, 0.037579875]
[1.9367814, 0.9518322, 0.94830865, 0.036640592]
[1.9462907, 0.93519175, 0.97726667, 0.03383233]
[1.953093, 0.9520446, 0.96004534, 0.04100312]
[1.9223711, 0.8621929, 1.0215154, 0.038662855]
[1.9420593, 0.9790491, 0.9269608, 0.036049314]
[1.9860579, 0.9898611, 0.95708716, 0.03910953]
[1.9779627, 0.9238862, 1.0188318, 0.035244673]
[1.8941149, 0.87880236, 0.97913516, 0.036177274]
[1.940208, 0.81279445, 1.0871558, 0.040257648]
[1.9169211, 1.020762, 0.8564283, 0.039730743]
[1.8905658, 0.99770486, 0.8519597, 0.040901203]
[1.9195703, 0.9012533, 0.98052233, 0.03779468]
[1.9897435, 0.9681016, 0.98108, 0.040561892]
[1.8345985, 0.8279692, 0.9654345, 0.041194934]
[1.8869752, 0.90469414, 0.9423258, 0.039955202]
[1.8946302, 0.86869943, 0.98405737, 0.04187347]
[2.0360928, 0.9500334, 1.0383754, 0.047683842]
[1.9349163, 0.9843253, 0.9034084, 0.047182545]
[1.9446828, 0.9400594, 0.96282345, 0.041799992]
[1.9816617, 1.0943673, 0.8432602, 0.04403415]
[1.8524743, 0.9548921, 0.854853, 0.04272929]
[1.9569372, 0.9317138, 0.98162746, 0.04359592]
[1.9383384, 0.93239504, 0.9595903, 0.046353005]
[1.9772797, 0.94914496, 0.98542243, 0.04271226]
[1.9162718, 1.0088363, 0.86398995, 0.043445565]
[1.9433682, 0.94149536, 0.9564744, 0.04539848]
[1.9234624, 1.0623667, 0.81606185, 0.04503385]
[1.989565, 1.0561806, 0.8894992, 0.0438852]
[1.9033558, 0.9228989, 0.937303, 0.043153998]
[2.0682983, 1.0197488, 1.0035099, 0.045039594]
[1.9320838, 0.872903, 1.0182874, 0.04089342]
[1.8279498, 0.8595215, 0.9220334, 0.04639478]
[1.998235, 0.93103784, 1.0154359, 0.051761117]
[1.9361857, 0.9360879, 0.9539217, 0.04617612]
[1.8688699, 0.7114781, 1.1096936, 0.047698136]
[1.9204628, 0.9090322, 0.9611051, 0.050325498]
[1.8645911, 0.916076, 0.89995205, 0.048562966]
[2.0255687, 1.1665919, 0.80979055, 0.049186118]
[1.9890608, 0.9054342, 1.0396032, 0.044023354]
[1.9846476, 0.9483675, 0.9892804, 0.046999756]
[1.9336889, 0.86210173, 1.0247636, 0.0468235]
[1.9448518, 0.95329785, 0.94859767, 0.04295618]
[2.0861194, 1.1210878, 0.9169519, 0.04807966]
[1.8527521, 0.83632135, 0.9793998, 0.03703089]
[2.034524, 1.0426812, 0.9507319, 0.04111076]
[1.9077111, 0.9300648, 0.9402031, 0.037443332]
[2.0029192, 1.0649724, 0.8942397, 0.04370725]
[1.838073, 0.96888137, 0.8275379, 0.04165373]
[1.8879158, 0.7895728, 1.0535922, 0.04475099]
[1.959295, 1.0631225, 0.8509474, 0.045225106]
[1.9176337, 0.7829301, 1.0884262, 0.046277434]
[1.9376669, 0.9994439, 0.8996129, 0.038610112]
[2.0593588, 0.9068843, 1.105454, 0.04702062]
[2.077348, 1.0863572, 0.94952697, 0.04146376]
[2.0396202, 1.074472, 0.9273716, 0.037776716]
[1.9037715, 0.9158548, 0.9528583, 0.03505838]
[1.9326226, 0.9725128, 0.92485285, 0.03525698]
[1.9116038, 0.9420235, 0.93036103, 0.03921927]
[1.9385802, 1.0081962, 0.8908533, 0.039530657]
[1.9055942, 1.0152133, 0.85404664, 0.036334407]
[1.878732, 0.8821548, 0.9578587, 0.038718425]
[1.9081386, 1.0267247, 0.8390172, 0.042396717]
[1.9856542, 0.9298515, 1.0141114, 0.04169146]
[1.9459953, 1.0103666, 0.88676834, 0.048860475]
[2.0250752, 1.0917417, 0.88909876, 0.04423465]
[1.9708811, 0.98993576, 0.9423438, 0.03860156]
[1.8977784, 0.98564994, 0.86362815, 0.048500285]
[1.9669422, 0.9664823, 0.95221233, 0.04824759]
[2.0179281, 0.9316782, 1.0434092, 0.042840607]
[1.9775399, 1.0417438, 0.89255685, 0.04323928]
[1.959314, 0.9597708, 0.95777106, 0.041772135]
[1.9880786, 1.0238612, 0.9197535, 0.04446382]
[1.9717579, 0.813788, 1.11255, 0.04541997]
[2.0338116, 1.1843003, 0.80745566, 0.04205572]
[1.9770697, 0.75090444, 1.185586, 0.04057931]
[2.0028756, 0.89991176, 1.060847, 0.0421168]
[2.0237277, 0.99304026, 0.99197084, 0.038716618]
[1.8745087, 0.8648939, 0.9682944, 0.0413204]
[1.9225104, 0.89668405, 0.9855689, 0.04025741]
[2.0318418, 0.8709849, 1.1192538, 0.04160311]
[1.917167, 0.88949585, 0.988853, 0.038818073]
[1.8776499, 0.9136912, 0.9278245, 0.03613408]
[1.9931946, 1.0209502, 0.9326837, 0.039560653]
[1.9404348, 0.86948156, 1.0329149, 0.03803838]
[1.9433107, 0.9167069, 0.985531, 0.041072868]
[1.918784, 0.9909233, 0.88987195, 0.037988767]
[1.9304589, 1.1025841, 0.78792834, 0.039946456]
[1.8449624, 0.7268575, 1.0807872, 0.03731773]
[1.9039638, 1.2309868, 0.6339139, 0.039063133]
[1.9403613, 0.7739371, 1.1271517, 0.03927245]
[2.0357146, 0.9223625, 1.0729028, 0.040449392]
[2.023336, 1.185812, 0.79882026, 0.038703732]
[1.9047908, 0.97026134, 0.8969324, 0.03759701]
[1.9156685, 0.8887682, 0.98937917, 0.037521094]
[1.9550033, 0.9633113, 0.9533696, 0.038322277]
[2.0186415, 1.0281179, 0.95098656, 0.039536864]
[1.8985516, 0.8096805, 1.0543072, 0.03456394]
[1.9245138, 0.92639524, 0.9605249, 0.037593603]
[1.8286598, 0.806105, 0.98423773, 0.03831701]
[1.9609859, 0.9723482, 0.94639707, 0.042240676]
[1.9667791, 0.79024607, 1.1349632, 0.04156988]
[2.0445883, 0.9076706, 1.096031, 0.040886663]
[1.9843571, 0.9571955, 0.9853636, 0.041797996]
[2.1169446, 1.0472482, 1.0305341, 0.039162226]
[2.0306895, 0.84845585, 1.145724, 0.03650941]
[1.9702444, 1.1619495, 0.77584666, 0.032448303]
[2.1370702, 0.9976654, 0.9623401, 0.17706476]
[1.9807614, 0.8080723, 1.1412654, 0.031423736]
[1.9531745, 0.9472259, 0.9765003, 0.029448297]
[1.9109926, 0.8836619, 0.9972323, 0.030098487]
[1.9875299, 0.8977953, 1.0582802, 0.03145429]
[2.0423777, 1.0356381, 0.97572076, 0.031018887]
[1.949298, 0.959463, 0.96256447, 0.027270557]
[1.9408636, 0.9046013, 1.0082374, 0.028024927]
[1.975136, 0.95416385, 0.9914081, 0.029564168]
[1.9442607, 0.9373219, 0.9780668, 0.028871955]
[1.9749209, 0.9373612, 1.0103035, 0.027256135]
[1.9518368, 0.9792429, 0.9453665, 0.027227445]
[2.0128114, 1.0015695, 0.97905594, 0.032185964]
[1.9653785, 0.98235387, 0.9556488, 0.02737594]
[1.9533551, 1.0696583, 0.8541579, 0.029538881]
[1.8740716, 0.9101763, 0.93351793, 0.030377392]
[1.9777905, 1.0315018, 0.91335845, 0.032930262]
[1.8934311, 1.0046227, 0.85672444, 0.03208384]
[1.960376, 0.9489069, 0.97571576, 0.03575337]
[1.9228501, 0.9591274, 0.9263685, 0.037354216]
[1.8560077, 0.9514911, 0.86995614, 0.034560423]
[2.0105388, 1.044223, 0.93047404, 0.03584179]
[1.8891959, 1.029629, 0.819073, 0.040494002]
[1.9545085, 0.8353507, 1.0792612, 0.03989675]
[1.986351, 1.1800624, 0.7679291, 0.038359575]
[1.9866694, 0.83399534, 1.1170907, 0.03558342]
[2.0424948, 1.041079, 0.9662467, 0.035169184]
[1.9757448, 0.92505133, 1.0177755, 0.03291794]
[1.8302304, 1.2054844, 0.59126353, 0.033482395]
[1.9784913, 0.89803827, 1.0438402, 0.036612876]
[2.0186105, 1.0959389, 0.88755566, 0.03511598]
[2.06758, 0.9991187, 1.0337903, 0.034671046]
[1.9689631, 0.8902016, 1.0471445, 0.031616926]
[1.8696281, 0.9812434, 0.8556294, 0.03275524]
[2.0404062, 1.0221608, 0.9802027, 0.03804275]
[1.9039018, 0.9338305, 0.93747705, 0.032594144]
[1.9550105, 0.9489657, 0.9716454, 0.034399375]
[1.9742147, 0.9817649, 0.9605286, 0.03192115]
[1.8847551, 0.83920246, 1.0123715, 0.033181157]
[1.9587334, 0.96007013, 0.96175855, 0.036904663]
[2.008221, 0.93448514, 1.0398916, 0.03384426]
[1.894861, 0.79606366, 1.0611272, 0.03767009]
[2.018049, 0.9097395, 1.0729306, 0.035378907]
[1.9291834, 0.92393917, 0.9686596, 0.03658459]
[1.8956382, 0.754246, 1.1076214, 0.033770844]
[1.9612061, 1.0156286, 0.909479, 0.03609851]
[2.0948474, 1.0229993, 1.0370357, 0.034812387]
[1.7726024, 0.8928276, 0.84324944, 0.036525425]
[1.8310424, 0.8091574, 0.98435193, 0.0375332]
[1.9946452, 1.0286231, 0.9218365, 0.044185653]
[1.8330731, 0.83591485, 0.9572426, 0.03991562]
[1.9001745, 0.89084715, 0.9677423, 0.041585036]
[1.9544296, 0.96607965, 0.9445596, 0.043790385]
[1.9570339, 0.94902056, 0.96580374, 0.042209655]
[1.8189687, 0.8849553, 0.8900461, 0.043967262]
[2.0748456, 0.882787, 1.1457001, 0.046358254]
[1.953616, 1.1305121, 0.78258014, 0.040523734]
[1.9466512, 0.99558914, 0.91242564, 0.038636453]
[2.0112014, 0.8763648, 1.0914019, 0.043434672]
[1.9191447, 1.0562229, 0.8253108, 0.037611008]
[1.9751271, 0.93197274, 1.0032511, 0.03990325]
[1.9071174, 0.83049524, 1.0372707, 0.0393515]
[1.9687952, 1.0179597, 0.9125271, 0.03830842]
[1.9336321, 0.9539516, 0.9418931, 0.03778739]
[1.9077605, 0.92401004, 0.9404874, 0.043263085]
[2.1572223, 1.0861232, 1.0266703, 0.04442884]
[2.0121865, 1.0929554, 0.8807286, 0.03850264]
[1.9766965, 1.102912, 0.83759016, 0.03619431]
[2.019274, 1.0089078, 0.9750717, 0.035294503]
[2.0356545, 0.9797794, 1.0209974, 0.034877744]
[1.9651124, 1.128573, 0.8043537, 0.03218575]
[1.9097203, 0.8971299, 0.98014146, 0.03244885]
[1.9029455, 1.0676458, 0.802182, 0.03311776]
[2.0041902, 0.90816545, 1.0589635, 0.0370613]
[1.9632455, 1.0477822, 0.8840548, 0.031408537]
[1.8801427, 1.0292783, 0.8167254, 0.034139026]
[1.9945308, 0.90048444, 1.059004, 0.035042413]
[1.9185319, 0.9148608, 0.96645, 0.037221186]
[1.9222908, 0.9499655, 0.93734014, 0.03498521]
[1.9090793, 0.8129819, 1.0601757, 0.035921857]
[1.8924092, 1.0492735, 0.80318886, 0.03994689]
[1.9757999, 0.9991276, 0.93911976, 0.03755242]
[2.020328, 0.9363481, 1.0468507, 0.037129313]
[1.9705913, 0.90190876, 1.031347, 0.037335575]
[1.978767, 0.96725637, 0.97329634, 0.038214285]
[1.9429295, 0.88688624, 1.0183948, 0.037648413]
[1.8214252, 0.8801087, 0.90360534, 0.037711114]
[2.0214112, 0.9805093, 0.9994919, 0.04140995]
[1.8486683, 0.9067334, 0.9050256, 0.036909312]
[1.9285588, 0.8119507, 1.0763655, 0.040242616]
[1.9647737, 0.9390689, 0.98231363, 0.043391086]
[1.9485774, 0.95080686, 0.95639825, 0.04137229]
[1.9869506, 0.93250275, 1.0131887, 0.041259155]
[1.8727221, 0.9538115, 0.8822839, 0.036626708]
[2.178258, 1.1252117, 1.0150782, 0.03796805]
[2.0065453, 1.055906, 0.91832626, 0.032313]
[2.04424, 1.0038439, 1.00527, 0.035126287]
[1.7986958, 0.8865429, 0.87910855, 0.033044282]
[1.9865835, 0.95630825, 0.9966129, 0.033662274]
[1.8353343, 0.8471991, 0.9525967, 0.035538435]
[1.947182, 1.0172365, 0.8914535, 0.038492046]
[1.9357313, 1.0305185, 0.8660921, 0.0391207]
[1.992648, 1.0283192, 0.92409384, 0.04023494]
[1.9318578, 1.0922067, 0.80299646, 0.036654666]
[2.0697818, 1.0968647, 0.934795, 0.038122218]
[2.0485718, 0.8865638, 1.12674, 0.03526809]
[1.9559053, 0.9565163, 0.96429014, 0.035098936]
[1.9166906, 0.9747432, 0.9120681, 0.029879343]
[2.024842, 1.1351107, 0.85424316, 0.03548824]
[2.001928, 0.828053, 1.1393757, 0.034499504]
[1.8948909, 0.93325865, 0.931082, 0.030550262]
[1.9930507, 1.0417395, 0.9220436, 0.029267624]
[1.9933741, 0.9523622, 1.0118947, 0.029117245]
[1.9626954, 0.977967, 0.95423615, 0.030492235]
[1.9412427, 0.89427125, 1.0147551, 0.032216333]
[1.8909837, 1.0398314, 0.82075983, 0.030392572]
[1.9369613, 0.8378104, 1.0690571, 0.030093752]
[1.9413434, 0.9644711, 0.9468346, 0.030037802]
[1.9196743, 0.9164845, 0.9675626, 0.03562727]
[1.9540462, 0.9182786, 1.0045626, 0.031205101]
[1.8722429, 0.83036625, 1.0083051, 0.03357158]
[2.009646, 0.9851961, 0.9870437, 0.037406307]
[2.0480752, 0.968634, 1.0476879, 0.03175339]
[1.9445025, 1.0491754, 0.8606742, 0.03465279]
[2.0161006, 0.93053573, 1.0520563, 0.033508494]
[2.01863, 1.0003202, 0.98683953, 0.031470366]
[1.9279748, 1.011698, 0.8882867, 0.027990084]
[1.8726141, 0.83078265, 1.013253, 0.028578576]
[1.9335696, 1.028393, 0.869758, 0.035418533]
[1.9598712, 0.8849944, 1.0431767, 0.031700116]
[1.9674631, 1.0243535, 0.907478, 0.0356317]
[2.0063627, 0.83576214, 1.136801, 0.033799447]
[2.0011752, 1.1071355, 0.86177194, 0.032267638]
[2.0717957, 0.9399767, 1.1010268, 0.030792281]
[2.0660002, 1.0591674, 0.980427, 0.026405914]
[2.056463, 0.9679017, 1.0628718, 0.02568942]
[1.936516, 0.9716884, 0.93970484, 0.025122823]
[1.9854883, 1.0052148, 0.9536928, 0.026580678]
[2.0330327, 1.0717487, 0.93296796, 0.028315976]
[2.005102, 0.96874857, 1.009376, 0.026977416]
[1.9862956, 1.1011883, 0.86063755, 0.02446972]
[1.9842315, 0.95183647, 1.0051417, 0.027253259]
[1.9386276, 0.9296873, 0.98257935, 0.026360888]
[1.9442096, 0.931839, 0.98230255, 0.030068]
[1.9649236, 0.87006557, 1.066088, 0.02877005]
[1.8982581, 0.9493549, 0.9205393, 0.028363846]
[1.9285606, 0.9498085, 0.95265794, 0.026094208]
[1.870025, 0.92804575, 0.9093615, 0.032617856]
[1.9546165, 0.81500745, 1.1045368, 0.035072323]
[1.9529039, 0.89211357, 1.0294814, 0.03130891]
[1.9239085, 1.0078819, 0.8804088, 0.03561783]
[1.9692603, 0.8651046, 1.0699097, 0.034246102]
[1.9388968, 0.90645707, 0.99964756, 0.03279218]
[1.9127785, 0.9936112, 0.8855833, 0.033583947]
[1.9298643, 0.9656801, 0.92760336, 0.036580794]
[1.9291747, 0.97174764, 0.9183289, 0.03909818]
[2.0871434, 1.0243657, 1.0251446, 0.037633233]
[1.9230412, 0.9035144, 0.9877045, 0.03182228]
[1.9468529, 0.8806779, 1.0291657, 0.03700926]
[1.8830193, 1.0028088, 0.844761, 0.03544946]
[1.9505165, 1.0444978, 0.86979556, 0.036223017]
[1.8905663, 0.8428379, 1.0140301, 0.033698343]
[1.9496759, 0.9352172, 0.97570276, 0.03875604]
[1.9471667, 0.88305724, 1.027463, 0.036646537]
[1.997357, 0.9713297, 0.9821829, 0.04384438]
[1.9216222, 0.9697156, 0.91216016, 0.039746456]
[2.0291042, 1.0283377, 0.96261674, 0.038149912]
[1.9981185, 0.98491013, 0.97715366, 0.036054708]
[1.9397463, 0.9824147, 0.9219666, 0.03536497]
[2.019176, 0.8213016, 1.1604681, 0.03740626]
[1.9581162, 1.1605654, 0.76497173, 0.03257905]
[1.9336902, 0.92123973, 0.9769926, 0.035457842]
[1.9549944, 0.93037283, 0.988544, 0.03607756]
[1.9688412, 0.8452072, 1.0879091, 0.035724923]
[2.0139241, 0.99386907, 0.9840164, 0.036038667]
[1.9845403, 0.9766141, 0.97353196, 0.034394234]
[2.030742, 0.96033025, 1.0381894, 0.032222167]
[1.9087979, 0.95403284, 0.91986, 0.03490507]
[2.0017445, 0.77279747, 1.1919402, 0.03700685]
[1.994179, 1.0263705, 0.93366194, 0.034146592]
[2.026202, 1.0566716, 0.93631876, 0.03321169]
[1.8788394, 0.9207824, 0.9290612, 0.028995907]
