[1.9865303, 0.9553898, 0.9929024, 0.038238034]
[1.9535029, 0.85291547, 1.0646924, 0.035895146]
[1.9350427, 0.99121475, 0.9100827, 0.033745293]
[1.9725547, 0.9240458, 1.0117254, 0.0367835]
[1.9662547, 0.9499645, 0.97959715, 0.03669308]
[1.9634193, 0.86095774, 1.0655386, 0.03692295]
[2.0617526, 0.843346, 1.182568, 0.035838656]
[1.9658772, 0.96207297, 0.96724445, 0.03655965]
[1.8581554, 0.87636197, 0.9452307, 0.036562674]
[1.920146, 0.7864193, 1.0943216, 0.039405093]
[2.0147798, 1.044443, 0.92953324, 0.040803663]
[1.9205562, 0.9936672, 0.88871515, 0.038173795]
[1.9020681, 0.88885, 0.9743702, 0.038847886]
[1.8229989, 0.7643302, 1.0147514, 0.043917276]
[1.8704964, 0.8739326, 0.9539537, 0.04261008]
[2.0944574, 1.0329541, 1.0174506, 0.04405282]
[2.0012908, 1.1157876, 0.8457343, 0.039768845]
[1.8522179, 1.1020024, 0.7106705, 0.03954508]
[1.7481697, 0.8601468, 0.84940684, 0.03861595]
[1.8977383, 0.8946084, 0.95584834, 0.047281634]
[1.9583468, 0.95493346, 0.95629144, 0.04712198]
[1.935112, 1.0424588, 0.8486863, 0.04396697]
[2.0164568, 1.0078205, 0.96051526, 0.048121013]
[1.7939358, 0.8425889, 0.91022706, 0.041119818]
[2.1227999, 1.1330359, 0.9427131, 0.047050975]
[1.8892144, 0.9501032, 0.8991947, 0.039916355]
[1.7949164, 0.824438, 0.93111634, 0.039362065]
[1.9754723, 0.90573144, 1.0259135, 0.0438274]
[1.821433, 0.93996966, 0.8421983, 0.039264992]
[1.9378204, 0.8864134, 1.005933, 0.045474067]
[1.8933858, 0.91925347, 0.92755, 0.04658231]
[1.9509015, 0.8149824, 1.0918391, 0.044080064]
[2.0110302, 0.89856803, 1.0666391, 0.045823]
[2.0680814, 0.80379367, 1.2185725, 0.045715395]
[1.8774685, 0.78035134, 1.0597367, 0.03738028]
[2.033591, 0.99940217, 0.9962044, 0.037984446]
[2.0015018, 0.9721863, 0.9892322, 0.040083222]
[1.9843978, 1.0772808, 0.8648695, 0.04224755]
[1.9324632, 0.89618784, 0.99504614, 0.041229285]
[1.9836588, 0.9862821, 0.9607053, 0.0366714]
[2.0393038, 0.92655325, 1.0731297, 0.03962092]
[1.9093335, 0.99446064, 0.87681216, 0.038060658]
[1.9653858, 1.0540645, 0.8717184, 0.03960286]
[2.0340416, 0.94088644, 1.0519774, 0.041177794]
[1.897097, 0.96682644, 0.8888465, 0.041424092]
[1.8956331, 1.0708234, 0.78732455, 0.037485093]
[1.8291888, 0.9438994, 0.8459828, 0.03930667]
[1.9673064, 1.0460631, 0.88271093, 0.03853239]
[1.8814069, 0.90988255, 0.925836, 0.04568824]
[1.8458605, 0.94464684, 0.85567105, 0.04554256]
[1.9299345, 0.8675245, 1.0131919, 0.049218044]
[2.0379753, 0.95968276, 1.0252897, 0.053002913]
[1.9162029, 1.045506, 0.823292, 0.047404855]
[1.8708687, 0.98119384, 0.84205085, 0.047624007]
[1.9545552, 0.90700114, 0.9961139, 0.051440164]
[1.7792526, 0.92432743, 0.80830544, 0.0466198]
[1.9611458, 0.9674368, 0.9392998, 0.054409124]
[1.8741064, 0.90113103, 0.92885464, 0.044120833]
[1.9457802, 0.98778707, 0.9099132, 0.048079826]
[2.05707, 0.7396714, 1.2643802, 0.05301843]
[1.9642917, 1.2808907, 0.6384933, 0.04490764]
[1.9453481, 0.9404253, 0.9595295, 0.04539338]
[2.0186822, 0.9116187, 1.0614655, 0.045598097]
[1.9734397, 0.9196013, 1.0072753, 0.046563]
[1.9692678, 0.8657125, 1.062554, 0.041001346]
[1.9693377, 0.9884904, 0.9347472, 0.046100177]
[1.9361382, 1.1259971, 0.76510024, 0.045040876]
[2.0081031, 1.0217457, 0.9416876, 0.04466998]
[1.8888825, 0.79737973, 1.048589, 0.042913746]
[1.9551483, 0.98617446, 0.9260211, 0.04295275]
[1.9884131, 0.9045881, 1.041923, 0.041901976]
[1.9586642, 0.9001169, 1.0130444, 0.04550294]
[1.9943537, 1.0049452, 0.9474252, 0.04198327]
[1.9114091, 0.9442173, 0.92444134, 0.042750463]
[1.9602408, 0.8851184, 1.0321019, 0.043020457]
[1.972157, 0.954505, 0.97450805, 0.043144006]
[1.865613, 0.81703, 1.0052196, 0.043363366]
[1.8569375, 0.80326176, 1.0080947, 0.045581117]
[1.9496242, 0.9476064, 0.9545112, 0.047506526]
[1.8551419, 0.92684984, 0.8825146, 0.045777492]
[1.9531701, 0.9538895, 0.9529749, 0.046305615]
[1.7966249, 0.67445415, 1.0710329, 0.05113787]
[1.8651946, 1.035015, 0.77894354, 0.051236015]
[2.0702353, 0.8514224, 1.1721529, 0.046660036]
[1.9163377, 1.1084678, 0.76256156, 0.045308292]
[2.02235, 0.83649266, 1.1405985, 0.045258917]
[1.8915967, 0.9752917, 0.8707836, 0.04552133]
[1.9530827, 1.0981404, 0.8097521, 0.04519023]
[1.8550146, 0.9373553, 0.86928976, 0.048369545]
[1.8617034, 0.8924161, 0.92046595, 0.048821367]
[1.7326305, 0.7915486, 0.88896996, 0.052111898]
[1.8824748, 0.9892407, 0.8310244, 0.062209755]
[2.2245586, 0.9927493, 1.1711676, 0.060641717]
[2.0280995, 0.959185, 1.0180494, 0.05086506]
[1.8718901, 0.9524684, 0.87449896, 0.044922736]
[2.0700245, 0.99693656, 1.0239546, 0.04913319]
[1.9569806, 1.0577034, 0.85081303, 0.04846414]
[2.0546992, 1.1098783, 0.89712775, 0.047692925]
[1.9918095, 0.86748797, 1.080439, 0.043882504]
[1.9294184, 0.9209858, 0.96524805, 0.043184586]
[1.8782269, 0.94699293, 0.8846227, 0.046611212]
[1.9102232, 0.9745564, 0.88621706, 0.049449854]
[1.9397769, 0.8999096, 0.99753946, 0.04232785]
[2.0331843, 1.0721953, 0.91708785, 0.04390113]
[1.9207761, 0.91063255, 0.96427464, 0.045868825]
[1.9852619, 1.1002342, 0.84079766, 0.04423006]
[1.9709638, 0.7911749, 1.1343433, 0.045445718]
[1.936163, 1.0237097, 0.8695738, 0.04287955]
[1.9152405, 0.8665018, 1.0060754, 0.042663388]
[1.9212458, 0.97833216, 0.896768, 0.04614573]
[1.9213179, 0.88714576, 0.99001485, 0.044157367]
[1.9944135, 0.95931625, 0.9955763, 0.03952089]
[2.0824125, 0.9673565, 1.0698569, 0.045199223]
[2.0541592, 0.8878251, 1.1212828, 0.045051344]
[1.9070469, 0.96993077, 0.90168417, 0.03543201]
[1.9172374, 0.9922376, 0.8873025, 0.037697203]
[1.9278601, 0.9323445, 0.9574247, 0.038090996]
[1.9745241, 0.9914625, 0.9417378, 0.04132378]
[2.0072927, 0.9855856, 0.977139, 0.044568203]
[1.8149374, 0.8226546, 0.95348465, 0.038798057]
[1.9386855, 0.9367379, 0.95664287, 0.0453048]
[1.9188874, 0.862677, 1.0112352, 0.044975117]
[1.9967498, 0.9813439, 0.9693061, 0.046099782]
[1.8964113, 0.8983108, 0.9546776, 0.043422934]
[1.9233263, 1.0347056, 0.8442453, 0.044375338]
[1.8880496, 0.9228313, 0.9170561, 0.048162233]
[1.9541768, 0.9165745, 0.9900056, 0.047596667]
[1.9535383, 1.086616, 0.81832606, 0.048596267]
[1.9259357, 0.96930474, 0.90774125, 0.048889793]
[1.8335944, 0.8310619, 0.9566966, 0.045835823]
[1.8996615, 0.90314716, 0.9481038, 0.04841061]
[1.8393018, 0.86171705, 0.9227396, 0.05484505]
[1.776107, 0.81161237, 0.9093391, 0.055155523]
[2.0245836, 0.9742227, 0.99463713, 0.055723608]
[2.0089703, 0.9834199, 0.9692472, 0.05630312]
[1.9756144, 0.9549051, 0.9669959, 0.05371342]
[1.9759756, 1.103252, 0.8166022, 0.05612147]
[2.069099, 0.8543056, 1.1634865, 0.05130676]
[1.909403, 0.98799354, 0.87693095, 0.04447852]
[1.8731136, 1.0033103, 0.8220408, 0.047762506]
[1.9738442, 0.83394235, 1.0875524, 0.052349493]
[1.9762502, 1.0092337, 0.91397434, 0.05304212]
[1.9528666, 0.8321117, 1.0654492, 0.05530555]
[2.0019243, 1.0216084, 0.9307811, 0.049534827]
[1.8596805, 0.85154116, 0.9608915, 0.047247894]
[2.0656986, 1.0277627, 0.99015284, 0.04778308]
[1.9993814, 0.9726475, 0.97985613, 0.046877783]
[1.8348738, 0.95252854, 0.8355271, 0.046818167]
[2.1247792, 1.2011617, 0.8763981, 0.047219284]
[2.1109247, 0.97867465, 1.093216, 0.03903409]
[2.009223, 1.0145595, 0.9561603, 0.038503215]
[2.0085216, 1.0033028, 0.9684938, 0.036724895]
[1.8637232, 0.98504204, 0.84536195, 0.033319168]
[2.0158098, 0.96784425, 1.0117388, 0.03622677]
[1.9464605, 0.96455485, 0.9463978, 0.035507884]
[1.8902109, 1.0188968, 0.8342972, 0.03701693]
[1.9886416, 1.0418115, 0.90630376, 0.040526345]
[1.9429753, 0.889885, 1.0115889, 0.041501343]
[1.9053608, 0.94709754, 0.9184375, 0.039825775]
[1.8518751, 0.9479506, 0.8626034, 0.041321054]
[1.9157729, 0.8549755, 1.0174304, 0.043366868]
[2.0120006, 1.0006393, 0.96571434, 0.045646824]
[2.0272412, 1.0644565, 0.91934156, 0.04344329]
[1.9053586, 1.0399293, 0.8217447, 0.043684553]
[2.0793314, 1.0614533, 0.9786869, 0.039191253]
[1.9619409, 0.90646577, 1.0171983, 0.0382768]
[1.9907902, 0.9154545, 1.0400727, 0.035263065]
[1.9873028, 0.93036616, 1.0221429, 0.034793675]
[1.9596882, 0.96276623, 0.95985734, 0.03706453]
[1.9967177, 1.012974, 0.94790757, 0.035836115]
[1.996872, 0.94191945, 1.0206885, 0.034264]
[1.9871255, 1.0501263, 0.90454316, 0.032456055]
[2.0008857, 0.99251187, 0.97560084, 0.03277313]
[1.9311469, 0.8471746, 1.0541866, 0.029785631]
[1.9385058, 0.84458005, 1.0624391, 0.03148663]
[2.014171, 0.9761071, 1.0061958, 0.031867884]
[1.8981438, 0.94740385, 0.92231804, 0.028421832]
[1.9210446, 0.9775294, 0.91278124, 0.030733973]
[1.9497491, 1.0612679, 0.8586576, 0.029823631]
[1.8997409, 0.877288, 0.9906039, 0.03184899]
[1.9865906, 0.9829999, 0.97029054, 0.033300128]
[1.9232492, 0.9540646, 0.9333858, 0.035798743]
[1.8608975, 0.9076903, 0.9181026, 0.035104655]
[1.8748684, 1.0127759, 0.821975, 0.040117465]
[1.9880952, 0.96060604, 0.990497, 0.036992237]
[1.9566343, 1.050218, 0.8674257, 0.038990628]
[1.9302844, 0.9767348, 0.9119024, 0.04164713]
[1.876502, 1.0688143, 0.7674637, 0.040224135]
[1.8715137, 1.0651827, 0.7605791, 0.04575189]
[1.9434278, 0.87257886, 1.0293117, 0.041537262]
[1.9691415, 1.1099303, 0.8175725, 0.04163876]
[2.0441055, 0.9835835, 1.0162685, 0.044253524]
[1.862891, 0.988394, 0.8353945, 0.039102387]
[1.9595829, 0.99281895, 0.92708915, 0.0396749]
[2.040047, 0.93804026, 1.0608965, 0.04111006]
[1.9000362, 0.9622233, 0.8977783, 0.040034637]
[2.1025612, 0.87633264, 1.1867899, 0.03943873]
[1.9982624, 0.96126527, 1.0003481, 0.036648996]
[1.9628756, 0.9836475, 0.94308424, 0.036143743]
[1.9760044, 0.9992767, 0.94172955, 0.03499818]
[1.9248376, 0.9604347, 0.9297427, 0.034660194]
[2.0063043, 1.0656557, 0.9020387, 0.038609773]
[1.9530358, 0.794342, 1.1254716, 0.033222187]
[1.8862816, 0.8604188, 0.99258864, 0.033274125]
[1.7970037, 0.80197203, 0.9621229, 0.032908857]
[1.7841283, 0.9636324, 0.78140384, 0.03909205]
[1.8827089, 0.79038143, 1.0514287, 0.040898748]
[1.7943491, 0.9571409, 0.793586, 0.04362218]
[1.8997898, 1.095196, 0.7558867, 0.048707128]
[2.0064456, 0.73410344, 1.2237146, 0.048627555]
[1.9821446, 1.1105187, 0.8276347, 0.043991208]
[2.0785098, 0.8332915, 1.2008305, 0.04438785]
[1.926556, 1.1059909, 0.77865684, 0.041908212]
[1.9996895, 0.78773993, 1.1672754, 0.044674035]
[1.933482, 1.0114455, 0.8798104, 0.04222619]
[1.8505607, 0.94703263, 0.86214435, 0.041383788]
[2.0962915, 1.0912333, 0.9632926, 0.041765656]
[1.8970242, 0.9451685, 0.9088075, 0.043048106]
[1.9985839, 0.9670369, 0.9904194, 0.041127607]
[1.8701035, 0.7840582, 1.0488034, 0.037241824]
[1.8892089, 1.0139245, 0.834373, 0.04091144]
[2.0398536, 1.0259054, 0.96805274, 0.045895535]
[1.9973009, 0.8906416, 1.0684829, 0.038176343]
[1.9306117, 0.8785348, 1.0113112, 0.040765777]
[1.9491564, 0.9502809, 0.9641378, 0.03473773]
[1.9263405, 0.9174235, 0.9706117, 0.03830526]
[1.9128803, 1.0068498, 0.86711293, 0.038917646]
[1.8789921, 0.94037426, 0.89528614, 0.04333157]
[2.0184505, 0.8921678, 1.0835519, 0.042730793]
[1.9119536, 1.0053616, 0.8715042, 0.035087775]
[1.8911251, 0.9180794, 0.9280069, 0.045038775]
[2.0005271, 1.027489, 0.929404, 0.043634094]
[1.8449917, 0.87594545, 0.92433625, 0.04470987]
[1.9423273, 0.8044259, 1.0915356, 0.046365745]
[1.8648962, 0.9023206, 0.9173049, 0.045270626]
[2.0077991, 1.076979, 0.88324386, 0.04757615]
[1.9445338, 0.9177703, 0.9866431, 0.040120386]
[1.9592265, 0.97552013, 0.93985844, 0.043847866]
[1.8809503, 0.88950753, 0.94509435, 0.046348404]
[1.9549803, 0.95721996, 0.9481822, 0.04957805]
[1.9931875, 1.1984719, 0.7449558, 0.04975984]
[2.0106883, 0.9326988, 1.0295889, 0.048400663]
[2.021489, 0.9479308, 1.027061, 0.04649708]
[1.8969768, 0.9012116, 0.953993, 0.041772246]
[1.9847214, 0.9642501, 0.9781153, 0.042355962]
[1.9943258, 1.0297903, 0.92001116, 0.044524264]
[1.9501469, 0.99416727, 0.9122095, 0.043770052]
[1.8507016, 0.82232267, 0.98448396, 0.043895066]
[1.9039404, 0.77838826, 1.077996, 0.047556106]
[1.8828355, 1.035634, 0.80030125, 0.046900146]
[1.9321711, 0.78902435, 1.095066, 0.04808084]
[1.8867027, 1.0503575, 0.79399383, 0.04235132]
[1.9988443, 0.7827344, 1.1695511, 0.046558715]
[2.013245, 0.9485292, 1.0186634, 0.04605235]
[1.9910959, 1.0027279, 0.9463494, 0.042018693]
[1.8649112, 0.7792944, 1.0413418, 0.04427502]
[2.0451522, 0.98586875, 1.0118167, 0.047466673]
[2.0393612, 1.1185511, 0.8770842, 0.043726046]
[1.9042442, 0.7999594, 1.061784, 0.042500686]
[1.8645505, 0.90937686, 0.91328835, 0.041885264]
[2.010854, 0.9996906, 0.96654356, 0.044619743]
[1.9177231, 1.0286915, 0.84760404, 0.041427515]
[1.9092356, 0.9628298, 0.905159, 0.041246735]
[2.008827, 0.9875021, 0.9770609, 0.044263944]
[2.0003734, 1.0469165, 0.9121052, 0.041351624]
[2.0332134, 1.1600918, 0.8292277, 0.04389391]
[1.9476308, 0.884084, 1.0240228, 0.039524008]
[1.8575562, 0.827101, 0.99325, 0.03720517]
[1.9205016, 0.89309776, 0.9828458, 0.044558056]
[1.8900901, 0.8749833, 0.97322494, 0.041881938]
[2.03864, 1.1809914, 0.81693596, 0.040712614]
[1.8930094, 0.88954985, 0.9611324, 0.04232715]
[1.9470071, 0.90921426, 0.9959914, 0.041801307]
[2.0236068, 1.0661441, 0.912158, 0.045304663]
[1.9600973, 0.8281122, 1.0912893, 0.040695887]
[1.9053246, 0.79627883, 1.0665777, 0.042468034]
[1.7404424, 0.84670264, 0.8504799, 0.04325985]
[1.8756232, 0.8745049, 0.95424145, 0.046876848]
[2.060967, 1.0276359, 0.9833207, 0.050010234]
[1.8874149, 0.9116699, 0.93025655, 0.045488454]
[1.9443724, 0.8677854, 1.0254207, 0.051166333]
[1.8922858, 0.918428, 0.9244275, 0.049430422]
[1.9292125, 0.9762353, 0.9079133, 0.045063816]
[1.9993621, 0.9465835, 1.0022193, 0.05055926]
[2.0286062, 0.9516591, 1.0310465, 0.04590068]
[1.8593014, 0.95642245, 0.8619715, 0.040907446]
[1.9034637, 1.0554907, 0.7989799, 0.048993096]
[1.9169092, 0.92682016, 0.9410857, 0.049003337]
[1.8449626, 0.85481894, 0.9431838, 0.046959825]
[1.9072293, 0.8825352, 0.9751457, 0.049548432]
[1.892333, 0.8382697, 1.0056407, 0.048422582]
[1.7581191, 0.97135234, 0.73578024, 0.050986577]
[1.8755167, 0.88955545, 0.92763644, 0.05832486]
[1.9537953, 0.91131103, 0.9813136, 0.061170667]
[1.9487814, 1.0885382, 0.7961397, 0.064103514]
[1.9025902, 0.8926023, 0.9550535, 0.05493442]
[1.9285208, 0.9616163, 0.9109882, 0.05591634]
[2.0501413, 0.97707856, 1.015753, 0.057309635]
[2.050812, 1.0805352, 0.917645, 0.052631866]
[1.9536508, 0.9393711, 0.9608765, 0.05340326]
[2.0473435, 1.1144484, 0.8787042, 0.054190785]
[2.011941, 0.9895828, 0.97177136, 0.05058676]
[1.9619367, 1.0229301, 0.891187, 0.04781962]
[1.9779687, 1.0376788, 0.8925037, 0.047786195]
[2.1031547, 1.1691217, 0.8884723, 0.045560595]
[1.8406255, 0.74840534, 1.0514708, 0.0407494]
[1.900626, 1.040134, 0.81572866, 0.044763267]
[1.9217612, 0.88724315, 0.9854546, 0.049063303]
[1.8984965, 0.9711739, 0.8745421, 0.05278053]
[1.9148712, 0.88426137, 0.9850322, 0.045577638]
[1.922985, 0.8883682, 0.9839738, 0.05064299]
[1.9559869, 0.8881401, 1.0182047, 0.04964211]
[1.9935007, 0.96274734, 0.9764031, 0.054350242]
[2.0137095, 0.9653981, 0.9971, 0.05121152]
[1.9284319, 0.8929518, 0.98636806, 0.049111925]
[1.9795717, 0.9059639, 1.0235829, 0.050024822]
[1.9722455, 1.0200722, 0.9012184, 0.050954826]
[1.9881938, 0.9179797, 1.02156, 0.04865405]
[1.966507, 0.9045086, 1.0193316, 0.04266681]
[2.0394611, 1.1661011, 0.83145964, 0.04190028]
[1.9998373, 0.84607947, 1.1137947, 0.039963182]
[1.970065, 1.0843092, 0.84626216, 0.039493736]
[2.0356364, 0.9981096, 0.99749637, 0.04003048]
[1.8476269, 1.0050143, 0.80712014, 0.03549243]
[1.9163821, 1.0252334, 0.8507124, 0.04043632]
[1.9358069, 0.9149786, 0.9783301, 0.042498276]
[1.9828109, 1.1265713, 0.81447345, 0.041766096]
[1.9731061, 0.8865057, 1.0446755, 0.041924894]
[2.040093, 1.031461, 0.9702879, 0.03834388]
[1.9235618, 0.97887826, 0.90750885, 0.037174746]
[1.9666524, 0.8829343, 1.0484561, 0.035262164]
[2.014165, 0.96439576, 1.0097394, 0.04002966]
[1.8765067, 0.81826913, 1.0211799, 0.03705763]
[1.9495267, 0.94003266, 0.9723744, 0.037119634]
[1.9503453, 0.99413586, 0.91840154, 0.037807953]
[1.9898131, 0.9219525, 1.0278665, 0.03999416]
[1.926745, 0.8708508, 1.0174205, 0.038473718]
[1.8928682, 0.9903715, 0.85983074, 0.042665847]
[1.9347663, 0.9594842, 0.9362578, 0.039024346]
[1.8668325, 0.75737643, 1.0688384, 0.04061771]
[2.0333083, 0.88005984, 1.1099632, 0.04328532]
[1.9801241, 0.9354001, 1.0070304, 0.03769363]
[1.893691, 0.9528662, 0.9018352, 0.038989525]
[1.8470517, 0.83180577, 0.9703117, 0.04493423]
[2.0261579, 1.0428371, 0.94010997, 0.04321085]
[1.93401, 0.83336616, 1.062051, 0.0385928]
[1.8259615, 0.95845175, 0.8277037, 0.03980601]
[1.7754843, 0.8487402, 0.8813265, 0.045417577]
[1.8860341, 0.9709984, 0.8633076, 0.051728144]
[1.8878789, 0.9224075, 0.9156953, 0.0497761]
[1.9211457, 0.90230006, 0.9687927, 0.050052926]
[1.9415414, 1.1660987, 0.72219974, 0.05324298]
[1.976342, 0.8736574, 1.0504136, 0.0522709]
[1.9163456, 0.88291657, 0.9811325, 0.052296467]
[1.8854792, 0.9152885, 0.920524, 0.04966664]
[1.9333372, 1.0212231, 0.8541639, 0.057950296]
[1.8840698, 0.92828524, 0.90450776, 0.051276844]
[2.0270698, 1.092053, 0.8787787, 0.05623796]
[1.9288945, 0.9419937, 0.9339237, 0.052977078]
[1.9822086, 1.0765657, 0.8577254, 0.047917478]
[1.9514614, 0.8440044, 1.058902, 0.04855497]
[1.9444449, 0.9391032, 0.95393145, 0.051410146]
[1.9047291, 0.95759153, 0.8974941, 0.04964353]
[1.9945633, 0.9145807, 1.0248142, 0.055168338]
[2.0575314, 0.99730957, 1.0113143, 0.048907533]
[2.001479, 0.8556137, 1.1046906, 0.041174725]
[1.8562466, 0.8810144, 0.92695165, 0.04828065]
[1.8279852, 0.8111832, 0.9722832, 0.044518866]
[1.8421562, 0.8733548, 0.92175245, 0.047048956]
[1.9120984, 0.85966945, 1.0017092, 0.050719764]
[1.916273, 0.9177682, 0.94569546, 0.052809387]
[1.9816126, 1.0223479, 0.9079422, 0.051322445]
[1.9992752, 0.94649756, 1.0018384, 0.050939213]
[1.8711363, 0.9858444, 0.8334885, 0.051803485]
[1.7545096, 0.8251662, 0.87857556, 0.050767757]
[1.9886574, 0.9004561, 1.0327166, 0.055484682]
[1.9434627, 0.87828064, 1.01299, 0.05219206]
[1.8438771, 0.9936631, 0.7936926, 0.05652136]
[2.1324885, 0.9276637, 1.1471963, 0.057628505]
[1.9384822, 1.1757498, 0.71395415, 0.04877816]
[1.9984815, 1.0000613, 0.95011497, 0.048305213]
[1.8813736, 0.9653684, 0.86516696, 0.050838247]
[2.0346246, 1.0796165, 0.9005339, 0.054474056]
[2.000448, 0.9823076, 0.9720026, 0.046137758]
[1.9828129, 1.008333, 0.9283943, 0.046085566]
[1.9384397, 0.98921114, 0.90462744, 0.044601075]
[1.8593502, 0.88280463, 0.9300872, 0.04645835]
[2.0751073, 1.0653739, 0.9598974, 0.04983583]
[1.9688369, 1.0732079, 0.85197186, 0.043657187]
[1.8530549, 0.88082254, 0.9277122, 0.044520084]
[1.8814443, 0.89834297, 0.9347691, 0.04833238]
[1.8892446, 0.93376315, 0.9082706, 0.047210846]
[2.0017781, 1.0359724, 0.91418767, 0.051618032]
[2.1169357, 0.88796425, 1.1851981, 0.043773532]
[1.8612248, 1.0171636, 0.7996621, 0.04439908]
[2.027012, 1.1269816, 0.85312456, 0.04690596]
[1.9496495, 0.9278698, 0.9783348, 0.04344492]
[1.9405812, 0.81302965, 1.0868771, 0.040674433]
[1.8890593, 0.93698037, 0.9114747, 0.040604234]
[1.9329132, 1.0138018, 0.8782815, 0.040829893]
[1.9235026, 0.9826927, 0.89437616, 0.046433713]
[2.0207338, 1.0665786, 0.9057051, 0.048450135]
[1.9553169, 0.969977, 0.9405161, 0.04482375]
[1.8669852, 0.86615634, 0.95391613, 0.046912827]
[1.9079027, 0.9548567, 0.91141295, 0.0416331]
[1.8937618, 0.83797467, 1.0090704, 0.04671669]
[2.02462, 0.8323262, 1.1429851, 0.049308658]
[1.861039, 0.90010655, 0.91592515, 0.0450074]
[1.9643612, 1.0486983, 0.8684666, 0.047196317]
[1.9746553, 0.9058977, 1.020537, 0.048220504]
[2.0767212, 1.0698376, 0.95839906, 0.04848449]
[1.9823282, 1.0777729, 0.8623951, 0.042160306]
[1.9063389, 0.88687015, 0.97915417, 0.040314715]
[2.0208309, 1.0784094, 0.902752, 0.039669506]
[2.0172207, 0.96481645, 1.0090243, 0.043380123]
[1.9809407, 0.86379373, 1.0798471, 0.03729988]
[1.9700491, 1.0375376, 0.892416, 0.040095616]
[1.9514499, 0.9568861, 0.95616925, 0.038394503]
[2.0199587, 0.9577855, 1.0260196, 0.036153674]
[2.0206318, 0.9354413, 1.0477351, 0.03745544]
[1.9557761, 0.8820375, 1.0360286, 0.037709974]
[1.8907126, 0.9380163, 0.9184364, 0.034259927]
[2.000484, 1.1200783, 0.8439094, 0.036496334]
[1.9014196, 0.98179024, 0.88407403, 0.035555303]
[2.0650856, 0.9129802, 1.1163502, 0.03575538]
[1.818268, 0.9986756, 0.7851496, 0.03444279]
[1.9880672, 0.97863615, 0.9727371, 0.03669396]
[1.8654425, 0.9734423, 0.85393584, 0.038064405]
[2.08409, 0.93614614, 1.1144838, 0.033459805]
[1.8555013, 0.83773327, 0.98210335, 0.03566463]
[1.8988204, 0.915483, 0.94678986, 0.03654754]
[2.101214, 1.0961137, 0.97039104, 0.034709208]
[1.9927425, 0.9250277, 1.0326906, 0.035024226]
[1.964885, 0.97773504, 0.9511789, 0.035970993]
[1.981022, 1.019135, 0.9254281, 0.036458906]
[1.9836644, 1.0651124, 0.8823333, 0.0362188]
[1.9796209, 1.0592053, 0.88736457, 0.033051066]
[1.9906138, 1.0001096, 0.9540682, 0.03643609]
[1.986863, 1.1053953, 0.84922504, 0.03224264]
[1.8808293, 0.9439953, 0.9019446, 0.034889463]
[1.9529021, 0.94602007, 0.97325003, 0.03363207]
[1.9903637, 0.92318773, 1.0347848, 0.032391228]
[1.9339803, 0.97689795, 0.9186404, 0.038442034]
[1.8734444, 0.9641266, 0.876774, 0.03254383]
[1.9096637, 0.94792473, 0.9254794, 0.036259525]
[1.9189283, 0.84072447, 1.0370237, 0.04118018]
[2.034906, 1.0904651, 0.9067879, 0.037652954]
[1.7845702, 0.85883427, 0.8882333, 0.03750264]
[1.9721532, 0.9686957, 0.9622135, 0.041244075]
[1.9491684, 1.0238181, 0.8838212, 0.041529164]
[1.963854, 0.90144956, 1.0203233, 0.042081155]
[1.9558111, 0.77979475, 1.1359041, 0.0401124]
[1.9793497, 0.9342354, 1.0015045, 0.043609682]
[2.0096378, 0.95067924, 1.0195367, 0.039421745]
[2.0096362, 0.8487265, 1.124443, 0.036466602]
[1.9651589, 0.9286926, 1.0008981, 0.03556826]
[1.9454203, 1.0052696, 0.9061468, 0.034003682]
[1.9057559, 0.8707024, 0.99821126, 0.036842193]
[1.8601034, 0.8503895, 0.9720515, 0.037662398]
[1.9220175, 0.7862524, 1.1000273, 0.035737745]
[1.9417455, 0.8427476, 1.0629352, 0.036062658]
[1.9361241, 0.942821, 0.95400023, 0.039302833]
[1.8128241, 0.81345713, 0.95935607, 0.04001093]
[1.8703258, 0.92005706, 0.90575606, 0.044512756]
[1.9949381, 0.94401526, 1.0058703, 0.045052532]
[1.9319216, 1.0494083, 0.83910096, 0.043412376]
[2.1216412, 1.1350744, 0.9423301, 0.044236735]
[2.0120735, 0.99798167, 0.9757937, 0.038298067]
[1.9574984, 0.93958133, 0.979985, 0.037932023]
[1.9557731, 1.0234165, 0.8955679, 0.03678876]
[2.0148582, 0.898118, 1.0788473, 0.03789285]
[1.9290397, 1.0222647, 0.8721311, 0.03464388]
[1.933718, 0.9708146, 0.92695856, 0.03594476]
[1.9543068, 0.95049906, 0.96852386, 0.035283927]
[1.9675947, 0.9739144, 0.95705676, 0.036623646]
[1.8551515, 0.8887429, 0.9331713, 0.033237346]
[1.9654123, 0.9668803, 0.9595774, 0.038954668]
[1.9289801, 0.9221934, 0.9694996, 0.037287127]
[1.9193317, 0.9539619, 0.9264735, 0.038896203]
[1.9128629, 0.9313642, 0.9420364, 0.039462276]
[1.898167, 0.93077034, 0.9252119, 0.04218469]
[1.9517045, 1.0758047, 0.83398676, 0.04191308]
[1.9595671, 0.90338504, 1.015999, 0.040183045]
[1.9620682, 0.9293931, 0.9909637, 0.041711494]
[1.9676166, 0.88330877, 1.0406408, 0.043666907]
[1.9631193, 1.1390104, 0.78366995, 0.040438898]
[1.948132, 0.7693908, 1.1356876, 0.043053646]
[1.9116441, 0.99102366, 0.87763166, 0.04298883]
[1.9068761, 0.9480903, 0.9173038, 0.041481942]
[2.0371816, 1.0265591, 0.96423554, 0.046386883]
[1.9922751, 1.007267, 0.9442469, 0.04076121]
[1.9560487, 0.97400355, 0.9394308, 0.042614497]
[2.013517, 0.8649757, 1.1085151, 0.040026076]
[1.911627, 0.94285357, 0.9348179, 0.03395561]
[1.9059408, 0.900333, 0.9646956, 0.040912192]
[1.925128, 1.0211341, 0.8619451, 0.042048648]
[2.0058007, 1.0257323, 0.9366194, 0.04344905]
[1.992128, 0.95698595, 0.9934306, 0.04171143]
[1.8352319, 0.86418414, 0.93358487, 0.037462845]
[1.8420882, 0.8438485, 0.9586161, 0.039623655]
[2.0922263, 0.88304996, 1.1674988, 0.041677445]
[1.8691621, 0.9186998, 0.90664065, 0.04382153]
[2.028981, 1.0154562, 0.9682606, 0.045264244]
[1.8802801, 1.039572, 0.7981926, 0.04251553]
[1.9059929, 0.98436236, 0.879038, 0.042592555]
[2.035807, 0.98338616, 1.0095637, 0.042856947]
[1.9928916, 0.9815927, 0.96902734, 0.042271473]
[1.9658487, 0.973433, 0.9533643, 0.03905133]
[1.9322927, 0.9924075, 0.90041304, 0.039472125]
[1.9217271, 0.9284276, 0.95299673, 0.040302787]
[2.0033565, 1.1067433, 0.856007, 0.0406061]
[2.0295103, 0.9973302, 0.99146944, 0.040710725]
[1.989779, 1.052369, 0.8993616, 0.038048405]
[2.011437, 0.9818498, 0.9913447, 0.03824257]
[1.9570162, 0.92784995, 0.9934933, 0.035672948]
[2.0561335, 1.0970745, 0.92488086, 0.034178056]
[1.8786687, 0.89351857, 0.9530021, 0.032147974]
[1.9536148, 0.91319185, 1.0038838, 0.036539204]
[1.9198816, 0.944751, 0.9412006, 0.03392995]
[1.936415, 0.8460989, 1.0530977, 0.037218273]
[1.9857987, 1.0226996, 0.9296228, 0.03347622]
[1.9523036, 1.0326701, 0.8856677, 0.033965833]
[1.9414188, 1.0711806, 0.8344191, 0.035819188]
[1.9582238, 1.0035659, 0.91628855, 0.038369462]
[2.0437489, 1.1013553, 0.9055965, 0.036797076]
[1.9444659, 0.95673996, 0.95439065, 0.03333517]
[1.9860061, 0.94262916, 1.0091119, 0.03426519]
[1.9719001, 1.0102944, 0.92682314, 0.034782507]
[1.8909194, 0.8567575, 1.0012944, 0.032867532]
[1.9803218, 0.9479909, 0.9981643, 0.034166567]
[1.9687138, 1.0381638, 0.89608085, 0.034469157]
[2.0875995, 1.0169548, 1.0359232, 0.034721546]
[1.9759419, 0.98917156, 0.9580494, 0.02872084]
[1.9302582, 0.93732655, 0.9607158, 0.032215834]
[1.9060276, 0.91654444, 0.95934176, 0.030141346]
[1.9410344, 0.9418996, 0.9655851, 0.033549704]
[1.9115831, 0.918095, 0.9611328, 0.032355193]
[2.0302405, 0.99714935, 0.9975723, 0.03551879]
[1.9032294, 0.99538267, 0.87302184, 0.03482487]
[2.0016413, 0.97375995, 0.9934815, 0.034399655]
[1.9792614, 0.95019794, 0.99685335, 0.032210104]
[1.9690593, 1.0129194, 0.9245399, 0.031600036]
[1.9147028, 0.9407153, 0.94251764, 0.03146981]
[1.9246457, 0.8750279, 1.01561, 0.03400781]
[1.9464257, 1.0042696, 0.9039881, 0.038167946]
[1.8944381, 0.9152056, 0.94567716, 0.03355542]
[1.9391148, 0.9283173, 0.97164065, 0.039156888]
[1.9324052, 1.0431204, 0.85137033, 0.037914522]
[1.942216, 0.9455448, 0.9594184, 0.037252776]
[1.901111, 0.923679, 0.9412082, 0.036223724]
[1.88885, 0.84665996, 1.0024786, 0.039711434]
[1.8586774, 0.94718885, 0.86970115, 0.041787393]
[1.9796326, 0.8941329, 1.0424635, 0.043036245]
[2.1207013, 1.0055158, 1.0734191, 0.04176638]
[1.8931458, 0.83191264, 1.0221441, 0.03908906]
[1.8354563, 0.8356694, 0.95599395, 0.04379287]
[1.9092431, 0.91044813, 0.9555991, 0.04319589]
[1.9837072, 0.9577054, 0.9837673, 0.042234574]
[1.8961358, 0.8956404, 0.95376956, 0.04672585]
[1.9790279, 1.0801485, 0.855972, 0.042907305]
[1.7221373, 0.7720511, 0.90490246, 0.04518377]
[1.9839691, 0.87830365, 1.0566728, 0.048992578]
[1.9380877, 0.92931116, 0.9597422, 0.049034353]
[2.1426282, 0.9703626, 1.1229117, 0.049353722]
[1.9703877, 0.8958541, 1.0315192, 0.04301438]
[1.9933795, 1.0081301, 0.9419621, 0.04328732]
[1.8640331, 0.9612011, 0.8603517, 0.042480323]
[2.1485088, 1.0017735, 1.1055729, 0.041162238]
[1.8819314, 0.94674134, 0.89544237, 0.03974771]
[1.8916672, 0.93725157, 0.9128175, 0.041598238]
[2.1226094, 1.1068652, 0.9740732, 0.04167112]
[1.9496597, 0.97145116, 0.9388045, 0.03940409]
[1.9576806, 0.91049206, 1.0096416, 0.037546843]
[1.848823, 0.91072, 0.8995452, 0.038557723]
[1.8574699, 0.8269849, 0.99154115, 0.03894385]
[1.9580202, 0.9951831, 0.9191172, 0.04371991]
[1.9935837, 0.9791982, 0.97240114, 0.041984342]
[1.9072123, 0.9366561, 0.9294411, 0.04111509]
[1.9156878, 1.0100559, 0.8601517, 0.04548031]
[1.9684813, 0.92087865, 1.0037937, 0.043808922]
[1.8984514, 0.92166024, 0.9275563, 0.04923503]
[1.9862982, 1.0302562, 0.90625656, 0.049785517]
[1.9510022, 0.8684504, 1.0400953, 0.04245656]
[2.0202355, 1.2201939, 0.7615207, 0.038520984]
[1.9123764, 0.8490952, 1.0253608, 0.037920386]
[1.8323826, 0.91043574, 0.8813032, 0.040643528]
[1.8855901, 0.8624637, 0.98172283, 0.041403484]
[1.9411273, 1.1740491, 0.72254616, 0.044532117]
[1.839134, 0.8502252, 0.9420832, 0.046825703]
[1.946603, 1.0237044, 0.8772669, 0.045631595]
[2.0691264, 0.9667764, 1.0523865, 0.049963422]
[1.98004, 0.86656916, 1.0723264, 0.04114438]
[1.8281616, 0.92495507, 0.85592574, 0.047280803]
[2.077822, 1.0649698, 0.9636625, 0.049189907]
[1.899126, 1.0031823, 0.84742653, 0.04851719]
[1.9644771, 0.9992186, 0.91987604, 0.045382448]
[1.9618714, 1.0609906, 0.85860777, 0.042273097]
[1.8062967, 0.78854764, 0.97324556, 0.04450355]
[1.9677945, 0.78981876, 1.1312251, 0.046750616]
[1.9833772, 0.9901221, 0.94268256, 0.05057259]
[1.9853345, 1.0714962, 0.8712224, 0.04261592]
[2.0404444, 1.0622685, 0.9357134, 0.042462498]
[1.8441154, 0.861801, 0.9381165, 0.044197954]
[1.867031, 0.8824792, 0.937475, 0.047076814]
[1.9506377, 0.9014933, 1.0020932, 0.047051154]
[1.9646027, 0.9139837, 1.0040118, 0.046607286]
[1.921136, 0.96015185, 0.91395175, 0.04703243]
[1.9819142, 0.92313385, 1.0097916, 0.048988655]
[1.9058489, 0.982498, 0.8791138, 0.044237003]
[2.0594108, 1.1863134, 0.8284154, 0.044681937]
[2.010964, 0.7823106, 1.1870437, 0.041609682]
[2.0073824, 0.9983616, 0.96638143, 0.04263948]
[2.0160358, 1.1179512, 0.85908437, 0.0390002]
[1.892884, 0.8928165, 0.96398294, 0.036084656]
[1.96177, 0.9692997, 0.95132315, 0.041147232]
[1.9832234, 0.9962617, 0.9498987, 0.037062943]
[1.9648931, 0.9895948, 0.9404788, 0.034819487]
[2.013332, 0.9166872, 1.061671, 0.034973636]
[1.9712789, 0.87906015, 1.0533018, 0.038917005]
[1.8968817, 0.94645905, 0.915244, 0.035178684]
[1.8838865, 0.9201188, 0.92439204, 0.039375678]
[1.8536053, 0.76299095, 1.0504638, 0.040150516]
[1.9002953, 1.0254605, 0.83354926, 0.04128556]
[1.9453368, 0.95987046, 0.9402992, 0.045167215]
[1.8486043, 0.7719363, 1.0321393, 0.04452875]
[1.9074502, 0.988255, 0.87311697, 0.046078235]
[2.0179713, 1.0960114, 0.8739723, 0.04798757]
[1.9647509, 1.0083516, 0.91685534, 0.039543938]
[1.9762092, 0.92353076, 1.013308, 0.039370354]
[1.9398859, 0.888527, 1.010573, 0.04078577]
[1.9780121, 1.0045135, 0.9328153, 0.040683284]
[1.9378409, 0.89334834, 1.006066, 0.038426638]
[2.0109015, 0.91899407, 1.0583384, 0.033568993]
[1.9880264, 0.98543453, 0.96347487, 0.039117012]
[1.9573959, 1.0617514, 0.8600311, 0.035613373]
[1.9320159, 0.9603335, 0.93935347, 0.032328807]
[2.008258, 0.76154155, 1.2116642, 0.035052247]
[1.9727892, 1.097861, 0.8385955, 0.03633262]
[1.8796965, 0.87796766, 0.96420926, 0.037519544]
[1.8745718, 0.9953032, 0.83850896, 0.04075961]
[1.9210521, 0.8109463, 1.0661808, 0.043924905]
[1.8293965, 1.0447379, 0.7440684, 0.040590115]
[1.9883553, 1.0473654, 0.8954413, 0.045548566]
[1.942548, 0.840268, 1.060243, 0.04203706]
[2.0342407, 1.0970885, 0.89095867, 0.046193562]
[1.8951652, 0.843061, 1.0147624, 0.037341855]
[1.8677819, 0.98527884, 0.8384567, 0.044046417]
[1.9579855, 1.0037642, 0.9071608, 0.047060564]
[2.0037167, 0.73478425, 1.2285895, 0.040342957]
[1.9199628, 1.0408692, 0.83689374, 0.04219968]
[1.9977295, 0.98136127, 0.97257036, 0.043797936]
[2.0070717, 0.84499276, 1.1201246, 0.041954488]
[1.8988215, 0.94381106, 0.91512847, 0.039881956]
[1.8657407, 0.9406103, 0.8849786, 0.040151663]
[1.9970864, 0.93416715, 1.0214217, 0.04149761]
[1.9016724, 1.052674, 0.8077864, 0.041211877]
[1.9042399, 0.8266084, 1.036351, 0.041280456]
[1.9914329, 0.97614217, 0.97110415, 0.04418663]
[1.9884245, 0.9487642, 0.99265283, 0.047007576]
[1.9101521, 1.0679812, 0.7949035, 0.047267277]
[1.9099839, 0.9305959, 0.9348647, 0.04452324]
[1.9865929, 1.0243692, 0.9110851, 0.051138576]
[2.022421, 0.9799999, 0.9928992, 0.049521897]
[1.9760649, 0.97760385, 0.9503833, 0.04807777]
[2.0438855, 0.95050293, 1.0495038, 0.04387872]
[1.9252921, 0.99167514, 0.89286387, 0.040753115]
[2.052193, 0.85747254, 1.1538174, 0.040902816]
[1.9975138, 1.0976, 0.8574096, 0.042504206]
[1.9974113, 1.0556908, 0.90328753, 0.038433]
[1.9850042, 1.0437253, 0.90149045, 0.03978845]
[1.8864403, 0.87384725, 0.9751648, 0.037428245]
[1.9048525, 0.9776965, 0.8884274, 0.038728595]
[2.0073085, 1.0674356, 0.9018613, 0.03801167]
[1.9924991, 1.1146064, 0.8394387, 0.038454033]
[1.9009547, 0.87264985, 0.9922117, 0.036093257]
[1.9724568, 0.9888984, 0.9468738, 0.036684643]
[1.8127646, 0.9521626, 0.8277954, 0.03280668]
[1.8885984, 0.8241955, 1.0236187, 0.040784292]
[2.0277984, 1.093091, 0.89252067, 0.042186797]
[1.9247102, 1.015295, 0.8676473, 0.041767783]
[1.927285, 0.7896201, 1.0988226, 0.038842246]
[1.9277606, 0.9709229, 0.9193499, 0.03748773]
[1.9422368, 0.91427195, 0.98723626, 0.04072856]
[1.9441148, 0.97588444, 0.9298866, 0.03834376]
[1.8528979, 0.7804142, 1.0296955, 0.04278809]
[1.9553399, 0.94860697, 0.9639625, 0.042770445]
[1.9758863, 0.96378106, 0.97045445, 0.041650806]
[2.0605447, 0.99423826, 1.0273757, 0.038930606]
[1.9294829, 0.9832231, 0.9055052, 0.040754672]
[1.9571629, 0.997237, 0.91542697, 0.04449889]
[1.9487034, 0.9597349, 0.9441092, 0.04485934]
[1.964793, 0.7797212, 1.1461065, 0.03896524]
[1.9170924, 0.94687575, 0.92722994, 0.042986766]
[1.9441693, 0.8574525, 1.0484598, 0.03825704]
[1.9250546, 0.78734463, 1.0973663, 0.040343557]
[1.8554895, 0.9535852, 0.86188006, 0.04002429]
[1.883511, 0.81198835, 1.0271719, 0.04435072]
[1.9116902, 0.89753455, 0.9720932, 0.042062577]
[2.081645, 1.0142901, 1.0219216, 0.045433387]
[2.034833, 1.0113168, 0.9796488, 0.0438674]
[1.9187186, 0.95099217, 0.92806464, 0.03966171]
[2.0147362, 1.0474844, 0.9261383, 0.041113496]
[1.8609483, 0.8798157, 0.9380031, 0.043129504]
[2.0508313, 0.9753108, 1.0281374, 0.047383018]
[1.9368898, 1.0530124, 0.84155965, 0.042317763]
[1.8645287, 0.91384125, 0.9089595, 0.0417279]
[1.9187108, 1.0863543, 0.7858685, 0.046488024]
[1.9361117, 0.9612886, 0.9324312, 0.04239185]
[2.1594288, 1.1355726, 0.9805596, 0.04329663]
[1.8835902, 0.94327086, 0.90242875, 0.037890725]
[2.0612104, 1.0894144, 0.93002725, 0.041768894]
[1.9056005, 0.97377944, 0.89847493, 0.03334614]
[1.9228991, 0.7590461, 1.1231687, 0.040684335]
[1.9309485, 1.0346828, 0.8540232, 0.04224257]
[2.0854592, 1.0620593, 0.9850218, 0.038378168]
[1.9186664, 0.8558665, 1.0218141, 0.04098586]
[1.9478073, 0.98470366, 0.92235696, 0.040746734]
[1.9088453, 0.7873728, 1.0820608, 0.03941166]
[1.9689932, 0.88767326, 1.0429096, 0.038410358]
[1.9139295, 1.0072074, 0.86978304, 0.036939003]
[1.9531864, 0.9811206, 0.930939, 0.041126836]
[1.8940184, 0.96851265, 0.88669443, 0.03881132]
[2.0561318, 1.0663203, 0.94787604, 0.041935332]
[1.9143403, 0.96942055, 0.9099857, 0.03493401]
[1.8251215, 0.94981194, 0.83824205, 0.037067495]
[1.8680453, 0.8443269, 0.98260343, 0.041114986]
[1.8378783, 0.8533139, 0.943177, 0.04138743]
[1.9345044, 0.9345963, 0.9517356, 0.048172466]
[1.8656983, 1.2180985, 0.59806037, 0.049539454]
[1.9481688, 0.70621836, 1.1944718, 0.04747855]
[1.9936393, 1.1114573, 0.83567715, 0.046504907]
[1.8893164, 0.84010357, 1.0011258, 0.048087034]
[2.1028972, 1.0473576, 1.0146807, 0.040858746]
[1.9222778, 0.9382887, 0.9447192, 0.03926996]
[1.984888, 1.0154824, 0.9319596, 0.03744591]
[1.8841432, 0.85229146, 0.98981327, 0.042038515]
[1.8047174, 0.8459367, 0.9151024, 0.04367828]
[2.0067673, 0.9950149, 0.96670485, 0.045047488]
[1.972301, 1.001934, 0.9270648, 0.043302167]
[1.8802817, 0.94188774, 0.8922999, 0.04609401]
[1.9267575, 1.0802463, 0.804441, 0.042070094]
[1.9872942, 0.9626143, 0.9762247, 0.04845521]
[1.9270394, 1.0661025, 0.8137249, 0.047211975]
[1.8230282, 0.8438133, 0.93654746, 0.042667493]
[2.0747666, 1.098114, 0.9269234, 0.049729355]
[1.8400434, 0.84001493, 0.9597608, 0.040267702]
[1.9417546, 0.95263755, 0.9419578, 0.047159225]
[1.896498, 1.0337111, 0.81434435, 0.04844255]
[2.0488155, 1.0286698, 0.971207, 0.048938535]
[1.9848455, 0.85226804, 1.0858405, 0.046737127]
[1.9679823, 0.9267415, 0.99299145, 0.048249416]
[1.920592, 0.8832206, 0.9961424, 0.041228835]
[2.0390837, 0.92412555, 1.0650222, 0.04993601]
[1.9929355, 1.128751, 0.8197837, 0.044400766]
[1.9305323, 0.9540721, 0.93749654, 0.038963627]
[1.9638839, 1.0102017, 0.9114287, 0.042253554]
[1.9550872, 0.95718336, 0.95960444, 0.038299304]
[1.8706886, 0.9872016, 0.8429037, 0.040583245]
[2.0918143, 1.0586927, 0.9905246, 0.042597145]
[1.9531592, 0.8615973, 1.0521914, 0.03937054]
[2.0011969, 1.0557461, 0.90631425, 0.039136462]
[2.0322998, 0.9676175, 1.0242747, 0.040407598]
[2.0392125, 1.0569499, 0.944708, 0.03755454]
[2.0273848, 0.98618066, 1.0044625, 0.03674157]
[1.904594, 0.89296174, 0.9764511, 0.035181087]
[1.8076017, 0.9032525, 0.86611986, 0.038229346]
[1.9731567, 0.90497565, 1.0294987, 0.03868235]
[1.9367071, 0.8995792, 1.0019302, 0.03519762]
[1.9256151, 0.9898748, 0.8955189, 0.040221397]
[1.961634, 1.0197824, 0.9035851, 0.03826654]
[2.0024447, 1.0462042, 0.9173995, 0.038840972]
[2.0057125, 0.9860711, 0.98341215, 0.036229365]
[1.9335127, 0.94858456, 0.9499728, 0.03495524]
[1.9636593, 1.0129879, 0.9121294, 0.03854201]
[1.932432, 0.8660654, 1.0333523, 0.033014428]
[1.8947817, 0.9605751, 0.8948458, 0.039360825]
[2.007003, 0.99112195, 0.9758261, 0.04005495]
[1.94161, 0.8992759, 1.0048019, 0.03753226]
[1.9699844, 0.89610654, 1.0358261, 0.038051732]
[2.0571687, 0.89769834, 1.1198034, 0.03966688]
[2.0008051, 0.96350837, 1.0022631, 0.03503373]
[1.9459068, 0.89047927, 1.0186435, 0.036784083]
[1.8254044, 0.9028602, 0.88807607, 0.034468144]
[1.8976293, 0.93131655, 0.92779744, 0.0385153]
[2.0074162, 0.8920227, 1.0721383, 0.043255135]
[1.8351818, 0.82264555, 0.9748459, 0.037690442]
[1.8987105, 0.90646404, 0.9491339, 0.0431125]
[1.9613364, 0.91713774, 1.0016217, 0.042576857]
[1.8933042, 0.88322926, 0.96665907, 0.04341591]
[1.8880578, 0.8585062, 0.98633456, 0.04321705]
[1.9695748, 0.8113957, 1.1137955, 0.044383597]
[1.8701552, 0.8479107, 0.98138446, 0.040860105]
[1.8668506, 0.77150047, 1.0485427, 0.046807356]
[1.9008464, 0.9535443, 0.90002596, 0.04727619]
[1.9461266, 0.9299394, 0.96581954, 0.05036766]
[1.9137055, 0.9766909, 0.8873871, 0.04962744]
[1.938612, 0.96842843, 0.92464304, 0.045540586]
[1.9485615, 0.9995419, 0.9036439, 0.045375682]
[2.015047, 1.184102, 0.77950275, 0.051442266]
[2.0144997, 0.8617781, 1.1055434, 0.047178194]
[1.930771, 0.883265, 1.0017357, 0.04577034]
[1.9547517, 0.92097855, 0.9871112, 0.046661958]
[2.0490575, 1.0346279, 0.96669173, 0.047737896]
[2.0687454, 1.0424058, 0.985952, 0.040387407]
[1.9670031, 1.0259166, 0.9028809, 0.038205616]
[2.0012872, 0.95379114, 1.0087767, 0.038719475]
[1.9680115, 0.8965771, 1.037482, 0.033952408]
[2.0090656, 1.0869992, 0.8871821, 0.0348844]
[1.8631263, 0.9013761, 0.92612386, 0.035626274]
[1.8935295, 0.9644955, 0.8953713, 0.033662625]
[1.9496204, 0.9300468, 0.9818984, 0.03767511]
[2.0346718, 0.92685056, 1.0695127, 0.03830861]
[1.9672652, 1.0571711, 0.87553275, 0.034561347]
[2.040527, 0.8938756, 1.1139754, 0.032676086]
[1.9793881, 1.0525907, 0.8948427, 0.03195469]
[1.9102131, 0.8990718, 0.9782877, 0.0328536]
[1.9113696, 0.8698177, 1.0076747, 0.03387718]
[1.907813, 0.91193247, 0.9618903, 0.033990286]
[1.8552945, 0.9863769, 0.83447826, 0.03443931]
[1.8702775, 0.8591521, 0.9725152, 0.038610183]
[1.9922001, 0.8857293, 1.0631485, 0.043322287]
[1.9524642, 1.0079396, 0.90706503, 0.03745956]
[1.873424, 0.9613747, 0.8690961, 0.042953268]
[1.8780538, 0.9793067, 0.8570773, 0.041669782]
[1.988427, 0.83815587, 1.1057119, 0.04455921]
[1.9849379, 1.1170602, 0.82802063, 0.039857198]
[1.8858496, 0.8929764, 0.95372397, 0.039149143]
[1.8973821, 0.9238949, 0.93031156, 0.043175735]
[1.8734671, 1.1070263, 0.72267234, 0.043768395]
[1.8360474, 0.7685136, 1.0224386, 0.045095176]
[1.9268773, 0.9056231, 0.9704753, 0.05077886]
[1.919011, 1.0195146, 0.8488026, 0.050693862]
[1.9420153, 0.9663597, 0.92787904, 0.047776558]
[1.8263584, 0.8174864, 0.9639778, 0.04489418]
[2.0839896, 1.2383765, 0.79429257, 0.051320538]
[1.9257215, 0.8640268, 1.0146474, 0.047047336]
[1.94636, 1.0841196, 0.8156748, 0.04656565]
[1.8851602, 1.0486686, 0.7820319, 0.05445963]
[1.9360338, 0.9204984, 0.9693097, 0.0462258]
[1.9492664, 1.0065472, 0.8984825, 0.044236604]
[1.9285495, 0.84133387, 1.0341668, 0.053048864]
[2.235002, 1.2003028, 0.9920652, 0.04263407]
[2.0483475, 1.037992, 0.9738137, 0.036541708]
[2.0417843, 1.0114409, 0.9911785, 0.039165027]
[2.0192847, 0.9485096, 1.0372436, 0.033531547]
[1.9598962, 0.9397665, 0.986001, 0.034128685]
[1.853105, 0.93177545, 0.8897971, 0.03153238]
[1.8463479, 0.8430424, 0.96863645, 0.034669094]
[1.9665759, 0.9393321, 0.9881144, 0.039129242]
[1.9608479, 1.0033855, 0.9205608, 0.03690152]
[1.904932, 0.9309273, 0.93817025, 0.035834603]
[1.9649391, 0.99773926, 0.9280493, 0.039150506]
[1.9319, 1.0273029, 0.8626814, 0.04191581]
[1.9396491, 0.8942417, 1.004419, 0.040988494]
[1.9643644, 0.93702847, 0.98696613, 0.04036982]
[1.919246, 0.90510315, 0.97238827, 0.041754458]
[2.0000198, 0.9701997, 0.9888733, 0.04094679]
[1.9014093, 0.76598334, 1.0971091, 0.03831686]
[1.9617436, 1.0216596, 0.9001496, 0.039934427]
[1.977286, 0.87441564, 1.0621133, 0.04075701]
[2.0245686, 0.8557091, 1.1308484, 0.038011096]
[1.9419823, 1.0848249, 0.8178097, 0.03934762]
[2.0020278, 1.056175, 0.90687203, 0.038980775]
[1.9212861, 1.0005584, 0.88606966, 0.034658045]
[1.9455892, 0.9340199, 0.9726282, 0.03894104]
[1.8665657, 0.8939725, 0.93710434, 0.03548889]
[1.9863033, 0.89741397, 1.0489111, 0.039978273]
[1.8709899, 0.9492912, 0.8839484, 0.03775031]
[1.856801, 0.9187232, 0.8963653, 0.041712493]
[1.8661683, 0.9005761, 0.92681, 0.03878208]
[1.9241908, 0.9391581, 0.9426271, 0.042405646]
[1.9440321, 0.9505863, 0.9479102, 0.04553561]
[1.8798419, 1.0338724, 0.797009, 0.048960574]
[2.0398512, 1.0387262, 0.9495249, 0.051600028]
[2.0240407, 1.0124998, 0.96486104, 0.046679825]
[1.9908692, 1.017991, 0.9288956, 0.04398264]
[1.9236197, 1.0092962, 0.86653465, 0.047788844]
[1.8716106, 0.9046593, 0.9225104, 0.04444098]
[1.76618, 0.8538301, 0.8672193, 0.045130644]
[1.9052652, 0.9248386, 0.9299289, 0.050497692]
[1.9289519, 0.9306513, 0.942975, 0.055325653]
[2.0109558, 0.93064404, 1.0273161, 0.052995738]
[2.0956576, 1.0642743, 0.9809174, 0.050465792]
[1.9297837, 0.9285285, 0.95389855, 0.047356717]
[1.9203889, 0.9909241, 0.88246936, 0.04699534]
[1.9697425, 0.9572234, 0.9710982, 0.041420955]
[2.0386407, 1.0465666, 0.94693184, 0.04514225]
[1.9835562, 0.9787954, 0.9608586, 0.043902118]
[2.0284095, 1.00408, 0.9808773, 0.04345209]
[2.040054, 1.0175022, 0.97753394, 0.04501807]
[1.9784813, 0.97381383, 0.9664215, 0.03824593]
[1.9544109, 0.8970058, 1.0232911, 0.034114037]
[1.8681626, 0.97008204, 0.8583188, 0.03976177]
[1.936454, 1.0438709, 0.85145783, 0.041125283]
[2.0713565, 1.1462506, 0.8861795, 0.03892639]
[1.8972256, 0.92718196, 0.93669486, 0.033348836]
[1.9571675, 0.87944317, 1.0398085, 0.037915878]
[1.8092918, 0.8811336, 0.8897874, 0.03837089]
[1.8180152, 0.86883724, 0.91136223, 0.037815712]
[1.8629775, 0.9127103, 0.9108744, 0.039392766]
[1.9836771, 0.98091406, 0.95821345, 0.04454974]
[1.9563282, 0.9464805, 0.9649216, 0.044926077]
[1.7919573, 0.80410385, 0.94512284, 0.0427306]
[1.9047275, 0.8672216, 0.9864364, 0.051069487]
[2.0582283, 0.99125445, 1.0180504, 0.0489233]
[1.9325805, 0.85291606, 1.0338815, 0.04578276]
[1.7738845, 0.76762277, 0.961841, 0.044420756]
[1.8550043, 0.92078793, 0.88150036, 0.05271596]
[1.94785, 0.8892474, 1.0064543, 0.052148268]
[1.882593, 0.85863006, 0.9712829, 0.052680086]
[2.0583832, 0.9246948, 1.077032, 0.05665668]
[1.8508143, 0.7790277, 1.0198641, 0.051922604]
[1.9808749, 1.0779681, 0.8469357, 0.05597105]
[1.9616197, 0.81765974, 1.0919006, 0.052059375]
[1.957184, 0.9788625, 0.9313812, 0.04694016]
[1.9927158, 1.1233325, 0.82411873, 0.045264553]
[1.9485834, 1.0843554, 0.8192737, 0.044954315]
[2.0340776, 0.9720033, 1.0177002, 0.044374324]
[1.8705482, 0.95601, 0.871791, 0.042747263]
[1.8776766, 0.9679506, 0.86159074, 0.048135266]
[1.9656545, 0.9755735, 0.93904734, 0.051033624]
[1.8589456, 0.90051126, 0.91199213, 0.046442308]
[1.8160189, 1.0210779, 0.7461098, 0.048831314]
[1.8163453, 0.8477942, 0.91375923, 0.054791894]
[1.9904208, 0.94202226, 0.9894508, 0.058947783]
[2.0108588, 0.9252341, 1.0313921, 0.05423264]
[1.8518969, 0.99066955, 0.80754316, 0.053684086]
[1.9815913, 0.85130477, 1.0791451, 0.05114153]
[1.9642649, 1.0266235, 0.885604, 0.052037343]
[1.8967054, 1.022952, 0.8221717, 0.051581737]
[2.01135, 0.9387041, 1.0196817, 0.0529643]
[1.8823135, 0.97492623, 0.85428524, 0.05310205]
[2.068071, 0.88095415, 1.1360636, 0.051053114]
[1.8270587, 0.9792798, 0.7974533, 0.050325524]
[2.004659, 0.7567029, 1.194922, 0.053034108]
[2.046288, 1.2160673, 0.78197587, 0.048244838]
[2.0246103, 0.80205446, 1.1731381, 0.04941765]
[1.8926868, 0.97650284, 0.86942756, 0.04675649]
[1.9516497, 0.9627875, 0.94204974, 0.046812456]
[2.1194763, 0.98756856, 1.0869881, 0.044919655]
[2.0940692, 1.127111, 0.92525005, 0.041708283]
[2.014612, 1.0470366, 0.93304956, 0.03452581]
[2.0064228, 0.9618501, 1.0106595, 0.033913147]
[1.9315839, 0.9602808, 0.9342551, 0.03704793]
[1.9335896, 1.0480399, 0.8493172, 0.036232457]
[1.9639441, 0.87887, 1.0499103, 0.035163775]
[1.9790107, 1.1067576, 0.8376123, 0.034640804]
[1.9613204, 0.9886119, 0.93811524, 0.034593306]
[1.9349515, 0.9776412, 0.92067885, 0.03663147]
[1.978235, 1.0045834, 0.93445337, 0.039198294]
[1.9878687, 0.9921579, 0.96243596, 0.03327478]
[1.9786403, 1.0114177, 0.9352273, 0.031995285]
[1.9134547, 0.9706659, 0.9064963, 0.036292423]
[1.9032985, 0.82557034, 1.0396459, 0.038082212]
[1.9639659, 0.9107515, 1.0195857, 0.033628743]
[1.9725623, 0.8979099, 1.0378606, 0.03679175]
[1.9063153, 0.8741369, 0.995559, 0.0366194]
[2.0960324, 1.0718126, 0.986407, 0.03781274]
[1.9318405, 0.9381347, 0.9610771, 0.032628827]
[1.908732, 0.9224488, 0.9523277, 0.033955473]
[1.9144759, 0.9276104, 0.94898844, 0.03787711]
[1.9533924, 0.9901928, 0.9247543, 0.038445354]
[1.8843653, 0.8354251, 1.0151929, 0.033747464]
[1.8926574, 0.8430011, 1.013767, 0.035889316]
[1.8725734, 0.83446, 0.996671, 0.04144238]
[1.9075112, 0.915221, 0.9507823, 0.041507952]
[1.9005014, 0.90603113, 0.9533267, 0.041143496]
[1.8547463, 0.83019775, 0.9763478, 0.048200883]
[1.7892519, 0.96587974, 0.77723664, 0.04613553]
[1.7925116, 0.897913, 0.8452067, 0.0493919]
[1.8097118, 0.901611, 0.8482497, 0.059851117]
[2.0942407, 1.1033406, 0.9305059, 0.06039429]
[2.0214694, 1.0743072, 0.89109594, 0.0560663]
[1.9092215, 0.7117492, 1.1459309, 0.051541477]
[1.915338, 1.1142834, 0.7535081, 0.04754655]
[1.9543561, 0.91956997, 0.9825951, 0.05219099]
[1.9543093, 1.0157869, 0.8864117, 0.05211076]
[1.8539386, 0.8943206, 0.91084886, 0.04876913]
[1.9302936, 0.9411626, 0.9400506, 0.04908034]
[1.9090211, 1.0295018, 0.82338965, 0.056129746]
[1.9117304, 0.92458886, 0.93589413, 0.05124749]
[2.0010924, 1.0278561, 0.9192482, 0.05398818]
[2.054891, 0.8150116, 1.1912179, 0.048661623]
[1.8522286, 1.0536535, 0.7481642, 0.05041101]
[2.0347393, 0.884066, 1.0968521, 0.05382119]
[1.8961399, 0.9141319, 0.9322073, 0.049800586]
[1.8792578, 0.8570396, 0.9733162, 0.04890204]
[1.9766046, 0.8251072, 1.1028347, 0.048662707]
[1.9577295, 0.95369244, 0.9558636, 0.04817345]
[1.9554987, 0.9824518, 0.9225515, 0.05049544]
[1.9167272, 0.727363, 1.1407621, 0.048602156]
[1.9433663, 1.043431, 0.84733796, 0.052597236]
[1.9845761, 0.8106363, 1.1232082, 0.050731685]
[1.8312111, 0.8806848, 0.9013308, 0.049195573]
[1.9155577, 0.7518147, 1.1137226, 0.050020434]
[1.9014419, 1.0412608, 0.8096576, 0.05052348]
[1.9056557, 0.85617805, 0.99599564, 0.0534821]
[1.9272095, 0.8773271, 1.0011146, 0.048767753]
[1.933174, 0.80297214, 1.0812175, 0.048984393]
[1.9218749, 1.1014564, 0.7664075, 0.054010987]
