[2.0928445, 0.97208786, 1.0689346, 0.051822104]
[1.8756058, 0.92187876, 0.910164, 0.043563176]
[1.9138465, 0.94431806, 0.9177734, 0.05175498]
[1.9592896, 0.9786359, 0.9332644, 0.04738926]
[1.9810477, 0.94620955, 0.98748696, 0.047351234]
[1.92978, 0.8531692, 1.0281475, 0.04846336]
[1.8877513, 1.17239, 0.66981924, 0.045542162]
[1.9148033, 0.93622017, 0.930527, 0.048056155]
[1.9884031, 0.9697013, 0.967026, 0.051675856]
[1.9144461, 1.0781796, 0.7880879, 0.048178624]
[2.029221, 0.8618708, 1.123968, 0.043382283]
[1.9641429, 1.0090324, 0.9113988, 0.04371176]
[1.8857285, 0.8957468, 0.9458567, 0.044124957]
[1.9416878, 1.0485108, 0.8407932, 0.052383877]
[1.9889885, 1.0639129, 0.8780684, 0.04700724]
[1.9516894, 1.0378494, 0.86530495, 0.048534933]
[1.980438, 0.9599122, 0.9709673, 0.049558576]
[2.1152337, 1.0967653, 0.96863544, 0.049832944]
[2.0015311, 1.0684309, 0.8954176, 0.037682723]
[1.8518038, 0.90652823, 0.9060146, 0.039260816]
[2.0034022, 1.0831128, 0.88110995, 0.039179504]
[1.9169643, 0.9562124, 0.9209414, 0.039810378]
[1.9524145, 1.0423871, 0.8684361, 0.04159128]
[1.9195714, 0.82890385, 1.0519118, 0.038755715]
[1.864398, 0.9335978, 0.89126927, 0.039530933]
[1.7918291, 0.94596165, 0.8032073, 0.042660277]
[1.8840268, 0.9670647, 0.87271607, 0.044245932]
[2.0048444, 0.918365, 1.0404687, 0.046010755]
[1.9786325, 0.8607982, 1.0696433, 0.048191108]
[1.8623617, 0.89258254, 0.92496574, 0.044813454]
[1.9928863, 0.9946841, 0.9518094, 0.04639274]
[1.8843393, 0.86384934, 0.97523516, 0.04525481]
[1.9388283, 0.88898253, 1.0013163, 0.0485295]
[1.9360856, 0.99343485, 0.8966994, 0.045951255]
[1.926738, 0.82995087, 1.0493671, 0.047420003]
[1.8762118, 0.8912218, 0.9389924, 0.04599747]
[1.9843488, 1.0057825, 0.92866695, 0.049899317]
[1.9317629, 0.7575575, 1.1246468, 0.049558602]
[1.9757788, 1.0950117, 0.8293098, 0.05145728]
[2.0310373, 0.92900455, 1.052671, 0.049361803]
[1.9275093, 0.9781785, 0.9040053, 0.045325555]
[1.9444407, 0.94794375, 0.94931006, 0.047187008]
[1.9401394, 0.8388697, 1.0545299, 0.046739787]
[1.9470596, 0.9766886, 0.9219728, 0.048398264]
[2.0090141, 0.9421418, 1.0209332, 0.04593912]
[1.9377078, 0.8634948, 1.0285742, 0.045638703]
[1.9139563, 0.880238, 0.9881832, 0.045535076]
[1.9830806, 0.978583, 0.9593837, 0.045113884]
[1.9968122, 1.0297668, 0.92482865, 0.04221682]
[2.0477087, 1.1554297, 0.8484578, 0.043820985]
[1.8276999, 1.0103316, 0.781194, 0.036174335]
[1.9833698, 0.9836091, 0.95773745, 0.042023282]
[2.0128107, 1.0186416, 0.9525152, 0.041653942]
[1.9023659, 0.98406243, 0.8748213, 0.043482244]
[2.0812979, 1.04588, 0.99821115, 0.037206747]
[1.8858505, 0.92806447, 0.91814375, 0.039642364]
[2.028961, 0.9142811, 1.0751858, 0.039494045]
[1.9414023, 1.0436163, 0.8580108, 0.039775237]
[1.8821199, 0.7729192, 1.0711489, 0.03805179]
[1.85435, 0.85428894, 0.96358037, 0.036480628]
[1.9039539, 0.9610966, 0.9002385, 0.042618826]
[1.857907, 0.8494869, 0.9603688, 0.048051313]
[1.8808823, 0.8453048, 0.98926723, 0.046310194]
[1.9353033, 0.82509315, 1.0664192, 0.043790966]
[2.031997, 1.0534884, 0.9305868, 0.047921665]
[1.8391067, 0.87151176, 0.9233377, 0.044257313]
[1.9334029, 1.0066218, 0.87927234, 0.04750874]
[1.9264684, 0.955644, 0.920323, 0.050501376]
[2.063871, 1.1080881, 0.9075283, 0.0482546]
[1.9253001, 0.99101764, 0.8892659, 0.045016505]
[1.9125577, 0.9318924, 0.93488663, 0.045778684]
[1.8391029, 1.0067858, 0.7850281, 0.047289066]
[2.0135427, 0.95074886, 1.0128703, 0.049923487]
[1.8749342, 0.838839, 0.9886458, 0.047449354]
[2.0325778, 1.0976317, 0.8833051, 0.051641047]
[1.9836607, 0.9117422, 1.0206, 0.051318515]
[2.0537815, 1.0539556, 0.95535046, 0.044475462]
[1.9478189, 0.8927593, 1.0112692, 0.043790344]
[1.878609, 0.91972667, 0.9167906, 0.042091638]
[1.9024228, 0.88264924, 0.9713642, 0.048409387]
[1.9301546, 1.0130138, 0.87195385, 0.045186862]
[1.9868969, 0.9309001, 1.0121794, 0.04381743]
[1.9625427, 0.96125835, 0.9533074, 0.047976896]
[1.982316, 1.0232406, 0.91200316, 0.047072306]
[1.8719202, 0.8241777, 1.0035043, 0.044238195]
[2.1044078, 1.1313019, 0.9294739, 0.04363194]
[1.8923125, 0.8249377, 1.0267698, 0.040605016]
[1.8900424, 0.99234027, 0.85356283, 0.04413922]
[1.9934444, 0.9405613, 1.0080888, 0.044794276]
[2.0240173, 1.0374174, 0.9447351, 0.041864924]
[1.8965026, 0.8506557, 1.0040134, 0.041833542]
[2.0017047, 0.99344957, 0.96443117, 0.04382392]
[2.01854, 1.0019121, 0.97620165, 0.040426075]
[1.8925403, 0.9477469, 0.9050708, 0.039722677]
[1.9562736, 0.8428602, 1.0755041, 0.03790933]
[1.8842994, 0.91883, 0.9269959, 0.038473453]
[1.9397573, 0.96526045, 0.9263594, 0.048137378]
[1.9535563, 0.8267287, 1.0841906, 0.042636964]
[1.850189, 1.0339661, 0.7732183, 0.043004617]
[1.9076574, 0.9351652, 0.92455834, 0.047933843]
[1.8688272, 0.7747455, 1.0465444, 0.047537245]
[1.9018672, 1.0913541, 0.76629233, 0.044220634]
[1.9672611, 1.1155913, 0.799218, 0.052451868]
[2.050865, 0.8869965, 1.1181878, 0.04568083]
[1.9997616, 1.012156, 0.93941176, 0.048193827]
[1.8457568, 1.0532684, 0.7496765, 0.042811874]
[1.8135259, 0.9640645, 0.8024571, 0.0470043]
[1.9107236, 0.888034, 0.97276324, 0.049926393]
[1.939485, 1.0053847, 0.87767947, 0.05642085]
[1.9124589, 0.72641873, 1.1381639, 0.047876187]
[1.9452486, 0.9604498, 0.93239546, 0.052403316]
[2.007263, 0.84054893, 1.1162658, 0.05044817]
[1.9276536, 1.1089418, 0.7689146, 0.049797237]
[1.9097204, 0.93084943, 0.92299, 0.055881023]
[1.9463766, 0.74338233, 1.1513802, 0.05161404]
[1.8737024, 1.0651901, 0.75956887, 0.048943352]
[1.9358668, 1.0793512, 0.805676, 0.05083969]
[1.9386284, 0.9168538, 0.97276264, 0.049011983]
[2.1536193, 1.0548252, 1.0483932, 0.050400633]
[1.9687139, 1.2105665, 0.71368587, 0.044461444]
[2.1581984, 1.0930301, 1.0191345, 0.046033934]
[2.0824268, 1.0000637, 1.0440434, 0.038319875]
[2.077626, 0.860981, 1.1816438, 0.035001144]
[1.9800541, 0.9688649, 0.97873396, 0.03245526]
[1.9192104, 0.88131917, 1.0066494, 0.031241909]
[1.9697636, 1.0484881, 0.8886997, 0.032575727]
[1.9400892, 0.9788311, 0.9339119, 0.027346106]
[2.029905, 0.9862857, 1.0121557, 0.031463742]
[1.9509114, 0.8858509, 1.0356725, 0.029387932]
[1.9385514, 0.92648274, 0.9822927, 0.029776031]
[1.9080888, 0.9716892, 0.9025716, 0.03382793]
[1.938342, 0.8796047, 1.0260048, 0.032732524]
[1.9068269, 0.91414326, 0.95919096, 0.033492725]
[1.8882372, 0.87293863, 0.9820305, 0.033268094]
[1.9926782, 0.906802, 1.050626, 0.035250127]
[1.8647358, 0.97495043, 0.8512071, 0.038578257]
[2.0396817, 1.0510134, 0.9482533, 0.040415056]
[2.014738, 0.92017555, 1.0569785, 0.037583955]
[1.9942261, 1.0011221, 0.9593451, 0.033758827]
[1.9436868, 1.0679259, 0.8408054, 0.03495545]
[1.9616297, 0.95907396, 0.9644978, 0.038057867]
[1.9623511, 1.0647061, 0.8623457, 0.03529928]
[1.9613243, 1.0048095, 0.9196438, 0.036871124]
[1.9023452, 1.0198625, 0.845041, 0.03744171]
[1.949686, 0.8050579, 1.1078924, 0.03673575]
[1.9885867, 0.96100664, 0.991994, 0.03558598]
[2.0191703, 1.0899599, 0.8946166, 0.034593746]
[1.9119003, 0.8917688, 0.9908539, 0.029277591]
[1.992974, 0.8924623, 1.0671278, 0.033383798]
[1.9623516, 1.0414939, 0.88842547, 0.03243225]
[1.9694548, 0.98464227, 0.95315707, 0.031655405]
[1.8904616, 0.876832, 0.9822354, 0.03139408]
[1.9232502, 0.8795201, 1.0065652, 0.037164934]
[1.9060856, 0.916077, 0.95408666, 0.03592189]
[1.9125321, 0.8415481, 1.0336368, 0.03734716]
[1.9327617, 0.9299411, 0.97010225, 0.032718252]
[1.8919894, 0.8885319, 0.96551216, 0.037945263]
[1.9881916, 0.87382174, 1.0771935, 0.037176423]
[1.7920761, 0.8232633, 0.92922425, 0.039588578]
[1.9835374, 0.9455925, 0.99779826, 0.04014663]
[1.962223, 0.9438044, 0.9789013, 0.03951744]
[1.9203348, 0.8747228, 1.0104973, 0.035114776]
[1.8543692, 0.851838, 0.9641218, 0.038409323]
[1.9506718, 1.0581286, 0.8508314, 0.041711763]
[1.9392166, 1.0088655, 0.8913474, 0.039003707]
[1.790955, 0.94238424, 0.8053944, 0.043176286]
[1.8708965, 0.85994834, 0.96225923, 0.048688926]
[2.1402125, 0.92681515, 1.1614754, 0.051921804]
[1.9837126, 0.9761772, 0.9606503, 0.04688496]
[1.8022815, 0.96090007, 0.8001152, 0.04126624]
[1.8029909, 0.8588188, 0.8973986, 0.04677344]
[1.9961607, 0.9011521, 1.0438673, 0.05114124]
[1.9853679, 1.0285337, 0.9093077, 0.047526423]
[2.1335428, 1.0709677, 1.015417, 0.047158055]
[1.9455057, 0.9460679, 0.95766675, 0.04177103]
[1.9588773, 1.0189049, 0.8978697, 0.04210271]
[2.0153177, 1.1597149, 0.8188877, 0.036714934]
[1.978393, 1.0224063, 0.9167743, 0.039212383]
[2.0036855, 1.0307127, 0.93422496, 0.03874784]
[1.902398, 1.1212394, 0.74398565, 0.037172902]
[1.9283028, 0.9574363, 0.9349319, 0.035934623]
[2.010961, 0.8662723, 1.1068084, 0.037880503]
[1.8669822, 0.9017059, 0.9307603, 0.034516018]
[1.9584646, 0.9312143, 0.99320984, 0.034040496]
[2.0388534, 1.047936, 0.95157474, 0.03934256]
[1.9643542, 0.9067775, 1.0222948, 0.035281908]
[1.9547634, 0.83802825, 1.0833817, 0.03335358]
[1.8319511, 0.79977983, 0.9987063, 0.03346501]
[1.8770821, 0.84285015, 0.99915934, 0.03507254]
[1.9135305, 0.9291531, 0.94521004, 0.03916728]
[2.008209, 0.99562925, 0.9708313, 0.041748635]
[2.0013175, 0.852035, 1.1089864, 0.04029616]
[1.951274, 0.90523946, 1.0078807, 0.038153846]
[1.9307666, 0.9236874, 0.9684628, 0.03861639]
[1.9242235, 0.9302912, 0.9552338, 0.03869861]
[1.9162972, 0.90188944, 0.97067094, 0.043736808]
[1.9825642, 0.8322495, 1.1039002, 0.046414554]
[1.9142836, 0.98828673, 0.883202, 0.04279486]
[1.857298, 0.8893533, 0.9231211, 0.044823643]
[1.9096105, 1.0696752, 0.79426575, 0.045669526]
[1.8748187, 0.8746507, 0.9603605, 0.039807484]
[1.8606344, 0.94594896, 0.86785173, 0.046833713]
[1.948941, 1.005321, 0.8943139, 0.04930617]
[2.0035324, 0.9643983, 0.989933, 0.04920106]
[1.9448638, 0.9327021, 0.96524596, 0.046915807]
[1.944134, 0.89410686, 1.0020338, 0.0479933]
[1.8148909, 0.8277764, 0.9387398, 0.04837467]
[1.8962302, 0.8817626, 0.9629479, 0.051519617]
[2.040109, 1.0423547, 0.94596064, 0.05179353]
[1.9480562, 0.85728014, 1.0438503, 0.046925835]
[1.9383489, 1.183462, 0.70168674, 0.05320017]
[2.0521905, 0.8639278, 1.1408479, 0.047414847]
[1.8589827, 0.95248276, 0.8621595, 0.04434049]
[1.9658091, 0.9689103, 0.9449649, 0.051934034]
[1.889359, 0.89571583, 0.94785583, 0.045787364]
[1.7500851, 0.81669086, 0.8864399, 0.0469544]
[1.874052, 0.9403733, 0.8763735, 0.057305254]
[1.9557419, 0.90279025, 0.9963074, 0.056644198]
[1.978359, 1.1088467, 0.8115301, 0.05798225]
[1.9316432, 0.7927142, 1.0871542, 0.051774986]
[1.9434305, 1.1973752, 0.6924264, 0.053629037]
[1.9310026, 0.68918383, 1.1950772, 0.046741635]
[1.8248097, 0.9820312, 0.79640496, 0.04637351]
[1.9952819, 0.85395813, 1.0886338, 0.05269009]
[2.1381946, 1.1597941, 0.9284004, 0.050000265]
[1.9264618, 0.93143153, 0.95424175, 0.040788546]
[1.9796982, 0.8348539, 1.1019061, 0.04293822]
[1.8566427, 0.95065117, 0.86669886, 0.03929271]
[1.9178039, 1.0737102, 0.8014407, 0.04265295]
[2.0352898, 0.84380406, 1.1474773, 0.044008583]
[2.0108073, 1.1354976, 0.8373062, 0.038003407]
[1.9405936, 0.90943575, 0.9903282, 0.040829636]
[1.8581299, 0.87810075, 0.94042075, 0.039608385]
[1.8883169, 0.9439883, 0.9017324, 0.042596154]
[1.8625158, 0.9189473, 0.89953697, 0.044031475]
[1.9809102, 0.90744936, 1.0285009, 0.04495987]
[1.8846989, 0.8981682, 0.93964195, 0.046888743]
[2.0308785, 1.0961899, 0.8879316, 0.046757042]
[2.0255506, 1.019132, 0.96430206, 0.042116545]
[1.9054029, 0.9389719, 0.9266039, 0.03982705]
[2.1731668, 0.995734, 1.1397862, 0.037646465]
[1.979231, 1.0420127, 0.9026495, 0.034568734]
[2.105912, 1.1325207, 0.9415628, 0.031828567]
[1.9030856, 0.9935628, 0.8763026, 0.033220217]
[1.954962, 0.9849222, 0.9346609, 0.03537894]
[1.9418751, 0.9634851, 0.942821, 0.03556893]
[1.9505264, 0.984345, 0.9312388, 0.034942552]
[1.8042375, 0.8538199, 0.91667527, 0.03374226]
[1.9484389, 0.9167048, 0.99684566, 0.034888495]
[1.9511696, 1.0119344, 0.89985883, 0.039376337]
[1.893577, 0.8944031, 0.9605281, 0.03864589]
[1.9808292, 1.02531, 0.91489255, 0.0406266]
[1.978387, 1.0851928, 0.85671157, 0.036482714]
[1.9124783, 1.0285685, 0.84664, 0.037269887]
[1.9656093, 0.79865503, 1.1277657, 0.039188683]
[1.9720745, 0.9794738, 0.95693564, 0.035665058]
[1.8923564, 0.92442846, 0.93056226, 0.037365675]
[1.8858503, 0.85648763, 0.991271, 0.038091615]
[1.8210312, 0.9389145, 0.8409815, 0.041135184]
[1.9112816, 0.94309235, 0.9211891, 0.04700013]
[1.9654278, 0.92437845, 0.99243236, 0.048617]
[1.9777291, 0.9433253, 0.98902845, 0.04537539]
[1.836139, 0.7701336, 1.0222783, 0.04372699]
[1.9097515, 1.0438613, 0.8151932, 0.050697096]
[1.9773198, 0.91287005, 1.016348, 0.04810173]
[1.9053701, 0.9619198, 0.896597, 0.04685325]
[1.8113555, 0.92973834, 0.83079964, 0.050817452]
[1.8529419, 0.7967069, 1.0102408, 0.045994215]
[2.0180173, 1.0824367, 0.88182706, 0.05375368]
[2.024997, 0.91558444, 1.0560044, 0.05340822]
[1.9749135, 0.90134406, 1.0275149, 0.046054475]
[1.8889863, 0.9362525, 0.9011202, 0.05161372]
[2.058429, 1.0305982, 0.9762254, 0.051605567]
[2.0918393, 0.8628161, 1.178656, 0.05036735]
[1.9919986, 1.0666502, 0.8813375, 0.04401087]
[1.8731545, 0.89410245, 0.93982935, 0.039222673]
[1.9467208, 1.072691, 0.83144313, 0.042586863]
[1.900102, 0.8611882, 0.99438286, 0.044531032]
[1.9196464, 1.1689078, 0.7074191, 0.043319605]
[1.9835633, 0.81318474, 1.1264389, 0.043939758]
[2.0517178, 0.96761256, 1.0420845, 0.042020787]
[1.9089644, 0.8339927, 1.0367916, 0.038180068]
[2.005167, 1.1200008, 0.8436848, 0.041481487]
[1.9210507, 0.912343, 0.9684892, 0.04021853]
[1.9313197, 0.796143, 1.0932584, 0.041918293]
[1.9635274, 0.9676467, 0.95490366, 0.040977]
[1.9070853, 0.84651196, 1.0221213, 0.03845202]
[1.8688556, 0.91137683, 0.9152242, 0.04225454]
[1.8686316, 0.9005574, 0.9256457, 0.04242851]
[1.9211905, 0.7521179, 1.1240529, 0.045019735]
[1.9178925, 0.9043933, 0.9690518, 0.0444474]
[1.8433526, 0.97953, 0.8229692, 0.040853433]
[1.8979924, 0.943363, 0.9094641, 0.045165293]
[1.8714662, 0.92453986, 0.90286374, 0.044062663]
[1.9651725, 0.8881948, 1.028866, 0.048111703]
[2.1280518, 1.0833651, 0.9965291, 0.048157703]
[2.0146313, 1.0476264, 0.9222721, 0.044732768]
[1.9774565, 1.0188993, 0.91641855, 0.04213857]
[1.898035, 0.8757881, 0.9816538, 0.040593203]
[1.9736805, 0.83747506, 1.0873739, 0.04883162]
[1.9583127, 1.0686306, 0.851774, 0.037908137]
[1.8853319, 0.90402645, 0.9386304, 0.042675078]
[1.9508377, 1.0074284, 0.89927715, 0.044132076]
[1.9817982, 0.9411141, 0.9986574, 0.042026605]
[1.9082024, 0.9237931, 0.9418676, 0.042541735]
[1.9171404, 0.9179895, 0.95584023, 0.043310598]
[1.906099, 0.94771326, 0.91267693, 0.045708723]
[1.8903021, 0.96938264, 0.87972534, 0.041194044]
[1.8851177, 0.83795905, 1.006601, 0.040557638]
[1.8755152, 0.9830915, 0.8474428, 0.04498101]
[1.9262927, 0.8465203, 1.0304875, 0.049284868]
[1.9233822, 1.147999, 0.7226707, 0.052712437]
[1.994638, 1.0786177, 0.87244165, 0.043578602]
[1.8581682, 0.8263949, 0.9844326, 0.047340706]
[2.0525942, 0.9778513, 1.0236061, 0.051136937]
[1.9446815, 0.8205725, 1.0807312, 0.043377846]
[2.021978, 0.89479136, 1.0815961, 0.045590475]
[2.0236893, 0.9927099, 0.98970383, 0.041275486]
[1.7870656, 0.89219016, 0.8508761, 0.043999262]
[1.9241611, 1.1155579, 0.75898594, 0.0496172]
[1.9180754, 0.97086555, 0.89471835, 0.052491557]
[1.9133191, 1.0418816, 0.82244366, 0.048993886]
[2.0087361, 0.90565103, 1.0574896, 0.0455953]
[2.059471, 1.0236933, 0.9855174, 0.05026041]
[2.0164669, 0.97876215, 0.99463016, 0.043074675]
[1.9214464, 1.0090564, 0.8663633, 0.04602673]
[1.9322481, 0.8752216, 1.0174809, 0.039545625]
[1.9241084, 0.90088385, 0.97765476, 0.045569796]
[1.8738462, 0.8581011, 0.97321033, 0.042534735]
[1.9898689, 0.97004914, 0.97545356, 0.044366136]
[1.8281819, 0.90594935, 0.8831432, 0.039089292]
[2.0994103, 1.0381465, 1.0092576, 0.052006263]
[1.8944039, 0.822739, 1.0300019, 0.041663054]
[2.0601325, 0.9449271, 1.074555, 0.04065037]
[1.9643482, 1.0868838, 0.83727396, 0.040190488]
[1.9745296, 0.9936881, 0.9410456, 0.03979594]
[2.026958, 0.92155915, 1.0647256, 0.040673368]
[1.9350371, 0.9613642, 0.93512094, 0.038551986]
[1.8607842, 0.76417136, 1.0561883, 0.040424503]
[1.9259596, 0.8716785, 1.0123498, 0.041931216]
[2.0678644, 1.0460833, 0.980199, 0.041582026]
[1.8911365, 1.0846303, 0.7639531, 0.042553224]
[1.8795893, 0.8926307, 0.9476583, 0.0393003]
[1.9204055, 0.9726559, 0.904306, 0.043443594]
[1.9702358, 0.8483324, 1.0760086, 0.0458948]
[1.8520839, 0.8643402, 0.9431342, 0.04460949]
[1.9179268, 1.0644274, 0.80847895, 0.045020517]
[1.8603824, 0.89762807, 0.9124316, 0.050322786]
[1.9445555, 0.88867676, 1.0040413, 0.051837444]
[1.9605423, 1.0554613, 0.8572526, 0.047828436]
[1.9819019, 1.0366838, 0.8947284, 0.050489675]
[1.8868026, 0.96986544, 0.87447876, 0.042458385]
[1.8513885, 0.8366519, 0.96548045, 0.04925609]
[1.9890301, 1.0017664, 0.9324825, 0.054781225]
[2.0303092, 0.9152916, 1.0679438, 0.047073767]
[2.0004036, 1.0144929, 0.940908, 0.045002736]
[1.8884944, 0.8426962, 0.9966638, 0.049134396]
[1.9937801, 1.0439811, 0.90449035, 0.045308724]
[1.9439164, 0.94156516, 0.9571064, 0.045244828]
[1.9323143, 0.8897292, 0.99787426, 0.04471074]
[1.9794893, 1.0611651, 0.8679844, 0.050339773]
[1.9851377, 0.966582, 0.9729293, 0.04562641]
[2.0941586, 1.0593077, 0.9900994, 0.044751637]
[1.8723984, 0.88436174, 0.9474431, 0.040593535]
[2.0627089, 0.9678731, 1.0519204, 0.042915314]
[2.0237944, 1.0066729, 0.97687787, 0.04024362]
[1.9086529, 1.0434475, 0.8270556, 0.038149796]
[1.8948901, 0.96590805, 0.8874875, 0.041494593]
[2.0374765, 0.81571907, 1.1809635, 0.040793918]
[1.9441463, 0.9751116, 0.93144464, 0.037590012]
[1.97089, 0.84209406, 1.0912521, 0.03754393]
[1.9003413, 0.9748806, 0.88563514, 0.03982559]
[1.9458003, 1.0010703, 0.90620047, 0.038529586]
[1.9768107, 1.0264771, 0.91057086, 0.03976275]
[1.968737, 1.1060761, 0.82755816, 0.03510277]
[1.8258533, 0.8483709, 0.9390693, 0.038413145]
[1.813674, 0.9130977, 0.8562011, 0.044375144]
[2.0423908, 1.0120234, 0.9868834, 0.0434839]
[1.9705062, 1.0960519, 0.8282962, 0.04615804]
[1.8354474, 0.89708996, 0.89373636, 0.04462114]
[1.9506431, 0.95264554, 0.95419705, 0.043800477]
[2.083481, 1.0883629, 0.9486502, 0.046468064]
[1.9713976, 0.9974594, 0.931661, 0.042277165]
[2.0313048, 0.8733846, 1.1152698, 0.042650357]
[1.8705645, 0.9219633, 0.90727234, 0.041328955]
[1.9266616, 0.7798415, 1.1052554, 0.041564837]
[1.9877634, 1.0449605, 0.9012908, 0.041512072]
[1.9220778, 0.8431123, 1.0350177, 0.043947868]
[1.8417518, 0.966568, 0.8343109, 0.040872872]
[1.9070923, 0.8165568, 1.0451319, 0.045403577]
[1.9243346, 1.058528, 0.8215376, 0.044269096]
[2.0078027, 0.7075292, 1.2544363, 0.04583727]
[1.964123, 1.0495539, 0.8698698, 0.044699296]
[2.0245829, 1.0830071, 0.896037, 0.04553878]
[1.9160448, 0.8684411, 1.0031277, 0.04447598]
[1.8247547, 0.84410936, 0.9312701, 0.049375266]
[1.973819, 0.98454154, 0.9409644, 0.048313156]
[1.9113376, 0.8885282, 0.9740137, 0.048795708]
[2.040019, 1.1257864, 0.8685739, 0.04565859]
[2.0231738, 0.84745693, 1.1294576, 0.046259373]
[2.0398247, 1.0832024, 0.9165523, 0.040070023]
[1.9205897, 0.9019434, 0.97798663, 0.04065968]
[1.900158, 1.0120704, 0.8468338, 0.041253842]
[1.8924503, 0.95199096, 0.8964347, 0.04402472]
[1.9253745, 1.0047793, 0.87520134, 0.045393832]
[1.8825628, 1.0041952, 0.8282534, 0.050114125]
[1.7778131, 0.6888042, 1.0405427, 0.048466116]
[1.8619769, 0.96157527, 0.85005903, 0.05034259]
[1.7247057, 0.86492336, 0.80749613, 0.05228618]
[2.0415273, 1.1035731, 0.87965167, 0.05830252]
[1.9065342, 1.0619121, 0.7888738, 0.055748366]
[1.8508362, 1.0495615, 0.75107116, 0.050203443]
[1.8107471, 0.5616892, 1.1974347, 0.051623374]
[2.007319, 1.0749137, 0.87303257, 0.059372775]
[2.0333338, 1.0839685, 0.8938775, 0.055487722]
[2.0474079, 0.94893354, 1.0447519, 0.05372248]
[2.0015547, 1.0368359, 0.91787416, 0.04684482]
[1.9232132, 0.8807827, 1.0002556, 0.042174913]
[1.9149009, 0.8896137, 0.97895503, 0.046332292]
[1.9293375, 0.9471435, 0.93246394, 0.049730018]
[1.870273, 0.7803333, 1.0476323, 0.042307407]
[1.869244, 0.96401674, 0.86006296, 0.045164272]
[2.1007063, 1.0103076, 1.0444312, 0.04596757]
[1.8427198, 0.9602195, 0.83458674, 0.047913533]
[1.8950034, 0.93893486, 0.9061104, 0.049958125]
[1.8627856, 0.8888575, 0.9260874, 0.047840744]
[1.9777961, 0.8881678, 1.0398062, 0.04982215]
[2.0855083, 1.129498, 0.90570235, 0.050307926]
[1.8351765, 0.79747427, 0.9952664, 0.042435855]
[1.9987624, 1.0524049, 0.89846885, 0.04788862]
[2.039863, 0.9860233, 1.0044603, 0.049379583]
[1.9852291, 0.90827465, 1.0308827, 0.046071775]
[1.9110943, 0.9225522, 0.94925654, 0.03928549]
[1.9102763, 0.919711, 0.9474584, 0.043106914]
[2.0363178, 1.0091298, 0.9829916, 0.04419647]
[1.9683123, 0.97131205, 0.9517089, 0.045291267]
[1.9656093, 0.82563543, 1.0969152, 0.04305862]
[1.9211805, 0.9293094, 0.9489429, 0.042928275]
[2.0322077, 0.9837873, 1.0042782, 0.04414232]
[1.9501386, 0.92487025, 0.98205566, 0.043212615]
[1.9035027, 1.0114139, 0.8492094, 0.042879358]
[2.0920696, 0.84323484, 1.2009941, 0.047840666]
[2.121646, 1.2185987, 0.8591701, 0.043877125]
[2.0056436, 0.950976, 1.0157046, 0.038962953]
[1.9240606, 1.056115, 0.83206564, 0.035879888]
[1.9468749, 0.8580631, 1.0522025, 0.036609296]
[1.9534438, 1.085968, 0.8306636, 0.036812067]
[1.9376687, 0.9900845, 0.91008174, 0.03750243]
[2.0782022, 0.9885495, 1.0504832, 0.0391695]
[2.0373952, 1.1224635, 0.87905645, 0.035875417]
[2.0474856, 0.94535935, 1.0686176, 0.033508502]
[2.029577, 1.0644469, 0.93127763, 0.033852436]
[1.873889, 0.9630846, 0.88025045, 0.030553924]
[1.9012563, 0.95317465, 0.9137776, 0.034304082]
[2.0357966, 0.9886872, 1.0097325, 0.037376914]
[1.9538759, 1.0601192, 0.85942394, 0.03433282]
[2.0114253, 1.1291261, 0.84699994, 0.035299376]
[1.9974359, 1.0105578, 0.95136905, 0.03550913]
[1.9477296, 0.97868717, 0.9378817, 0.03116072]
[1.9997647, 0.94621897, 1.0231035, 0.030442178]
[1.9745548, 1.029203, 0.91361356, 0.031738143]
[1.9315615, 0.9070433, 0.9923667, 0.03215151]
[1.9798328, 0.942258, 1.0065951, 0.030979682]
[1.8798084, 0.8552949, 0.99361, 0.030903593]
[1.8914279, 0.87570846, 0.9849092, 0.030810282]
[2.0264657, 0.93263763, 1.0618255, 0.03200256]
[1.9448296, 0.92590123, 0.989952, 0.028976345]
[1.9865987, 0.95544124, 0.99913716, 0.032020338]
[1.7909523, 0.8810346, 0.87415075, 0.03576695]
[1.9016771, 0.7870022, 1.0777683, 0.036906563]
[1.9287068, 0.9058494, 0.9836303, 0.03922718]
[1.9401096, 0.98520756, 0.9147595, 0.04014251]
[1.8955809, 0.93984, 0.91659683, 0.03914403]
[1.9788684, 1.0472809, 0.8883559, 0.04323166]
[1.9381618, 0.8645797, 1.0300109, 0.043571264]
[1.9808553, 1.0001788, 0.9386194, 0.04205712]
[1.9437119, 0.9748606, 0.93340564, 0.035445623]
[1.9187647, 1.0432752, 0.8334851, 0.042004388]
[1.8808428, 0.9407509, 0.8985234, 0.04156851]
[1.9035078, 0.8917671, 0.9686706, 0.043070182]
[2.0006425, 1.0026184, 0.9547924, 0.043231715]
[1.9262154, 0.99097705, 0.8891516, 0.04608679]
[1.9179155, 0.8906419, 0.9849419, 0.042331606]
[2.0232613, 0.93601894, 1.0404196, 0.046822883]
[2.026356, 1.0898923, 0.89876366, 0.037699968]
[1.9607912, 0.9487188, 0.97552806, 0.03654441]
[2.0153153, 1.0319145, 0.9456862, 0.03771452]
[1.9966788, 1.0164657, 0.9428753, 0.03733783]
[1.8213633, 0.90959597, 0.87503767, 0.03672973]
[1.9727013, 0.9754929, 0.96007526, 0.037133247]
[1.9493934, 0.9326748, 0.9768162, 0.039902322]
[1.9242643, 0.9630107, 0.92231524, 0.038938396]
[1.9746622, 0.87705743, 1.0573735, 0.04023128]
[1.9593992, 1.0654945, 0.85236263, 0.041542053]
[1.8854464, 0.97874373, 0.87151545, 0.035187244]
[2.0137467, 0.86452293, 1.1071988, 0.04202503]
[1.8390021, 1.0161991, 0.78537166, 0.037431326]
[1.8181064, 0.98809546, 0.78956807, 0.040442906]
[1.9513241, 0.9595932, 0.94334674, 0.04838415]
[1.8403255, 0.8887461, 0.90973127, 0.04184812]
[1.9401764, 1.0463408, 0.85021573, 0.043619763]
[2.0455296, 1.0049458, 0.992839, 0.0477449]
[1.9457263, 1.0791796, 0.8246023, 0.041944426]
[1.8638773, 0.89441895, 0.92192674, 0.047531627]
[1.8909816, 0.96192646, 0.8848051, 0.04425]
[2.015604, 0.98950994, 0.9802141, 0.045879923]
[1.9428979, 0.9822203, 0.911746, 0.04893161]
[1.9448303, 0.98924327, 0.9112965, 0.044290546]
[2.0419638, 0.89199483, 1.108218, 0.041751176]
[2.0022876, 1.0092654, 0.9474345, 0.045587808]
[2.0443141, 0.9552288, 1.0480523, 0.041033134]
[1.9540037, 0.89147556, 1.0225039, 0.040024273]
[2.0701525, 1.0426513, 0.98738223, 0.040118963]
[1.986865, 0.7431805, 1.2036364, 0.040048093]
[1.9584427, 0.88789403, 1.0344743, 0.036074363]
[1.883507, 0.96561706, 0.8817451, 0.0361448]
[1.9164536, 0.8698799, 1.0055633, 0.04101044]
[1.85866, 0.8810514, 0.9384078, 0.03920075]
[1.7860287, 0.7247004, 1.0212986, 0.040029667]
[1.9854409, 0.8953006, 1.0461869, 0.043953333]
[1.9693178, 1.1658657, 0.764928, 0.038524114]
[1.9896729, 0.8408088, 1.1106917, 0.038172483]
[1.8868635, 0.8722418, 0.97220683, 0.04241494]
[1.9519655, 0.95967835, 0.94886065, 0.04342638]
[1.9372017, 0.96179986, 0.931347, 0.04405485]
[1.800151, 0.860268, 0.8966943, 0.04318872]
[1.9184085, 1.0042939, 0.87076354, 0.0433511]
[1.9860102, 0.9217737, 1.0159448, 0.04829163]
[1.9333377, 0.94275486, 0.94430995, 0.04627283]
[1.9142361, 0.93538225, 0.9346274, 0.044226445]
[1.8057575, 0.9206439, 0.83841944, 0.04669417]
[1.885833, 0.9067849, 0.92891824, 0.05012995]
[1.9975135, 1.0855029, 0.859585, 0.05242565]
[1.926676, 0.8008817, 1.0775043, 0.048289955]
[2.04118, 1.1224527, 0.8705157, 0.048211563]
[1.8684416, 0.9292473, 0.88974726, 0.04944703]
[1.9471635, 1.0401598, 0.8611554, 0.04584827]
[2.0057807, 0.8986995, 1.0557042, 0.05137682]
[1.943759, 0.98582566, 0.91045725, 0.047476053]
[1.8615196, 0.9224454, 0.89360434, 0.045469753]
[1.8569759, 0.9506785, 0.86381507, 0.042482242]
[2.050005, 1.0623107, 0.9420667, 0.045627706]
[1.9925926, 0.9259381, 1.0222526, 0.04440185]
[1.9054964, 0.74614716, 1.1128297, 0.046519563]
[2.0214834, 1.0077285, 0.9655243, 0.048230685]
[2.0346856, 0.93424535, 1.0597787, 0.040661547]
[1.9028063, 0.84495735, 1.0191303, 0.03871855]
[1.9382383, 0.8721614, 1.0234566, 0.0426203]
[1.89467, 0.92199254, 0.93005466, 0.04262278]
[1.8931986, 0.8587655, 0.9894965, 0.044936545]
[1.9634221, 0.8697028, 1.0480762, 0.0456431]
[1.9816223, 1.0367322, 0.8980952, 0.04679505]
[1.8688229, 0.8874463, 0.93990415, 0.04147256]
[2.0175326, 0.9573202, 1.0147283, 0.04548397]
[1.9421852, 0.9503127, 0.9476904, 0.044182025]
[1.8676081, 0.88777536, 0.9379122, 0.041920446]
[1.9139895, 1.0211065, 0.84492344, 0.047959533]
[1.8188818, 0.8161956, 0.9577071, 0.044979114]
[1.9757631, 0.94397205, 0.9844252, 0.047365904]
[1.8198736, 0.995731, 0.77723, 0.046912603]
[2.072613, 1.0987046, 0.92027336, 0.05363507]
[1.9272615, 1.0432808, 0.8363351, 0.047645457]
[1.9409692, 0.8834591, 1.0101957, 0.04731443]
[1.9241263, 0.8243484, 1.051084, 0.048693754]
[1.8407729, 0.99354625, 0.7954595, 0.051767133]
[2.0151994, 0.8703328, 1.0924213, 0.052445345]
[1.849901, 1.04056, 0.7585149, 0.050826088]
[1.829124, 0.6911589, 1.0808388, 0.05712625]
[1.8640876, 1.0916055, 0.7189001, 0.05358191]
[1.972003, 0.92277026, 0.9974948, 0.051737845]
[2.020745, 1.0263773, 0.9418833, 0.052484423]
[1.7704289, 0.72088796, 0.99680996, 0.05273109]
[1.9779068, 1.0832734, 0.8488642, 0.045769203]
[1.9120513, 0.8514565, 1.0098023, 0.050792456]
[1.8824204, 1.0130961, 0.815711, 0.05361329]
[1.9522364, 0.76782525, 1.1299522, 0.054459028]
[1.841838, 1.0322338, 0.7533703, 0.05623392]
[2.0160902, 0.8809391, 1.0813944, 0.053756543]
[1.8172065, 0.8827366, 0.88011515, 0.054354817]
[1.7544365, 0.6570226, 1.0432898, 0.054124117]
[2.1550863, 0.89015615, 1.2015939, 0.063336074]
[1.6222382, 0.79452837, 0.77533686, 0.052372985]
[1.8617127, 0.53715676, 1.2661216, 0.058434196]
[1.9393528, 0.94931686, 0.9254898, 0.06454607]
[1.985287, 1.0741417, 0.84848773, 0.06265752]
[2.0481796, 0.97561395, 1.0150803, 0.057485282]
[1.9863857, 1.1460671, 0.7814232, 0.05889536]
[1.9680957, 0.90569675, 1.0113077, 0.051091187]
[1.9616237, 0.99551404, 0.9189002, 0.04720955]
[1.9277884, 0.8485948, 1.0279984, 0.051195107]
[2.0326838, 1.090028, 0.88756114, 0.05509473]
[1.9061784, 0.947065, 0.9098326, 0.049280763]
[1.7636186, 0.8458416, 0.8705351, 0.04724188]
[2.0027556, 1.0257561, 0.92052954, 0.056469895]
[1.9430023, 1.0770233, 0.80962825, 0.056350872]
[1.9966159, 0.8308703, 1.1127024, 0.053043213]
[2.0092888, 0.98886406, 0.96643734, 0.053987436]
[2.0014396, 0.92798585, 1.0183115, 0.055142112]
[2.0722127, 1.1052928, 0.91748345, 0.049436457]
[1.9679737, 0.9931905, 0.93444896, 0.040334195]
[1.8616695, 0.8066598, 1.0122908, 0.04271893]
[1.9851483, 1.0585432, 0.8759038, 0.050701268]
[2.0508387, 1.0265919, 0.97246253, 0.05178421]
[1.9495276, 1.0168047, 0.88828385, 0.044439092]
[1.8897961, 1.0121123, 0.8353598, 0.042324107]
[1.9547465, 1.0050963, 0.9047879, 0.044862226]
[1.8829143, 0.9598534, 0.87944996, 0.04361096]
[1.9056959, 0.95099753, 0.9112171, 0.043481305]
[1.8775202, 0.8915119, 0.94328916, 0.04271908]
[1.8469738, 1.0831052, 0.7182513, 0.045617253]
[1.8695426, 1.0393777, 0.7795143, 0.05065059]
[1.939248, 0.92179847, 0.96951354, 0.04793592]
[1.9840417, 0.9939272, 0.9455895, 0.04452498]
[1.9114331, 0.9653882, 0.90124214, 0.044802807]
[1.9330467, 0.96614885, 0.9199331, 0.0469648]
[1.8716278, 1.0363168, 0.7890947, 0.04621631]
[1.9794327, 0.9313911, 0.99926245, 0.04877909]
[2.0408318, 1.0881617, 0.9082688, 0.044401348]
[1.9755843, 0.918603, 1.0096986, 0.047282755]
[1.9870605, 0.9932835, 0.9469012, 0.046875827]
[1.8702433, 0.8714646, 0.9522719, 0.046506923]
[2.0449398, 0.88392425, 1.1172419, 0.043773737]
[1.8429999, 0.9451616, 0.8554626, 0.042375818]
[1.8273388, 0.8253983, 0.9596676, 0.042272933]
[1.8797015, 0.77915645, 1.0500302, 0.05051487]
[1.8539357, 0.8968967, 0.9051131, 0.051925912]
[1.9159316, 0.9434089, 0.9157289, 0.056793794]
[1.9240341, 0.9133316, 0.9531113, 0.057591185]
[1.8324935, 0.93370926, 0.8456418, 0.053142525]
[1.9335066, 0.7441076, 1.129344, 0.06005497]
[1.940161, 1.0722286, 0.8149953, 0.05293715]
[1.9551778, 1.1195552, 0.78184795, 0.05377456]
[1.9155669, 0.7427047, 1.1214279, 0.05143427]
[1.9920096, 0.9050643, 1.0326087, 0.05433655]
[2.0870643, 1.1940713, 0.84556615, 0.04742676]
[2.0077803, 1.0165305, 0.94627804, 0.04497161]
[1.8649948, 0.9136995, 0.90758705, 0.043708183]
[1.909716, 0.72079384, 1.143851, 0.04507112]
[1.9814415, 1.0451224, 0.88901824, 0.0473008]
[2.0052516, 0.98476255, 0.97562295, 0.044866126]
[2.0393248, 0.97227997, 1.0236158, 0.043428946]
[1.996708, 0.97539663, 0.9762837, 0.04502757]
[2.0914485, 0.913443, 1.1366773, 0.04132825]
[2.0288723, 1.0600696, 0.93137145, 0.037431277]
[1.8685858, 0.94051623, 0.88862145, 0.039448168]
[1.9458874, 1.0044224, 0.9035058, 0.037959263]
[1.9846337, 1.0823984, 0.8663448, 0.035890423]
[1.9775038, 0.9633008, 0.97427416, 0.039928768]
[1.9494959, 0.9486909, 0.96597373, 0.034831293]
[1.993337, 0.9263563, 1.0244739, 0.042506807]
[1.9063876, 0.9167147, 0.95330566, 0.03636722]
[2.034137, 1.026151, 0.9703109, 0.037675217]
[2.021697, 0.8264337, 1.1576501, 0.037613183]
[2.0601437, 1.1463877, 0.87860686, 0.03514911]
[1.883627, 0.91149086, 0.9365686, 0.03556764]
[1.9247802, 1.0394157, 0.84894526, 0.03641932]
[1.8977989, 0.7981078, 1.0608041, 0.038886927]
[1.9459748, 0.8446753, 1.0618639, 0.039435674]
[1.8660607, 0.9521676, 0.87579155, 0.038101725]
[1.9108276, 0.92645216, 0.9457863, 0.038589276]
[2.026717, 1.070782, 0.9122735, 0.043661546]
[1.8596362, 0.8754405, 0.9433377, 0.040858008]
[2.0242412, 0.9862001, 0.9954574, 0.042583704]
[1.9097728, 0.9119062, 0.9505272, 0.047339357]
[2.0125499, 1.046871, 0.9183779, 0.04730115]
[1.9051638, 0.8685567, 0.99119616, 0.04541086]
[1.9799094, 0.9980037, 0.9399909, 0.041914813]
[1.9325143, 1.0643094, 0.8258127, 0.042392198]
[1.9052266, 1.0083158, 0.8517524, 0.045158338]
[1.9624091, 0.9047252, 1.014007, 0.043676987]
[2.012906, 1.1308842, 0.8403189, 0.04170295]
[1.9671541, 0.9437074, 0.9848237, 0.038623024]
[1.9930186, 0.89392364, 1.0600739, 0.03902118]
[1.8296827, 0.9245004, 0.8687955, 0.036386803]
[1.8506405, 0.7961046, 1.013937, 0.04059887]
[1.9755582, 1.1321859, 0.8009378, 0.042434447]
[1.8646312, 0.984302, 0.83734083, 0.04298827]
[1.9395976, 0.91802835, 0.97868, 0.042889226]
[1.9692289, 1.0230522, 0.9034163, 0.04276038]
[1.9578575, 0.8130835, 1.1020019, 0.042772077]
[1.9546715, 0.9344368, 0.97650063, 0.043734018]
[1.9309367, 0.92166543, 0.97077334, 0.0384979]
[1.9318773, 1.0833702, 0.8049659, 0.04354108]
[1.9412162, 0.9384079, 0.9597466, 0.043061703]
[1.816311, 0.9389499, 0.8281383, 0.049222868]
[2.0126019, 0.99105793, 0.9754741, 0.0460698]
[1.750317, 0.9177832, 0.79145396, 0.0410799]
[1.9730173, 0.85519207, 1.0635009, 0.054324344]
[2.0000503, 1.0784523, 0.87233096, 0.049267106]
[1.975452, 0.91033924, 1.0145841, 0.05052863]
[2.0372572, 1.098714, 0.8924218, 0.046121303]
[1.8946515, 0.88917744, 0.95858526, 0.046888802]
[1.9150838, 0.90189934, 0.96599936, 0.04718508]
[1.9880338, 1.0450575, 0.8964566, 0.046519652]
[2.0473576, 0.97571266, 1.0258346, 0.045810267]
[1.9241748, 0.96391284, 0.91941124, 0.04085061]
[1.8920368, 0.9626623, 0.8881718, 0.041202635]
[2.0238602, 0.9243674, 1.0529633, 0.04652959]
[1.9714855, 0.9909433, 0.9374142, 0.043127924]
[2.0006661, 1.0654154, 0.8908514, 0.044399478]
[1.8716868, 0.86209244, 0.96609586, 0.04349846]
[2.0286713, 0.9897104, 0.99560624, 0.043354727]
[1.9501524, 0.8284184, 1.081569, 0.040165097]
[2.035283, 1.0665538, 0.9277979, 0.040931325]
[1.9711566, 0.8875142, 1.0437391, 0.039903454]
[1.9152627, 0.8667683, 1.0087824, 0.039711975]
[1.9769247, 0.90453213, 1.0336246, 0.038767837]
[1.9025226, 0.8192235, 1.0427992, 0.040499777]
[1.8537601, 0.82802886, 0.98315537, 0.042576]
[1.8540123, 0.8042513, 1.0049927, 0.04476826]
[1.9770151, 0.92770076, 1.0086939, 0.040620465]
[2.0189435, 1.0205393, 0.9550349, 0.043369185]
[1.8975877, 0.8574467, 0.99348706, 0.046653863]
[2.0061219, 0.9282962, 1.0322063, 0.045619357]
[1.9126816, 0.88192844, 0.9885578, 0.042195268]
[1.8419386, 0.88128775, 0.9132383, 0.047412552]
[1.9004446, 0.9324195, 0.9233513, 0.044673793]
[2.040809, 0.85295033, 1.1425362, 0.04532236]
[1.9799377, 0.9966516, 0.9385436, 0.044742443]
[1.9975667, 0.99170256, 0.96455395, 0.04131017]
[1.9035469, 0.97110766, 0.8877058, 0.044733435]
[1.9520924, 0.8186275, 1.0930443, 0.04042071]
[1.9513292, 0.97728467, 0.93139917, 0.042645425]
[1.9080648, 0.95428574, 0.9137736, 0.04000546]
[1.8024508, 0.8206954, 0.93898594, 0.04276938]
[1.9704233, 1.0096884, 0.9178401, 0.042894892]
[1.978662, 1.004413, 0.92905414, 0.04519484]
[2.0110586, 0.8752707, 1.0919716, 0.04381625]
[1.9265994, 1.0544605, 0.82629347, 0.04584535]
[1.940469, 0.9490067, 0.9479011, 0.04356119]
[1.9515601, 1.0283532, 0.87669235, 0.04651468]
[1.8252245, 0.8952308, 0.8835136, 0.04648009]
[2.077649, 1.1146244, 0.91574043, 0.047284346]
[1.9466391, 0.9113728, 0.9901522, 0.045114055]
[2.1721132, 1.1197548, 1.0095649, 0.042793453]
[2.014454, 0.95662916, 1.0193975, 0.03842731]
[2.003994, 1.090817, 0.8770894, 0.03608768]
[1.98881, 0.9992053, 0.95302355, 0.03658121]
[2.007203, 0.96032, 1.0127459, 0.034137182]
[1.9510568, 0.983287, 0.9364999, 0.03126996]
[1.9481654, 0.97219473, 0.9419018, 0.034068793]
[2.0208173, 1.0341463, 0.9540525, 0.032618582]
[2.0295734, 1.0714189, 0.9268441, 0.03131032]
[1.9929907, 1.0557458, 0.9072087, 0.030036228]
[1.8973712, 1.0396116, 0.8288423, 0.028917257]
[1.8836285, 0.8898736, 0.9641607, 0.029594177]
[2.0244482, 0.9312165, 1.0605204, 0.03271135]
[1.9968007, 0.95808965, 1.0079372, 0.03077386]
[1.9885461, 0.908093, 1.0511999, 0.029253248]
[1.8561012, 0.9168426, 0.90947175, 0.0297868]
[1.9817568, 0.99199283, 0.9554173, 0.034346692]
[1.8933411, 0.94643545, 0.91213596, 0.03476963]
[1.874019, 0.9649129, 0.87855387, 0.030552302]
[1.8702937, 0.92004275, 0.9135636, 0.03668738]
[1.9277321, 0.99285555, 0.89604944, 0.038827024]
[1.9431906, 0.9787277, 0.9252163, 0.03924659]
[1.826769, 0.830695, 0.95562774, 0.04044632]
[1.8991989, 0.8834206, 0.97253203, 0.043246277]
[1.8649255, 0.9443157, 0.8700918, 0.050518006]
[1.7912307, 0.8594474, 0.88281816, 0.048965093]
[1.9019102, 0.7457924, 1.1019539, 0.05416391]
[1.8342716, 0.83591187, 0.9464154, 0.051944256]
[1.7923574, 0.7797715, 0.9537889, 0.05879715]
[1.9273227, 0.68736565, 1.1794319, 0.060525127]
[1.8708282, 1.1178429, 0.69693553, 0.05604973]
[1.9105675, 1.0441673, 0.8092846, 0.057115536]
[1.981672, 0.73973083, 1.1829448, 0.058996405]
[1.9582969, 1.075576, 0.8255184, 0.057202447]
[1.861666, 0.7981093, 1.0070502, 0.05650647]
[2.0928257, 1.0929387, 0.9427341, 0.05715293]
[1.994138, 0.9802009, 0.9609601, 0.05297707]
[1.8923624, 0.9259814, 0.92005897, 0.046322025]
[1.870315, 0.8626213, 0.95714164, 0.050551973]
[1.8468629, 0.9935642, 0.8042209, 0.049077824]
[1.9276023, 0.75919497, 1.1188616, 0.049545772]
[1.9943521, 1.0129442, 0.92891836, 0.052489556]
[1.9421257, 0.8995398, 0.9912721, 0.051313747]
[1.843836, 0.8158215, 0.97241867, 0.05559576]
[2.0855172, 0.9423898, 1.0902126, 0.052914806]
[1.9458783, 1.1737778, 0.7230181, 0.049082223]
[1.8935491, 0.77313066, 1.0733182, 0.047100194]
[1.7861484, 1.0341977, 0.7003161, 0.051634625]
[1.9480433, 0.84480584, 1.0509709, 0.05226665]
[1.9884965, 1.0454077, 0.886483, 0.056605794]
[1.877158, 0.84357285, 0.9823029, 0.051282268]
[1.9204463, 0.97603285, 0.88860667, 0.05580672]
[2.171814, 1.0508187, 1.0704421, 0.050553378]
[1.9528515, 1.0393136, 0.86987054, 0.0436674]
[1.9949219, 0.9717643, 0.9802574, 0.042900164]
[2.0061367, 0.967358, 0.99795574, 0.040822946]
[1.9825944, 0.86116457, 1.0776093, 0.0438205]
[1.9696529, 1.1794574, 0.74942183, 0.04077363]
[1.9825538, 1.0306388, 0.91275644, 0.039158594]
[1.9362808, 0.9489253, 0.945978, 0.041377556]
[2.0664942, 0.9587118, 1.0689683, 0.038814183]
[2.0347116, 0.93387866, 1.0596669, 0.041166045]
[1.9273119, 1.0210514, 0.8704742, 0.035786316]
[1.9668118, 0.9213841, 1.0063258, 0.039101787]
[2.0424316, 1.1301086, 0.8746085, 0.037714463]
[1.9166598, 0.96864367, 0.9115929, 0.03642325]
[2.0072334, 1.239552, 0.7317325, 0.035948902]
[2.0040288, 0.9562501, 1.009943, 0.03783565]
[2.0405211, 1.191939, 0.8133068, 0.035275403]
[1.9779521, 1.0348518, 0.90931195, 0.033788294]
[1.9224147, 0.9160522, 0.97587746, 0.03048499]
[1.9372923, 0.963514, 0.93851984, 0.035258494]
[1.9299624, 0.97219336, 0.9248855, 0.032883517]
[1.9315814, 0.9115871, 0.987034, 0.03296032]
[1.8922331, 0.8826089, 0.97366136, 0.035962865]
[1.8227954, 0.934336, 0.85068434, 0.03777506]
[1.8131602, 0.7945285, 0.97748244, 0.041149236]
[1.961256, 0.9272568, 0.99009717, 0.043902025]
[1.9465966, 0.75359654, 1.1482058, 0.04479429]
[1.9507873, 1.1254177, 0.77963525, 0.045734376]
[2.0297859, 1.0800164, 0.90323496, 0.046534523]
[1.9095547, 0.92056036, 0.94429517, 0.044699132]
[2.0566003, 1.0527728, 0.9643744, 0.039453227]
[1.8878498, 0.95777714, 0.89176273, 0.038309976]
[1.8347412, 0.8953374, 0.89700174, 0.042402126]
[1.9462363, 1.0915703, 0.80680573, 0.04786021]
[2.0278397, 0.84304476, 1.140573, 0.04422178]
[2.0230494, 1.0904739, 0.8941747, 0.03840071]
[1.9671215, 0.96062684, 0.96531266, 0.04118187]
[1.9531006, 0.90586376, 1.0085168, 0.03871996]
[2.0203204, 0.9544969, 1.0251379, 0.04068563]
[1.9759223, 0.8760697, 1.0638222, 0.03603057]
[1.9219271, 0.83059406, 1.0563779, 0.034955103]
[1.9789624, 1.1227932, 0.8203554, 0.035813816]
[1.9401383, 0.96605074, 0.9402354, 0.033852275]
[1.9885274, 0.96107244, 0.9911518, 0.0363032]
[1.986727, 0.986032, 0.96412873, 0.03656623]
[1.8652053, 0.9071097, 0.9227954, 0.035300266]
[1.9227642, 1.0563498, 0.8285005, 0.037913892]
[1.934127, 0.9421867, 0.9530493, 0.038891003]
[1.9056286, 1.0670979, 0.7986852, 0.039845414]
[1.8842245, 1.0279175, 0.8211521, 0.035154976]
[1.853475, 0.841343, 0.97750103, 0.034630902]
[1.9997495, 1.0105639, 0.9476097, 0.041576076]
[1.9708327, 0.841519, 1.0889385, 0.040375248]
[1.9165456, 0.8711979, 1.006088, 0.039259654]
[1.9771986, 1.0219746, 0.91554725, 0.039676815]
[1.837332, 0.84247345, 0.9552042, 0.03965435]
[1.932843, 0.956535, 0.9297213, 0.046586707]
[1.9626638, 0.9697753, 0.94768465, 0.045203835]
[1.8768778, 0.9416834, 0.8900421, 0.04515221]
[1.9551965, 1.031741, 0.8752192, 0.048236202]
[1.9063376, 1.0702835, 0.79417455, 0.04187948]
[1.8401135, 0.75138116, 1.0430524, 0.045679927]
[1.8936083, 0.9018136, 0.9432471, 0.04854767]
[2.036538, 1.0648077, 0.92360127, 0.04812895]
[2.025346, 1.0737339, 0.9068301, 0.04478209]
[1.8679434, 1.0235933, 0.80137277, 0.042977333]
[1.9655167, 0.8962713, 1.0228539, 0.046391565]
[1.9894606, 0.99869007, 0.94714606, 0.043624472]
[1.9228834, 0.96523905, 0.91354114, 0.04410327]
[1.9386349, 0.8255949, 1.0658326, 0.0472074]
[1.9956226, 0.9073049, 1.0454104, 0.042907335]
[1.8637133, 0.9222959, 0.89621854, 0.045198858]
[1.8628507, 0.86225843, 0.9550847, 0.045507587]
[1.804186, 0.77600515, 0.98044986, 0.04773101]
[2.0362785, 0.8581885, 1.1295104, 0.04857958]
[1.8849918, 0.8059952, 1.0316143, 0.047382247]
[2.019113, 1.0341277, 0.9387884, 0.046196893]
[1.9756744, 0.99017006, 0.93617487, 0.049329497]
[1.9398636, 0.90988743, 0.97974765, 0.050228506]
[1.9106431, 0.86928594, 0.99408746, 0.04726976]
[1.7418584, 0.90159523, 0.7916094, 0.048653673]
[2.0353336, 0.9626362, 1.022449, 0.050248303]
[1.8189466, 0.97710747, 0.790105, 0.0517342]
[1.9854379, 0.95120156, 0.9837727, 0.050463635]
[1.9249284, 0.88910997, 0.9893012, 0.046517253]
[1.8451146, 1.0492907, 0.7424823, 0.053341594]
[1.9073116, 0.7211245, 1.1336195, 0.05256765]
[1.9417862, 0.98194516, 0.91192746, 0.04791359]
[1.8481642, 0.9334625, 0.8646133, 0.050088353]
[1.8959955, 0.87596655, 0.97052073, 0.049508255]
[1.9114304, 1.0351045, 0.8177192, 0.058606587]
[1.9248084, 0.7272382, 1.1419787, 0.055591434]
[1.9099476, 1.0667886, 0.7874857, 0.055673406]
[1.9577377, 1.0429884, 0.8551371, 0.059612133]
[1.9011308, 0.8059125, 1.0396354, 0.055582915]
[2.0189745, 0.93559945, 1.0272357, 0.05613946]
[1.9482125, 1.0101074, 0.8829256, 0.055179454]
[2.00178, 0.9564253, 0.9911823, 0.05417234]
[1.9923906, 1.1405976, 0.7979488, 0.05384418]
[1.9684514, 0.8821932, 1.0357441, 0.050514095]
[1.9248272, 1.1391845, 0.7375654, 0.048077337]
[1.9389262, 0.91699195, 0.97181547, 0.050118834]
[1.954364, 1.1208165, 0.783427, 0.05012043]
[1.968686, 0.94678974, 0.97469974, 0.047196455]
[1.9082994, 0.8605562, 0.9958677, 0.05187559]
[1.9326464, 0.9780219, 0.9042835, 0.05034104]
[1.8834455, 0.85228145, 0.9802228, 0.05094125]
[2.011317, 1.1160297, 0.8416879, 0.053599246]
[1.9029102, 0.9100578, 0.944304, 0.048548512]
[1.9492753, 1.0491672, 0.84962904, 0.05047907]
[1.8650626, 0.9396672, 0.8741158, 0.051279575]
[2.0448236, 1.0379196, 0.9603461, 0.046557948]
[1.9032012, 0.8512907, 1.0057559, 0.04615466]
[1.903809, 0.9089594, 0.94126457, 0.05358498]
[1.9506683, 0.97404927, 0.92672646, 0.04989265]
[1.9972831, 1.0809155, 0.8668253, 0.049542338]
[2.0996737, 1.033785, 1.0184951, 0.047393765]
[1.9718033, 0.83778083, 1.0865681, 0.047454376]
[1.993411, 0.8571102, 1.0873632, 0.04893745]
[1.8718992, 0.8777966, 0.9489174, 0.045185186]
[2.0159597, 0.829566, 1.140074, 0.046319723]
[1.973831, 0.9951159, 0.9372099, 0.041505218]
[1.9665529, 0.92439127, 0.9999636, 0.042198017]
[1.9397157, 0.9823313, 0.9132582, 0.044126227]
[2.0621307, 1.0924351, 0.92901146, 0.040684022]
[1.9238752, 0.9128128, 0.9768225, 0.03423985]
[1.9736185, 1.06951, 0.8650174, 0.039091058]
[1.9809929, 0.9418596, 0.9995171, 0.039616257]
[2.0812526, 1.0657523, 0.9774706, 0.038029637]
[1.932948, 1.0443558, 0.85077363, 0.037818518]
[2.072085, 1.0492454, 0.99305195, 0.029787531]
[1.884589, 0.9522704, 0.8993485, 0.032970082]
[1.9963404, 1.0510538, 0.9095906, 0.035695985]
[1.8950211, 0.9937892, 0.8676412, 0.03359067]
[1.8837775, 0.9687813, 0.8787875, 0.036208764]
[2.043643, 1.0669658, 0.93892485, 0.037752386]
[1.9415554, 1.0471984, 0.8595294, 0.034827575]
[1.9053175, 1.0265517, 0.8469826, 0.03178326]
[1.8805313, 1.011689, 0.82949185, 0.03935049]
[2.0013144, 0.9723499, 0.9912635, 0.0377009]
[1.9586823, 0.9987223, 0.9194498, 0.040510226]
[1.9760743, 0.90084994, 1.0386691, 0.036555238]
[1.8861477, 1.027518, 0.8207468, 0.037882958]
[1.7771425, 0.89691913, 0.84295005, 0.037273426]
[1.9341537, 0.8816019, 1.0117147, 0.04083708]
[1.8652078, 0.9406773, 0.88164634, 0.042884223]
[1.9412872, 0.9535595, 0.9423982, 0.045329496]
[1.8432703, 0.9231249, 0.8736956, 0.04644976]
[1.8679014, 0.91788274, 0.9011123, 0.048906423]
[1.7618093, 0.81507194, 0.8994185, 0.047318973]
[1.8009357, 0.9342507, 0.80652434, 0.060160607]
[1.9945287, 0.88457704, 1.0519738, 0.05797779]
[2.0016456, 0.9223693, 1.0134491, 0.06582725]
[1.9074059, 0.9965244, 0.8537719, 0.057109535]
[1.8803424, 0.7141509, 1.1136734, 0.052518062]
[1.944269, 0.9088948, 0.9727088, 0.0626653]
[1.9884453, 1.0628433, 0.8710972, 0.054504722]
[2.073978, 0.77652526, 1.2414217, 0.0560309]
[2.1310523, 1.1132114, 0.97068644, 0.04715454]
[1.9077159, 0.97605705, 0.88846254, 0.043196283]
[1.9211173, 0.72574586, 1.1473465, 0.048024915]
[1.8298346, 0.90918994, 0.8737228, 0.046921857]
[1.963855, 0.947248, 0.9653012, 0.051305726]
[2.1308331, 1.0426613, 1.0420868, 0.046084926]
[1.913748, 1.0657725, 0.8041915, 0.04378385]
[2.0102382, 1.0595181, 0.91074383, 0.039976284]
[2.094039, 1.0991411, 0.9552614, 0.039636344]
[1.9611374, 1.0901839, 0.835234, 0.03571948]
[2.029738, 0.97741663, 1.0148923, 0.037429083]
[1.9511366, 0.9946175, 0.919569, 0.03695005]
[1.8919209, 0.8740895, 0.98278165, 0.035049833]
[2.0694263, 1.0478768, 0.98295766, 0.03859196]
[1.961686, 1.1056097, 0.82213104, 0.033945348]
[1.964225, 0.92009175, 1.0086656, 0.035467707]
[1.9343145, 1.0595922, 0.8404219, 0.034300365]
[1.992421, 0.93578994, 1.0221287, 0.03450235]
[1.8930316, 0.9735356, 0.88712716, 0.032368857]
[1.8425766, 0.8937177, 0.91258633, 0.036272697]
[2.013838, 1.0087014, 0.9688549, 0.036281727]
[1.903528, 1.0284576, 0.83761585, 0.037454467]
[2.0348651, 1.0015806, 0.99670327, 0.03658125]
[2.0491598, 1.0292636, 0.9822929, 0.037603088]
[1.9439751, 0.95681864, 0.95471287, 0.032443672]
[1.9915334, 0.99362504, 0.96465534, 0.03325302]
[1.9562281, 0.8710143, 1.0555608, 0.029652897]
[1.976209, 0.8600899, 1.0850393, 0.031079924]
[1.9813153, 1.0645667, 0.88647866, 0.030269809]
[1.983307, 0.97581613, 0.97729313, 0.03019778]
[1.9297059, 0.9009417, 0.9967247, 0.03203937]
[1.9367825, 0.9613728, 0.94014186, 0.035267856]
[1.9617336, 0.9198843, 1.0114813, 0.030368017]
[2.0051465, 1.0245342, 0.9500855, 0.03052669]
[1.9360907, 0.9705132, 0.930467, 0.035110455]
[1.9420161, 0.91099155, 0.9978173, 0.033207327]
[2.0456882, 1.0031838, 1.0061483, 0.03635594]
[1.9019195, 0.8771781, 0.99463105, 0.030110415]
[1.932689, 0.903482, 1.0006765, 0.028530395]
[1.9676566, 0.9423636, 0.9929779, 0.03231497]
[1.9538772, 0.94579923, 0.9727371, 0.03534093]
[1.9517424, 0.947695, 0.9693253, 0.03472203]
[1.9823921, 0.82710993, 1.1195139, 0.035768267]
[1.9024231, 0.9155991, 0.95362914, 0.03319489]
[1.8947142, 0.89096284, 0.96891963, 0.03483174]
[1.9361379, 0.8393517, 1.0600882, 0.036698055]
[1.895309, 0.936097, 0.918696, 0.040515885]
[1.9225806, 0.89238346, 0.9938089, 0.036388278]
[1.9990928, 1.032311, 0.9251407, 0.04164118]
[1.8818017, 0.8857028, 0.9555055, 0.04059347]
[1.9629672, 0.89175904, 1.0299313, 0.04127684]
[2.0037925, 1.0283058, 0.9332054, 0.04228135]
[1.9920222, 0.96354795, 0.9871869, 0.041287262]
[1.9613383, 0.8940572, 1.0295885, 0.03769259]
[1.886699, 0.83374083, 1.0187962, 0.034161985]
[1.8439288, 0.8752833, 0.9288604, 0.039785124]
