[1.871393, 0.9377887, 0.88977784, 0.04382629]
[1.8879893, 0.92146283, 0.92099357, 0.04553295]
[2.0119402, 0.91280454, 1.0441079, 0.05502769]
[1.8753033, 0.91026556, 0.9197396, 0.04529805]
[2.1479125, 1.1029484, 0.9959787, 0.048985574]
[1.9281378, 1.13218, 0.75375307, 0.042204708]
[1.982423, 0.91823864, 1.0243332, 0.039851107]
[1.9667513, 0.9679376, 0.95555496, 0.043258794]
[1.7964171, 0.9757459, 0.7842803, 0.036390904]
[1.9488871, 1.0254743, 0.88321376, 0.040199067]
[1.9628997, 0.9822287, 0.93547267, 0.045198306]
[1.8806305, 0.9207791, 0.9154072, 0.04444419]
[2.0758524, 1.0166156, 1.0151258, 0.044111133]
[2.0383298, 1.189704, 0.8070551, 0.041570816]
[2.0459902, 0.85658634, 1.1516942, 0.037709624]
[1.9112648, 1.0333165, 0.841079, 0.036869258]
[1.9240639, 0.9054929, 0.98113775, 0.03743331]
[1.8890353, 0.92592824, 0.92418563, 0.038921427]
[1.9129667, 1.0184295, 0.8583755, 0.036161624]
[1.8948478, 0.99974453, 0.85318494, 0.04191829]
[1.8856293, 0.8013607, 1.0458597, 0.03840884]
[2.0770829, 0.9377, 1.093018, 0.04636478]
[1.8666706, 0.829972, 0.9933175, 0.043381087]
[1.9207042, 0.9774598, 0.9027906, 0.04045377]
[1.9446026, 0.73056257, 1.17437, 0.039669998]
[1.9089923, 0.86209774, 1.0050366, 0.041857965]
[1.9756637, 1.0071876, 0.9284683, 0.04000783]
[1.9320495, 0.9319489, 0.9587841, 0.041316465]
[1.9583607, 0.85575217, 1.0632241, 0.039384335]
[1.9179639, 0.9396055, 0.9372662, 0.04109227]
[1.9108299, 0.9404224, 0.9346603, 0.035747174]
[1.8680179, 1.0220922, 0.8044851, 0.041440632]
[1.9253207, 0.87937045, 1.0008943, 0.045056004]
[1.9707267, 0.9314703, 0.99662924, 0.04262724]
[2.004711, 1.1250598, 0.8365443, 0.043106794]
[1.975544, 0.86390007, 1.0669503, 0.044693615]
[2.0265722, 1.1886748, 0.79627126, 0.041626204]
[1.9767987, 0.88991386, 1.0463341, 0.040550634]
[1.8853917, 0.9555596, 0.8866848, 0.04314737]
[1.9094309, 0.9016905, 0.96679264, 0.040947802]
[2.1024277, 1.0397096, 1.0199231, 0.04279501]
[1.9729469, 0.909111, 1.0230165, 0.040819377]
[1.896272, 1.022476, 0.8355131, 0.03828287]
[1.8866019, 0.89680445, 0.94783664, 0.041960835]
[1.8599006, 0.9861906, 0.83482313, 0.038886912]
[1.8381948, 0.89282125, 0.9013964, 0.043977294]
[1.9518225, 0.95450556, 0.95096385, 0.04635309]
[1.8891796, 0.93961245, 0.8979747, 0.051592432]
[2.0618384, 0.9202581, 1.0905569, 0.05102358]
[1.9122539, 0.97214913, 0.89299965, 0.04710502]
[1.9744629, 1.0141318, 0.9148377, 0.045493323]
[1.9878747, 0.89666444, 1.0445316, 0.046678722]
[2.0744877, 0.8102295, 1.2217138, 0.042544376]
[1.9293067, 0.9395839, 0.94702494, 0.04269794]
[1.7951441, 0.8483779, 0.9067066, 0.04005959]
[1.9762208, 1.0076396, 0.9228941, 0.045687072]
[1.9990518, 0.9753353, 0.98248595, 0.04123054]
[2.0005414, 1.0277348, 0.93050194, 0.04230479]
[1.7296904, 0.8599189, 0.8318744, 0.037897248]
[2.0656555, 0.90712786, 1.1080991, 0.05042857]
[1.9879384, 1.177018, 0.76664567, 0.044274695]
[1.9678886, 0.856086, 1.0697079, 0.042094767]
[1.921537, 0.96880394, 0.91096157, 0.041771483]
[1.9914801, 1.1208239, 0.8258914, 0.0447649]
[1.9698266, 0.8428299, 1.0835296, 0.043467127]
[1.8321697, 0.9802319, 0.8102439, 0.04169383]
[1.9598556, 0.92851293, 0.9862522, 0.045090444]
[1.8597074, 0.906887, 0.91064274, 0.042177714]
[2.0206, 1.224689, 0.75115764, 0.044753376]
[1.8481771, 0.91586876, 0.8846798, 0.04762847]
[1.9018227, 0.9551413, 0.8895266, 0.057154752]
[2.0193024, 0.8418813, 1.1273586, 0.050062586]
[1.9092907, 1.0369266, 0.819962, 0.052402005]
[2.040553, 0.9818493, 1.0110712, 0.0476325]
[1.8799504, 0.814908, 1.0184977, 0.046544638]
[1.9425943, 0.9181739, 0.9723114, 0.05210897]
[1.9994273, 1.0648599, 0.88546574, 0.049101744]
[1.9984055, 1.0215702, 0.93387514, 0.04296012]
[1.8942583, 0.89016914, 0.9595141, 0.044575006]
[1.8807144, 0.8653204, 0.97034097, 0.04505306]
[2.0649455, 0.942169, 1.0775295, 0.04524675]
[1.9902049, 1.0409507, 0.90515494, 0.04409931]
[1.9245828, 0.8333292, 1.0507184, 0.040535156]
[1.8909194, 0.82732016, 1.0198264, 0.043772876]
[1.8663533, 1.0436687, 0.7818496, 0.040834934]
[1.9882828, 1.0229828, 0.9223316, 0.042968437]
[1.9212981, 0.9619777, 0.91272146, 0.046599012]
[1.897065, 0.85104704, 0.9983099, 0.047708116]
[1.8592973, 0.99570984, 0.81392074, 0.049666695]
[1.9195387, 0.91511023, 0.9551879, 0.049240556]
[2.0273643, 0.9798192, 0.9991279, 0.048417013]
[1.8908496, 0.9672091, 0.88186675, 0.041773807]
[1.9357328, 0.89191943, 0.99919635, 0.044617005]
[1.9884634, 0.9756055, 0.9626656, 0.050192334]
[1.9839997, 0.8796971, 1.0627078, 0.041594848]
[1.9868653, 0.92413723, 1.0158801, 0.04684797]
[1.9308039, 1.0296531, 0.8545566, 0.04659426]
[1.9498363, 0.9379047, 0.9644588, 0.04747267]
[1.8874048, 0.88347715, 0.9597357, 0.04419192]
[1.9887881, 1.1016235, 0.83606976, 0.051094726]
[1.7799469, 0.82083684, 0.9109419, 0.048168182]
[1.9872938, 0.9254364, 1.0090371, 0.052820303]
[1.8826534, 1.0327772, 0.8039245, 0.045951683]
[1.8393961, 0.71025795, 1.0798521, 0.04928604]
[1.9023536, 0.9629148, 0.8858423, 0.05359651]
[1.9441692, 0.77767456, 1.1175932, 0.048901442]
[1.8427694, 0.94004524, 0.8476558, 0.055068363]
[1.8886263, 0.92334336, 0.9051186, 0.06016446]
[1.8673849, 0.79972494, 1.0071887, 0.060471315]
[1.8227582, 0.84441197, 0.9147362, 0.06361011]
[2.097839, 0.96355224, 1.0687244, 0.06556241]
[1.9289036, 0.9560321, 0.91238564, 0.06048584]
[1.9063319, 0.93026125, 0.91799414, 0.058076464]
[2.0149462, 1.0929286, 0.86215496, 0.059862696]
[2.0216007, 1.0296733, 0.92977667, 0.062150717]
[2.1314723, 1.015177, 1.0628446, 0.05345074]
[1.9186052, 1.008065, 0.86170447, 0.04883572]
[1.9758961, 0.96774143, 0.95998603, 0.04816868]
[1.9046756, 1.0418367, 0.81908077, 0.043758042]
[1.9978921, 1.0671816, 0.88631403, 0.044396475]
[2.1193712, 0.95160604, 1.1256204, 0.042144872]
[2.0898411, 1.1620034, 0.8891524, 0.038685266]
[1.832716, 0.9306968, 0.86270136, 0.039317884]
[1.9632419, 0.9683387, 0.9565275, 0.03837568]
[1.9489807, 0.9454818, 0.9630899, 0.040408984]
[1.908536, 0.9196784, 0.95225275, 0.03660483]
[1.9915879, 0.8516228, 1.0997084, 0.040256664]
[1.9178061, 1.0554223, 0.82275844, 0.03962537]
[2.0020635, 0.9980937, 0.96967626, 0.03429347]
[1.9360505, 0.8727485, 1.022866, 0.04043608]
[2.0472252, 0.97234726, 1.0385406, 0.03633728]
[1.9758207, 1.0419891, 0.8975537, 0.036277913]
[1.9550753, 0.8899299, 1.0289096, 0.036235783]
[1.9324446, 0.95862496, 0.93739784, 0.036421835]
[1.7911048, 0.8122264, 0.9414499, 0.037428446]
[1.9805086, 0.9380914, 1.0012945, 0.041122638]
[1.7928241, 0.77760965, 0.9732175, 0.04199709]
[1.9348445, 1.1458341, 0.7390557, 0.049954705]
[1.9243811, 0.76341736, 1.1144619, 0.046501826]
[1.9297938, 1.0708075, 0.8096253, 0.049361024]
[2.0999742, 0.86091685, 1.1945561, 0.044501383]
[1.9034518, 0.9796373, 0.8776235, 0.046190973]
[1.9098462, 1.0213902, 0.8411987, 0.047257334]
[2.0331802, 0.98121697, 1.0063523, 0.04561098]
[1.752949, 0.8989074, 0.80664796, 0.04739358]
[1.9096016, 1.0361675, 0.82189083, 0.051543206]
[1.8824695, 0.88832325, 0.9402691, 0.053877193]
[1.9552304, 1.0349679, 0.8650876, 0.055174854]
[1.7995876, 0.8966836, 0.84909904, 0.053805046]
[1.7911853, 0.75292104, 0.9806615, 0.05760274]
[1.985714, 0.8562578, 1.0738075, 0.05564872]
[2.095211, 1.0843633, 0.9541453, 0.05670245]
[2.0952775, 1.0326111, 1.0093217, 0.053344704]
[2.0278597, 0.96067035, 1.024711, 0.04247821]
[1.9112376, 1.0112646, 0.8562148, 0.04375826]
[1.8855602, 0.9603987, 0.88013315, 0.045028377]
[1.8883045, 0.9670565, 0.87613034, 0.04511766]
[1.8597968, 0.7931038, 1.0159873, 0.050705686]
[2.1180496, 0.9136765, 1.1543503, 0.05002291]
[2.0161471, 1.0200307, 0.95032686, 0.045789495]
[1.9665408, 0.9568702, 0.96613604, 0.04353457]
[1.9432634, 0.89523864, 1.0030572, 0.044967584]
[1.941678, 0.9483082, 0.9529033, 0.040466607]
[1.9305964, 0.8240242, 1.0611203, 0.045451887]
[1.8838124, 0.88393867, 0.9558375, 0.044036314]
[1.7909162, 0.92592883, 0.81719005, 0.047797285]
[1.7203739, 0.79937994, 0.8722061, 0.048787814]
[1.9351039, 0.75643504, 1.1160842, 0.06258468]
[2.0749707, 1.075876, 0.937758, 0.061336838]
[1.8219827, 0.84788764, 0.9231484, 0.05094666]
[1.9300315, 0.8286116, 1.0496924, 0.051727496]
[1.870205, 0.9198599, 0.89568436, 0.05466085]
[1.9851772, 0.97389317, 0.9563211, 0.054962844]
[1.8946502, 0.82238704, 1.0161178, 0.05614543]
[2.0986063, 1.1230239, 0.9207997, 0.05478297]
[1.7344695, 0.80508804, 0.8796302, 0.049751297]
[1.848779, 0.78762734, 1.0023204, 0.058831178]
[2.0128605, 1.0549926, 0.8982734, 0.05959468]
[1.6922622, 0.7321776, 0.90567994, 0.054404654]
[1.8302715, 0.99751985, 0.7686881, 0.06406356]
[2.0392735, 1.0433204, 0.9290816, 0.06687144]
[2.0923858, 1.0658096, 0.97035563, 0.056220442]
[1.8995984, 0.90597075, 0.93992054, 0.05370714]
[2.0567338, 1.1482925, 0.8563747, 0.05206654]
[1.9742727, 0.8829925, 1.0396976, 0.051582515]
[1.8790386, 0.99408686, 0.8354042, 0.049547464]
[2.105257, 1.0554023, 1.0018842, 0.047970433]
[1.9313353, 0.9417554, 0.9452022, 0.044377714]
[1.9573243, 1.1205904, 0.78578174, 0.050952088]
[2.1312964, 1.1372797, 0.95144534, 0.04257123]
[2.0023181, 0.88857716, 1.0720832, 0.041657574]
[2.116345, 1.2035602, 0.87454903, 0.03823571]
[1.996917, 0.7776805, 1.1864351, 0.032801386]
[1.9693996, 0.9992027, 0.93323785, 0.03695904]
[1.8887489, 0.9158125, 0.93388313, 0.03905325]
[1.9834001, 1.001332, 0.9441048, 0.037963323]
[1.9416527, 0.89397466, 1.0119461, 0.035731867]
[1.9455423, 0.86087966, 1.0462865, 0.038376234]
[1.9701481, 1.0318079, 0.8986423, 0.03969788]
[1.9505836, 0.8553605, 1.0600326, 0.03519048]
[1.9801407, 0.8330437, 1.1104178, 0.036679108]
[1.9550669, 0.90140146, 1.016545, 0.037120387]
[1.9626325, 0.96772563, 0.9580651, 0.03684175]
[1.8403233, 0.98046064, 0.82314444, 0.036718216]
[2.0567226, 0.97734594, 1.0415876, 0.037789218]
[1.9439448, 0.994488, 0.91359913, 0.035857677]
[1.8975525, 0.85894984, 1.0026654, 0.03593734]
[2.0351412, 0.857931, 1.1412718, 0.035938304]
[1.8790643, 1.0501584, 0.7928653, 0.036040723]
[1.9015292, 0.96349555, 0.90039, 0.03764353]
[1.8350925, 0.80022943, 0.99732745, 0.037535682]
[1.8605139, 0.7158144, 1.1032428, 0.041456692]
[1.9032876, 0.9293202, 0.9305308, 0.043436617]
[1.8735256, 0.93059796, 0.90077925, 0.042148333]
[1.8818607, 0.9577376, 0.880651, 0.043472007]
[1.9191589, 1.0942836, 0.7782313, 0.046643913]
[1.9904794, 0.7193656, 1.227395, 0.043718725]
[1.8760976, 0.93720263, 0.8937444, 0.045150515]
[1.8341111, 0.84037626, 0.9500579, 0.043676972]
[1.9743989, 1.1073927, 0.82553303, 0.04147321]
[2.0345616, 0.9064748, 1.0822463, 0.045840424]
[2.0042424, 1.1564, 0.8037038, 0.04413873]
[2.0649645, 1.1057986, 0.9156748, 0.04349121]
[1.8847339, 1.0379894, 0.8076341, 0.03911037]
[2.017425, 1.0973033, 0.8817054, 0.03841645]
[2.0606735, 1.0622004, 0.9635767, 0.034896277]
[1.9495662, 1.0382527, 0.8759604, 0.03535304]
[1.8662671, 0.9499079, 0.8790794, 0.0372797]
[1.9622942, 1.0049887, 0.92231524, 0.034990367]
[1.846023, 0.82539237, 0.9831137, 0.037516925]
[1.9352797, 0.9578414, 0.93878543, 0.038652953]
[1.9640343, 0.91536444, 1.0139129, 0.034756947]
[1.9816445, 1.0900488, 0.85578465, 0.035811022]
[1.9935883, 1.066013, 0.88745725, 0.040118106]
[1.954734, 0.8031149, 1.117275, 0.034344055]
[1.8853979, 0.9671672, 0.8797252, 0.03850558]
[1.9695567, 0.88842154, 1.0432782, 0.037856944]
[1.8806663, 0.8895494, 0.9499488, 0.04116812]
[1.9212297, 0.80881155, 1.0696278, 0.04279042]
[1.9716173, 1.1711254, 0.7584111, 0.04208076]
[2.0355008, 0.869529, 1.1261308, 0.039840907]
[1.993191, 0.81895447, 1.1351825, 0.039053977]
[2.000432, 1.221292, 0.7390517, 0.040088177]
[1.9062984, 1.0293498, 0.8402972, 0.036651377]
[1.8671422, 1.010205, 0.8167958, 0.04014138]
[1.9548745, 1.0732356, 0.8420625, 0.039576437]
[1.9522448, 0.91099614, 1.0013771, 0.039871458]
[1.8172536, 0.8022264, 0.976954, 0.03807322]
[2.0249896, 1.0819156, 0.89715147, 0.04592255]
[1.9846792, 0.8838259, 1.0612737, 0.03957967]
[1.9542286, 1.1424956, 0.7679647, 0.04376825]
[1.969434, 1.050251, 0.8800063, 0.03917675]
[1.9450653, 0.9094325, 0.99378586, 0.041846976]
[1.9042811, 0.89191306, 0.9720688, 0.040299356]
[2.0367904, 0.9904524, 1.0009804, 0.0453576]
[2.1014307, 1.0123887, 1.0515178, 0.037523948]
[1.9714863, 1.0162703, 0.916976, 0.038240027]
[2.020753, 0.93811893, 1.0465186, 0.036115468]
[1.9543564, 1.0580515, 0.8610036, 0.035301387]
[1.9398001, 0.9967836, 0.908553, 0.034463473]
[1.9845842, 0.99590737, 0.95248574, 0.03619111]
[2.0709965, 0.9734266, 1.0634887, 0.03408112]
[1.9797674, 0.98564667, 0.962063, 0.032057784]
[1.9484682, 0.96867347, 0.94665325, 0.03314154]
[1.9631894, 0.9529785, 0.977366, 0.032844897]
[1.9037539, 0.8779206, 0.995301, 0.030532202]
[1.8755406, 0.9160051, 0.9258227, 0.03371291]
[2.0600848, 0.9129561, 1.111142, 0.03598661]
[1.9094182, 0.8880961, 0.9870693, 0.03425274]
[1.900203, 0.8489914, 1.0172498, 0.033961833]
[1.9830564, 0.9249291, 1.0212218, 0.036905646]
[1.9134765, 0.8871492, 0.99677277, 0.029554483]
[2.00064, 0.945294, 1.0206678, 0.034678027]
[1.9051912, 0.93001646, 0.9389651, 0.036209546]
[2.0607476, 1.0146575, 1.013697, 0.032392897]
[1.9098197, 0.834725, 1.0418208, 0.033273898]
[1.9381131, 1.021468, 0.88284445, 0.033800546]
[1.9169705, 0.95374036, 0.9291735, 0.034056675]
[2.0280921, 1.0928202, 0.900872, 0.034399968]
[1.8857644, 1.0145894, 0.8389665, 0.0322084]
[1.8660108, 0.93558717, 0.89788675, 0.03253687]
[1.9232328, 1.0045896, 0.87914735, 0.03949593]
[1.9060872, 0.9924148, 0.8806237, 0.033048652]
[1.864265, 0.85916555, 0.9654324, 0.03966707]
[2.0102656, 1.009569, 0.96047366, 0.04022282]
[1.9351923, 0.9560121, 0.9366598, 0.042520378]
[1.8733245, 0.85986686, 0.97169995, 0.041757744]
[1.8719908, 0.96243644, 0.8698491, 0.039705273]
[1.9267741, 0.88899064, 0.9926567, 0.045126796]
[1.8716924, 0.94133365, 0.8837904, 0.0465684]
[1.96181, 0.92780364, 0.9861854, 0.04782089]
[1.9230297, 0.82504964, 1.0515327, 0.046447217]
[1.8764397, 0.9314313, 0.89878905, 0.04621938]
[1.8391724, 0.8177238, 0.97313046, 0.048318163]
[1.844476, 0.99339664, 0.79835856, 0.052720822]
[1.8029261, 0.7700789, 0.9783977, 0.054449394]
[1.9968958, 1.0632477, 0.87581193, 0.057836153]
[2.0151606, 0.94881034, 1.0104071, 0.055943042]
[1.9336216, 0.84276867, 1.0375819, 0.053271074]
[2.0053053, 0.98295367, 0.9707638, 0.05158793]
[2.024602, 0.85032916, 1.1244932, 0.049779527]
[1.9855648, 0.89887184, 1.0394787, 0.04721437]
[1.9444118, 1.1481236, 0.7490771, 0.04721106]
[1.9286256, 0.9914862, 0.8925209, 0.044618472]
[1.9146769, 0.7358683, 1.1353359, 0.043472715]
[1.7840028, 0.94565296, 0.7877412, 0.050608642]
[1.9182091, 0.95098, 0.9177487, 0.04948044]
[1.8337663, 0.9269603, 0.85358274, 0.05322329]
[1.929206, 0.8641098, 1.0079886, 0.057107624]
[1.9479654, 1.0685453, 0.8280346, 0.051385358]
[2.0687292, 1.0180922, 0.9986603, 0.051976644]
[1.865784, 0.82844925, 0.98416173, 0.053173102]
[2.1892195, 0.928494, 1.2086802, 0.052045338]
[1.9191107, 0.9615392, 0.91083086, 0.046740606]
[1.9417928, 0.9850707, 0.90892196, 0.04780017]
[1.9082099, 0.94457525, 0.9151144, 0.048520222]
[1.9494557, 1.0390105, 0.86032087, 0.05012437]
[1.9689801, 1.0543013, 0.86977506, 0.044903718]
[1.8635205, 0.8662037, 0.9502987, 0.047018]
[1.879961, 0.8612982, 0.9684937, 0.050169166]
[1.9011203, 0.939103, 0.91245145, 0.049565874]
[1.9212376, 0.86507946, 1.0041987, 0.05195934]
[1.9480757, 0.7735841, 1.1277096, 0.04678195]
[1.8367103, 0.7895459, 0.9956211, 0.05154338]
[2.017345, 0.89536595, 1.0719328, 0.050046206]
[1.9826561, 0.8556143, 1.0796648, 0.047377028]
[1.9002819, 1.1013546, 0.747407, 0.051520295]
[1.9118857, 0.82962453, 1.0332623, 0.04899893]
[1.8622979, 0.95664203, 0.8558419, 0.04981399]
[1.9663486, 0.9958683, 0.9274628, 0.04301747]
[1.9753072, 0.8620446, 1.0663313, 0.0469314]
[1.9359716, 1.0085781, 0.87650526, 0.050888322]
[2.04615, 0.86455, 1.128555, 0.053044893]
[1.9713807, 1.0354292, 0.89117193, 0.0447795]
[1.9605916, 1.0212784, 0.8929541, 0.046359055]
[1.946908, 0.9942988, 0.90854144, 0.044067718]
[2.1099677, 1.061439, 1.0057379, 0.042791]
[1.8937869, 0.95691866, 0.9042821, 0.032586098]
[1.8835919, 0.9688972, 0.87115765, 0.043537073]
[1.9558115, 0.94327545, 0.9708314, 0.04170471]
[1.8805541, 0.9736436, 0.8663112, 0.04059919]
[2.0222745, 1.0586421, 0.9206464, 0.04298591]
[1.8367625, 0.8803618, 0.91519946, 0.04120129]
[2.0335531, 1.0106117, 0.98229986, 0.040641487]
[1.9776053, 1.1691638, 0.7678646, 0.040576987]
[1.8460146, 0.91253453, 0.8966298, 0.03685031]
[1.905372, 0.94717133, 0.9191257, 0.03907502]
[1.8370463, 1.0459971, 0.74477625, 0.046272855]
[1.9360515, 0.9563504, 0.9387258, 0.040975265]
[1.9529648, 0.8630942, 1.0396615, 0.050208997]
[1.9673847, 0.9609394, 0.96203786, 0.044407442]
[1.9699366, 0.96125287, 0.96422035, 0.04446342]
[1.8818948, 0.8980622, 0.93899167, 0.044840887]
[1.9104854, 0.86139643, 0.9999408, 0.04914824]
[1.8032032, 1.0355489, 0.72024405, 0.047410198]
[1.8807497, 0.9209571, 0.9081941, 0.05159849]
[1.9761792, 1.0750915, 0.84856665, 0.052521147]
[1.8542973, 0.74653983, 1.0559338, 0.051823586]
[2.0133505, 0.93452317, 1.0195332, 0.059294246]
[1.9997628, 0.88772887, 1.0581374, 0.053896375]
[1.8057954, 0.7420316, 1.0125685, 0.051195398]
[1.895248, 0.82715034, 1.0128295, 0.055268124]
[1.9531409, 0.8042548, 1.0908265, 0.05805962]
[2.0316193, 1.1185653, 0.85388297, 0.059170984]
[2.1717274, 0.8954799, 1.2264781, 0.049769334]
[1.8982918, 0.8406063, 1.0086995, 0.048985936]
[2.0092516, 1.0959545, 0.8642503, 0.049046796]
[2.0140982, 0.8167685, 1.1503202, 0.047009468]
[1.9244176, 1.2517458, 0.6251106, 0.047561117]
[1.8460242, 0.6795207, 1.1261934, 0.040309995]
[1.9998026, 1.0560067, 0.89412725, 0.049668647]
[1.8938432, 1.0219016, 0.8275553, 0.044386283]
[1.9908519, 1.0086589, 0.9376594, 0.044533573]
[2.0053484, 0.99039716, 0.9746975, 0.040253952]
[2.0110705, 0.9280294, 1.0369511, 0.04608994]
[1.8864444, 1.0090649, 0.83897656, 0.03840291]
[2.0226107, 1.0330431, 0.9507588, 0.038808726]
[1.95152, 0.9667615, 0.9463239, 0.03843447]
[1.966256, 0.9459622, 0.9804604, 0.03983346]
[1.8972075, 0.91757774, 0.93820983, 0.041419994]
[2.0336144, 0.97449666, 1.020389, 0.03872866]
[1.9394599, 0.9738666, 0.92383575, 0.041757636]
[1.9859933, 1.0011764, 0.9433692, 0.04144776]
[1.9829574, 1.0755116, 0.86658597, 0.040859777]
[1.8424683, 0.8760208, 0.9289862, 0.037461244]
[1.8735373, 0.84958565, 0.9844433, 0.03950832]
[1.8299814, 0.9791155, 0.80605626, 0.044809707]
[1.8925098, 0.9855737, 0.85942173, 0.047514282]
[1.7513145, 0.8429006, 0.8623535, 0.04606048]
[1.8592371, 0.9007972, 0.90298915, 0.055450846]
[1.9578133, 0.9375828, 0.96432894, 0.05590149]
[2.1098442, 1.0855303, 0.97116286, 0.053151146]
[1.9230298, 0.88190675, 0.9897841, 0.05133889]
[1.9764718, 0.93373173, 0.9926282, 0.05011192]
[1.881429, 0.9602827, 0.8727248, 0.04842156]
[1.9952594, 1.0216932, 0.92162335, 0.051942877]
[1.8941157, 0.98008925, 0.8635867, 0.050439753]
[1.9745315, 0.9285027, 0.9977935, 0.048235353]
[1.9602703, 0.9857936, 0.9264008, 0.04807594]
[1.8787738, 0.89153755, 0.9405972, 0.046639055]
[1.8913592, 0.9172565, 0.92538804, 0.04871479]
[1.8696451, 0.9423313, 0.87578493, 0.051528938]
[1.9241629, 0.92030865, 0.9495684, 0.05428582]
[1.9850289, 0.98546696, 0.94437206, 0.055189826]
[1.8357445, 0.934819, 0.85177696, 0.049148537]
[1.7490141, 0.8089919, 0.88717353, 0.05284869]
[2.0482018, 1.1206794, 0.87495106, 0.05257137]
[1.9967507, 0.97780406, 0.96224797, 0.056698732]
[2.0663397, 0.95955276, 1.0508442, 0.055942688]
[2.0336826, 1.1175332, 0.86098164, 0.055167597]
[1.9572515, 0.83998585, 1.0725766, 0.04468907]
[1.908885, 0.98521143, 0.87697166, 0.04670191]
[1.949141, 0.93391144, 0.9678911, 0.047338497]
[1.9673504, 0.90944844, 1.0089738, 0.04892812]
[1.9579173, 0.98874015, 0.92090774, 0.048269443]
[1.9281673, 0.9896875, 0.89225614, 0.04622367]
[1.9158149, 0.8940033, 0.9700771, 0.05173443]
[1.9332323, 0.8398943, 1.0446675, 0.048670553]
[1.9686642, 0.959774, 0.96136487, 0.047525287]
[2.0055187, 0.9192016, 1.0455936, 0.040723406]
[1.9248035, 0.874272, 1.0090545, 0.041477025]
[1.8992935, 0.8392957, 1.0175933, 0.042404495]
[1.7555239, 0.8788167, 0.83417, 0.04253722]
[1.8952372, 0.73803025, 1.1056626, 0.051544458]
[2.0093894, 1.2292798, 0.72705805, 0.0530517]
[1.8939285, 0.86374706, 0.9805829, 0.0495986]
[2.0515487, 0.8040869, 1.1973158, 0.05014582]
[1.9002326, 0.97433686, 0.8781502, 0.047745526]
[1.8074403, 0.8781515, 0.88129586, 0.04799296]
[1.8438993, 0.73364335, 1.0579076, 0.05234841]
[1.9001932, 0.806658, 1.0437733, 0.049761854]
[1.919747, 1.1226758, 0.7436495, 0.05342169]
[2.019453, 0.8187517, 1.1478379, 0.052863386]
[2.0562384, 1.0930271, 0.910638, 0.052573375]
[2.265831, 1.2441286, 0.9736123, 0.04808996]
[2.0094395, 0.98171884, 0.9879631, 0.03975761]
[1.9572266, 1.1204953, 0.7991824, 0.037548907]
[1.9553947, 0.9866668, 0.931527, 0.037200987]
[1.8898809, 0.8554536, 0.9939387, 0.04048858]
[1.9224327, 0.9079652, 0.97286, 0.04160749]
[1.9751416, 1.0442628, 0.88614297, 0.04473587]
[1.958768, 1.0831174, 0.8361346, 0.039516132]
[1.9116938, 0.999997, 0.87202555, 0.03967117]
[1.9571759, 0.8830132, 1.0352218, 0.038940743]
[1.9671731, 0.94398063, 0.9820882, 0.04110433]
[1.8672031, 1.0069046, 0.82018054, 0.040117957]
[2.0545805, 0.9518399, 1.0557278, 0.04701264]
[1.8403794, 0.88603485, 0.9126514, 0.04169306]
[1.9000254, 0.99250317, 0.86261666, 0.04490549]
[1.8758538, 0.8053443, 1.0261424, 0.04436712]
[1.8470483, 0.8703774, 0.9311163, 0.045554675]
[1.9447901, 1.0837202, 0.81454444, 0.046525426]
[1.9111197, 0.78833663, 1.0771184, 0.045664698]
[1.9513851, 0.95989037, 0.938168, 0.05332675]
[1.902228, 0.9027608, 0.9545182, 0.044948917]
[1.9460185, 0.8725869, 1.0257862, 0.047645323]
[1.9556589, 0.954068, 0.95451695, 0.047073904]
[1.9248021, 0.9989024, 0.87998664, 0.045913037]
[1.8669168, 0.8534467, 0.9635899, 0.0498802]
[1.9061143, 0.8851572, 0.9751961, 0.04576099]
[1.9504411, 1.0304973, 0.8684954, 0.05144835]
[1.9708245, 1.0754496, 0.8449973, 0.050377667]
[1.9470453, 1.0144299, 0.88412297, 0.048492454]
[1.9682131, 0.99327123, 0.9299267, 0.045015126]
[1.9902346, 0.9265276, 1.0185204, 0.04518666]
[1.9827129, 0.80153406, 1.1368537, 0.044325136]
[2.000696, 1.2022324, 0.7535374, 0.044926237]
[1.9063241, 0.8872929, 0.9754559, 0.04357533]
[1.890268, 0.83884275, 1.0091207, 0.04230454]
[1.8467062, 0.9246394, 0.8760264, 0.046040267]
[1.8641529, 0.8984395, 0.91438794, 0.051325474]
[1.9401114, 1.002015, 0.8882723, 0.049824096]
[1.9508047, 0.78755295, 1.1116331, 0.051618673]
[1.9922115, 1.0586262, 0.88207763, 0.051507577]
[2.0205002, 0.92292607, 1.0472789, 0.0502952]
[1.9865776, 0.9377991, 0.99630606, 0.052472517]
[2.0116642, 1.0043312, 0.9635098, 0.043823116]
[1.9447184, 1.1120039, 0.78539765, 0.04731679]
[1.9762138, 0.9350034, 0.997821, 0.043389454]
[1.9010642, 0.96251035, 0.8947631, 0.04379072]
[1.8516691, 0.85492814, 0.95183766, 0.044903323]
[2.044517, 0.77764523, 1.2172513, 0.049620572]
[2.028645, 1.1049318, 0.8795875, 0.04412572]
[1.987395, 0.8625759, 1.0811881, 0.043631062]
[1.8872689, 1.0749698, 0.7724619, 0.03983725]
[1.945384, 0.97652984, 0.92353225, 0.04532198]
[2.028897, 0.79309964, 1.1942588, 0.04153853]
[1.9362534, 1.1475933, 0.7430085, 0.045651674]
[2.086787, 1.0847563, 0.9650181, 0.037012503]
[1.8816782, 0.9303585, 0.9150697, 0.03624998]
[1.937798, 0.92940956, 0.97087896, 0.037509494]
[1.9534291, 0.8275535, 1.0854454, 0.040430237]
[2.0214477, 1.0141735, 0.96812177, 0.03915238]
[1.9139535, 0.9580112, 0.91753703, 0.03840536]
[1.9412861, 0.95458627, 0.9468257, 0.039874025]
[1.920886, 0.84584814, 1.0347062, 0.040331654]
[2.068847, 0.9428227, 1.0868422, 0.039181955]
[1.8644501, 0.9124785, 0.9148134, 0.037158113]
[1.9456675, 0.9875595, 0.919796, 0.03831201]
[1.9696842, 0.97160125, 0.9567163, 0.04136672]
[1.8635428, 0.85407907, 0.96945643, 0.040007308]
[1.7627723, 0.9369432, 0.7860804, 0.039748635]
[1.8122369, 0.8313391, 0.93417305, 0.04672471]
[1.9092124, 1.0464834, 0.8091333, 0.053595692]
[1.8454759, 0.8289319, 0.9694301, 0.04711394]
[1.9423597, 0.8875885, 0.9991734, 0.055597775]
[1.7835248, 0.85553193, 0.8763601, 0.051632654]
[1.9574387, 1.005945, 0.902275, 0.049218655]
[1.9896128, 0.8996373, 1.0409809, 0.04899454]
[1.9585516, 1.0286433, 0.8846544, 0.045254022]
[1.8488882, 0.9089335, 0.8926157, 0.04733891]
[1.7883787, 0.8883751, 0.8444343, 0.055569287]
[1.9072125, 0.8795601, 0.97211164, 0.05554081]
[1.9574016, 1.1847743, 0.7100684, 0.062558964]
[2.0162504, 0.9199486, 1.0487249, 0.047576834]
[1.9791603, 0.98352146, 0.94843996, 0.047198832]
[1.8001459, 0.87625253, 0.8730799, 0.050813425]
[2.004202, 0.8794923, 1.0714074, 0.053302065]
[1.9279265, 1.0350405, 0.84390026, 0.04898569]
[2.03708, 0.7423372, 1.2485309, 0.046212062]
[2.1214612, 1.1902223, 0.88501346, 0.04622542]
[1.8166962, 0.93892866, 0.83627963, 0.041487902]
[1.9496993, 0.9950452, 0.9080319, 0.04662221]
[2.0586486, 0.89628774, 1.1135064, 0.048854437]
[2.0892932, 1.132136, 0.91747975, 0.039677426]
[2.0138786, 1.1021014, 0.87180173, 0.039975505]
[1.8520179, 0.877849, 0.9352248, 0.038944177]
[1.9938996, 0.8919563, 1.0585208, 0.04342244]
[1.904557, 1.0378655, 0.8244194, 0.042272136]
[1.906677, 0.7890638, 1.0733795, 0.044233657]
[1.9734727, 1.0714363, 0.8544089, 0.047627546]
[1.9499699, 0.98854357, 0.91593075, 0.04549565]
[2.035948, 0.922377, 1.0668677, 0.0467033]
[1.9960809, 0.9799617, 0.9731465, 0.042972695]
[1.9394649, 0.93621, 0.9625509, 0.04070418]
[1.8903565, 0.9778349, 0.8663372, 0.04618448]
[2.0108395, 1.0685656, 0.8985013, 0.043772586]
[1.9502625, 0.846817, 1.0583627, 0.045082863]
[2.0022638, 0.92799616, 1.0309072, 0.04336047]
[2.0345051, 1.0871325, 0.9090782, 0.03829461]
[1.9288574, 0.8565799, 1.0325282, 0.039749388]
[1.8832467, 0.95237607, 0.89035803, 0.040512536]
[1.8596143, 0.95566714, 0.85908055, 0.044866577]
[1.9616414, 0.9651581, 0.94993055, 0.04655277]
[1.9664296, 0.9122423, 1.0089915, 0.045195766]
[2.0532434, 0.9181911, 1.0870864, 0.04796585]
[1.876571, 0.95155823, 0.88053626, 0.04447668]
[1.9138687, 0.8350999, 1.0373765, 0.041392352]
[1.9682124, 1.0308875, 0.8919461, 0.045378864]
[1.9881295, 0.9298926, 1.0163653, 0.041871656]
[1.8675921, 0.85218203, 0.9702991, 0.045111]
[2.131084, 1.1111825, 0.97522014, 0.044681378]
[1.9412558, 0.8997796, 1.003143, 0.03833323]
[1.9438756, 0.8329648, 1.0670891, 0.04382171]
[1.9950365, 1.082442, 0.8725866, 0.040007807]
[2.0353801, 1.0443963, 0.9531048, 0.03787905]
[2.0085714, 0.9761694, 0.9942725, 0.03812965]
[1.9682719, 1.0022013, 0.9302335, 0.035837017]
[1.8607376, 0.92970717, 0.8957145, 0.035315886]
[1.8549215, 0.9410119, 0.87911505, 0.034794398]
[1.8777695, 0.8200444, 1.0167083, 0.041016847]
[1.9593174, 0.9952724, 0.92092645, 0.04311861]
[1.9725196, 0.9966072, 0.9339772, 0.041935153]
[1.9176975, 1.1190307, 0.76215994, 0.036506888]
[1.8995638, 0.8931011, 0.96334493, 0.043117758]
[1.9386607, 1.0329195, 0.8637169, 0.042024218]
[1.8787918, 0.9184472, 0.916013, 0.04433152]
[2.0047913, 0.91402304, 1.042485, 0.04828331]
[1.9511719, 0.87928593, 1.0279589, 0.043927055]
[1.8983824, 0.8948071, 0.9583242, 0.04525107]
[1.953983, 0.8980048, 1.0123698, 0.043608382]
[2.1073065, 0.9966391, 1.0643234, 0.0463441]
[1.9334676, 0.8822943, 1.0142549, 0.036918342]
[1.9901135, 0.95433116, 0.9960164, 0.03976591]
[1.9989338, 1.0861974, 0.87236404, 0.040372387]
[1.9152064, 0.8415884, 1.0333807, 0.040237278]
[1.9186528, 0.9137255, 0.96260667, 0.04232058]
[2.0424647, 0.92774665, 1.0734103, 0.041307807]
[2.0995564, 0.98466325, 1.0768933, 0.037999757]
[1.9261225, 0.99689007, 0.8926987, 0.036533676]
[1.9263232, 0.87286806, 1.0185056, 0.034949504]
[1.9505217, 0.9322438, 0.98504734, 0.03323049]
[1.972714, 0.87578464, 1.0599706, 0.036958646]
[2.022774, 0.91255987, 1.0726855, 0.037528634]
[2.0876913, 1.0321932, 1.0185294, 0.03696872]
[1.8886272, 0.9793581, 0.87591255, 0.033356518]
[1.8974302, 0.91414106, 0.94902, 0.03426912]
[1.9672967, 0.9414481, 0.99088776, 0.034960873]
[1.8521433, 1.0034554, 0.8128848, 0.035803117]
[1.8916914, 0.87470704, 0.9778549, 0.039129466]
[1.9836259, 0.8726398, 1.0710874, 0.0398987]
[1.910695, 1.0441085, 0.82883453, 0.037751917]
[1.9787592, 1.052148, 0.884317, 0.042294174]
[1.8950559, 0.89522755, 0.9591075, 0.04072077]
[1.9579124, 0.8429582, 1.0727253, 0.04222896]
[1.9830254, 0.97671366, 0.96694404, 0.039367795]
[1.9057925, 0.8978474, 0.96585876, 0.04208636]
[1.8843827, 0.8643192, 0.9797886, 0.04027485]
[1.8465735, 0.9976244, 0.8034108, 0.04553827]
[1.932987, 0.92028505, 0.9659848, 0.04671718]
[1.9075621, 1.0578086, 0.8056605, 0.04409299]
[2.0871077, 0.8534339, 1.179959, 0.053714655]
[2.0189505, 1.1386833, 0.83474505, 0.045522053]
[1.8520436, 0.9214361, 0.8877897, 0.042817887]
[1.7695991, 0.8250743, 0.8974247, 0.047100052]
[1.8341513, 0.9092082, 0.87329626, 0.05164682]
[1.8484521, 0.9693889, 0.8257922, 0.053270996]
[1.9883773, 0.9338987, 0.9949198, 0.059558902]
[2.0138829, 1.0806477, 0.8757481, 0.057487004]
[2.0081737, 0.9094087, 1.0441369, 0.054628104]
[1.9006083, 0.97336376, 0.8724686, 0.054775923]
[1.9871031, 1.0424261, 0.89448154, 0.050195493]
[1.9611812, 0.8725518, 1.0403678, 0.048261557]
[2.0875146, 1.0059872, 1.0326972, 0.048830297]
[2.019074, 0.9928204, 0.9847048, 0.04154885]
[1.9213054, 0.95891047, 0.9226515, 0.039743423]
[2.0050447, 0.99871826, 0.9659305, 0.040395875]
[1.9751284, 1.0136802, 0.9196243, 0.04182385]
[1.9688007, 0.9842619, 0.94800586, 0.036532972]
[2.0455897, 0.9533329, 1.0562091, 0.036047675]
[1.9001868, 1.0242968, 0.84146386, 0.034426235]
[2.0106559, 0.99864054, 0.97764254, 0.03437287]
[1.884244, 1.0240601, 0.8288854, 0.03129839]
[1.872364, 0.9601208, 0.8750168, 0.037226383]
[1.9929011, 0.9761724, 0.97839814, 0.038330607]
[1.9899826, 1.0778913, 0.8751805, 0.03691082]
[1.9375272, 0.834291, 1.0701408, 0.033095323]
[2.1083097, 1.1639454, 0.9069591, 0.037405144]
[1.9436926, 0.90440464, 1.0047987, 0.034489248]
[1.922402, 0.8920138, 0.99981314, 0.030575141]
[1.8639501, 0.90340304, 0.92840517, 0.03214196]
[1.8463885, 0.8461764, 0.96106565, 0.039146416]
[2.0397403, 0.88532853, 1.1154583, 0.038953602]
[1.9553761, 1.0180345, 0.9017741, 0.03556755]
[1.9051379, 0.8914384, 0.9753114, 0.038388133]
[1.8976569, 0.83470535, 1.022194, 0.040757548]
[1.8414435, 0.9653798, 0.83710706, 0.038956657]
[1.9376035, 0.8309147, 1.0631458, 0.043543056]
[1.9464686, 0.999058, 0.89973783, 0.047672726]
[1.907801, 0.9732299, 0.885929, 0.048642177]
[1.939208, 0.98781043, 0.90904844, 0.042349145]
[1.8792058, 0.87024736, 0.9613658, 0.0475926]
[1.8510518, 0.90855384, 0.8947028, 0.047795206]
[1.7800627, 0.9191891, 0.81335723, 0.04751634]
[1.853801, 0.80500543, 0.99335355, 0.055442132]
[1.8175006, 0.93458885, 0.8299211, 0.052990723]
[1.8192263, 0.93150985, 0.8307364, 0.056979977]
[1.7984921, 0.7797061, 0.9592772, 0.059508685]
[1.9448107, 1.0377306, 0.8387279, 0.06835236]
[1.8958236, 0.92160404, 0.9130826, 0.061136976]
[1.9735368, 0.9528736, 0.95648587, 0.06417743]
[1.7524399, 0.73994887, 0.95022035, 0.06227059]
[1.950666, 0.92505175, 0.95792896, 0.0676852]
[2.0546587, 0.94353205, 1.0424258, 0.06870073]
[1.8608406, 0.9906003, 0.80750835, 0.062732026]
[1.9947253, 0.8951006, 1.0364356, 0.06318913]
[1.8849462, 1.0551758, 0.7718675, 0.057902947]
[1.837174, 0.91748095, 0.8574821, 0.062211037]
[2.0718038, 1.0480968, 0.96051013, 0.06319684]
[1.8468853, 0.990885, 0.79552054, 0.060479745]
[2.0725958, 0.99978065, 1.0173576, 0.055457607]
[1.9777995, 1.0189222, 0.90415406, 0.054723233]
[1.9626056, 0.8481405, 1.0590024, 0.05546275]
[2.0503268, 1.1762078, 0.82492965, 0.04918927]
[2.0466447, 1.0633833, 0.93637, 0.046891235]
[2.0133014, 0.8086305, 1.1576031, 0.047067583]
[1.8773981, 0.9376919, 0.8946025, 0.04510367]
[2.0329127, 0.9637133, 1.024385, 0.044814482]
[1.9637868, 0.952929, 0.9696818, 0.041176092]
[1.9634397, 0.8572457, 1.0644748, 0.041719228]
[1.9907389, 0.9985734, 0.95374537, 0.038420033]
[1.8603601, 0.82342005, 0.9981709, 0.03876929]
[1.9809684, 0.8768748, 1.0604289, 0.043664686]
[1.9710557, 0.7710478, 1.1602609, 0.039747007]
[1.9836874, 0.9559369, 0.9838239, 0.04392664]
[1.9394497, 0.83580023, 1.062852, 0.040797386]
[1.9571394, 0.93119186, 0.9838173, 0.042130265]
[2.0046277, 0.99099976, 0.9706653, 0.04296279]
[1.8730245, 0.91989446, 0.9145809, 0.038549177]
[1.8446941, 0.8484617, 0.9502555, 0.045976825]
[1.8502312, 0.9036746, 0.90242535, 0.044131324]
[1.9308227, 0.997453, 0.8849741, 0.04839558]
[1.8890798, 1.1273799, 0.7140912, 0.047608778]
[2.063649, 0.99243444, 1.0213842, 0.049830306]
[1.9852573, 1.0131558, 0.92791235, 0.044189066]
[1.9332623, 0.9029174, 0.9848275, 0.045517404]
[1.9656657, 0.96170485, 0.9522617, 0.05169919]
[2.001827, 1.0387709, 0.91948617, 0.04356984]
[1.8939883, 1.0178535, 0.82996076, 0.046173878]
[1.8786262, 0.8757547, 0.95613956, 0.046732]
[2.0183527, 0.96457124, 1.0040766, 0.049704894]
[1.918373, 0.9879158, 0.8803177, 0.050139558]
[1.9159391, 0.8759156, 0.99178344, 0.04824008]
[1.9550003, 0.8387383, 1.0683093, 0.047952674]
[1.8712136, 0.92432576, 0.89677477, 0.05011309]
[1.8778895, 0.9404177, 0.8869685, 0.050503414]
[2.0870733, 0.95155144, 1.0793684, 0.05615345]
[2.0368507, 0.87612, 1.1117886, 0.04894219]
[1.8993864, 0.9779636, 0.87423754, 0.047185212]
[1.8968209, 0.8422348, 1.0059736, 0.04861245]
[1.9484638, 0.91106296, 0.98558724, 0.051813617]
[2.0119433, 1.0614607, 0.9098464, 0.040636167]
[2.0116925, 0.9514406, 1.0143471, 0.045904897]
[1.9180944, 0.98343253, 0.89079005, 0.043871827]
[1.9408063, 0.9678291, 0.92838144, 0.04459569]
[1.8599515, 0.9563597, 0.861645, 0.041946948]
[1.94741, 0.8113049, 1.0858698, 0.05023528]
[2.0047476, 0.98801386, 0.97083384, 0.04589988]
[1.8481305, 0.95980835, 0.8397789, 0.048543245]
[1.975079, 0.9422096, 0.9850526, 0.047816873]
[2.0453057, 1.1037976, 0.8975974, 0.04391064]
[1.923836, 0.8798958, 1.0045953, 0.03934496]
[1.983927, 1.0858078, 0.856128, 0.041991293]
[1.9754533, 0.9667904, 0.96470404, 0.043958765]
[1.8427621, 0.9906628, 0.810286, 0.0418133]
[1.8954159, 0.9971943, 0.8532004, 0.045021154]
[1.8032947, 0.758921, 0.997138, 0.04723561]
[1.9741583, 0.85544586, 1.06548, 0.053232417]
[1.9450963, 1.0374298, 0.8578057, 0.049860664]
[1.9248402, 0.85181415, 1.021194, 0.051832076]
[1.9194341, 0.9428946, 0.9254346, 0.05110486]
[1.8772616, 1.0700788, 0.7547054, 0.05247734]
[2.1051536, 0.9805969, 1.0736074, 0.05094912]
[1.9810488, 1.0169153, 0.91607815, 0.04805547]
[1.9033338, 0.90738267, 0.9463751, 0.04957609]
[1.8490433, 0.9404094, 0.85610247, 0.05253135]
[1.9943821, 0.88443995, 1.053509, 0.05643318]
[1.865304, 0.93078995, 0.8791016, 0.05541253]
[1.9669576, 0.93346214, 0.97522587, 0.058269467]
[1.9593189, 0.9460981, 0.9578464, 0.055374403]
[2.0593317, 1.1021659, 0.9077194, 0.04944624]
[1.9902204, 0.77748346, 1.1633859, 0.04935105]
[1.8634319, 0.9791403, 0.8353114, 0.048980214]
[1.9464027, 0.84658384, 1.0517287, 0.0480901]
[1.8968226, 0.8719584, 0.9778979, 0.046966344]
[1.9866669, 1.0069408, 0.92638195, 0.053344168]
[1.9193085, 0.8340119, 1.0323422, 0.052954454]
[1.8784529, 0.8619919, 0.96877193, 0.047689125]
[2.0249705, 0.9657037, 1.008892, 0.050374694]
[1.9067318, 0.95501256, 0.90248567, 0.049233735]
[1.9340492, 0.9094033, 0.97511685, 0.049529076]
[1.8868334, 0.914066, 0.92227155, 0.050495908]
[2.0542612, 0.85681146, 1.1460203, 0.0514294]
[1.8243272, 0.9674749, 0.80610025, 0.050752133]
[2.0918684, 1.0304097, 1.0080845, 0.05337431]
[1.9747752, 0.9710533, 0.9583665, 0.045355387]
[2.0093153, 0.8992193, 1.0586145, 0.051481545]
[1.9780049, 1.0574014, 0.87788033, 0.042723157]
[1.9466473, 0.84838754, 1.0533645, 0.044895288]
[2.0007648, 1.0687444, 0.8869382, 0.045082197]
[1.8900431, 0.93701404, 0.9133704, 0.03965872]
[1.9384366, 0.88101846, 1.0116931, 0.04572498]
[1.8850137, 0.9641645, 0.87779117, 0.043058053]
[1.9317167, 1.020172, 0.8670763, 0.044468347]
[1.8928429, 0.810735, 1.0365155, 0.04559247]
[1.8782995, 0.90736306, 0.92525935, 0.045677125]
[1.8573471, 0.9344987, 0.8758474, 0.04700102]
[1.9689417, 0.96887374, 0.94653475, 0.053533155]
[1.8588163, 1.065861, 0.74564564, 0.04730969]
[1.9772599, 0.9312811, 0.9910524, 0.05492635]
[1.8631014, 0.9072494, 0.9061272, 0.049724672]
[2.0396333, 0.9275718, 1.058945, 0.05311666]
[1.9174585, 1.0252664, 0.8412241, 0.050968084]
[2.0118065, 1.054388, 0.9022136, 0.055204898]
[2.1088212, 0.90936434, 1.1502866, 0.04917027]
[1.9546701, 1.0989268, 0.8108089, 0.044934336]
[1.9334483, 1.0200404, 0.8686013, 0.04480662]
[1.9361066, 1.0020069, 0.8883886, 0.045711104]
[2.0436656, 0.9568572, 1.0425521, 0.044256344]
[1.9475756, 1.13029, 0.7762773, 0.041008227]
[2.025199, 0.9510462, 1.0298709, 0.0442818]
[1.9167423, 0.90360427, 0.9720335, 0.041104537]
[1.8867161, 0.85876524, 0.98836553, 0.039585315]
[2.1011193, 1.1865721, 0.8749199, 0.03962733]
[2.0550869, 0.7711121, 1.2487783, 0.035196647]
[2.0321622, 1.0554883, 0.9417439, 0.034929957]
[1.9078244, 0.92030495, 0.9542608, 0.033258602]
[1.9525747, 0.945433, 0.9756992, 0.031442575]
[1.8547677, 0.97507644, 0.84777564, 0.03191553]
[1.9638959, 0.9297013, 1.0027405, 0.031454105]
[2.0606847, 0.9394785, 1.0866504, 0.034555968]
[1.9818441, 0.9348762, 1.0182201, 0.02874776]
[1.9276581, 0.89655894, 1.0001554, 0.030943612]
[1.9284089, 0.92038816, 0.97959447, 0.028426122]
[1.9204509, 1.0177791, 0.8721285, 0.030543365]
[1.7913848, 0.8978646, 0.8631805, 0.030339697]
[2.0262463, 1.012141, 0.97750664, 0.036598608]
[2.0359688, 1.1312652, 0.87106705, 0.033636555]
[1.8469987, 0.8151616, 1.0013003, 0.030536829]
[1.9418819, 0.92989355, 0.97772515, 0.034263115]
[1.8229171, 0.9735851, 0.81722224, 0.032109693]
[1.9136714, 0.95259917, 0.92025, 0.040822197]
[1.9773403, 1.0925423, 0.84485245, 0.039945647]
[1.9516456, 0.86392546, 1.0503292, 0.03739099]
[1.9033095, 1.0365762, 0.8304986, 0.03623479]
[2.036086, 1.0684226, 0.92591965, 0.04174392]
[1.8376864, 0.9230106, 0.8718587, 0.04281713]
[2.0011206, 1.0555143, 0.90449977, 0.041106362]
[1.9546171, 0.9005767, 1.0131803, 0.040860206]
[1.9138904, 0.9343728, 0.94255865, 0.036958985]
[1.8194051, 0.9155327, 0.85958004, 0.04429227]
[1.9155018, 0.8845751, 0.9859732, 0.044953633]
[2.024711, 1.0440005, 0.93388295, 0.04682746]
[1.9498259, 0.8175914, 1.0890269, 0.043207537]
[1.9716496, 1.0411761, 0.88556385, 0.04490973]
[1.8888073, 0.8456585, 1.0005498, 0.042598933]
[1.8937154, 0.99007106, 0.8576535, 0.045990795]
[1.9851764, 0.8641888, 1.0770153, 0.04397233]
[1.9969774, 0.9121789, 1.0407758, 0.044022746]
[1.9757614, 0.99720496, 0.94003755, 0.038518965]
[1.9885656, 1.0027554, 0.9472739, 0.03853622]
[1.921176, 0.8117205, 1.0669093, 0.042546175]
[1.8496057, 0.8787081, 0.9232232, 0.04767434]
[1.8558998, 0.890253, 0.921155, 0.044491768]
[1.9997848, 1.0601819, 0.89456785, 0.045035172]
[1.8973813, 0.9750535, 0.87799656, 0.044331323]
[1.9651587, 0.8367348, 1.0846791, 0.043744862]
[1.9622234, 1.1006843, 0.81808984, 0.04344929]
[1.8867557, 0.7797055, 1.064602, 0.042448148]
[1.9445689, 0.94627774, 0.95038354, 0.047907613]
[1.9880574, 0.967937, 0.9751322, 0.04498814]
[2.0426502, 0.82168, 1.1778593, 0.043110967]
[1.9573112, 0.86051303, 1.0570478, 0.039750334]
[2.0426023, 0.9438943, 1.0562775, 0.042430304]
[1.8689123, 1.0210638, 0.80274224, 0.045106318]
[1.9479275, 0.9805183, 0.92449546, 0.04291366]
[2.0612397, 1.1532904, 0.8649405, 0.043008856]
[2.0108402, 0.9906873, 0.9802459, 0.039907046]
[1.9479196, 1.0400504, 0.86960685, 0.038262326]
[1.9021776, 0.9057642, 0.9594541, 0.036959223]
[1.8775852, 0.91064906, 0.92730653, 0.03962963]
[1.870314, 0.8356849, 0.9919801, 0.042649038]
[1.9838572, 1.0063436, 0.94187486, 0.03563872]
[1.9909008, 1.0270346, 0.9228697, 0.040996417]
[1.958635, 0.9431077, 0.9766033, 0.038923863]
[1.936419, 0.96450293, 0.93275344, 0.039162643]
[1.8243985, 0.8571681, 0.92820597, 0.039024424]
[1.9580152, 1.0584211, 0.8589604, 0.04063373]
[1.9200791, 0.9090452, 0.9702499, 0.04078401]
[1.9159316, 0.96660244, 0.9078343, 0.04149479]
[2.002343, 1.016851, 0.9375528, 0.047939174]
[1.9120919, 0.7391387, 1.1362056, 0.036747538]
[1.9026879, 0.9204251, 0.93542135, 0.04684151]
[1.9331843, 1.089671, 0.799485, 0.044028122]
[1.9319594, 0.82529414, 1.0581038, 0.04856147]
[1.9220228, 1.0175315, 0.85883117, 0.045660175]
[1.9715794, 0.8586626, 1.0681427, 0.04477413]
[1.9438797, 0.9899346, 0.91204506, 0.041900076]
[1.9700205, 1.0241416, 0.8932798, 0.05259921]
[1.9698219, 1.0397117, 0.8805672, 0.049543023]
[1.9282372, 0.80302733, 1.0798564, 0.0453534]
[1.8266743, 0.88319504, 0.8951094, 0.048369855]
[1.9741497, 0.9278015, 0.99570936, 0.050638936]
[1.980257, 1.1048425, 0.82846904, 0.046945505]
[1.9071345, 0.85749286, 1.0056252, 0.044016346]
[1.9257331, 0.97839516, 0.89853907, 0.048798803]
[2.0522895, 0.95833766, 1.0426595, 0.051292382]
[1.9998444, 1.0253851, 0.93169034, 0.042768914]
[1.8954755, 0.90123165, 0.9492402, 0.045003705]
[1.9465512, 1.0045141, 0.9009433, 0.041093856]
[1.9943063, 1.0045184, 0.94673896, 0.043048926]
[1.8825518, 0.9298141, 0.91015565, 0.04258208]
[1.9188584, 0.9150716, 0.9599141, 0.043872662]
[2.0065806, 1.0401074, 0.9229489, 0.04352428]
[1.988666, 1.0030243, 0.93759763, 0.048044056]
[1.9595153, 0.88641286, 1.026067, 0.04703548]
[1.9066015, 1.0421903, 0.8223503, 0.042061005]
[1.9312588, 0.9031632, 0.97808534, 0.05001036]
[1.9429022, 0.94765455, 0.9546968, 0.040550865]
[1.9338118, 0.9063662, 0.9864945, 0.04095111]
[2.0434217, 1.053735, 0.9437885, 0.045898095]
[1.8664834, 0.8892653, 0.93593454, 0.041283637]
[2.080777, 0.91578424, 1.118814, 0.046178676]
[1.9423686, 1.0541334, 0.8466795, 0.04155577]
[1.919556, 0.9593295, 0.91565526, 0.04457123]
[2.0822659, 0.9560592, 1.0839198, 0.042286787]
[1.899059, 0.9683374, 0.8915452, 0.039176494]
[1.9464349, 0.82924795, 1.078005, 0.039181933]
[1.8545514, 1.0261216, 0.78424287, 0.044187002]
[2.017018, 1.0413922, 0.931015, 0.044610854]
[1.9716307, 0.91362596, 1.0166936, 0.041311175]
[1.9978874, 0.9166268, 1.0379837, 0.043276936]
[1.9618719, 1.1359158, 0.7816535, 0.04430257]
[1.9767547, 1.0574129, 0.87697566, 0.042366166]
[1.8074454, 0.7736548, 0.9954641, 0.038326446]
[1.9574445, 0.9505122, 0.9652722, 0.04166016]
[1.8533067, 0.9787499, 0.83223975, 0.042317074]
[1.8805025, 0.8261578, 1.0054781, 0.048866555]
[1.9522862, 0.9935416, 0.91108805, 0.047656596]
[1.9067203, 0.99099505, 0.86828554, 0.04743973]
[1.9133756, 0.8873044, 0.98083967, 0.04523161]
[1.9036055, 0.94525486, 0.9132364, 0.045114223]
[1.873164, 0.97355497, 0.8517777, 0.04783141]
[1.8950408, 0.7215019, 1.1246591, 0.048879884]
[1.7324396, 0.8561381, 0.83094186, 0.045359768]
[1.8617198, 0.8467456, 0.963459, 0.0515152]
[1.8705363, 1.038369, 0.7738799, 0.058287323]
[1.9144726, 1.1163806, 0.7400013, 0.05809067]
[2.2224019, 0.9196038, 1.249763, 0.05303511]
[2.0271294, 1.0048078, 0.97262365, 0.049697876]
[1.9477094, 0.8458289, 1.0531695, 0.048711013]
[1.8415133, 0.90260917, 0.89120126, 0.04770291]
[1.9630308, 0.9883336, 0.9215824, 0.05311486]
[2.0474856, 1.0224962, 0.97614455, 0.04884484]
[1.9954005, 1.0959203, 0.85358685, 0.045893274]
[1.8872879, 0.8006972, 1.0374694, 0.049121242]
[1.9483955, 1.0946888, 0.80366755, 0.05003919]
[1.9640895, 0.9558088, 0.9646929, 0.04358776]
[1.9688253, 0.8239123, 1.0982215, 0.046691425]
[1.8963555, 0.9724946, 0.8745016, 0.04935932]
[1.89164, 0.82227075, 1.0239518, 0.045417376]
[1.9141295, 0.8711742, 0.99290967, 0.050045647]
[1.8483831, 0.9297298, 0.8692584, 0.049394898]
[1.9765409, 1.0276785, 0.8969084, 0.05195402]
[1.9792464, 0.9806358, 0.94495726, 0.05365329]
[1.906744, 0.81644994, 1.0378206, 0.052473567]
[1.8746665, 0.91013503, 0.91344714, 0.05108425]
[1.9790024, 0.9686078, 0.953404, 0.05699055]
[2.023089, 0.9261285, 1.043568, 0.05339237]
[1.9413818, 0.91708565, 0.9751315, 0.04916471]
[1.8276378, 0.8775981, 0.89834636, 0.051693313]
[2.071487, 1.1342382, 0.8838106, 0.053438216]
[1.9426483, 0.8479352, 1.0467932, 0.04791989]
[1.9678812, 0.98491794, 0.93404865, 0.048914656]
[1.71128, 0.9307105, 0.7342903, 0.04627922]
[2.013861, 1.0047488, 0.95456254, 0.054549564]
[1.8691382, 0.9894264, 0.82849574, 0.05121608]
[1.937685, 1.0148184, 0.87407935, 0.048787232]
[2.0834796, 0.9827046, 1.0512822, 0.049492814]
[1.8434573, 0.9679137, 0.82798207, 0.047561564]
[1.9996297, 1.0203006, 0.93214244, 0.04718667]
[1.8930148, 0.7123872, 1.1312826, 0.049345013]
[1.9659951, 1.157439, 0.76244205, 0.046114]
[1.9066209, 0.8054812, 1.050247, 0.05089268]
[1.8378378, 0.9118861, 0.87612903, 0.049822636]
[1.8403972, 0.79236853, 0.99141526, 0.056613475]
[1.7980725, 0.8481539, 0.89386475, 0.056053814]
[1.8835515, 0.921043, 0.90498984, 0.057518624]
[1.923395, 0.855207, 1.003614, 0.06457408]
[1.9073799, 0.9184366, 0.92469984, 0.06424342]
[1.8997915, 0.84994364, 0.98449796, 0.06534976]
[1.9910585, 1.0855296, 0.842409, 0.06311989]
[1.9757022, 0.7334741, 1.1859348, 0.05629334]
[1.9451127, 1.1618161, 0.7209102, 0.062386364]
[1.8626616, 0.9056576, 0.90167814, 0.055325855]
[1.9425236, 0.67062825, 1.2126937, 0.059201583]
[2.1622546, 1.3944843, 0.70893586, 0.05883442]
[2.0949218, 0.80038273, 1.2487673, 0.045771744]
[2.0925777, 1.165019, 0.88264644, 0.04491215]
[1.9314525, 0.91648924, 0.9769142, 0.038049005]
[1.9001161, 0.98222756, 0.87461984, 0.043268684]
[1.9496167, 0.8002137, 1.1078045, 0.041598476]
[2.0260525, 1.0325096, 0.9505522, 0.042990573]
[1.9477245, 0.99061024, 0.9181499, 0.03896437]
[1.9347876, 1.002262, 0.89110225, 0.04142349]
[1.9347194, 0.90201443, 0.99081254, 0.041892447]
[1.9350767, 1.0073094, 0.88751495, 0.040252328]
[1.822996, 0.8627881, 0.92053443, 0.039673477]
[1.9598445, 0.9391687, 0.97599727, 0.04467853]
[1.976638, 0.95543575, 0.9762808, 0.044921454]
[1.8774765, 0.7738942, 1.0592606, 0.044321693]
[2.0802743, 1.0508435, 0.9856875, 0.04374331]
[1.9258645, 0.8952735, 0.98878115, 0.04180979]
[1.9323651, 0.9766265, 0.91308606, 0.042652458]
[2.0601163, 1.0276433, 0.9884027, 0.04407035]
[1.8272977, 0.92181516, 0.8634262, 0.042056303]
[1.8944373, 0.84601617, 1.0070251, 0.041395962]
[1.9631602, 1.0441697, 0.87583005, 0.043160427]
[2.009676, 0.8845633, 1.0819979, 0.04311475]
[1.7907162, 0.8755002, 0.87782353, 0.0373924]
[1.9876114, 1.0596597, 0.8896209, 0.038330823]
[1.9371903, 1.0135211, 0.8799181, 0.04375116]
[1.9361756, 0.8350433, 1.0561906, 0.0449417]
[1.8088986, 0.84915316, 0.9175571, 0.04218831]
[1.9738162, 1.0594511, 0.86613554, 0.048229475]
[1.8586838, 0.86906636, 0.93893087, 0.050686635]
[1.9772302, 1.0377467, 0.88904357, 0.050439984]
[2.0438938, 1.0407338, 0.95368373, 0.049476355]
[2.0333712, 1.0222496, 0.96481395, 0.04630761]
[2.1020498, 0.9882122, 1.0710684, 0.04276923]
[2.1075754, 1.0794531, 0.98855644, 0.03956592]
[1.9391369, 0.96569854, 0.93720675, 0.036231637]
[2.04119, 1.0020915, 1.0002642, 0.038834393]
[1.9886864, 1.0018288, 0.95229757, 0.03456006]
[2.0024729, 0.9886167, 0.9799707, 0.0338855]
[1.8860073, 0.93911725, 0.914009, 0.03288101]
[1.902421, 0.87724817, 0.98992836, 0.03524444]
[1.9455714, 0.9675249, 0.94209945, 0.03594706]
[2.0110373, 1.0905122, 0.88258314, 0.03794209]
[1.9075122, 0.89048296, 0.9819939, 0.035035394]
[1.8540103, 0.7496316, 1.0654097, 0.03896899]
[1.9902444, 0.94744384, 1.0028746, 0.039925918]
[1.9858385, 0.9244828, 1.021256, 0.040099733]
[1.9651644, 0.9103798, 1.016346, 0.03843852]
[1.9996356, 0.9949943, 0.9680742, 0.036567096]
[1.8992978, 0.9150268, 0.94728494, 0.03698609]
[2.0276933, 1.062521, 0.9304803, 0.03469205]
[1.8989304, 1.0545764, 0.8052195, 0.039134577]
[2.0447152, 1.0541406, 0.9517516, 0.038822778]
[1.9703999, 0.95140636, 0.9820927, 0.036900736]
