[1.9805424, 0.8049599, 1.1450224, 0.03056009]
[1.9782456, 1.0471866, 0.9027724, 0.028286578]
[1.9354581, 0.8964158, 1.0122142, 0.026828013]
[2.053097, 0.98362434, 1.0405093, 0.028963357]
[1.9957181, 0.9829783, 0.98424697, 0.02849275]
[2.022158, 1.1271529, 0.8650216, 0.029983453]
[1.9052268, 0.88032156, 1.0025954, 0.022309937]
[1.8881073, 0.9905118, 0.8702728, 0.02732271]
[1.9421655, 0.84282917, 1.0671959, 0.032140344]
[1.9013032, 1.0574629, 0.817008, 0.026832264]
[1.9012542, 0.94052374, 0.93108594, 0.02964443]
[2.020699, 0.87414694, 1.1061727, 0.040379383]
[1.9443686, 1.0538193, 0.8515971, 0.03895227]
[2.0232253, 0.7817637, 1.1977282, 0.043733433]
[1.9397323, 1.0632224, 0.8385503, 0.037959553]
[1.9478528, 0.9329592, 0.9764467, 0.03844692]
[1.999075, 0.9732072, 0.99003035, 0.035837542]
[1.8785635, 0.8102344, 1.0279965, 0.040332586]
[2.0200405, 1.0382738, 0.9418119, 0.039954685]
[1.9999864, 1.0069317, 0.9552876, 0.03776712]
[2.1442704, 1.0808198, 1.0287782, 0.034672342]
[1.94671, 0.9877838, 0.9332365, 0.02568969]
[2.0847664, 0.84987915, 1.2090331, 0.025854036]
[2.108994, 1.2773702, 0.8070442, 0.024579417]
[1.900783, 0.7022393, 1.179049, 0.019494599]
[1.9445853, 1.2956092, 0.6308887, 0.018087406]
[1.9471753, 0.65700614, 1.2684875, 0.02168161]
[1.9154531, 1.2171884, 0.67379355, 0.024471208]
[2.1851206, 0.6905217, 1.4682939, 0.026304998]
[2.0219228, 1.1900073, 0.80873877, 0.023176711]
[1.9717654, 0.9621205, 0.985582, 0.024062995]
[1.9360017, 0.9606218, 0.948169, 0.02721084]
[1.9187168, 0.8996185, 0.98807037, 0.031027954]
[1.9990023, 0.9673841, 1.0007926, 0.030825632]
[1.9697568, 1.0244312, 0.9157499, 0.029575713]
[2.0246549, 0.91771436, 1.0748663, 0.032074183]
[1.9360474, 1.0546622, 0.8506503, 0.030734906]
[1.9650037, 0.97018456, 0.9679196, 0.026899554]
[1.9003062, 0.8332701, 1.0354542, 0.031582005]
[1.9356257, 0.95222664, 0.9469023, 0.036496744]
[1.9093504, 1.0144792, 0.85928917, 0.035582032]
[2.0573847, 1.0983145, 0.9282186, 0.0308517]
[1.9526045, 1.0096188, 0.91098535, 0.032000378]
[1.9634327, 0.97288203, 0.96009034, 0.030460237]
[2.0360076, 1.0123036, 0.99080443, 0.03289961]
[1.9080095, 1.0310538, 0.8461561, 0.03079968]
[1.9517524, 0.87314713, 1.048758, 0.02984723]
[2.029643, 1.1144383, 0.88003653, 0.035168197]
[1.919647, 0.8291029, 1.0580194, 0.032524697]
[1.9703715, 0.99289465, 0.9463147, 0.031162165]
[1.965489, 0.9180568, 1.0072386, 0.040193703]
[1.8494923, 0.8835379, 0.9270903, 0.03886416]
[1.9192225, 0.95281345, 0.9257423, 0.040666677]
[1.9193422, 0.85126317, 1.0308437, 0.037235264]
[1.9229046, 0.84521455, 1.0355601, 0.04212985]
[1.8961003, 0.9956107, 0.8578388, 0.04265073]
[2.0307171, 0.8534056, 1.1287012, 0.048610296]
[1.8950248, 1.0094323, 0.8477485, 0.037843995]
[1.96798, 0.92624545, 0.9957685, 0.045966044]
[1.9364805, 1.0489306, 0.84424585, 0.043303963]
[1.9245498, 0.7924259, 1.0857913, 0.04633262]
[2.0677311, 1.1786549, 0.85113275, 0.037943557]
[2.052236, 0.8144293, 1.2056987, 0.032108083]
[2.0278144, 1.1778057, 0.822661, 0.027347714]
[1.9540716, 0.94157887, 0.9844228, 0.02806994]
[1.9062977, 0.892346, 0.9815546, 0.032397]
[2.099564, 1.0107286, 1.0573556, 0.03147992]
[1.9242465, 0.93713564, 0.9589406, 0.02817031]
[1.97674, 1.0389599, 0.9073214, 0.03045881]
[1.980883, 0.8704642, 1.0782821, 0.03213665]
[1.9826514, 1.044944, 0.90765125, 0.030056171]
[1.9729162, 0.87890506, 1.0592396, 0.034771573]
[1.8970348, 0.9451368, 0.91636324, 0.035534784]
[1.9780248, 0.9946776, 0.941172, 0.042175185]
[1.9703199, 1.0562475, 0.8763779, 0.03769463]
[1.9798735, 0.8771271, 1.0642295, 0.03851684]
[1.9268003, 1.12641, 0.7652188, 0.035171516]
[2.013929, 0.8505982, 1.125544, 0.03778679]
[1.9850199, 1.1132348, 0.8403926, 0.031392574]
[1.9164938, 0.9095245, 0.9728259, 0.03414332]
[1.9937485, 0.99097675, 0.9688761, 0.03389565]
[1.8842226, 1.0248725, 0.82456887, 0.03478126]
[1.9367661, 0.7434139, 1.1570725, 0.03627969]
[1.9272599, 1.0391517, 0.8545514, 0.03355696]
[1.9728743, 0.97361803, 0.96201515, 0.037241086]
[1.9698204, 1.0305526, 0.9037817, 0.035486087]
[1.9769937, 0.92979825, 1.0103972, 0.036798287]
[1.9132751, 0.8507704, 1.0270667, 0.03543794]
[1.9293884, 1.0560788, 0.83965284, 0.033656735]
[1.898669, 0.8939419, 0.9657735, 0.038953517]
[2.0501685, 1.0930157, 0.9182395, 0.038913332]
[1.8763089, 0.9174042, 0.9280715, 0.030833198]
[1.9059564, 1.0597241, 0.8115684, 0.034663912]
[2.0358365, 0.9442751, 1.0544312, 0.03713005]
[1.8340287, 0.9091821, 0.89436054, 0.03048605]
[2.0089965, 0.9094646, 1.0583259, 0.04120611]
[1.9569652, 1.173789, 0.74632174, 0.036854476]
[2.1357746, 0.7553957, 1.3431466, 0.037232354]
[2.048796, 1.2312315, 0.7902032, 0.027361076]
[1.943846, 0.8994523, 1.0156097, 0.028783957]
[1.9639969, 1.0131081, 0.91666734, 0.03422141]
[2.093641, 1.0247293, 1.0368433, 0.03206841]
[1.9690841, 1.057762, 0.88142335, 0.029898712]
[1.9714886, 0.9705595, 0.96878314, 0.03214593]
[1.9230474, 1.01133, 0.87963486, 0.032082587]
[1.9499843, 0.9589716, 0.95939213, 0.031620555]
[1.8663732, 0.99989176, 0.83419836, 0.03228306]
[2.0055454, 0.82763517, 1.1422353, 0.035674818]
[1.9670044, 1.1697388, 0.76357615, 0.033689458]
[1.9865402, 0.8215226, 1.1288174, 0.03620021]
[1.9552417, 1.1211448, 0.79985714, 0.034239788]
[1.8726598, 0.8361747, 0.99832803, 0.038157098]
[1.9436035, 1.0638978, 0.8387652, 0.040940564]
[2.0885048, 0.87136465, 1.1852293, 0.031910937]
[1.9534467, 1.117089, 0.80133206, 0.03502575]
[2.0332704, 0.82756317, 1.1709483, 0.034758914]
[2.0368917, 1.1219201, 0.8821543, 0.032817423]
[2.0605767, 0.9291533, 1.0998367, 0.031586558]
[1.9444742, 1.0281274, 0.8836012, 0.03274562]
[1.9348166, 0.8610734, 1.0407914, 0.032951847]
[1.979465, 1.0909572, 0.84988856, 0.03861922]
[1.9469545, 0.83381367, 1.0772249, 0.03591592]
[2.053579, 1.0194801, 0.9955531, 0.03854588]
[1.934448, 0.8381537, 1.0616176, 0.03467665]
[1.9661235, 0.99275786, 0.9334395, 0.03992617]
[1.9967624, 0.9097208, 1.0481, 0.038941618]
[2.0200152, 1.0408765, 0.94192255, 0.03721624]
[1.956429, 1.0147111, 0.90827656, 0.03344129]
[2.0143058, 0.89627975, 1.0858552, 0.032170694]
[1.9395388, 0.9877778, 0.92015314, 0.031607863]
[1.9949651, 0.95625365, 1.0002829, 0.038428493]
[1.9079298, 0.9238771, 0.94545925, 0.03859338]
[2.0045223, 0.93656886, 1.0302222, 0.037731234]
[1.9042163, 0.89223796, 0.9766642, 0.03531405]
[2.0422685, 1.0454527, 0.9505929, 0.04622297]
[1.9642862, 0.94581497, 0.9796706, 0.038800552]
[1.9982141, 1.0428506, 0.91441715, 0.040946387]
[1.9914826, 0.87091625, 1.0869422, 0.033624202]
[1.991075, 0.9938359, 0.96625173, 0.030987412]
[1.9724789, 0.96946985, 0.9738114, 0.029197691]
[1.914217, 0.9813118, 0.90371037, 0.029194858]
[1.9626575, 0.8304647, 1.0963298, 0.035862893]
[1.9921732, 1.1574724, 0.7996609, 0.03503993]
[2.0442388, 0.86508137, 1.1397885, 0.03936896]
[2.049641, 1.3036633, 0.71518207, 0.030795556]
[1.9707799, 0.8736285, 1.0697389, 0.027412567]
[1.9459603, 0.9813584, 0.937068, 0.027533906]
[1.9609487, 0.94417167, 0.9861658, 0.03061126]
[1.950531, 1.1191761, 0.79790944, 0.03344536]
[2.0436907, 0.9431424, 1.0704397, 0.030108422]
[1.9442654, 0.9836726, 0.9271486, 0.03344413]
[2.06365, 0.9446889, 1.0868932, 0.032067806]
[1.9307674, 0.831416, 1.0699687, 0.02938275]
[1.8610126, 0.97069174, 0.8590914, 0.031229427]
[1.9595345, 0.8659992, 1.0569541, 0.036581133]
[1.9485574, 1.0656962, 0.8468261, 0.036035053]
[2.003506, 0.9545468, 1.0132669, 0.035692282]
[1.9663167, 1.1000178, 0.8351493, 0.031149652]
[2.0231314, 0.8105137, 1.1811635, 0.03145416]
[1.9986824, 1.1869218, 0.77326196, 0.038498484]
[2.0073252, 0.933967, 1.0333341, 0.040023945]
[1.9106396, 1.0203662, 0.8565426, 0.03373082]
[1.992346, 1.0111908, 0.94309586, 0.03805945]
[1.9612241, 0.8793268, 1.0487204, 0.033176944]
[2.0069823, 1.2580556, 0.71582997, 0.03309682]
[1.896933, 0.79327404, 1.0712702, 0.03238874]
[1.953076, 1.0842652, 0.83310676, 0.035704017]
[2.0308552, 0.9201361, 1.0722623, 0.038456887]
[1.885693, 0.8821647, 0.97235245, 0.031175764]
[1.9951904, 0.88516235, 1.0732709, 0.036757134]
[2.0306432, 1.0793519, 0.91459906, 0.03669217]
[1.9602705, 0.970315, 0.9600758, 0.029879712]
[1.8665473, 0.9225682, 0.90614885, 0.037830338]
[1.9534698, 0.8828316, 1.0323792, 0.038259085]
[1.8971343, 0.9707341, 0.8857426, 0.040657535]
[1.9797801, 0.9963989, 0.9453036, 0.03807748]
[1.938332, 1.0216818, 0.88075197, 0.035898186]
[2.0038466, 0.7615577, 1.2074583, 0.034830756]
[2.1402416, 1.4584594, 0.6486724, 0.033109855]
[2.0646698, 0.5940821, 1.4407125, 0.029875342]
[1.9849643, 1.134124, 0.8209443, 0.029895946]
[1.9275001, 1.0013152, 0.89441794, 0.031766962]
[2.0728824, 0.8825364, 1.1612529, 0.029093087]
[1.8063337, 0.89380836, 0.88285077, 0.029674502]
[1.981833, 0.9373567, 1.009419, 0.035057306]
[2.0746229, 1.0219789, 1.0135207, 0.039123252]
[1.8743956, 0.9943987, 0.8518597, 0.02813717]
[1.9743736, 0.9452262, 0.99257296, 0.036574353]
[1.970985, 0.99637854, 0.9405676, 0.034038886]
[1.9040644, 0.8221499, 1.04388, 0.0380345]
[1.9767388, 1.1580253, 0.78525394, 0.033459537]
[2.0407267, 0.83484626, 1.1738812, 0.03199923]
[2.0007682, 1.0705097, 0.8984125, 0.03184608]
[2.016429, 0.957322, 1.0256299, 0.033476956]
[2.0252783, 1.102736, 0.8959844, 0.026557945]
[1.9900972, 1.0398324, 0.9253292, 0.024935555]
[1.9684426, 0.9723152, 0.97468716, 0.021440117]
[1.9505609, 1.0322373, 0.89272416, 0.025599487]
[1.9442323, 1.0136771, 0.90334326, 0.02721205]
[2.1216269, 0.9237313, 1.1704745, 0.027421096]
[1.9691874, 1.1231171, 0.8253461, 0.020724196]
[2.0712123, 0.9315122, 1.1147329, 0.024967313]
[1.934175, 1.108227, 0.8034055, 0.022542443]
[1.994035, 0.89593965, 1.0746953, 0.023400027]
[1.9384302, 0.9287813, 0.9874634, 0.022185467]
[1.9369625, 0.98984957, 0.92163193, 0.025480973]
[1.9965338, 0.8895464, 1.0793091, 0.027678194]
[1.9319713, 0.914048, 0.9931117, 0.024811504]
[2.0145772, 1.0030996, 0.98241425, 0.029063445]
[1.9572036, 0.96379805, 0.96695995, 0.02644559]
[1.9778274, 0.92455375, 1.0252808, 0.02799288]
[1.9957625, 0.9085762, 1.0613158, 0.025870401]
[1.9857552, 1.0970824, 0.86379725, 0.024875646]
[1.999278, 0.8254152, 1.1487521, 0.025110647]
[1.9757156, 1.0848997, 0.8655069, 0.025309129]
[1.9653425, 0.8769027, 1.06446, 0.02397982]
[1.961224, 1.0192968, 0.91690016, 0.025027076]
[2.0184278, 0.9904294, 1.0023619, 0.025636587]
[1.9209673, 1.027358, 0.86796093, 0.025648408]
[1.952526, 0.8995176, 1.0250964, 0.027912073]
[1.9742368, 1.0720034, 0.8757419, 0.02649157]
[2.0007153, 0.881681, 1.0897411, 0.029293034]
[1.9603003, 0.9835228, 0.95009744, 0.02668009]
[1.9206134, 0.81833833, 1.0706136, 0.031661358]
[1.9500983, 0.981134, 0.9415127, 0.027451493]
[2.141983, 1.0250058, 1.0882301, 0.028746972]
[2.0423863, 1.0571736, 0.95719707, 0.028015606]
[2.02333, 0.9486499, 1.0482644, 0.02641569]
[1.9433753, 1.0474539, 0.8724542, 0.023467261]
[1.9388384, 0.92246795, 0.99118817, 0.025182247]
[2.0590234, 0.9491757, 1.0828173, 0.02703042]
[1.9031384, 0.89071846, 0.9837599, 0.028660104]
[1.9814018, 0.96369785, 0.9889516, 0.028752353]
[1.8910183, 0.817124, 1.0476785, 0.026215736]
[1.8369293, 0.99679744, 0.80541, 0.03472181]
[1.967063, 0.9310155, 0.9993415, 0.03670599]
[1.9557624, 0.9597244, 0.95147, 0.04456795]
[1.9531405, 1.0403212, 0.87087077, 0.041948497]
[1.9634483, 0.8733003, 1.045149, 0.04499904]
[1.9828062, 0.86152583, 1.0742579, 0.04702256]
[1.9992106, 1.1788754, 0.77716535, 0.043169793]
[2.0415094, 0.6392212, 1.3621389, 0.040149443]
[1.9384487, 1.1792331, 0.72673416, 0.032481484]
[2.0302725, 0.81649846, 1.1736562, 0.040117793]
[2.1100998, 1.099114, 0.9789424, 0.032043524]
[1.9233961, 0.9865033, 0.91251194, 0.024380982]
[2.0376418, 0.9719193, 1.0343986, 0.031323805]
[2.0393493, 1.0679984, 0.9440319, 0.027318846]
[1.9350342, 0.98683953, 0.9183336, 0.029861085]
[1.976206, 1.0067962, 0.94206446, 0.027345255]
[1.996955, 0.8666895, 1.0985538, 0.03171164]
[1.9319041, 0.9842415, 0.9180869, 0.029575765]
[1.9235845, 0.9385905, 0.95411533, 0.030878555]
[2.009345, 1.0291339, 0.9491068, 0.03110423]
[1.9936547, 1.1391804, 0.82542694, 0.029047394]
[2.0556874, 0.9960079, 1.0282446, 0.031435058]
[1.97736, 0.9775237, 0.9735632, 0.026273154]
[2.0063035, 1.0673188, 0.9103099, 0.028674884]
[1.9731284, 1.1157123, 0.8299924, 0.027423695]
[1.9821472, 0.94312954, 1.0106918, 0.028325899]
[1.9427449, 1.0047679, 0.9076109, 0.030366048]
[1.9465345, 1.0061613, 0.9086486, 0.03172459]
[2.023457, 1.0579449, 0.9346172, 0.030895095]
[1.9271655, 0.8431153, 1.0506868, 0.033363324]
[1.929708, 0.8529194, 1.0429076, 0.03388091]
[1.9207287, 1.0608265, 0.8273432, 0.03255894]
[2.0470333, 1.0135801, 0.99710816, 0.036345124]
[1.8721958, 0.971864, 0.871716, 0.028615776]
[2.0330734, 0.8165705, 1.1856513, 0.030851686]
[1.9315029, 1.1153113, 0.7881243, 0.02806738]
[2.0325565, 0.841449, 1.1605946, 0.030512694]
[1.9662024, 1.202439, 0.7339606, 0.029802803]
[2.041329, 0.83947074, 1.1706092, 0.03124895]
[1.9589372, 0.97226167, 0.95843184, 0.028243627]
[1.9135303, 0.9340515, 0.9514023, 0.028076546]
[2.0551648, 0.9682634, 1.0591171, 0.027784416]
[2.0386667, 1.047288, 0.96646994, 0.02490883]
[1.9974152, 1.1108112, 0.8602633, 0.026340658]
[1.9678769, 0.98665047, 0.9575635, 0.023662878]
[1.9898531, 0.9622015, 1.0021172, 0.025534492]
[2.0198143, 1.0713814, 0.92141056, 0.02702236]
[1.9236357, 0.99071646, 0.90489095, 0.02802829]
[1.9920279, 0.9427036, 1.0213482, 0.027976021]
[1.9636263, 1.0740979, 0.8612045, 0.028323896]
[1.9201746, 0.9702218, 0.9199109, 0.03004188]
[1.9526013, 0.95586014, 0.9636604, 0.03308072]
[1.9144919, 1.0072782, 0.8768823, 0.030331355]
[1.9115494, 1.0800457, 0.80289936, 0.02860441]
[1.9223315, 0.76748824, 1.1229639, 0.031879254]
[1.9732497, 1.1359798, 0.8055563, 0.03171355]
[1.9913331, 0.8675291, 1.092195, 0.031608917]
[1.8881102, 0.95710325, 0.9018592, 0.029147595]
[1.9441752, 0.83747864, 1.0655, 0.041196562]
[1.8777759, 1.0442939, 0.7912418, 0.042240113]
[2.0132425, 0.6878935, 1.284126, 0.041222926]
[1.9442818, 1.308507, 0.59252006, 0.043254897]
[2.1561513, 0.64138067, 1.475864, 0.038906623]
[2.0243843, 1.3530436, 0.63625914, 0.03508152]
[1.9264644, 0.86602384, 1.0318735, 0.028567174]
[2.0306962, 0.99537694, 1.0019588, 0.033360347]
[1.9654584, 0.9759102, 0.9575177, 0.032030534]
[1.9964943, 0.8858602, 1.0802476, 0.030386396]
[1.9049839, 0.96725154, 0.9110912, 0.026641082]
[2.0272558, 0.9404739, 1.0543759, 0.032405987]
[1.9073026, 1.0040941, 0.8697315, 0.033477053]
[1.9178091, 0.89581406, 0.99278104, 0.029214012]
[2.1091838, 1.1252593, 0.9480997, 0.035824873]
[1.9759159, 0.92082334, 1.0226767, 0.032415885]
[1.9961656, 1.0656914, 0.8967792, 0.033695124]
[1.9523125, 0.8896656, 1.0306504, 0.031996433]
[1.9281906, 1.0144007, 0.8808354, 0.0329545]
[1.889752, 0.893245, 0.96372586, 0.032781243]
[1.9678854, 1.0043018, 0.9300076, 0.03357606]
[1.9237454, 0.9521117, 0.9368386, 0.034795076]
[1.9438148, 0.75522125, 1.1537575, 0.03483607]
[1.9778429, 1.0990312, 0.84338254, 0.03542907]
[1.9295248, 0.88550043, 1.0088693, 0.035155114]
[1.891272, 0.8364668, 1.0128934, 0.041911736]
[2.0728261, 0.98177725, 1.050128, 0.040920876]
[1.9196867, 0.88763666, 0.98928756, 0.04276239]
[1.9647892, 1.1146533, 0.81124943, 0.03888631]
[2.0130374, 0.6188741, 1.3508489, 0.04331451]
[2.065153, 1.4154388, 0.61375356, 0.035960462]
[1.8182358, 0.79111195, 0.99791604, 0.029207878]
[1.9608164, 0.92915636, 0.99487567, 0.03678447]
[1.9392886, 1.0000273, 0.9015163, 0.03774503]
[1.8464127, 0.90143144, 0.9115311, 0.033450123]
[1.9827642, 0.9977762, 0.9480243, 0.0369637]
[2.0989017, 0.820536, 1.2483225, 0.030043086]
[2.1226285, 1.1148157, 0.9773919, 0.030420845]
[2.0386038, 0.8016075, 1.2107762, 0.026219996]
[2.0078523, 1.0979981, 0.8866933, 0.023161048]
[1.8659903, 0.9349152, 0.90783453, 0.023240618]
[2.1129875, 0.90532994, 1.1834846, 0.024172945]
[1.9663676, 1.0185194, 0.92354107, 0.024307184]
[2.061305, 0.95347416, 1.0859358, 0.021894842]
[2.0138102, 1.138273, 0.8553178, 0.020219292]
[1.932207, 0.84347713, 1.069093, 0.01963688]
[1.9934907, 1.0898335, 0.8831998, 0.020457398]
[1.8884963, 0.9157661, 0.95141876, 0.021311428]
[1.9714601, 1.0147387, 0.93238413, 0.024337245]
[2.0356257, 1.0679865, 0.94274616, 0.024893112]
[1.9638513, 1.0265166, 0.9131628, 0.024171969]
[2.0692346, 1.0683148, 0.97470504, 0.026214851]
[1.978252, 0.92935103, 1.0242224, 0.024678603]
[2.049318, 1.0767113, 0.946453, 0.026153766]
[2.0259588, 0.9797348, 1.0211682, 0.025055684]
[1.944968, 1.1253257, 0.79533076, 0.02431152]
[1.9695323, 0.92634964, 1.0151699, 0.02801275]
[1.9508362, 1.0943041, 0.8278282, 0.028703962]
[1.9061106, 0.7957853, 1.0821079, 0.028217476]
[1.8817569, 0.9894818, 0.8563736, 0.035901472]
[1.9658059, 0.9956243, 0.93842936, 0.031752273]
[2.0467038, 0.94264174, 1.0701969, 0.033865172]
[1.9411377, 1.1090226, 0.8023963, 0.029718721]
[1.9669081, 0.9237969, 1.0146211, 0.028490122]
[1.9639477, 0.9943485, 0.9358263, 0.033772852]
[1.9784482, 0.96026206, 0.9806762, 0.03750997]
[2.037578, 1.1573766, 0.84541845, 0.03478284]
[1.9903502, 0.7840024, 1.1737254, 0.032622445]
[1.9639435, 1.0958304, 0.8355047, 0.032608274]
[2.0462084, 1.0704151, 0.9461926, 0.029600555]
[1.9853928, 0.86512923, 1.0918583, 0.028405264]
[2.0682244, 1.126693, 0.9143095, 0.027221838]
[1.9596876, 0.93771946, 0.99631643, 0.025651708]
[1.9513298, 0.9657731, 0.96035576, 0.025200937]
[1.9896922, 1.0611341, 0.9040155, 0.024542585]
[1.9596364, 0.93236864, 1.0008636, 0.026404243]
[2.0359688, 0.9500353, 1.055963, 0.029970497]
[1.9538246, 1.0196092, 0.90757966, 0.026635751]
[2.0299327, 1.0378515, 0.95967275, 0.032408476]
[1.9551105, 0.89245844, 1.0318223, 0.030829746]
[1.9669777, 0.95861673, 0.97675, 0.031610955]
[1.982715, 1.0214565, 0.9286661, 0.032592427]
[2.0160747, 0.8854679, 1.1014631, 0.029143775]
[1.8898661, 0.84109235, 1.0188378, 0.029936006]
[1.9708488, 0.9412732, 0.9960194, 0.033556238]
[1.9618878, 0.9407704, 0.9900955, 0.031021968]
[1.950729, 0.987705, 0.93417156, 0.02885244]
[1.9967381, 0.9944365, 0.9686781, 0.033623464]
[2.0119374, 0.9215847, 1.0598911, 0.030461647]
[1.8758057, 0.9185985, 0.9271972, 0.030010108]
[1.9250867, 1.0439316, 0.84290415, 0.0382509]
[1.9571123, 0.7853862, 1.1323044, 0.039421704]
[1.9887818, 1.1317649, 0.81836, 0.038656905]
[2.161635, 0.943856, 1.1818364, 0.035942674]
[1.9873786, 1.1462733, 0.81437796, 0.026727416]
[1.9597394, 0.8504014, 1.0779709, 0.031367198]
[2.0020988, 1.0905591, 0.87566805, 0.035871685]
[1.8743758, 0.7596621, 1.0831994, 0.031514376]
[1.9560071, 1.0468371, 0.8721796, 0.036990378]
[2.0279686, 0.9562168, 1.0304059, 0.041345917]
[1.9732825, 1.0950823, 0.8431922, 0.035007935]
[1.9116263, 0.8709473, 1.0074135, 0.03326559]
[1.9918561, 1.0793232, 0.8746958, 0.037837133]
[2.1029944, 0.8323518, 1.2334101, 0.03723234]
[1.9569868, 1.1022505, 0.8247038, 0.030032566]
[1.9825616, 0.83556694, 1.1117287, 0.035265878]
[1.9897325, 1.115113, 0.84304875, 0.03157068]
[1.9216002, 0.98528564, 0.90658796, 0.029726673]
[1.9577491, 0.9444939, 0.9816333, 0.031621892]
[1.9365681, 0.9788614, 0.9225706, 0.03513608]
[1.9516388, 0.8755919, 1.0454779, 0.030569104]
[2.1381536, 1.0169821, 1.0865388, 0.03463268]
[2.0002015, 0.9792905, 0.98839664, 0.032514274]
[1.9617096, 1.0071037, 0.92332125, 0.03128469]
[1.9120115, 0.9481405, 0.9329531, 0.030917853]
[1.9224913, 0.87672216, 1.0119117, 0.033857346]
[2.0204477, 1.0124444, 0.9783821, 0.029621322]
[1.9292588, 1.0224935, 0.87615937, 0.03060608]
[2.0247374, 0.7669232, 1.2226398, 0.035174396]
[1.9688749, 1.1246358, 0.81343997, 0.030799147]
[1.9207121, 1.0110323, 0.87840563, 0.03127415]
[1.9870467, 0.7879869, 1.1626524, 0.03640746]
[1.9590684, 1.1095381, 0.8155911, 0.03393927]
[2.0594494, 0.8723535, 1.1492326, 0.03786324]
[1.9029962, 1.0061309, 0.8686805, 0.02818473]
[1.9701453, 0.8860507, 1.0523593, 0.03173527]
[1.9349122, 0.9950249, 0.91014034, 0.029747069]
[1.8290943, 0.9678879, 0.8238924, 0.03731409]
[1.9441094, 0.7656943, 1.1355608, 0.042854257]
[2.018627, 1.1492106, 0.82992804, 0.039488398]
[1.9867845, 0.83213717, 1.1228274, 0.031819835]
[2.0266783, 1.133771, 0.8611973, 0.03171007]
[1.983051, 0.82476586, 1.1250052, 0.033279747]
[1.9860945, 1.0000372, 0.9512502, 0.034807105]
[1.9048183, 0.74607515, 1.1254734, 0.033269804]
[1.9673784, 1.1481056, 0.7829465, 0.036326155]
[1.9954942, 0.67055273, 1.285362, 0.03957948]
[2.0255334, 1.3747437, 0.618603, 0.032186754]
[1.9491771, 0.89281785, 1.0209382, 0.035421148]
[1.9474956, 0.95302, 0.95999205, 0.03448359]
[2.036792, 0.7416596, 1.256439, 0.038693354]
[2.1026576, 1.2725701, 0.79400855, 0.03607899]
[2.0169184, 1.1256185, 0.8622688, 0.029031206]
[2.0400589, 1.0071824, 1.0081836, 0.024692839]
[2.002369, 0.9762466, 0.99951047, 0.026611686]
[1.8934926, 0.958485, 0.9056, 0.029407628]
[2.063394, 0.95704776, 1.0722892, 0.034057222]
[2.0245025, 1.0920702, 0.89782697, 0.034605153]
[1.9688194, 1.0017171, 0.93710756, 0.029994693]
[1.9048997, 0.938329, 0.9337284, 0.032842323]
[1.8779742, 0.8402116, 1.0018364, 0.03592617]
[2.0694811, 1.105783, 0.9278568, 0.03584127]
[1.8770968, 0.89218485, 0.9500557, 0.03485619]
[1.9645067, 0.99930894, 0.9297814, 0.03541653]
[1.8729947, 0.91368496, 0.9248877, 0.03442192]
[2.1909716, 1.1125983, 1.0374459, 0.040927317]
[1.9537249, 1.0463812, 0.87333256, 0.034011178]
[1.9610639, 0.8250129, 1.1012058, 0.034845114]
[1.9566641, 1.1176271, 0.80620515, 0.03283177]
[2.0043197, 0.9012418, 1.070146, 0.032931864]
[1.9453313, 1.0946083, 0.820442, 0.030281048]
[1.845557, 0.78696084, 1.0256116, 0.032984506]
[1.8857752, 0.91849554, 0.9311173, 0.03616243]
[1.8612088, 0.790344, 1.0340421, 0.036822684]
[2.231777, 1.2190506, 0.97714245, 0.035583794]
[1.9773389, 1.0700992, 0.8776741, 0.029565535]
[2.000933, 1.1609379, 0.810026, 0.029969065]
[2.0014887, 0.9229984, 1.0493708, 0.029119434]
[1.9743994, 1.0859815, 0.862646, 0.02577199]
[1.9575828, 0.9398474, 0.9905563, 0.027179098]
[1.9722793, 0.8753643, 1.0674568, 0.029458107]
[1.9907314, 0.95761347, 1.0043724, 0.028745532]
[1.8660111, 0.8909144, 0.9450109, 0.030085793]
[1.9156182, 0.96308696, 0.92376816, 0.02876311]
[2.1174092, 0.9809317, 1.1025302, 0.0339473]
[2.045463, 1.0682818, 0.9450589, 0.032122385]
[1.9836022, 0.9213119, 1.0314665, 0.030823857]
[1.9549719, 1.0203016, 0.90466, 0.030010369]
[1.9029759, 0.8915831, 0.97956514, 0.03182765]
[1.9113717, 0.8766622, 0.9997665, 0.034943014]
[1.9787369, 0.9486908, 0.9919351, 0.03811096]
[1.9355578, 1.0170915, 0.8860076, 0.032458838]
[2.1242614, 0.874207, 1.2182933, 0.031761263]
[1.9349961, 1.1226617, 0.783635, 0.028699415]
[1.9396676, 0.86706805, 1.037421, 0.03517852]
[2.0048883, 0.9892263, 0.98016936, 0.03549269]
[1.9695498, 1.1492205, 0.7893542, 0.030975102]
[2.0351727, 0.7786946, 1.224509, 0.031969078]
[2.0287747, 1.3318937, 0.66760886, 0.029272215]
[2.01484, 0.75249696, 1.2289612, 0.033381686]
[2.0069602, 1.1335323, 0.84488755, 0.028540304]
[1.9748217, 0.92883164, 1.0181978, 0.027792368]
[1.9644668, 0.88016725, 1.0590194, 0.025280084]
[1.879827, 0.96852595, 0.8852887, 0.026012443]
[1.8999984, 0.911427, 0.9596875, 0.028883908]
[2.1180892, 1.0936514, 0.9865858, 0.03785201]
[1.9756303, 0.9193858, 1.0260353, 0.030209139]
[1.9817889, 0.9048416, 1.0485673, 0.028379962]
[1.9002639, 0.9512055, 0.92062, 0.028438427]
[2.0344932, 0.914947, 1.0867126, 0.032833528]
[1.973855, 1.0176611, 0.92417574, 0.032018166]
[1.9672394, 0.9096749, 1.027194, 0.030370425]
[1.9113942, 0.8975667, 0.986124, 0.027703602]
[1.9662757, 0.8455502, 1.0951095, 0.025616027]
[1.9014757, 1.023577, 0.8431199, 0.034778796]
[1.9438664, 0.87770045, 1.0303271, 0.035838816]
[1.9971789, 1.1291931, 0.8301084, 0.037877478]
[1.9185375, 0.85295403, 1.030838, 0.03474549]
[1.909977, 0.962657, 0.9143956, 0.032924417]
[1.9962692, 0.8899039, 1.0711989, 0.035166427]
[1.9583975, 1.0541713, 0.8647591, 0.03946708]
[1.9828172, 0.99035186, 0.9556124, 0.036852863]
[1.9604579, 1.0063292, 0.9184511, 0.035677694]
[1.9725257, 0.99867994, 0.93561983, 0.038225956]
[1.8341641, 0.9221715, 0.867855, 0.04413773]
[1.9242779, 0.8279283, 1.0449778, 0.051371846]
[2.1202002, 1.2415843, 0.83072627, 0.04788969]
[2.0383463, 0.83793235, 1.1547132, 0.045700803]
[2.016307, 1.171355, 0.80457777, 0.040374197]
[1.9763594, 0.8920175, 1.0476524, 0.036689475]
[1.9839272, 1.0958047, 0.85158646, 0.03653606]
[1.9950792, 0.96040976, 0.9983752, 0.036294207]
[1.9878511, 0.9254383, 1.0263064, 0.036106456]
[2.0566373, 1.1464283, 0.87731445, 0.032894704]
[1.9556757, 0.90728605, 1.016655, 0.031734742]
[1.8836523, 0.90898824, 0.94405407, 0.030609913]
[1.9383585, 0.94585896, 0.9536022, 0.03889736]
[1.949122, 0.97986233, 0.9252883, 0.04397133]
[2.068259, 0.89185673, 1.1375661, 0.038836263]
[1.9946314, 0.94348574, 1.0188819, 0.03226375]
[1.8964185, 1.0307019, 0.8350259, 0.030690663]
[1.8279972, 0.80214155, 0.9908204, 0.035035208]
[1.9321605, 0.88167644, 1.0069706, 0.04351339]
[2.071626, 0.9421542, 1.0814065, 0.04806519]
[2.0025363, 1.050587, 0.9124501, 0.03949918]
[2.1070013, 0.9764639, 1.0929421, 0.03759539]
[2.092279, 1.1572758, 0.89935327, 0.035649776]
[2.0003738, 0.8735943, 1.0948021, 0.031977393]
[1.9406929, 1.1832191, 0.7274997, 0.029974114]
[1.9350098, 0.83772314, 1.0630276, 0.0342591]
[2.0342002, 1.128324, 0.87077415, 0.035101965]
[1.946672, 0.7963545, 1.1223463, 0.027971214]
[1.8876872, 1.0849477, 0.77317417, 0.029565286]
[2.0201564, 0.7372988, 1.255352, 0.027505644]
[1.9783597, 1.1854641, 0.7654187, 0.027476817]
[1.9897143, 0.79026663, 1.1729782, 0.026469432]
[1.9306315, 0.9796677, 0.9199151, 0.031048656]
[2.007389, 0.91897917, 1.0552224, 0.03318747]
[1.9413013, 1.0608039, 0.8524802, 0.028017245]
[2.0923645, 0.9076635, 1.1541103, 0.03059087]
[1.9380624, 1.0932516, 0.81959486, 0.025215946]
[1.9182684, 1.0618755, 0.8280527, 0.028340315]
[2.1150649, 0.83836836, 1.2464156, 0.03028082]
[1.9352326, 1.1448202, 0.76348054, 0.026931858]
[2.0031176, 0.8709566, 1.1051409, 0.027020033]
[1.9776363, 1.1090417, 0.84388816, 0.02470645]
[2.0209038, 0.96815044, 1.0216174, 0.03113609]
[1.9023873, 0.96599936, 0.9095071, 0.02688086]
[2.0341413, 0.9844903, 1.0199945, 0.029656604]
[2.021017, 0.98904157, 1.0034091, 0.02856632]
[1.9793406, 1.0089805, 0.9469931, 0.02336694]
[2.0228617, 1.0614333, 0.9325658, 0.028862707]
[2.0444725, 1.0450461, 0.9708786, 0.028547741]
[1.9083575, 0.87067455, 1.0129412, 0.024741791]
[1.9096518, 0.98659396, 0.89751935, 0.025538389]
[1.9252812, 1.0679352, 0.8286291, 0.02871689]
[1.9730895, 0.938147, 1.0036546, 0.031287886]
[1.9080007, 0.88107276, 0.99564457, 0.031283334]
[1.9233775, 0.91988575, 0.9689262, 0.03456557]
[1.932329, 1.0349606, 0.8594799, 0.03788858]
[1.9882565, 0.8994796, 1.05122, 0.03755676]
[1.9970142, 1.1447897, 0.8173059, 0.034918495]
[2.0407178, 0.90489674, 1.1006436, 0.035177477]
[2.027395, 1.1124694, 0.88537014, 0.02955551]
[1.9803672, 0.99602634, 0.9577529, 0.026587963]
[1.9616967, 1.0951953, 0.8394449, 0.027056625]
[1.9825343, 0.8464546, 1.1065309, 0.029548774]
[2.047102, 1.1178007, 0.9040127, 0.025288567]
[1.9022133, 0.8796654, 0.99212, 0.030427888]
[1.977906, 1.025322, 0.9224635, 0.03012062]
[1.9406865, 0.91847, 0.9966273, 0.025589284]
[1.9979801, 0.9784936, 0.9874691, 0.032017503]
[1.9213277, 0.8784215, 1.0136702, 0.029235926]
[1.9303321, 0.9910187, 0.90526927, 0.03404413]
[2.0919814, 0.8551711, 1.2042825, 0.03252781]
[1.9708878, 1.0978377, 0.84219253, 0.030857608]
[2.026941, 0.86141706, 1.1330922, 0.03243175]
[2.010843, 1.0971569, 0.8838198, 0.029866327]
[1.9700718, 0.88755107, 1.0512497, 0.031270996]
[1.9702353, 1.1072645, 0.8317379, 0.031232957]
[1.9800941, 0.9525228, 0.9980874, 0.029483892]
[1.9714838, 0.9368882, 0.9987971, 0.035798393]
[1.8802032, 1.0862172, 0.76434165, 0.02964449]
[2.0162618, 0.92601734, 1.05716, 0.033084467]
[1.9932119, 1.0718439, 0.89195234, 0.029415693]
[1.9586595, 1.1263325, 0.8038635, 0.028463464]
[2.0547647, 0.8923223, 1.1340016, 0.028440926]
[1.9829539, 1.033762, 0.92241806, 0.026773829]
[2.007122, 0.9825989, 0.99966896, 0.02485424]
[1.9469192, 0.98226714, 0.93896484, 0.025687275]
[1.956965, 0.8868688, 1.0409703, 0.029125879]
[1.9179213, 0.96367615, 0.9234248, 0.030820414]
[1.8862091, 0.909544, 0.94499445, 0.031670652]
[1.9180443, 0.9289362, 0.9553802, 0.0337279]
[1.9966079, 0.9560293, 1.003565, 0.037013613]
[1.949583, 0.9833083, 0.9332116, 0.033063207]
[1.9884638, 0.8984567, 1.0573289, 0.032678112]
[1.9626383, 1.0315688, 0.8992317, 0.03183779]
[1.8451405, 0.79692864, 1.0144967, 0.033715185]
[1.9738071, 0.91115427, 1.0267711, 0.035881735]
[1.9299173, 0.84714836, 1.0453745, 0.037394468]
[1.9758428, 0.9822465, 0.95925975, 0.03433656]
[2.0957568, 0.83268964, 1.2260027, 0.03706421]
[2.007242, 1.2909954, 0.67814434, 0.03810222]
[2.008828, 0.890427, 1.0865026, 0.031898297]
[1.9632769, 1.0263984, 0.9056119, 0.031266615]
[1.9113911, 0.9504149, 0.93215334, 0.028822888]
[1.9289113, 0.88270605, 1.0152293, 0.030975897]
[1.9200295, 1.0713044, 0.81395274, 0.03477224]
[2.1245294, 0.9225753, 1.1680841, 0.033869974]
[2.0596116, 1.1801801, 0.84747934, 0.031952173]
[1.9826074, 0.7702423, 1.1834989, 0.028866341]
[1.9749128, 1.0499628, 0.89518714, 0.02976285]
[2.0031197, 0.95534956, 1.0142927, 0.033477355]
[1.9752451, 0.92418325, 1.017654, 0.033407927]
[1.9719342, 0.9552443, 0.98711526, 0.029574689]
[2.0479076, 1.0894282, 0.9279448, 0.030534446]
[1.9657012, 0.9285213, 1.0084814, 0.028698537]
[2.0895994, 0.90689206, 1.1535542, 0.029153207]
[1.9887406, 1.0078682, 0.95157194, 0.029300414]
[2.0846772, 0.91295415, 1.1435769, 0.028146278]
[1.974284, 1.0664494, 0.8805815, 0.02725313]
[1.9901861, 0.9100945, 1.0525272, 0.02756439]
[1.958892, 1.016298, 0.91605186, 0.026542049]
[2.0460026, 1.0723782, 0.94937027, 0.024254017]
[2.031471, 1.0201651, 0.9857347, 0.025571002]
[1.9548558, 1.003759, 0.9293541, 0.021742739]
[1.922152, 0.9729043, 0.9248824, 0.024365341]
[2.0021355, 0.94943357, 1.0277354, 0.024966594]
[1.9544743, 0.9446664, 0.9845422, 0.025265774]
[1.9854245, 0.93053955, 1.0289004, 0.025984496]
[1.9350376, 0.962012, 0.9481045, 0.024921224]
[1.9672848, 0.8802629, 1.0597994, 0.02722247]
[1.9728104, 1.1442201, 0.8025029, 0.026087416]
[1.8966322, 0.9255005, 0.9432465, 0.027885213]
[1.9847325, 0.957736, 0.9937539, 0.033242527]
[1.9706124, 0.844591, 1.0950556, 0.030965857]
[1.9170791, 1.038743, 0.8462349, 0.0321011]
[1.99391, 0.8981936, 1.0647812, 0.030935127]
[1.9813207, 0.87402487, 1.0783306, 0.028965235]
[2.0032625, 1.0203757, 0.95321804, 0.02966881]
[1.98201, 0.993886, 0.9592997, 0.028824376]
[1.9691648, 0.9153951, 1.0252801, 0.028489554]
[2.0687394, 1.1018453, 0.9373319, 0.029562274]
[1.9463332, 0.8980464, 1.0213206, 0.026966257]
[2.0007777, 1.0562797, 0.91455996, 0.02993822]
[1.9037607, 0.9283415, 0.9466318, 0.028787319]
[1.9928392, 0.99306667, 0.963937, 0.03583566]
[1.995361, 1.1363987, 0.82570887, 0.03325342]
[1.9724517, 0.8714852, 1.0703211, 0.030645402]
[1.9873343, 1.0010648, 0.95620185, 0.030067652]
[1.9768755, 0.9367579, 1.0088252, 0.03129245]
[1.9727442, 0.9183193, 1.0244392, 0.029985653]
[2.0142524, 1.0481696, 0.9342664, 0.031816486]
[2.0532382, 1.02827, 0.9968237, 0.028144434]
[1.9529328, 0.93567556, 0.9905802, 0.026677098]
[1.9357818, 0.97439563, 0.937552, 0.023834215]
[1.9505929, 0.88474935, 1.0369403, 0.028903149]
[1.9588106, 0.96614, 0.96155894, 0.031111686]
[2.0189927, 0.9888119, 1.0000869, 0.030093946]
[1.9852613, 0.9112989, 1.0444143, 0.029548207]
[1.9213251, 1.0355675, 0.85730755, 0.028449994]
[1.9064924, 0.938871, 0.9373805, 0.030240865]
[2.088369, 0.9187895, 1.1349136, 0.034665782]
[2.0232887, 1.1295385, 0.8656063, 0.028143812]
[2.032889, 0.9139712, 1.0913421, 0.027575538]
[1.9774532, 0.9866018, 0.96254915, 0.028302135]
[1.9857022, 0.9499857, 1.0082846, 0.027431823]
[2.0115864, 1.0037752, 0.97793514, 0.029876055]
[1.9490633, 0.9818597, 0.9404322, 0.026771372]
[1.9591588, 0.9351309, 0.990571, 0.033456977]
[2.0191047, 1.0734437, 0.91554, 0.03012104]
[2.0388637, 0.9542767, 1.0530461, 0.031540982]
[2.0523946, 1.2093287, 0.8143717, 0.028694391]
[1.9341946, 0.88251084, 1.0228336, 0.028850049]
[2.0451674, 1.0046611, 1.0097512, 0.030755015]
[1.914246, 0.95376474, 0.9331979, 0.027283287]
[1.9578142, 0.9438847, 0.9859763, 0.027953213]
[1.9411012, 0.9579322, 0.9520919, 0.031077163]
[1.9554621, 0.99981225, 0.924667, 0.030982813]
[1.9387164, 0.8745437, 1.0298389, 0.034333758]
[1.9983733, 1.0574985, 0.90551794, 0.03535685]
[2.0380545, 0.9486954, 1.0572978, 0.032061085]
[2.0460827, 1.0105766, 1.0054624, 0.030043807]
[1.9894336, 0.9385381, 1.0244267, 0.02646885]
[1.9160503, 0.93701065, 0.9474131, 0.03162653]
[1.868412, 0.91243, 0.921865, 0.034116924]
[2.054053, 0.8263638, 1.1840248, 0.043664355]
[2.0058045, 1.1764383, 0.79509115, 0.034274966]
[2.043647, 0.92478824, 1.0874252, 0.03143361]
[2.055597, 0.9719438, 1.0555379, 0.028115261]
[2.0044847, 0.9930743, 0.9833232, 0.028087042]
[1.9954345, 1.0072925, 0.9605748, 0.027567152]
[1.8866355, 0.9541855, 0.90363306, 0.028816981]
[2.015297, 0.9625412, 1.021657, 0.03109862]
[1.9648097, 1.0051448, 0.9308129, 0.028851982]
[1.9818114, 0.99154854, 0.96193945, 0.028323364]
[1.9195405, 0.870262, 1.0187486, 0.030529823]
[1.883619, 1.0357692, 0.82010686, 0.027742874]
[1.9759306, 0.7545465, 1.1890441, 0.032339945]
[2.0378127, 1.2862172, 0.71516705, 0.03642843]
[2.021419, 0.8336209, 1.1555561, 0.032242052]
[1.9743454, 1.0638885, 0.8795466, 0.030910203]
[1.9378564, 0.8835516, 1.0262326, 0.028072245]
[1.983732, 0.9910604, 0.9573217, 0.03534987]
[1.9860682, 0.9505137, 1.0064298, 0.029124787]
[2.0233219, 1.0186833, 0.97202796, 0.032610744]
[1.9571584, 0.9946621, 0.9303202, 0.03217612]
[2.024412, 0.9681529, 1.0223887, 0.03387025]
[1.945197, 1.0142958, 0.90022945, 0.03067171]
[1.956724, 0.8646052, 1.0590982, 0.03302058]
[1.9113344, 1.0607866, 0.8172964, 0.03325145]
[1.9335842, 0.9553927, 0.94579554, 0.032395974]
[1.9334115, 0.89622986, 1.0057575, 0.031424128]
[1.9511375, 0.93272424, 0.98605275, 0.032360524]
[1.9583025, 0.9003668, 1.0214806, 0.036455117]
[1.978158, 0.92835903, 1.0150328, 0.034766175]
[2.0394506, 0.94861627, 1.050514, 0.040320285]
[1.9738849, 0.962225, 0.97767663, 0.03398338]
[1.870589, 0.8499119, 0.9848271, 0.035850048]
[2.0199616, 0.90281105, 1.0768102, 0.040340222]
[2.037152, 1.1241744, 0.88074064, 0.032237086]
[1.9501783, 0.791049, 1.1303601, 0.028769124]
[2.0142248, 1.1492128, 0.83451635, 0.030495578]
[1.9969933, 0.78425395, 1.1820818, 0.030657541]
[1.9181789, 1.1228099, 0.76947725, 0.025891729]
[1.886935, 0.8529404, 1.0039815, 0.030013125]
[1.914318, 1.037662, 0.8432268, 0.033429172]
[2.002936, 0.823632, 1.1436858, 0.035618186]
[2.1080046, 1.3458257, 0.7286235, 0.03355562]
[1.9729985, 0.7919235, 1.1505468, 0.030528132]
[1.969646, 1.0701077, 0.86435413, 0.035184167]
[2.039681, 0.86399627, 1.1440543, 0.03163051]
[1.9910841, 1.1991885, 0.76249117, 0.029404381]
[1.9425093, 0.8114994, 1.096475, 0.034534834]
[2.059496, 1.0468861, 0.98019785, 0.032411963]
[1.871616, 0.9346315, 0.91019166, 0.026792875]
[2.0166235, 0.84747696, 1.1354582, 0.033688396]
[2.0183592, 1.1238868, 0.8670696, 0.027402725]
[2.0086484, 0.80144316, 1.1813291, 0.02587598]
[1.9975991, 1.2027907, 0.7704828, 0.024325585]
[1.9789218, 0.860423, 1.0990281, 0.019470561]
[1.8313775, 0.865698, 0.9449713, 0.020708157]
[1.9442918, 0.9633023, 0.9558045, 0.025184937]
[1.9559492, 1.1034615, 0.82810855, 0.02437908]
[1.9701998, 0.7414859, 1.2049971, 0.023716986]
[2.06325, 1.3238661, 0.71226406, 0.027119879]
[2.076668, 0.80931157, 1.2416341, 0.025722228]
[1.9687939, 1.1785512, 0.76710665, 0.023135997]
[1.9240005, 0.87708807, 1.0270851, 0.019827336]
[2.0197237, 0.91371673, 1.0817044, 0.024302386]
[2.0086586, 1.0707934, 0.9106832, 0.027182028]
[1.991751, 0.9783225, 0.99066556, 0.022762924]
[2.0043733, 1.0672922, 0.91137666, 0.02570431]
[1.9879051, 0.91792, 1.0491381, 0.020847056]
[2.0594392, 1.0928991, 0.9410785, 0.02546157]
[1.9164687, 0.9596909, 0.93164825, 0.025129547]
[1.9857446, 1.0138049, 0.94670045, 0.025239196]
[1.9178389, 0.9154257, 0.9759132, 0.026499975]
[1.8841276, 0.988027, 0.87187433, 0.024226302]
[2.0270011, 0.87421966, 1.1233671, 0.029414503]
[1.9905437, 1.1240857, 0.8370553, 0.029402783]
[2.0357482, 0.9055718, 1.1011057, 0.029070705]
[1.9843248, 1.0868726, 0.87037295, 0.02707918]
[1.9657192, 0.9546343, 0.9784483, 0.03263659]
[2.0010023, 0.9404875, 1.02709, 0.033424765]
[1.9095051, 0.9560497, 0.9227881, 0.03066733]
[1.9009957, 0.8084277, 1.0575409, 0.035027184]
[2.0133653, 0.9862285, 0.9926323, 0.034504473]
[2.09942, 1.0557092, 1.0124241, 0.03128671]
[1.9780164, 0.9129976, 1.0342989, 0.03071985]
[1.9184393, 0.9699472, 0.9162273, 0.03226485]
[1.8339196, 0.9447215, 0.85900176, 0.03019626]
[1.9399096, 0.91174257, 0.98687804, 0.04128892]
[1.9225156, 0.9254136, 0.9608747, 0.036227375]
[2.0615182, 0.9706478, 1.0586278, 0.03224249]
[1.9836602, 1.0838306, 0.8645788, 0.03525094]
[1.8839515, 0.9014429, 0.94666135, 0.03584731]
[1.986785, 0.9221394, 1.0289044, 0.035741225]
[1.9613152, 1.1594992, 0.7688031, 0.033012915]
[1.9866015, 0.7238385, 1.2292972, 0.033465706]
[2.013075, 1.2683146, 0.7144985, 0.030262105]
[1.9674461, 0.9460913, 0.9872608, 0.034093972]
[1.9531863, 1.1087258, 0.81355894, 0.030901559]
[1.9653497, 0.9190817, 1.0111879, 0.035080068]
[1.8897928, 0.88302124, 0.97261083, 0.03416076]
[2.0181375, 1.0833597, 0.90407103, 0.030706603]
[1.9848701, 0.98224056, 0.9686943, 0.03393518]
[1.958535, 0.9331011, 0.9919643, 0.03346957]
[2.0103052, 0.9286679, 1.0529151, 0.028722174]
[1.966127, 0.9644687, 0.9666103, 0.03504798]
[2.040391, 1.0435662, 0.96159023, 0.035234507]
[1.9492477, 0.9123242, 1.003133, 0.033790506]
[1.8640707, 0.9152155, 0.91487724, 0.03397797]
[2.0057564, 0.9016428, 1.0670888, 0.03702476]
[1.9769973, 0.9460987, 0.9995315, 0.03136704]
[1.9681604, 0.94901806, 0.98906064, 0.030081742]
[1.8880718, 0.9053525, 0.95032394, 0.032395355]
[1.9069108, 0.8898206, 0.9879039, 0.029186409]
[2.028423, 1.1084819, 0.88315403, 0.036787193]
[2.0540345, 0.86406404, 1.1526082, 0.037362292]
[1.9396124, 1.090131, 0.8183424, 0.031138917]
[2.0023198, 0.77791786, 1.1900797, 0.03432218]
[1.9972731, 1.2401218, 0.7202194, 0.036931828]
[2.0418644, 0.87532055, 1.1312842, 0.03525962]
[1.9833456, 1.2143531, 0.7439989, 0.02499368]
[2.0411317, 0.8729885, 1.1367203, 0.03142294]
[1.9864966, 0.9844093, 0.97495806, 0.02712931]
[1.9894798, 0.920329, 1.0388842, 0.030266635]
[1.9973347, 1.0490279, 0.92264515, 0.025661763]
[1.9432813, 0.9927269, 0.9238732, 0.026681203]
[1.9479026, 0.9378145, 0.9815843, 0.028503772]
[2.0004282, 1.0489839, 0.9255682, 0.025876038]
[1.8377349, 0.8568864, 0.9482949, 0.032553643]
[1.9620612, 0.9190513, 1.0086029, 0.03440703]
[1.996017, 1.0858824, 0.87166214, 0.038472425]
[1.9056798, 0.82549024, 1.038687, 0.041502595]
[1.936753, 1.0043244, 0.8927412, 0.039687335]
[2.0118809, 0.9682871, 1.0012782, 0.042315558]
[1.9840294, 1.0217242, 0.92040503, 0.041900195]
[1.9359597, 0.92175186, 0.9718044, 0.04240346]
[1.9174408, 0.88526404, 0.99034286, 0.041833907]
[2.0687442, 1.0616715, 0.9634205, 0.043652114]
[1.9303133, 0.8430828, 1.0448053, 0.042425282]
[2.125987, 1.2531669, 0.83639586, 0.03642413]
[1.8954886, 0.7800552, 1.0839967, 0.031436827]
[2.0247815, 0.91347516, 1.0731459, 0.03816034]
[1.9210994, 1.0536153, 0.83506715, 0.03241697]
[1.8493032, 0.7345935, 1.078783, 0.035926685]
[1.9962564, 1.1068995, 0.8499447, 0.039412193]
[2.055863, 0.8675933, 1.1507468, 0.037522674]
[2.1371617, 1.2506897, 0.85171545, 0.034756757]
[1.9790038, 0.82174253, 1.1297789, 0.027482359]
[2.0047758, 0.9603275, 1.0137799, 0.030668436]
[1.9500885, 1.1117976, 0.8137349, 0.024556024]
[1.9957211, 0.92446136, 1.0393436, 0.03191615]
[1.9339504, 0.9902704, 0.9149343, 0.028745826]
[1.8888927, 0.9258718, 0.9329026, 0.030118179]
[2.0922618, 0.9855346, 1.0774653, 0.029261783]
[1.8835523, 1.0559868, 0.79978037, 0.027785199]
[1.9959608, 0.9226065, 1.0397882, 0.033566147]
[2.029164, 1.060138, 0.9370549, 0.031971313]
[2.0075452, 0.97880256, 0.99891865, 0.0298241]
[1.9679615, 0.9844012, 0.95092577, 0.032634556]
[2.009265, 1.023576, 0.9539119, 0.03177712]
[1.9744886, 1.0492151, 0.89391094, 0.031362683]
[1.933768, 0.87188125, 1.031615, 0.03027182]
[1.9886036, 1.030689, 0.92539, 0.032524645]
[1.9567789, 0.96084785, 0.9675801, 0.028350923]
[1.9374115, 0.9248344, 0.9835562, 0.029021036]
[1.9835587, 0.9969312, 0.95682716, 0.029800288]
[2.009192, 0.87569004, 1.1002495, 0.033252373]
[1.9345814, 1.0693402, 0.8337062, 0.031535037]
[1.9437987, 0.7702488, 1.1404836, 0.033066254]
[1.9811523, 1.1907561, 0.7525351, 0.03786105]
[1.9977324, 0.6287388, 1.327712, 0.0412815]
[2.017192, 1.3100444, 0.6749892, 0.03215826]
[1.9397901, 0.84518814, 1.0628142, 0.03178772]
[1.9034728, 0.8751613, 0.9964504, 0.03186109]
[1.9248074, 0.9595073, 0.93742937, 0.027870804]
[1.9496676, 0.96216816, 0.9532994, 0.034200102]
[2.0743499, 0.9908386, 1.0461648, 0.037346624]
[1.9352196, 0.9168674, 0.9931705, 0.025181796]
[1.9689733, 1.0173442, 0.91866195, 0.032967083]
[1.8666494, 0.8010263, 1.0342627, 0.031360433]
[2.0357885, 1.0360234, 0.9682196, 0.031545557]
[2.0144968, 1.0471717, 0.93826556, 0.02905941]
[2.003626, 0.9636583, 1.0093415, 0.030626252]
[1.9958671, 0.95055133, 1.0178146, 0.02750117]
[1.9863436, 1.1165721, 0.84269416, 0.02707736]
[1.9447796, 0.77054656, 1.1417797, 0.032453433]
[2.0878513, 1.2376087, 0.822339, 0.027903674]
[1.9946939, 0.918982, 1.0533361, 0.022375755]
[1.9166899, 0.9677906, 0.92736506, 0.021534164]
[2.005616, 1.0517344, 0.9300958, 0.023785625]
[1.9430264, 0.8970274, 1.0228624, 0.0231366]
[1.958892, 1.1407919, 0.7938908, 0.024209354]
[1.9793944, 0.9496011, 1.0055633, 0.02422995]
[1.9289016, 0.87549233, 1.0290015, 0.02440778]
[1.9305139, 1.0148149, 0.89453626, 0.021162778]
[1.969814, 0.9613163, 0.9857523, 0.022745412]
[1.9757692, 1.1249275, 0.824947, 0.025894634]
[1.9888471, 0.74075997, 1.2244518, 0.023635369]
[1.9545203, 1.3234451, 0.60731906, 0.023756173]
[1.9702526, 0.7551545, 1.1912504, 0.02384767]
[1.9486426, 1.1386625, 0.789694, 0.020286169]
[1.9244573, 0.8615596, 1.0398064, 0.02309129]
[2.0158074, 1.00811, 0.9807943, 0.026903065]
[1.942763, 0.83947754, 1.0800318, 0.023253635]
[2.0047956, 0.99716556, 0.9820502, 0.02557988]
[1.9426761, 0.90039873, 1.0192338, 0.023043552]
[1.9580361, 0.97580594, 0.95772755, 0.024502665]
[1.9405111, 0.9068582, 1.0078651, 0.025787873]
[2.0361626, 1.0731391, 0.9327967, 0.030226873]
[1.9395789, 0.89151704, 1.020762, 0.027299933]
[2.0306544, 1.0748847, 0.9269308, 0.028839156]
[1.9685647, 0.9142277, 1.023644, 0.030693086]
[1.918012, 0.9669366, 0.9228072, 0.028268188]
[1.9564134, 1.0200408, 0.90906376, 0.027308857]
[1.9029869, 0.8900619, 0.981488, 0.031437043]
[1.882261, 1.0828111, 0.76613355, 0.033316337]
[2.0649283, 0.6968906, 1.3398845, 0.028153222]
[2.0109377, 1.328149, 0.6507572, 0.03203159]
[2.0313811, 0.78503644, 1.2136773, 0.032667406]
[2.0261886, 1.1789379, 0.81816953, 0.02908115]
[1.9483101, 0.8974249, 1.0187681, 0.03211708]
[1.9651769, 1.0497022, 0.8867769, 0.028697886]
[1.9653978, 0.92880774, 1.0056114, 0.030978685]
[1.8359717, 1.005899, 0.79543304, 0.034639753]
[1.9051552, 0.7460512, 1.1181853, 0.0409187]
[1.9747574, 1.2571363, 0.68070126, 0.036919877]
[2.0392604, 0.7896224, 1.2114761, 0.038161647]
[1.8505968, 0.97151035, 0.8494791, 0.02960743]
[2.0201237, 1.0727192, 0.9148029, 0.032601543]
[2.1752894, 1.0302947, 1.1115766, 0.03341816]
[1.9893459, 0.9389886, 1.0244281, 0.025929132]
[1.9476913, 0.98848975, 0.93441904, 0.024782518]
[2.0379183, 0.83444685, 1.1779759, 0.025495531]
[1.9686025, 1.125966, 0.82026863, 0.02236797]
[1.9927222, 1.0205778, 0.9491019, 0.023042466]
[1.9492292, 0.95735896, 0.9642685, 0.027601764]
[2.0404217, 0.9532404, 1.0627737, 0.024407562]
[1.9212844, 1.0367224, 0.8631171, 0.021444947]
[1.9104062, 0.89233077, 0.9947406, 0.023334838]
[1.9800828, 0.9863447, 0.96629155, 0.027446462]
[1.9643674, 0.91700745, 1.0196142, 0.02774569]
[1.8882276, 0.9749937, 0.88334036, 0.02989357]
[1.9823385, 0.88125885, 1.0702051, 0.03087464]
[1.9352381, 0.9647808, 0.94070464, 0.029752698]
[1.9842286, 0.93579215, 1.0169084, 0.031528]
[1.939607, 0.9857421, 0.9237405, 0.03012445]
[1.8745263, 0.89939046, 0.9456959, 0.029439893]
[2.004552, 0.9606579, 1.0097651, 0.034128815]
[1.9857911, 1.0559434, 0.8987146, 0.031133004]
[2.0626752, 0.9918786, 1.0401845, 0.030612342]
[1.9603605, 1.0358479, 0.8958899, 0.028622728]
[2.0962822, 0.9709872, 1.0932891, 0.03200604]
[1.9994531, 1.0552526, 0.9160441, 0.028156452]
[1.9663285, 0.98790634, 0.9526399, 0.025782183]
[1.9297823, 0.9497304, 0.95484006, 0.025211776]
[1.9914384, 1.0661514, 0.8936423, 0.031644717]
[1.992706, 0.88830817, 1.0704856, 0.03391219]
[2.0277305, 1.0849147, 0.91368115, 0.029134516]
[1.9906071, 0.9935312, 0.96737236, 0.02970345]
[1.912318, 0.9571575, 0.9266093, 0.028551264]
[2.0222068, 1.0217485, 0.9665462, 0.033912167]
[1.985908, 0.9674034, 0.98451304, 0.033991568]
[1.9730084, 1.0514156, 0.88638914, 0.035203673]
[1.8456504, 0.97883254, 0.83555394, 0.03126389]
[2.0488205, 1.0639379, 0.94778407, 0.037098512]
[1.9333364, 0.96794134, 0.93055, 0.034844954]
[1.875098, 0.84588104, 0.9947647, 0.034452155]
[1.8779634, 0.9802543, 0.86230856, 0.03540051]
[1.940542, 0.86734265, 1.0312738, 0.04192537]
[1.8634242, 0.8719343, 0.94250387, 0.048986025]
[2.0916467, 0.9080626, 1.1344848, 0.049099535]
[2.0541372, 1.1567547, 0.8547788, 0.04260369]
[1.9578383, 0.82993484, 1.0910213, 0.036882162]
[2.218042, 1.2397033, 0.93964565, 0.03869305]
[1.9909453, 0.80589664, 1.1527088, 0.032339983]
[1.8827021, 0.89843446, 0.951619, 0.032648504]
[1.8975242, 0.87214994, 0.99047905, 0.03489532]
[1.8879812, 0.949512, 0.8970434, 0.041425757]
[2.0744705, 0.8742242, 1.1547722, 0.045473944]
[2.0724738, 1.2998115, 0.7376208, 0.035041645]
[2.0671582, 0.8545456, 1.1790214, 0.033591177]
[1.9875951, 1.0607243, 0.8973249, 0.02954588]
[1.9046229, 0.99165416, 0.8826091, 0.030359603]
[1.8718446, 0.9505236, 0.89170575, 0.02961526]
[1.9040437, 0.88793147, 0.9872149, 0.02889725]
[1.9753826, 1.0031575, 0.93957865, 0.032646395]
[1.8300825, 0.92598295, 0.87469304, 0.029406592]
[1.8704274, 0.812755, 1.022114, 0.035558403]
[1.9305719, 1.0175321, 0.8721443, 0.040895566]
[1.9942442, 0.8894153, 1.0637438, 0.041085154]
[1.986741, 1.2447075, 0.70377064, 0.038262878]
[2.007422, 0.70969206, 1.261198, 0.036531918]
[2.0921562, 1.3298572, 0.72243357, 0.039865263]
[1.9965743, 0.7947334, 1.1662374, 0.0356035]
[1.9531311, 1.1608815, 0.7595433, 0.03270629]
[1.9733515, 0.87341547, 1.069057, 0.030879071]
[2.0268614, 1.108363, 0.886654, 0.031844426]
[1.9807783, 0.8927367, 1.0579343, 0.03010737]
[1.9656198, 1.019223, 0.9163053, 0.030091584]
[2.016141, 0.8590261, 1.1283796, 0.028735342]
[1.9536301, 1.0417159, 0.88354087, 0.028373342]
[2.0466008, 0.9825487, 1.0353954, 0.028656784]
[2.007695, 1.0108001, 0.9694115, 0.027483255]
[1.897239, 0.79313743, 1.0775167, 0.026584867]
[1.9120845, 0.88054997, 1.0037177, 0.027816912]
[1.9830663, 1.096116, 0.8581537, 0.028796643]
[1.9513067, 0.8412167, 1.0762744, 0.033815622]
[1.9929566, 1.0376501, 0.9229412, 0.032365263]
[2.0051324, 0.901112, 1.0750016, 0.02901877]
[1.9575301, 1.060934, 0.8677803, 0.028815862]
[1.959895, 0.88320905, 1.0412712, 0.03541482]
[2.0220842, 0.9271169, 1.0636098, 0.031357493]
[2.0483446, 1.1291393, 0.88846195, 0.030743357]
