[1.0426608, 0.99738693] 
[1.1016433, 1.0564246] 
[0.8997494, 0.9455575] 
[1.1587899, 1.2222754] 
[1.1453689, 1.1026291] 
[1.1222734, 1.0191057] 
[1.1483021, 1.0110607] 
[1.0517923, 0.94282645] 
[1.2292378, 1.0860772] 
[1.0485952, 0.92239326] 
[1.2962136, 1.29913] 
[1.1575254, 1.1960003] 
[1.1344744, 1.1181259] 
[1.1377782, 0.9474738] 
[1.1210533, 1.1449242] 
[1.2174933, 1.0711719] 
[1.0237651, 0.8917086] 
[1.3166323, 1.1709617] 
[1.2171427, 1.0566411] 
[1.1125212, 0.9658014] 
[0.87938553, 0.9006283] 
[1.2918698, 1.1644043] 
[1.0499557, 1.0480397] 
[1.0509937, 1.106184] 
[0.8381102, 0.9586698] 
[1.1950206, 1.0712394] 
[1.2261056, 1.0794381] 
[1.1840757, 1.057786] 
[1.1816937, 1.0558792] 
[1.1718793, 1.0416329] 
[1.1809955, 1.0416056] 
[1.0185425, 0.9780242] 
[1.2513635, 1.171943] 
[1.0754361, 1.1165233] 
[1.2082751, 1.2045166] 
[1.3587906, 1.1709974] 
[1.1148167, 1.0101204] 
[1.2357767, 1.0526459] 
[0.96964556, 0.85518] 
[0.96430755, 0.8359804] 
[1.2182729, 1.0291843] 
[1.0371323, 1.0703095] 
[0.99147505, 1.1090696] 
[0.9442492, 1.0029083] 
[1.0786723, 1.073139] 
[1.0274633, 0.8619777] 
[1.2266643, 1.0539923] 
[1.231139, 1.1132644] 
[0.9907315, 0.8996352] 
[1.0769439, 0.9724013] 
[0.8801298, 0.9834682] 
[1.0536517, 1.0907304] 
[0.9643494, 1.0700496] 
[0.9831177, 1.0197672] 
[0.8676975, 0.9876248] 
[1.1656293, 1.0417519] 
[1.3243488, 1.2201725] 
[0.84349704, 0.771899] 
[1.3654189, 1.2155737] 
[1.0594513, 0.94149923] 
[1.1400393, 1.200118] 
[1.2727556, 1.2496314] 
[1.0411934, 1.00435] 
[1.1422606, 1.1372731] 
[1.0192171, 0.99545324] 
[1.1408517, 1.049376] 
[1.1715968, 1.0684536] 
[1.0262853, 0.9154401] 
[1.1788567, 1.0519762] 
[1.0221611, 0.9156859] 
[1.1068032, 1.1080868] 
[1.0882531, 1.0396847] 
[1.1866869, 1.0993601] 
[1.0744929, 1.1885757] 
[1.1140689, 1.2705308] 
[1.0812236, 0.9264281] 
[1.1420937, 1.0259023] 
[1.0250778, 0.86263025] 
[0.97124195, 0.8562661] 
[0.946906, 0.8054923] 
[1.1167897, 1.1525593] 
[1.0250924, 1.158607] 
[1.1992903, 1.1649795] 
[0.920933, 0.8099748] 
[1.0043514, 1.0392171] 
[1.1643367, 1.0145825] 
[1.0152035, 0.8858946] 
[1.086148, 0.9995729] 
[1.0888842, 0.9804741] 
[1.0771427, 0.9880233] 
[1.0639567, 1.1660914] 
[1.0716076, 1.0526507] 
[1.1104301, 1.1858766] 
[1.1642835, 1.1336122] 
[1.1496563, 1.0520793] 
[1.3531461, 1.2595975] 
[1.1595913, 1.0396085] 
[1.1465373, 1.0445027] 
[1.0109162, 0.8966874] 
[1.1596792, 1.0480317] 
[0.9299745, 0.9524313] 
[1.0898255, 1.0713058] 
[1.0555426, 0.93758225] 
[1.0315125, 1.0518792] 
[1.0515679, 1.1303754] 
[1.120786, 0.98397] 
[1.100019, 0.99679637] 
[1.0240881, 0.8971851] 
[1.0164205, 0.92061406] 
[0.95473135, 0.8426333] 
[1.0708315, 1.0834104] 
[1.07075, 1.0281961] 
[1.0499476, 1.1251988] 
[0.9599675, 1.0513524] 
[1.1637307, 1.2277253] 
[1.0758705, 0.9122061] 
[1.0935979, 0.9416909] 
[1.6444747, 1.4515461] 
[0.9960269, 0.8526846] 
[1.0008984, 0.8877486] 
[0.87280405, 0.9078164] 
[0.9667119, 1.1347582] 
[1.1444921, 0.94125867] 
[0.96306396, 0.87299144] 
[1.1587403, 1.1801548] 
[1.0453036, 0.9257884] 
[1.1748492, 0.9920579] 
[1.1110065, 0.93194544] 
[1.068912, 0.92183185] 
[1.0074161, 0.84708196] 
[0.9849391, 1.0152066] 
[1.1488109, 1.0514643] 
[0.9590825, 1.0722958] 
[1.0728106, 1.1543503] 
[1.0262761, 1.0632143] 
[1.0394015, 0.891455] 
[1.1262829, 0.94262904] 
[1.0173554, 0.87427145] 
[1.0001829, 0.903615] 
[1.1810564, 0.9934951] 
[1.1740626, 1.1047331] 
[1.2043091, 1.1132088] 
[1.2620356, 1.1460924] 
[1.2581474, 1.1564621] 
[1.125683, 1.0542766] 
[1.3183253, 1.0447836] 
[1.0120491, 0.8969865] 
[1.1702563, 1.0307353] 
[1.0450621, 0.91878253] 
[1.0913947, 0.94840264] 
[0.96397686, 1.0437338] 
[1.1263574, 1.120754] 
[1.0778682, 1.0937221] 
[1.2093835, 1.0829611] 
[1.0735828, 1.0584457] 
[1.0502987, 0.95751023] 
[1.0929515, 1.0029733] 
[0.9029157, 0.80090547] 
[1.0960997, 0.99344814] 
[1.0518324, 0.9824852] 
[1.0588505, 0.9246025] 
[1.0585556, 0.9897579] 
[0.97957635, 1.0096682] 
[0.9336808, 0.9350068] 
[1.0500238, 1.0693645] 
[1.067936, 0.9751972] 
[1.0651524, 0.9558499] 
[1.0756494, 0.96749043] 
[1.0205756, 0.9341818] 
[1.1680658, 1.039606] 
[1.1425648, 1.0929191] 
[1.1748934, 1.0539237] 
[1.1050817, 1.0859811] 
[1.0758941, 1.0927839] 
[1.0623591, 1.0945529] 
[1.1801047, 1.0963328] 
[1.1401684, 1.0188656] 
[1.0606303, 0.961288] 
[1.1535093, 1.0635837] 
[1.0136626, 0.96036446] 
[1.057287, 1.097688] 
[1.3368194, 1.1952448] 
[0.98765147, 0.8834273] 
[1.1209096, 1.0608611] 
[1.1421437, 0.9907955] 
[1.1253512, 0.99161303] 
[1.132725, 1.0363972] 
[1.1595504, 1.0464132] 
[1.0287681, 0.9057712] 
[1.0031022, 0.8840625] 
[1.3237743, 1.252532] 
[1.035327, 1.0184078] 
[1.0103458, 0.9587302] 
[1.0911822, 1.087501] 
[1.1358696, 1.0714396] 
[1.0569959, 0.9209903] 
[1.1511106, 1.0507914] 
[1.0236727, 0.9324131] 
[1.2750009, 1.1403418] 
[1.2122493, 1.0925057] 
[1.1196833, 1.0875022] 
[1.176639, 1.2242907] 
[1.1378403, 1.0527446] 
[0.96177566, 1.0548155] 
[1.1504786, 1.096333] 
[1.3110945, 1.1080205] 
[1.067111, 0.93084794] 
[1.2012339, 1.0378106] 
[1.2906802, 1.1033006] 
[0.7688476, 0.67741585] 
[1.1130836, 1.0742314] 
[1.4209843, 1.3756378] 
[1.0477321, 1.0804079] 
[0.9041208, 0.8777845] 
[1.0619226, 1.0282356] 
[1.1866424, 1.0670211] 
[1.098168, 0.9625231] 
[1.1054773, 0.95879054] 
[1.1299542, 1.0414717] 
[1.2515417, 1.1022319] 
[1.0642996, 0.9801599] 
[1.0143906, 1.0886961] 
[1.0149629, 0.94554114] 
[1.0470353, 1.0436375] 
[1.0611064, 1.1436994] 
[1.1586311, 1.0278714] 
[1.1139807, 0.9532933] 
[1.015238, 0.9001488] 
[1.0498064, 0.96465707] 
[1.0309162, 0.9370452] 
[1.105793, 1.1075903] 
[1.1830804, 1.2051897] 
[0.9390502, 0.9853771] 
[1.119203, 1.0342098] 
[1.201544, 1.0380092] 
[1.0490463, 0.9225757] 
[1.1473393, 1.0351508] 
[1.0806775, 0.92737377] 
[0.945556, 0.85710067] 
[1.0893569, 0.93482846] 
[1.0023837, 1.0487062] 
[1.1120021, 1.1225677] 
[1.2947681, 1.1666579] 
[0.9633512, 0.9832147] 
[1.2448691, 1.2450612] 
[1.3365242, 1.1402534] 
[0.8857404, 0.7395223] 
[1.2353644, 1.1053654] 
[1.1910744, 1.0354927] 
[1.1268871, 0.9798421] 
[1.072762, 1.0308676] 
[0.9907528, 0.95464325] 
[1.2477419, 1.2445046] 
[1.115283, 1.018984] 
[0.9557022, 0.99833614] 
[1.1159644, 1.0305066] 
[1.1409707, 1.0230906] 
[1.1969397, 1.0851002] 
[1.0024633, 0.89605093] 
[0.96976596, 0.85841596] 
[1.0690421, 0.9852302] 
[1.1517107, 1.1624963] 
[1.1731219, 1.1456281] 
[0.9609721, 1.0638891] 
[0.93496895, 1.0641105] 
[0.84420145, 0.7589936] 
[1.0693554, 0.9347702] 
[0.96458274, 0.838518] 
[1.0397568, 0.925893] 
[1.1206745, 0.98889583] 
[0.9978353, 0.94038373] 
[0.89325416, 1.1590743] 
[1.3007667, 1.3455338] 
[1.1669441, 1.0762153] 
[1.0935739, 1.247191] 
[1.3422875, 1.1289945] 
[0.94998485, 0.76516604] 
[1.1982324, 1.0567216] 
[0.92973816, 0.7837162] 
[1.2784057, 1.1071401] 
[1.0062684, 1.0752537] 
[0.9348709, 0.8464423] 
[1.0738319, 1.0950669] 
[0.9206766, 0.9422623] 
[1.022405, 1.0404898] 
[1.0574915, 0.9402892] 
[0.9179069, 0.8187352] 
[0.9793971, 0.86775917] 
[0.9627995, 0.8753618] 
[1.1527306, 1.0293287] 
[1.1375625, 1.1259116] 
[1.1098905, 1.1423265] 
[0.9849194, 0.96350753] 
[0.8886037, 0.8865632] 
[1.0207579, 1.0257998] 
[1.0821211, 0.9958792] 
[1.1339657, 1.0138034] 
[1.0216138, 0.90823877] 
[1.1381626, 1.0610526] 
[1.0664114, 0.9705577] 
[1.0791625, 0.9406884] 
[1.193081, 1.1489573] 
[1.0840628, 1.1349543] 
[1.1236145, 0.96948785] 
[1.1474884, 1.1851358] 
[1.0330468, 0.94036674] 
[1.0875199, 0.9768666] 
[1.0876408, 0.9875561] 
[1.0986189, 1.0071367] 
[0.98490417, 0.90186155] 
[1.0410798, 1.0386267] 
[1.2458893, 1.2546732] 
[1.1231105, 1.1758146] 
[1.0212746, 1.0560541] 
[1.1293999, 1.2036848] 
[1.1658763, 1.052418] 
[1.133082, 0.99925363] 
[1.1045909, 0.99167526] 
[1.1579359, 1.0543041] 
[0.97885656, 0.8669414] 
[1.0711771, 1.1723087] 
[1.0383737, 1.1024098] 
[1.2256368, 1.1519907] 
[0.9864069, 0.934587] 
[1.1043081, 1.1150564] 
[1.2858171, 1.1137196] 
[1.2515478, 1.1007991] 
[1.1746752, 1.0545913] 
[1.0852224, 0.97451985] 
[0.9048627, 0.7814853] 
[1.096229, 1.1971912] 
[1.0822005, 1.0360811] 
[1.0021262, 1.0302641] 
[0.99965966, 0.9921458] 
[1.0841341, 1.1380997] 
[1.1163943, 0.96026456] 
[1.0659237, 0.92920935] 
[1.0606802, 0.91537] 
[1.0076827, 0.8744181] 
[1.0384185, 0.912831] 
[1.2727921, 1.269907] 
[1.0978479, 0.98051625] 
[1.151832, 1.0620952] 
[0.80666447, 1.0345352] 
[1.1169298, 1.0747489] 
[1.0766902, 0.95150644] 
[1.1094162, 0.9963797] 
[1.1621728, 1.0217087] 
[1.1566606, 1.0442975] 
[1.2262378, 1.1376905] 
[1.0570462, 0.9067409] 
[1.089738, 1.1140285] 
[1.0735399, 1.0295577] 
[1.0913541, 1.1662236] 
[1.0956411, 1.1181755] 
[1.0717793, 0.94655657] 
[1.1063145, 1.0134332] 
[1.0501423, 0.947962] 
[1.2408986, 1.1399894] 
[1.2553644, 1.1194348] 
[1.0784688, 1.1324825] 
[1.2328665, 1.258181] 
[1.089817, 1.1786203] 
[1.1265244, 1.0923451] 
[1.0413344, 1.020556] 
[1.3519958, 1.2108734] 
[1.1620393, 1.0345118] 
[1.0941789, 0.98611677] 
[1.193584, 1.1013983] 
[0.9751624, 0.87626195] 
[1.2200019, 1.201385] 
[1.0366834, 1.0230076] 
[1.0599614, 1.0405211] 
[1.1454428, 1.1791637] 
[1.1200758, 1.1515845] 
[1.254949, 1.1453261] 
[0.998892, 0.88802934] 
[1.1305003, 0.988322] 
[1.0646632, 0.9140029] 
[1.0699537, 0.9504516] 
[1.1024942, 1.0700133] 
[1.239896, 1.2458894] 
[0.9885889, 1.0785551] 
[1.0891402, 1.016062] 
[1.1036723, 1.0808372] 
[1.0554143, 0.9659644] 
[1.0520799, 0.95976263] 
[1.1821773, 1.0330796] 
[1.1857772, 1.0637351] 
[1.0713911, 0.96935415] 
[1.0987573, 1.1250095] 
[0.9658771, 0.9545246] 
[1.0364318, 1.0432305] 
[1.0261443, 1.0878611] 
[1.0023916, 0.9529301] 
[1.0421362, 0.93862414] 
[0.87166804, 0.77729964] 
[1.0456088, 0.90756077] 
[1.0780399, 0.96936846] 
[1.0654136, 0.9384307] 
[0.9650924, 1.01889] 
[0.97311413, 1.0392447] 
[0.9681655, 1.0746506] 
[1.0057461, 1.0067478] 
[1.2387446, 1.0784844] 
[1.0853571, 0.9636385] 
[1.028716, 0.9113886] 
[1.1939147, 1.0915774] 
[1.3293958, 1.1783103] 
[1.1322687, 1.0386858] 
[1.0820773, 1.0686071] 
[1.0375272, 0.9730059] 
[0.9754607, 1.0298734] 
[1.1302578, 1.0541325] 
[0.89782715, 0.92345154] 
[1.184725, 1.0680875] 
[1.1942205, 1.0705979] 
[1.179411, 1.0093846] 
[1.2435926, 1.1052423] 
[1.0730505, 0.97243017] 
[1.1795679, 1.2980032] 
[1.077216, 1.1791648] 
[0.913564, 0.8748606] 
[1.2709708, 1.312844] 
[1.0497164, 0.94519746] 
[1.12282, 0.9948776] 
[0.95473427, 0.7916289] 
[1.1888072, 1.0093876] 
[1.2194802, 1.0805283] 
[1.3137455, 1.1677266] 
[1.1973746, 1.2213991] 
[1.1485226, 1.0929852] 
[1.129038, 1.1487881] 
[1.0075425, 1.0182695] 
[0.9456674, 1.0727987] 
[1.298069, 1.1540896] 
[1.1027613, 0.98307884] 
[1.3001845, 1.1364648] 
[0.85237503, 0.74691474] 
[1.073945, 0.96412575] 
[1.2655348, 1.1921477] 
[1.2536733, 1.0541732] 
[0.9379425, 1.0309119] 
[1.2687621, 1.2328327] 
[0.9406439, 0.97964257] 
[0.92195153, 0.82306385] 
[1.0032488, 0.9196826] 
[1.0397819, 0.9779367] 
[1.0526844, 0.97938937] 
[0.94903207, 0.86521494] 
[1.1011193, 1.1090723] 
[1.0654578, 1.0483298] 
[1.0015635, 0.9825988] 
[1.060411, 1.1550999] 
[1.0944088, 1.0736668] 
[0.96822774, 0.89308596] 
[0.99985343, 0.92657065] 
[1.045574, 0.9683205] 
[0.9423789, 0.83039033] 
[1.0543873, 1.0070803] 
[1.1722784, 1.0203121] 
[1.05531, 1.0777336] 
[1.0447134, 1.0574019] 
[1.163202, 1.1750846] 
[1.0194292, 1.0013199] 
[0.9910606, 0.90135473] 
[1.1205987, 1.0165527] 
[1.0506687, 0.9685582] 
[1.079478, 0.98770756] 
[1.014377, 0.9267831] 
[1.071964, 1.0493948] 
[1.1095138, 1.1129875] 
[0.86099374, 0.85568786] 
[1.2868853, 1.1614885] 
[1.0544765, 1.035294] 
[1.0098308, 0.88188183] 
[1.1475103, 1.0441883] 
[1.1674654, 1.0420525] 
[1.2608358, 1.1429586] 
[1.2371814, 1.1056492] 
[1.0567894, 1.0655196] 
[0.99151266, 0.98309237] 
[1.0231442, 1.0919259] 
[1.1385546, 1.1163957] 
[1.0829672, 1.0289441] 
[0.99785435, 0.9096279] 
[1.0277132, 0.9429916] 
[1.0618448, 0.9767604] 
[1.1060928, 1.0310779] 
[1.1033533, 1.0463991] 
[1.1592486, 1.153625] 
[1.0832961, 1.0999043] 
[1.2013168, 1.2350535] 
[1.0594563, 1.1118927] 
[1.0013587, 0.90343714] 
[1.1765025, 1.0788095] 
[1.128135, 0.9992315] 
[1.165686, 1.038275] 
[1.07693, 0.8820243] 
[1.1414169, 0.98470896] 
[0.94310725, 0.98457944] 
[1.096294, 1.1174577] 
[1.0242867, 1.0294926] 
[1.0436736, 1.03414] 
[0.9855994, 0.94539666] 
[1.0908927, 0.9582863] 
[1.0951769, 0.97665876] 
[1.0885798, 0.99473083] 
[1.0325085, 0.9014785] 
[1.1544416, 1.0518328] 
[0.92029905, 1.0239465] 
[0.9825841, 0.9598609] 
[1.0580745, 1.068596] 
[0.98917776, 0.8800413] 
[0.9768499, 0.976131] 
[1.0415893, 0.9130666] 
[1.0628405, 0.91121256] 
[1.0666487, 0.9401979] 
[1.0272745, 0.9174455] 
[1.121397, 0.93896437] 
[1.100251, 1.1219857] 
[1.0247253, 0.9230372] 
[1.0663576, 1.2048453] 
[0.91853166, 0.8858039] 
[1.0166471, 1.013722] 
[1.0691992, 0.9841511] 
[1.030844, 0.93488514] 
[1.0678213, 0.9634771] 
[0.9730636, 0.8700757] 
[1.0921983, 1.0003207] 
[1.021657, 1.0264686] 
[1.1040871, 1.0666723] 
[0.926904, 0.8518528] 
[1.2439241, 1.1829953] 
[1.0432125, 1.0333221] 
[0.9767865, 0.8934716] 
[1.1246178, 1.0368474] 
[0.9747897, 0.89413273] 
[1.0644678, 0.9878056] 
[1.1082971, 1.0171001] 
[1.023952, 0.9495895] 
[1.1987436, 1.1916195] 
[0.99708736, 1.1297145] 
[1.1106427, 1.0270476] 
[1.0027401, 0.9597517] 
[1.2491313, 1.1151817] 
[1.0042627, 0.9076115] 
[1.1242304, 1.0185722] 
[1.0783796, 0.9479031] 
[1.0784054, 0.97276115] 
[1.2510883, 1.0856111] 
[0.9496522, 0.9970195] 
[1.1396229, 1.036965] 
[1.1570165, 1.1047184] 
[1.1475899, 1.1007929] 
[1.0133562, 0.9538333] 
[0.9357154, 0.87151027] 
[1.1175383, 1.0189874] 
[0.9343174, 0.8530158] 
[1.145609, 1.0119646] 
[1.0642781, 1.0348741] 
[1.0580809, 1.0811986] 
[1.2408884, 1.1306307] 
[0.9710138, 0.96049154] 
[1.0776091, 1.0951471] 
[1.0273114, 0.9303609] 
[1.0557935, 0.99445367] 
[0.9501344, 0.8675355] 
[1.1120312, 0.99566495] 
[1.1428661, 1.0496114] 
[1.1519601, 1.0452724] 
[0.9958979, 0.9523748] 
[1.0674057, 1.0682752] 
[1.0095758, 0.9764049] 
[1.2121031, 1.2675723] 
[1.1843356, 1.0835539] 
[1.228997, 1.0966928] 
[1.0481668, 0.9149308] 
[1.1046362, 0.9583948] 
[0.87389076, 0.76006377] 
[1.0803168, 1.002555] 
[0.94876385, 0.9187414] 
[0.973464, 0.9955818] 
[1.2101717, 1.2152685] 
[0.934044, 0.8618854] 
[1.157089, 0.9758967] 
[0.9808184, 0.9057903] 
[1.0339584, 0.93790877] 
[1.0834745, 0.9598955] 
[1.1005195, 0.9493995] 
[1.0473193, 1.1675936] 
[1.1253965, 1.0839303] 
[1.4077137, 1.3772106] 
[1.143522, 1.1680136] 
[1.0981708, 1.0045583] 
[1.2765231, 1.0924358] 
[1.3054308, 1.1134684] 
[1.3101522, 1.1142652] 
[1.2592393, 1.0667259] 
[1.0434284, 0.89702797] 
[1.095948, 1.1305174] 
[1.1213591, 1.0580004] 
[1.1198081, 0.98221004] 
[0.9209445, 1.0268154] 
[1.2386858, 1.1329417] 
[1.1705133, 0.98246336] 
[1.1065677, 0.9606747] 
[1.1867204, 0.9324932] 
[0.97993785, 0.8621819] 
[1.1052079, 0.9576335] 
[1.1769958, 1.3672037] 
[1.0839152, 1.014431] 
[0.9822774, 0.90408045] 
[1.0581338, 0.9757793] 
[0.9712163, 1.0022058] 
[1.2384319, 1.0688455] 
[0.98342705, 0.8854703] 
[1.211171, 1.092442] 
[0.9657928, 0.82752496] 
[1.2051647, 1.0718305] 
[0.9645629, 0.9816263] 
[0.91077095, 1.0852152] 
[1.0351686, 1.0390198] 
[1.0501761, 0.9997212] 
[1.1652496, 1.2210352] 
[1.0933397, 1.006694] 
[1.0214219, 0.8865441] 
[1.2207673, 1.0917578] 
[1.1833577, 1.0466402] 
[1.0268378, 0.9193306] 
[1.0683384, 1.0205554] 
[1.0260121, 1.0736227] 
[1.0293038, 1.0688363] 
[1.2050403, 1.1273565] 
[1.0128295, 1.0724739] 
[1.1087949, 1.0163958] 
[0.9937457, 0.8664394] 
[1.0962734, 0.9648805] 
[1.0832776, 0.96333003] 
[1.0569458, 0.97419] 
[1.1275556, 1.1941762] 
[0.9302825, 0.95234233] 
[1.1521688, 1.0798388] 
[1.0964367, 1.1225233] 
[1.1114491, 1.2228222] 
[1.06756, 0.9558104] 
[1.1145277, 0.9914096] 
[0.97245866, 0.85897374] 
[1.0632805, 0.94026196] 
[1.107644, 0.9917623] 
[1.051487, 0.9670614] 
[1.1085794, 1.1048428] 
[1.0812935, 0.98968947] 
[1.0662885, 1.049675] 
[0.9706489, 1.0437686] 
[1.12676, 0.98622334] 
[1.1371956, 1.001379] 
[1.103883, 0.97227347] 
[1.0405593, 0.92457235] 
[0.9184356, 0.7876656] 
[0.94582725, 1.0274047] 
[0.9410856, 0.8748411] 
[0.99392176, 1.0221791] 
[1.3210644, 1.1635368] 
[1.152047, 1.127183] 
[1.1533048, 0.933159] 
[1.0820152, 0.912902] 
[1.3300743, 1.1287615] 
[0.8995422, 0.754216] 
[1.0212607, 0.8735342] 
[1.2819271, 1.4232516] 
[1.1906457, 1.2217444] 
[0.9743571, 1.0423751] 
[1.2461724, 1.2647748] 
[1.0696709, 1.046693] 
[0.9103641, 0.8160712] 
[1.112565, 0.98257864] 
[1.1999425, 1.0702922] 
[0.91361475, 0.82253647] 
[1.103642, 1.012093] 
[1.0196143, 0.9574448] 
[0.97163486, 0.9340386] 
[1.066899, 1.0416269] 
[0.9830247, 1.0618916] 
[0.9106816, 0.9908755] 
[1.0484792, 0.95326424] 
[1.042444, 0.95697176] 
[1.192739, 1.0693212] 
[1.2912261, 1.1362619] 
[1.0120615, 0.92016685] 
[0.9915999, 0.9791769] 
[1.001692, 1.0162922] 
[1.1645012, 0.9459239] 
[1.1021167, 1.0893462] 
[1.037433, 1.003749] 
[0.9917653, 0.8999591] 
[1.0081213, 0.96603143] 
[0.9534697, 0.7960198] 
[1.0821834, 0.981935] 
[1.2697206, 1.1266932] 
[1.1907365, 1.0825413] 
[1.133151, 1.0863771] 
[1.032053, 0.9989423] 
[1.0471189, 1.0465814] 
[1.3626894, 1.034903] 
[1.0208933, 0.88847995] 
[1.3142425, 1.1448765] 
[1.2476006, 1.0792513] 
[1.209178, 1.0152222] 
[0.9805354, 0.83653235] 
[1.0332056, 1.1689103] 
[1.1685436, 1.09232] 
[1.1566292, 1.1454422] 
[0.9125823, 0.85925573] 
[1.146616, 1.2010908] 
[1.0171237, 0.9011891] 
[1.2551959, 1.0887728] 
[1.1020911, 0.9707445] 
[1.0781596, 0.947073] 
[1.0274298, 0.9093294] 
[1.2335205, 1.1942804] 
[1.081773, 0.97821665] 
[1.04774, 0.9877472] 
[1.0785314, 1.0750777] 
[1.0330054, 1.0208766] 
[1.1351554, 1.0022147] 
[1.0380325, 0.88319576] 
[1.1889946, 1.0191219] 
[1.0193019, 0.91969025] 
[1.0131763, 0.93703735] 
[1.1035717, 1.04124] 
[1.0171367, 1.0828593] 
[1.1639493, 1.0287831] 
[1.1903399, 1.1598116] 
[1.0613263, 1.0540168] 
[1.0064448, 0.868107] 
[1.2054851, 1.0234653] 
[1.4001313, 1.1560175] 
[1.3650496, 1.1673381] 
[0.9499115, 0.74029416] 
[1.2831154, 1.3241315] 
[1.0176122, 1.0166885] 
[1.1965061, 1.0374036] 
[0.8515709, 0.88170755] 
[1.054071, 1.1568344] 
[1.1469885, 0.9590222] 
[1.0498011, 0.8746491] 
[0.9268575, 0.7974535] 
[1.2346761, 1.0226349] 
[1.1635954, 0.9944926] 
[0.8853099, 0.9757786] 
[1.0542605, 0.9512866] 
[1.0143217, 0.94307697] 
[1.0673532, 1.1379455] 
[1.1952711, 1.2768309] 
[1.036219, 0.94370365] 
[1.2333403, 1.1113105] 
[0.93043816, 0.9002402] 
[1.1425352, 1.009055] 
[1.0662811, 0.9830916] 
[1.0045277, 1.0399375] 
[1.0230772, 1.1108452] 
[1.0517014, 1.0535842] 
[0.9664891, 1.0196362] 
[1.0589151, 0.9834816] 
[1.1552768, 1.0632877] 
[1.0557377, 0.91655964] 
[1.1035697, 0.94049287] 
[1.1618068, 0.9624673] 
[0.90711343, 0.7397572] 
[1.1929982, 1.105145] 
[0.91499764, 0.98338485] 
[1.226102, 1.0846933] 
[1.056989, 0.97247374] 
[1.1385837, 1.0699993] 
[1.132886, 0.9469105] 
[1.164655, 0.9841825] 
[1.1787434, 0.9987043] 
[1.1416824, 0.9641522] 
[1.1833284, 1.0360687] 
[0.9857267, 1.021327] 
[1.0805898, 1.0589854] 
[0.94359326, 0.9157953] 
[1.0124321, 1.1142368] 
[0.93483746, 0.9968829] 
[1.1338305, 0.9712689] 
[1.1159649, 0.9692259] 
[1.1465025, 0.9965179] 
[1.116391, 0.9340559] 
[1.0213451, 0.95458996] 
[1.0472194, 0.99872947] 
[1.0527186, 1.0390769] 
[1.147641, 1.1077725] 
[1.082603, 1.0733047] 
[1.1717881, 1.0967492] 
[1.0157781, 0.92035425] 
[1.0903628, 0.98427415] 
[1.0781807, 0.9983277] 
[1.1125273, 0.9875088] 
[1.0180105, 0.94141555] 
[1.1245513, 1.0948501] 
[1.0823925, 1.0417475] 
[0.97925806, 0.99964356] 
[0.9466951, 0.980778] 
[1.0896442, 1.1067371] 
[1.0259676, 0.9367579] 
[1.1684151, 1.0146888] 
[1.0989649, 0.97995937] 
[1.1939497, 1.0772159] 
[0.9495225, 0.8357842] 
[1.0556388, 1.0334578] 
[1.156869, 1.0306246] 
[1.1837509, 1.0281519] 
[1.2774372, 1.1640341] 
[1.1111286, 1.0493388] 
[1.275688, 1.1377249] 
[1.0484908, 0.9189884] 
[1.1507466, 0.9882233] 
[1.0970824, 0.9694881] 
[1.0779629, 0.90708065] 
[1.020523, 0.9432621] 
[1.1277211, 0.954721] 
[1.14888, 1.0894061] 
[1.1116807, 1.0510954] 
[1.0726968, 1.0057507] 
[0.9980915, 0.8843875] 
[1.0143269, 0.89890623] 
[1.2211851, 1.0810113] 
[1.3073686, 1.1908531] 
[1.0218196, 0.88959223] 
[1.0762588, 0.9442611] 
[1.0955873, 1.0658288] 
[0.8335815, 0.7158509] 
[1.4773827, 1.3405385] 
[1.0956213, 0.9704653] 
[0.9675803, 0.8089864] 
[1.0723605, 0.9230474] 
[1.2050893, 1.0359224] 
[1.1100899, 0.95448446] 
[1.1522071, 1.0843961] 
[1.0349941, 1.0193845] 
[1.2097632, 1.2572] 
[1.1297872, 0.98766446] 
[1.0488367, 0.9620401] 
[1.1264786, 1.046674] 
[0.94850576, 0.8662076] 
[0.90011823, 0.83747363] 
[1.0226214, 0.91066504] 
[1.1454892, 1.0320028] 
[1.0867348, 0.97020173] 
[1.0150063, 0.937384] 
[1.0803832, 1.0713097] 
[1.016466, 1.0333673] 
[1.1387638, 1.1546429] 
[0.96102303, 1.0072005] 
[1.1021976, 0.99119425] 
[1.056165, 0.94208646] 
[1.0666207, 0.90654206] 
[1.0441206, 0.8928664] 
[1.1130719, 0.9733728] 
[1.0687029, 1.077736] 
[1.1038148, 1.0960319] 
[1.0591571, 1.1364409] 
[1.0665938, 1.0388739] 
[1.1402735, 1.15533] 
[1.0858319, 0.9427464] 
[0.930309, 0.7754391] 
[1.1657084, 1.0424278] 
[0.9975245, 0.87565005] 
[1.1826208, 1.036287] 
[1.0299864, 1.0670893] 
[0.96596694, 1.0605721] 
[1.1847351, 1.1329205] 
[1.0861009, 1.1001126] 
[1.1354022, 1.0803679] 
[0.9910285, 0.90718496] 
[1.0681164, 0.96631354] 
[1.0525357, 0.97917295] 
[1.0260818, 0.9448479] 
[1.1300731, 1.0331018] 
[1.1100976, 1.0852199] 
[1.0399, 1.0449457] 
[1.0044715, 1.022364] 
[1.0813259, 0.9976912] 
[0.98985195, 0.93914384] 
[1.0887003, 1.0108562] 
[1.045557, 0.94947207] 
[1.0074077, 0.9254092] 
[1.1065645, 1.0092254] 
[1.052683, 0.95079035] 
[0.95231915, 0.9897392] 
[1.0755415, 1.0703166] 
[1.0589824, 1.0120804] 
[1.0963326, 0.9725598] 
[1.064414, 1.1256208] 
[1.1499126, 1.0388483] 
[1.0855176, 0.96678406] 
[1.1862848, 1.0509827] 
[1.075649, 0.95599496] 
[1.1900477, 1.0590355] 
[1.0760024, 1.1084676] 
[1.0657029, 1.1073165] 
[1.1175154, 1.0876833] 
[1.0918678, 1.0811265] 
[1.0080439, 1.0206909] 
[1.2495573, 1.0554154] 
[1.1156378, 0.9956237] 
[1.1074542, 0.9469203] 
[1.0901456, 0.9043801] 
[1.0700054, 0.92841023] 
[1.3168257, 1.3434513] 
[1.1270065, 0.9787391] 
[1.0705788, 1.0759424] 
[1.0101657, 0.9606104] 
[1.1044304, 1.253138] 
[1.1522343, 1.0278019] 
[1.0111668, 0.96389437] 
[0.93182075, 0.8377558] 
[1.0667856, 0.9477911] 
[1.0685718, 0.97244346] 
[1.0628915, 1.08838] 
[1.0394493, 1.0583599] 
[1.2035706, 1.0998619] 
[1.0426774, 1.0529976] 
[1.1592728, 1.0890155] 
[1.0259957, 0.9105917] 
[1.1594899, 1.032933] 
[1.186053, 1.086788] 
[1.076782, 0.98328286] 
[1.1395891, 1.0648718] 
[0.9852793, 1.0147092] 
[1.0207378, 1.0037811] 
[1.1691469, 1.1665637] 
[0.90796554, 0.9697597] 
[0.955201, 0.9356375] 
[1.0346915, 0.919557] 
[1.1064348, 0.9915215] 
[1.0610667, 0.9488795] 
[0.91220856, 0.76930517] 
[1.1346414, 1.0308964] 
[1.0148298, 0.9764798] 
[1.1548293, 1.1460104] 
[1.1175784, 1.1380444] 
[1.1312535, 1.1885011] 
[1.0535208, 1.177505] 
[1.0329101, 0.9620182] 
[1.1151378, 0.9676666] 
[0.9766395, 0.87640405] 
[1.0061761, 0.83121717] 
[1.0301032, 0.95095795] 
[1.0337565, 1.020909] 
[1.0002375, 0.9046998] 
[0.9682619, 1.0191721] 
[1.0492663, 1.0068634] 
[1.1016698, 1.1048] 
[1.1418376, 0.9839403] 
[1.2008654, 1.0806208] 
[1.1778202, 1.082404] 
[1.2061926, 1.0901339] 
[1.1729448, 1.0838866] 
[1.1510417, 1.0608282] 
[1.1365539, 1.0875762] 
[1.1298409, 1.076631] 
[0.9201174, 0.94449586] 
[1.0281646, 0.92606854] 
[1.0026469, 0.83386296] 
[1.0347748, 0.90355855] 
[1.1118003, 1.0308158] 
[1.1939311, 1.0837455] 
[1.1543387, 0.9986718] 
[1.1641469, 1.03009] 
[1.0860286, 1.0292025] 
[1.1551809, 1.0399796] 
[0.9689069, 1.035991] 
[1.0611959, 1.0013989] 
[1.0647079, 0.98567265] 
[1.097415, 0.99200326] 
[1.0733296, 0.95101625] 
[1.0703075, 0.9722973] 
[1.1635213, 1.0432246] 
[1.0916703, 0.9715425] 
[1.0596592, 1.077311] 
[1.1057143, 1.145972] 
[1.0683607, 1.0036585] 
[1.089051, 1.0250314] 
[1.1121843, 1.0175366] 
[1.1473305, 1.0385648] 
[1.1219683, 0.9908854] 
[0.95082855, 0.8416139] 
[1.138681, 0.99522805] 
[1.022041, 1.0431802] 
[1.1215566, 1.1032288] 
[1.0710876, 1.2419317] 
[0.97418344, 0.9232694] 
[0.96028984, 0.9646332] 
[1.345813, 1.2191948] 
[1.06672, 0.886961] 
[1.1159658, 0.9868404] 
[0.76207954, 0.6630467] 
[1.0633411, 0.96456784] 
