[1.0767078, 1.0370278] 
[1.2497635, 1.262047] 
[1.0667808, 1.0444125] 
[1.0682416, 1.0441263] 
[1.1652203, 1.0761489] 
[0.9625045, 0.8445189] 
[1.1517024, 1.0589921] 
[0.93366677, 0.83662784] 
[1.0753455, 1.0082917] 
[1.0951259, 1.0074574] 
[0.9653795, 0.9390254] 
[1.0507725, 1.0089327] 
[0.9613915, 0.9947549] 
[1.0105847, 1.0060399] 
[0.9032484, 0.9206277] 
[1.0729117, 0.99253565] 
[1.1440196, 1.0326287] 
[1.1765893, 1.008459] 
[1.0984142, 1.000355] 
[1.0195645, 0.8756057] 
[1.1260402, 1.084212] 
[0.9925702, 0.9859887] 
[0.9733243, 1.0664146] 
[1.059011, 1.0023866] 
[1.0713763, 1.0754439] 
[0.97132444, 0.85649604] 
[1.1766086, 1.0824211] 
[1.0245736, 0.9364195] 
[1.1845993, 1.0954548] 
[1.1278888, 1.0394859] 
[1.1225185, 1.1058247] 
[1.0788857, 1.0799067] 
[1.0878177, 1.0357609] 
[1.0215771, 0.99098486] 
[1.1247545, 0.9414462] 
[1.1035159, 0.9844768] 
[1.1282, 1.016089] 
[0.98850757, 0.82649124] 
[1.1395597, 1.0547163] 
[0.98071325, 0.87698585] 
[1.0752387, 1.1145434] 
[1.1254407, 1.1308033] 
[0.84701335, 0.7967353] 
[1.1914326, 1.1614075] 
[0.9218615, 0.911013] 
[0.9634202, 0.88182485] 
[1.207626, 1.1008558] 
[1.0397563, 0.92419183] 
[1.1241529, 1.0014216] 
[1.0106789, 0.87592673] 
[1.0389361, 1.0550408] 
[1.1297797, 1.0728487] 
[0.9753052, 0.95434356] 
[0.9373621, 0.83703035] 
[1.3179142, 1.2739903] 
[0.97168547, 0.8609637] 
[1.044563, 0.9761481] 
[0.99745226, 0.84371233] 
[1.1834497, 1.0885689] 
[0.937496, 0.856429] 
[1.2021439, 1.2234491] 
[0.9944199, 0.9811541] 
[1.183465, 1.1612283] 
[0.9830169, 0.980407] 
[1.1759138, 1.0713241] 
[1.2995298, 1.1564964] 
[0.99317515, 0.8657931] 
[1.2569915, 1.1160296] 
[0.8477427, 0.74779725] 
[1.2849008, 1.1635374] 
[0.9892232, 0.9673499] 
[1.0525016, 0.96773124] 
[1.090765, 1.0905848] 
[1.0642445, 1.0606682] 
[1.0591369, 0.9917767] 
[1.0063939, 0.9350729] 
[1.0904715, 0.96966434] 
[1.0475011, 0.94896466] 
[1.1087086, 0.9656899] 
[1.1125078, 1.0378209] 
[1.0581384, 0.9598392] 
[1.116514, 1.0317864] 
[1.1193109, 1.0288786] 
[1.070905, 1.1112828] 
[1.0812701, 1.1277951] 
[1.1906536, 1.0826788] 
[1.0540166, 0.9433559] 
[1.0635529, 0.96915764] 
[1.0389049, 0.94242114] 
[1.1509569, 1.0513179] 
[1.0191238, 1.052279] 
[1.1090479, 1.0256021] 
[1.0522474, 0.9637731] 
[1.0725075, 1.0315497] 
[0.9801197, 0.9942613] 
[0.9929005, 0.9237007] 
[0.91425216, 0.82037175] 
[0.9991331, 0.92237794] 
[1.0472536, 0.9715674] 
[1.1134152, 1.0132304] 
[1.066719, 1.0408216] 
[1.1595981, 1.1821564] 
[1.1793479, 1.1670173] 
[1.2164629, 1.1658224] 
[1.1262869, 1.022969] 
[1.1036112, 0.994333] 
[1.0339801, 0.94671214] 
[1.201463, 1.0772874] 
[1.0037036, 0.90992904] 
[0.9951924, 0.9228318] 
[1.160003, 1.1132343] 
[0.9152757, 0.8916694] 
[1.020414, 0.8734967] 
[1.0147026, 0.9899694] 
[1.0368885, 0.94903946] 
[0.9540309, 0.8867093] 
[1.093865, 0.9832049] 
[1.0413927, 0.9703223] 
[0.96439683, 0.87832606] 
[1.2077167, 1.0558099] 
[1.0351276, 0.9988867] 
[1.1605124, 1.0954093] 
[0.9364177, 0.85169137] 
[1.2489481, 1.2151184] 
[0.87150145, 0.8799974] 
[1.2156354, 1.1089575] 
[0.912536, 0.8319994] 
[1.1245942, 1.0065404] 
[1.1154233, 0.98436546] 
[1.0282681, 0.9608619] 
[1.0559989, 0.99178284] 
[1.0716554, 0.98931974] 
[1.1490116, 1.0798761] 
[0.9085764, 0.8500267] 
[1.211616, 1.1024563] 
[1.1045854, 1.0082912] 
[0.9903096, 0.9114846] 
[1.057769, 0.94905144] 
[0.9963395, 0.9234557] 
[1.0252562, 0.9477336] 
[1.0426788, 0.9821174] 
[1.0453358, 0.9708607] 
[1.1017995, 1.0697851] 
[1.1226264, 1.1100059] 
[1.0708206, 1.0960639] 
[1.1095531, 0.97661465] 
[1.1303416, 0.97143805] 
[0.97417784, 0.84795034] 
[1.1131246, 0.95991933] 
[1.0183859, 0.9084009] 
[1.3430762, 1.3131578] 
[1.0890048, 1.0567586] 
[1.20306, 1.0642033] 
[1.3477559, 1.3074942] 
[0.7800087, 0.73893553] 
[1.3949808, 1.2599075] 
[0.90944254, 0.7999044] 
[1.3469213, 1.2268974] 
[1.0514036, 0.96967757] 
[1.0821949, 1.0037199] 
[1.004137, 0.9553931] 
[1.0902175, 1.0451404] 
[1.0501299, 1.0701321] 
[0.89082736, 0.97378784] 
[1.3908459, 1.1952004] 
[0.8891672, 0.8112571] 
[1.0011144, 0.9345039] 
[1.0664635, 0.9927859] 
[1.0042201, 0.9148382] 
[1.0705031, 0.9138624] 
[0.9071295, 0.9295192] 
[1.3849931, 1.3142966] 
[0.8756295, 0.88665146] 
[1.1624861, 1.0969203] 
[1.0194526, 0.9954966] 
[1.0855615, 0.9731733] 
[1.0392698, 0.9342065] 
[0.96596515, 0.850136] 
[1.1801399, 1.0561674] 
[0.81037664, 0.70890594] 
[1.2691407, 1.2203641] 
[0.9887887, 0.9592833] 
[1.1933866, 1.2194897] 
[0.7699882, 0.6732718] 
[1.290546, 1.327558] 
[0.9923117, 0.9229605] 
[1.0293144, 0.93403107] 
[1.1109233, 0.95876694] 
[1.0872126, 1.0083743] 
[0.99890614, 0.9144912] 
[1.2129059, 1.1937089] 
[0.94323134, 0.9271437] 
[1.0464156, 1.0365591] 
[1.009105, 1.0793631] 
[1.1094735, 1.0420648] 
[1.1990244, 1.0969923] 
[1.1080202, 0.97953445] 
[1.0099387, 0.8866607] 
[1.1271069, 1.0020037] 
[0.95910215, 0.8633982] 
[1.2011557, 1.1259723] 
[0.95456266, 0.87295955] 
[1.1446197, 1.1879759] 
[0.96289074, 0.8457148] 
[1.2367355, 1.2548237] 
[0.8455613, 0.7437026] 
[1.4724145, 1.315375] 
[0.9120798, 0.7824202] 
[1.0435293, 0.9153492] 
[1.0122237, 0.9103869] 
[0.9531907, 0.89257276] 
[1.2106705, 1.176219] 
[1.0242718, 1.0042938] 
[1.0128686, 0.9916976] 
[1.077014, 1.0109546] 
[1.0509365, 0.9395404] 
[1.1565715, 1.0650373] 
[1.1299207, 1.0412685] 
[1.0064776, 0.9683833] 
[1.1738008, 1.0671589] 
[0.949286, 0.89628977] 
[1.0623623, 1.0129342] 
[1.0534776, 0.9430499] 
[1.0247085, 1.1713738] 
[1.117961, 1.0921303] 
[1.0920835, 0.94037485] 
[1.1478486, 1.0217497] 
[1.0717661, 0.9409267] 
[1.3552086, 1.1862087] 
[0.99820644, 0.82161176] 
[0.98436373, 0.72449166] 
[1.3787873, 1.2773923] 
[0.7346208, 0.7677032] 
[1.4854572, 1.3384068] 
[0.8349011, 0.8126962] 
[1.3046565, 1.191926] 
[1.0286343, 0.9306241] 
[1.15168, 1.0350115] 
[0.9809679, 0.8928154] 
[1.2128106, 1.1086382] 
[0.9618749, 0.94286585] 
[1.298617, 1.1911877] 
[0.8316426, 0.8256345] 
[1.1520426, 1.1679904] 
[1.1108383, 1.032099] 
[1.1096237, 1.0249081] 
[1.1212668, 1.0559211] 
[0.9786004, 0.8940572] 
[1.2326496, 1.1489177] 
[0.9586464, 0.8703135] 
[1.1281115, 1.0496025] 
[1.0142217, 1.0446005] 
[1.093806, 1.1263216] 
[1.0553008, 0.99318063] 
[1.0738895, 1.0348583] 
[1.0728767, 0.96249163] 
[1.0942099, 1.0485526] 
[1.0948951, 0.98323727] 
[1.065037, 0.99572134] 
[1.058638, 0.92439634] 
[0.97609496, 0.897279] 
[1.2374299, 1.1590166] 
[1.0896566, 1.0045701] 
[0.97749484, 0.9426885] 
[1.1476773, 1.1552191] 
[1.026768, 0.92789596] 
[1.2526996, 1.1265776] 
[1.0393765, 0.92118436] 
[1.0350732, 0.9086673] 
[1.1420381, 1.005468] 
[1.0237262, 1.0851666] 
[1.1064323, 1.0675699] 
[0.81515205, 0.84345585] 
[1.2953086, 1.2644962] 
[0.90090966, 0.8585946] 
[1.1343523, 1.0241084] 
[1.0850267, 1.0037355] 
[1.0764892, 0.9236577] 
[1.0039985, 0.8948108] 
[1.117883, 0.9774164] 
[0.91459733, 0.94986975] 
[1.0162953, 0.93337524] 
[0.83202815, 0.7793632] 
[1.0791312, 1.0605077] 
[1.1849385, 1.0594091] 
[1.1217394, 0.97797555] 
[1.12589, 0.90664583] 
[0.9483471, 0.8193909] 
[1.6558105, 1.4898491] 
[0.721735, 0.6553538] 
[1.1340725, 1.0915911] 
[0.96105576, 0.93735003] 
[0.98666304, 0.9599819] 
[1.1270456, 1.0991123] 
[1.0083554, 1.0379758] 
[1.0918298, 0.9866368] 
[1.2064588, 1.0827515] 
[0.96838987, 0.86802804] 
[1.2786888, 1.1652864] 
[1.0395633, 0.933784] 
[1.3256731, 1.1182061] 
[0.9031812, 0.8270737] 
[1.4900556, 1.3803588] 
[0.8965932, 0.96102035] 
[0.9194244, 0.9174204] 
[1.0936133, 0.9797644] 
[1.0610936, 0.9575412] 
[1.1328793, 1.0797104] 
[1.0746253, 0.92805034] 
[1.1111917, 0.97505] 
[1.1140747, 1.0575929] 
[1.0706313, 1.1587535] 
[1.0406145, 1.0481112] 
[1.0653706, 1.076266] 
[1.0430615, 0.94429314] 
[1.0290071, 0.8993869] 
[1.1196373, 0.9948716] 
[0.9935575, 0.8998004] 
[1.0498415, 0.96190476] 
[1.1132112, 1.0219657] 
[1.0963113, 1.0974957] 
[0.8897804, 0.92726034] 
[1.3453109, 1.2548923] 
[0.89872015, 0.84061205] 
[1.0086179, 0.9814029] 
[1.1630344, 1.0507492] 
[0.97371054, 0.8514873] 
[1.034734, 0.93409115] 
[1.0419621, 0.944335] 
[1.104523, 0.95883346] 
[1.1000617, 0.95817006] 
[1.0530498, 0.9972452] 
[1.0622587, 1.1130676] 
[1.0461051, 1.0471463] 
[1.3575388, 1.2132268] 
[0.91812474, 0.8003056] 
[1.2234418, 1.0930107] 
[0.9677046, 0.9018299] 
[0.9947496, 0.9095527] 
[1.0942254, 0.9783243] 
[1.1319969, 1.052697] 
[1.1025417, 1.046557] 
[1.0892473, 1.1462731] 
[1.2046466, 1.1290811] 
[1.03987, 1.1155626] 
[0.99777234, 0.8447782] 
[1.0510876, 0.86064684] 
[1.3663647, 1.2403841] 
[0.7653916, 0.6928754] 
[1.3649707, 1.22972] 
[1.1176114, 0.87477064] 
[1.4344707, 1.300385] 
[0.8838365, 0.8110573] 
[1.226453, 1.1375117] 
[1.0193386, 1.0667112] 
[1.2430558, 1.1283038] 
[1.0051315, 0.90341854] 
[1.0505419, 0.97138745] 
[1.0151792, 0.94346] 
[1.0240598, 0.93710506] 
[1.2596843, 1.1677637] 
[0.86364335, 0.95245343] 
[1.1891313, 1.0889459] 
[0.9197314, 0.9016334] 
[1.1086955, 1.1449564] 
[1.0301446, 0.9267922] 
[1.0005875, 0.9190427] 
[1.161854, 1.0806522] 
[0.8205416, 0.70812917] 
[1.4203918, 1.2914777] 
[0.9898168, 0.9055637] 
[1.0582496, 1.0832634] 
[1.0839027, 0.971952] 
[1.2162838, 1.1755376] 
[1.034981, 0.96727467] 
[0.974692, 0.8914741] 
[1.1667589, 1.0975257] 
[0.991927, 0.8843112] 
[1.0739888, 0.94580483] 
[1.0340133, 0.93924284] 
[1.114743, 1.1780496] 
[0.9794541, 0.92906123] 
[1.0250796, 0.91842234] 
[1.1872947, 1.0534787] 
[1.019663, 0.8652294] 
[1.2559072, 1.095798] 
[0.90760213, 0.8302901] 
[1.1856582, 1.0941023] 
[1.0749733, 0.9984576] 
[0.8257023, 0.77402663] 
[1.3017302, 1.3562804] 
[0.8767017, 0.8920947] 
[1.1387143, 1.1597106] 
[0.944468, 0.9694135] 
[1.1469448, 1.1593938] 
[0.9280602, 0.80666476] 
[1.2484026, 1.1335332] 
[0.9087758, 0.86761445] 
[1.1418903, 1.0575942] 
[1.0166522, 0.94995916] 
[1.0726619, 1.0719445] 
[0.96785957, 1.0467205] 
[1.0331075, 1.02315] 
[1.1229568, 1.106478] 
[1.0721145, 1.026742] 
[1.1219285, 1.0506761] 
[1.0507376, 0.95317507] 
[1.0597398, 1.031961] 
[1.0216213, 0.9314101] 
[1.1955259, 1.0904311] 
[1.0271893, 1.0569218] 
[1.0608704, 1.087909] 
[1.0260811, 1.0125111] 
[0.9321612, 0.97657216] 
[0.9643805, 1.0402429] 
[1.051291, 0.9489045] 
[1.0986775, 1.0073087] 
[1.030265, 0.9344173] 
[1.0301615, 0.908447] 
[0.9642968, 0.854569] 
[1.1174532, 1.0877084] 
[0.97533125, 0.9371563] 
[1.0256274, 0.9716134] 
[1.0577786, 0.99842477] 
[1.1952581, 1.2077975] 
[0.97570443, 0.91266716] 
[1.076687, 0.97072464] 
[1.1649699, 1.0065212] 
[0.92983425, 0.8690518] 
[1.0448887, 0.93987536] 
[1.0983448, 1.0172474] 
[1.0951793, 1.0536625] 
[0.99660933, 0.9477593] 
[1.2905122, 1.2628919] 
[0.94535875, 0.97390836] 
[1.0624368, 0.9988651] 
[1.1369987, 1.0297796] 
[1.1308529, 0.9799812] 
[0.95669466, 0.8205533] 
[1.3556755, 1.2388377] 
[0.98273504, 0.9539827] 
[1.1545076, 1.1473336] 
[1.0777934, 0.99598104] 
[1.2126575, 1.2242906] 
[1.032244, 0.95716166] 
[1.0509778, 0.9287715] 
[0.9596659, 0.8376677] 
[1.0520353, 0.9521093] 
[0.93455327, 0.8287313] 
[1.1505778, 1.027863] 
[1.0843825, 0.98984635] 
[1.0648761, 0.94711506] 
[1.2900581, 1.2130653] 
[0.95445806, 0.92000306] 
[1.0854294, 1.07956] 
[0.9894032, 0.8854198] 
[1.177592, 1.0816457] 
[1.0019988, 0.9139507] 
[1.2109392, 1.0734713] 
[1.0042593, 0.8581816] 
[0.9361385, 0.9192797] 
[1.1177206, 1.0479065] 
[1.0205178, 1.0578887] 
[1.0626221, 1.0099723] 
[1.0651343, 1.0179925] 
[1.0483174, 0.9315255] 
[1.2274286, 1.1612811] 
[1.0578619, 0.88659525] 
[1.3443551, 1.202225] 
[1.0548402, 0.90835845] 
[1.1747271, 1.078335] 
[1.0448349, 0.98174536] 
[0.92993355, 0.90342534] 
[1.348938, 1.2715709] 
[0.86818564, 0.8289648] 
[1.2364217, 1.0947461] 
[0.9235417, 0.85482657] 
[1.0847085, 0.9995044] 
[1.1500342, 1.0316851] 
[1.0582807, 0.9546112] 
[1.0732559, 1.0466403] 
[0.9880866, 0.9927192] 
[1.042567, 1.0418683] 
[1.1143048, 1.0625155] 
[1.2075205, 1.0532266] 
[1.0379529, 0.8623512] 
[1.0640631, 0.9150272] 
[1.2638674, 1.14314] 
[0.87599033, 0.8022034] 
[1.1662009, 1.0815787] 
[1.0626017, 1.0428705] 
[1.0941334, 1.094982] 
[1.0001857, 0.96857667] 
[1.1463935, 1.0848047] 
[0.9901806, 0.98740774] 
[1.13185, 1.0589843] 
[1.1138089, 1.0179682] 
[0.9427707, 0.88838875] 
[1.2389882, 1.1572425] 
[0.98945147, 0.8445132] 
[1.205802, 1.1744002] 
[0.9557245, 1.0203829] 
[1.0443239, 1.061907] 
[1.0514328, 1.0359031] 
[1.1483445, 0.9962292] 
[1.0635909, 0.9861893] 
[1.3403966, 1.1710703] 
[0.9069166, 0.85359466] 
[1.27476, 1.1455557] 
[1.0446895, 0.9379997] 
[0.9881103, 0.8809043] 
[1.138302, 1.1663156] 
[0.95582604, 1.0085714] 
[1.0851558, 1.0846574] 
[0.9495083, 0.92978764] 
[1.2187798, 1.0901277] 
[0.964645, 0.8682368] 
[1.1235089, 1.084586] 
[1.0567417, 0.9632815] 
[0.9465222, 0.8405879] 
[1.0753229, 1.056932] 
[0.9770658, 0.9621052] 
[1.0746541, 1.0604854] 
[1.1574347, 1.0207101] 
[1.2627878, 1.0993558] 
[1.0000198, 0.85963345] 
[1.1545386, 1.0641401] 
[0.99252325, 0.89270216] 
[1.1250525, 0.9748658] 
[1.0967673, 1.0033181] 
[1.1503159, 1.0825117] 
[0.999724, 1.021178] 
[1.1225464, 1.0621936] 
[0.95024997, 1.0244036] 
[1.0070883, 1.0065578] 
[1.041518, 0.9509287] 
[1.1744634, 1.0282769] 
[0.8801998, 0.7900189] 
[1.0918734, 0.9566474] 
[0.97347856, 0.8830161] 
[1.101757, 1.0227249] 
[1.2082317, 1.19591] 
[0.86398387, 0.8689703] 
[1.1299075, 1.071455] 
[1.0554681, 1.0014154] 
[1.1695192, 1.0288336] 
[1.0214663, 0.89859223] 
[1.114003, 1.0139651] 
[1.1805813, 1.0586863] 
[1.1258427, 1.0527928] 
[1.0086603, 0.9999007] 
[1.0999815, 1.1416926] 
[0.9226451, 0.89002085] 
[1.1815312, 1.1109035] 
[1.0352868, 0.9949939] 
[1.0670722, 0.93900394] 
[0.9955382, 0.85241175] 
[1.2125418, 1.1261551] 
[0.9361677, 0.90325886] 
[1.2028365, 1.0917035] 
[0.8617616, 0.8472872] 
[1.1440159, 1.1389747] 
[1.0877831, 1.0822114] 
[0.9936054, 0.9701058] 
[1.1064639, 1.0832467] 
[1.0195127, 0.8845422] 
[1.2223442, 1.0788002] 
[1.0363903, 0.89686376] 
[1.1730034, 1.0629916] 
[0.962012, 0.855479] 
[1.091394, 1.0739423] 
[1.0054141, 1.0248632] 
[1.0202565, 1.0244379] 
[1.1488614, 1.1304044] 
[1.0974752, 1.1209596] 
[0.9636532, 0.8643001] 
[1.1175075, 0.9755738] 
[1.0437177, 0.94926584] 
[1.1993406, 1.0381464] 
[1.0796919, 0.95832855] 
[1.1375592, 1.0931697] 
[0.9376358, 0.92933047] 
[1.1425222, 1.1570497] 
[1.0427902, 1.0206956] 
[1.0784435, 1.0093951] 
[1.0823112, 0.9986673] 
[0.9525053, 0.87662244] 
[1.0799408, 1.0290926] 
[1.0802863, 0.9568207] 
[1.1068516, 1.0263495] 
[0.96351683, 0.87047666] 
[1.2964785, 1.271964] 
[0.8308607, 0.79604983] 
[1.2050376, 1.1280713] 
[1.0635829, 1.0167303] 
[1.0791819, 0.98109895] 
[1.0663109, 0.96082026] 
[1.0852709, 1.0113913] 
[1.1357089, 1.0565413] 
[0.8894444, 0.7975893] 
[1.3973367, 1.2414339] 
[0.82228756, 0.8371818] 
[1.1828009, 1.1571422] 
[0.8783163, 0.86862] 
[1.1662993, 1.1975334] 
[0.9667586, 0.9099374] 
[1.1723446, 1.0782466] 
[0.9369818, 0.8326318] 
[1.1006914, 0.9730467] 
[1.1498636, 1.0709342] 
[1.0739062, 0.99634343] 
[1.0937872, 1.0517752] 
[0.9069925, 0.873794] 
[1.2846081, 1.1953635] 
[1.1156298, 1.0557767] 
[0.9661145, 0.8281262] 
[1.2978487, 1.1401057] 
[1.1191552, 1.0166352] 
[1.036519, 0.9281064] 
[1.1358349, 1.0522089] 
[1.186332, 1.0696423] 
[1.1637402, 1.1032628] 
[1.1492991, 1.2076299] 
[0.9837055, 0.8712719] 
[1.2886522, 1.3047585] 
[0.82630247, 0.7484758] 
[1.2816226, 1.1935381] 
[1.0605049, 0.9610146] 
[1.0380394, 0.9343293] 
[1.040674, 0.9146832] 
[1.1326067, 1.1053935] 
[1.0244324, 1.0094323] 
[1.2182636, 1.1463104] 
[1.0055134, 0.9297004] 
[1.0377347, 0.99701095] 
[1.0456953, 0.9650122] 
[1.0164939, 0.9465516] 
[1.0294735, 0.90319645] 
[1.0585518, 0.97515607] 
[1.0653529, 0.97508836] 
[1.1031778, 1.005018] 
[1.137507, 1.1119412] 
[0.8670123, 0.86723304] 
[1.1611869, 1.1367298] 
[0.90404254, 0.8326698] 
[1.2772608, 1.1693146] 
[0.92723304, 0.85689163] 
[1.1089065, 1.0288885] 
[0.9836673, 0.89026606] 
[1.1361499, 0.98212934] 
[0.9868062, 1.0440667] 
[1.2774312, 1.1542928] 
[0.9785264, 0.913975] 
[1.1361098, 1.0888113] 
[1.1860094, 1.242757] 
[1.0403835, 0.93523675] 
[0.97496283, 0.85038173] 
[1.1816198, 1.0757132] 
[1.0603971, 0.947963] 
[1.1372218, 1.0257009] 
[0.9081898, 0.9350426] 
[1.1094722, 1.0493424] 
[1.0009582, 1.0424248] 
[1.14346, 1.1557171] 
[0.9644197, 0.91904837] 
[1.1476822, 1.0834095] 
[1.0262846, 0.9314231] 
[1.2201124, 1.1074032] 
[1.0572526, 0.9409766] 
[1.1169202, 1.0121051] 
[1.0917165, 1.027287] 
[0.9460914, 0.8840248] 
[1.3707757, 1.3491027] 
[0.9809052, 0.9010992] 
[1.1944914, 1.186512] 
[0.98012125, 0.8641137] 
[1.0884205, 0.99036616] 
[1.2931927, 1.1210804] 
[1.0702102, 0.94097674] 
[1.065803, 0.95143676] 
[1.1266577, 1.072839] 
[1.0310781, 1.0422201] 
[1.0644168, 1.034424] 
[1.0710262, 1.0191424] 
[1.1292777, 1.1714808] 
[1.1654212, 1.05756] 
[0.99825, 0.88600695] 
[1.1166611, 1.0316317] 
[1.0491419, 0.9820975] 
[1.0983205, 0.99339044] 
[0.95639235, 0.9257773] 
[1.2195377, 1.1606448] 
[0.95226973, 0.92335147] 
[1.2758462, 1.1515527] 
[0.8108294, 0.8617552] 
[1.3152301, 1.1317657] 
[0.76677036, 0.668432] 
[1.2152239, 1.0967181] 
[1.0964341, 0.9871091] 
[0.96766555, 0.83341503] 
[1.069576, 0.9705657] 
[0.9097427, 0.90808] 
[1.1123164, 1.045136] 
[1.0006272, 0.8907434] 
[1.3617783, 1.3273482] 
[0.9025066, 0.7792984] 
[1.1298451, 1.0147157] 
[0.9841298, 0.86436236] 
[1.2129917, 1.1077962] 
[1.0600448, 0.9861858] 
[1.1222229, 1.1237355] 
[1.0897819, 1.0334245] 
[1.0162036, 1.0376798] 
[1.0904238, 0.9994189] 
[1.1545866, 1.0995607] 
[0.9739176, 0.8751345] 
[1.0610342, 0.9642713] 
[1.1707995, 1.0484307] 
[1.0402467, 0.88607585] 
[1.0810844, 0.94698334] 
[0.9821288, 0.9906453] 
[1.2090364, 1.1542166] 
[1.0656458, 0.93635434] 
[1.1679208, 1.1525308] 
[0.94572103, 0.88531697] 
[1.3536266, 1.2199029] 
[0.8604906, 0.7525064] 
[1.2291048, 1.0803342] 
[1.0857965, 0.9754009] 
[1.0133519, 0.8993796] 
[1.1182355, 1.0942291] 
[1.0264511, 0.9423955] 
[1.0096438, 0.9874569] 
[1.1841447, 1.0758271] 
[0.9758149, 0.92090434] 
[1.0108414, 0.9734034] 
[1.1644087, 1.0410901] 
[1.0383563, 0.91887826] 
[1.0670445, 0.94733196] 
[1.016329, 0.9041666] 
[0.9816128, 0.9450798] 
[1.272424, 1.2367942] 
[0.95491743, 0.91659623] 
[1.0204098, 0.976081] 
[0.99771386, 1.0000868] 
[1.1213466, 1.039105] 
[0.8611784, 0.7789613] 
[1.2244751, 1.0874869] 
[0.99099493, 0.87621593] 
[1.0325413, 0.9087273] 
[1.0130436, 1.0001793] 
[1.1611855, 1.1659884] 
[0.93770945, 0.9218447] 
[1.1638565, 1.1724583] 
[0.92197776, 0.870123] 
[1.2992091, 1.1708121] 
[0.96955895, 0.8456663] 
[1.0744776, 0.93613434] 
[1.0528092, 0.93710846] 
[1.1825577, 1.0883856] 
[1.0372587, 1.008718] 
[1.1744424, 1.1635432] 
[1.0027227, 0.97102976] 
[0.9933165, 0.9518826] 
[1.085643, 1.0081635] 
[0.9709563, 0.91829675] 
[1.0297732, 0.95723677] 
[1.0342363, 0.9389665] 
[1.0345113, 0.9440022] 
[0.96587247, 0.89425313] 
[1.0008998, 1.0302291] 
[0.9652089, 0.9532773] 
[1.1846771, 1.1106284] 
[0.9138745, 0.9344546] 
[1.0530624, 1.0397618] 
[0.98992866, 0.92044026] 
[0.9394352, 0.8663727] 
[1.1199831, 1.0114605] 
[1.0274444, 0.90749204] 
[1.0272694, 0.9779749] 
[1.0892131, 0.9998131] 
[1.0891733, 1.117178] 
[0.90443885, 0.96468747] 
[1.0727632, 1.0727568] 
[1.1748443, 1.0752152] 
[0.8851485, 0.7741289] 
[1.3092566, 1.2125411] 
[0.95893633, 0.8828682] 
[1.2030513, 1.1144687] 
[0.8919965, 0.7892437] 
[1.286028, 1.2391915] 
[0.95744646, 0.94620764] 
[1.0414367, 1.0300214] 
[1.1717427, 1.1482687] 
[0.9810273, 0.91796535] 
[1.209779, 1.1276392] 
[1.0503299, 0.9437442] 
[1.1085247, 0.972955] 
[0.92049456, 0.8122599] 
[1.21175, 1.041264] 
[1.0694621, 1.0086061] 
[1.3123194, 1.2654941] 
[1.0331986, 0.93686426] 
[1.2030851, 1.15858] 
[1.035229, 0.9343125] 
[1.2481341, 1.0563037] 
[0.92366534, 0.7718302] 
[1.5177312, 1.3112545] 
[0.794972, 0.7335179] 
[1.267093, 1.1705315] 
[1.0209165, 0.97384405] 
[0.995587, 0.9830481] 
[1.0355287, 1.0832582] 
[1.0683762, 1.0198683] 
[1.0362384, 0.98766243] 
[1.0829905, 0.9922689] 
[0.99701434, 0.93398416] 
[1.0339336, 0.97112787] 
[1.0868672, 0.98948467] 
[1.1245847, 1.0722854] 
[1.1214263, 1.0862982] 
[0.94117594, 0.9290353] 
[1.3230374, 1.3298087] 
[0.9012713, 0.92650664] 
[1.2328188, 1.1920207] 
[1.0861421, 0.95661587] 
[1.1095351, 0.96642053] 
[0.9183074, 0.8340649] 
[1.0904753, 1.0134943] 
[1.0254087, 0.9597049] 
[0.9681889, 0.9485872] 
[1.1519784, 1.110282] 
[1.0817167, 1.0667574] 
[1.0601246, 1.0793669] 
[1.0635173, 1.0747092] 
[0.93423474, 0.87778485] 
[1.0747395, 1.0117016] 
[1.1131814, 0.98813784] 
[1.046894, 0.98510385] 
[1.140678, 1.0908656] 
[1.0407648, 1.0879552] 
[1.0779841, 1.0444964] 
[1.1238202, 1.0978211] 
[1.0623934, 1.0125718] 
[1.0655729, 1.1078947] 
[1.0767422, 1.0129399] 
[0.9714296, 0.90025073] 
[1.0890057, 1.021857] 
[0.9913728, 0.9408625] 
[1.1822197, 1.0450685] 
[1.0094651, 0.93477017] 
[1.266149, 1.2557669] 
[0.743243, 0.69858766] 
[1.1872014, 1.1457785] 
[1.0322565, 1.0010495] 
[1.0969849, 1.0091208] 
[1.0868578, 0.94836086] 
[0.9023838, 0.8435109] 
[1.1636987, 1.0714297] 
[1.0446577, 0.928444] 
[1.269598, 1.1903014] 
[1.0308514, 0.96148074] 
[1.1921546, 1.213628] 
[1.1473993, 1.1369224] 
[1.17432, 1.1525078] 
[0.93809086, 0.8207493] 
[1.0973535, 0.9975461] 
[1.0211396, 0.9209118] 
[1.250602, 1.1026351] 
[0.9459058, 0.8347119] 
[1.3628464, 1.2646801] 
[0.7775227, 0.85492545] 
[1.3496903, 1.278084] 
[1.0105255, 0.94573516] 
[1.0171294, 1.0390986] 
[1.0251768, 0.9317222] 
[1.1983596, 1.0405287] 
[1.0835495, 0.9824563] 
[1.2555397, 1.0448005] 
[0.9798504, 0.8761513] 
[1.0938482, 1.1777956] 
[0.8666406, 0.8153297] 
[1.3156878, 1.2308278] 
[0.8649027, 0.8360851] 
[1.1798828, 1.1511408] 
[0.94495195, 0.8619881] 
[1.0388293, 0.92730427] 
[1.0002881, 0.8946761] 
[1.0569905, 0.9228312] 
[1.1433575, 1.0518926] 
[1.0334349, 1.0292996] 
[0.9940117, 0.9694446] 
[1.0814817, 1.0871603] 
[1.0177346, 0.9271064] 
[1.0233134, 0.93375075] 
[1.1415188, 1.0554879] 
[0.91957915, 0.8203745] 
[1.2369943, 1.1070268] 
[1.0359912, 0.89494723] 
[1.1743101, 0.9765483] 
[1.1481674, 1.0400784] 
[1.071728, 1.0571704] 
[1.2102768, 1.1312139] 
[0.8822374, 0.85422504] 
[1.1406071, 1.0944517] 
[0.9942833, 0.88643706] 
[1.1240122, 1.0390093] 
[1.2568593, 1.1620338] 
[0.9810442, 0.87383384] 
[1.1564603, 1.0280907] 
[1.0272663, 0.8724967] 
[1.2405229, 1.1990509] 
[0.88980246, 0.96886235] 
[1.213169, 1.0754132] 
[1.0584838, 0.94533646] 
[1.16275, 1.0125339] 
[0.9816152, 0.85752535] 
[1.0695854, 0.9184209] 
[1.1603276, 1.0347443] 
[1.0343225, 0.94387627] 
[1.180512, 1.1639967] 
[0.9280802, 0.8501104] 
[1.1621126, 1.0953606] 
[0.8703509, 0.79371345] 
[1.250816, 1.1781218] 
[1.0205555, 0.8825536] 
[1.177931, 1.131492] 
[1.0349774, 0.93956935] 
[0.9839406, 0.94696134] 
[0.9284843, 0.8594595] 
[0.95784694, 0.8961103] 
[1.0727304, 0.9449363] 
[1.1484373, 1.1046498] 
[1.0674404, 1.0459914] 
[1.1128358, 1.2074795] 
[0.9794971, 0.8753326] 
[1.1981869, 1.0927899] 
[0.9930476, 0.90124357] 
[0.88819516, 0.8094104] 
[0.9991888, 0.8752785] 
[1.0602291, 1.1354427] 
[1.0155923, 1.0253637] 
[1.0331258, 1.017642] 
[1.083916, 1.0050077] 
[1.1425989, 1.026407] 
[1.1804496, 1.0879924] 
[0.9559481, 0.86769515] 
[1.4298173, 1.2735397] 
[0.8306389, 0.8101938] 
[1.3165902, 1.2099092] 
[0.9018972, 0.9724912] 
[0.87624717, 0.8738155] 
[1.0383368, 1.0354992] 
[0.9611324, 0.8567016] 
[1.0571814, 1.0772843] 
[1.1208313, 1.0208845] 
[1.0625477, 0.91350716] 
[0.9735334, 0.8729368] 
[1.1280305, 0.9842131] 
[0.9339969, 0.800418] 
[1.1334723, 1.1511488] 
[1.0203699, 1.0414429] 
[0.9816661, 0.9962053] 
[1.1070225, 1.0872751] 
[0.99867684, 1.0230396] 
[1.092596, 0.956874] 
[1.0614276, 0.90761393] 
[1.1675459, 1.0207489] 
[0.83385146, 0.7157606] 
[1.3539532, 1.2331098] 
[1.0741152, 1.0848205] 
[1.0343152, 1.055726] 
[0.9449761, 0.9016104] 
[1.1841205, 1.1415908] 
[1.1610751, 1.1503782] 
[0.9952958, 0.9044452] 
[1.1400172, 1.0362062] 
[0.9855977, 0.9008181] 
[1.1301405, 0.9989499] 
[1.1860789, 1.1242008] 
[1.0750911, 0.98859304] 
[1.0330694, 1.0313334] 
[1.0082127, 1.0097678] 
[1.0907804, 0.98427904] 
[1.0626945, 1.0090966] 
[0.947804, 0.8705961] 
[1.0982254, 1.0296342] 
[1.112213, 1.0544691] 
[1.0817168, 0.95946217] 
[1.0147877, 0.93696356] 
[1.0788803, 1.0380353] 
[1.1225986, 1.0766819] 
[1.0159571, 1.0239415] 
[1.1115919, 1.1412171] 
[0.9572778, 0.91806734] 
[1.065121, 0.91976285] 
[1.3311433, 1.167537] 
[0.83247304, 0.7431524] 
[1.2125754, 1.116952] 
[0.9129408, 0.7835455] 
