[2.0167723, 0.8907226, 1.0692129, 0.05683674]
[2.0534217, 0.90245295, 1.0924225, 0.058546294]
[1.7904849, 0.8313324, 0.9126691, 0.046483412]
[1.8947731, 0.7836698, 1.0546702, 0.056433126]
[1.9047682, 1.0617046, 0.7901223, 0.05294133]
[1.8582567, 0.8393977, 0.9664384, 0.05242054]
[2.0118194, 1.0630034, 0.894501, 0.05431509]
[1.9541321, 1.02423, 0.87728494, 0.052617036]
[1.8682433, 0.8682418, 0.9399557, 0.060045794]
[1.9911262, 0.8028134, 1.1255418, 0.06277097]
[1.9336773, 1.0116513, 0.85948116, 0.06254493]
[1.9978751, 1.1122122, 0.83075136, 0.05491148]
[1.869176, 0.8346784, 0.9818457, 0.05265204]
[1.8364546, 0.9473928, 0.8384509, 0.050610878]
[1.8962332, 0.9571506, 0.8819964, 0.05708619]
[1.8385612, 0.801965, 0.9795874, 0.057008825]
[1.9707307, 1.0091535, 0.9048004, 0.056776762]
[1.8493674, 0.91234183, 0.88052654, 0.056499034]
[2.0490928, 0.9244116, 1.0662451, 0.058436275]
[1.9728459, 1.0113872, 0.9088563, 0.052602362]
[2.0324826, 0.9856962, 0.9933058, 0.053480715]
[1.9050978, 1.0111278, 0.8418019, 0.05216813]
[2.0126224, 0.9702982, 0.9846597, 0.057664633]
[1.8037951, 0.83457005, 0.91368175, 0.055543248]
[1.9818058, 0.95368785, 0.97265214, 0.055465776]
[2.07126, 0.8944448, 1.1216588, 0.05515629]
[2.0880115, 1.1231196, 0.91152537, 0.053366397]
[1.9366211, 0.95316726, 0.9312382, 0.05221574]
[1.9844834, 1.0448425, 0.89196646, 0.04767438]
[1.8126072, 0.99202394, 0.7755954, 0.044987842]
[1.9304545, 0.8217633, 1.0580595, 0.050631814]
[1.9530072, 0.94067186, 0.9606827, 0.05165264]
[1.9090277, 0.85027987, 1.0087903, 0.04995766]
[1.835676, 1.0298526, 0.75580996, 0.050013363]
[1.8601854, 0.74846566, 1.0556602, 0.056059524]
[2.0423646, 1.0365376, 0.94999665, 0.05583018]
[1.8168256, 0.75364, 1.0052333, 0.057952445]
[1.8313981, 0.8873718, 0.8844619, 0.05956442]
[1.9718302, 0.83309805, 1.0743188, 0.06441341]
[1.7444361, 0.8084356, 0.88264, 0.05336062]
[2.0187237, 0.83817995, 1.1239679, 0.0565759]
[1.8683215, 0.92885846, 0.88486755, 0.054595537]
[1.8287127, 0.93071175, 0.8382557, 0.059745368]
[1.9076385, 0.82691866, 1.0232457, 0.057474166]
[1.9491997, 1.014979, 0.87561905, 0.058601618]
[1.9238224, 1.0415548, 0.81652087, 0.065746784]
[1.8590723, 0.9125137, 0.89025295, 0.056305766]
[1.9192107, 0.907653, 0.94951713, 0.062040567]
[1.9855142, 0.9884021, 0.93779516, 0.05931682]
[1.8726311, 0.8374599, 0.98050463, 0.054666474]
[1.8444208, 0.9143677, 0.86490124, 0.065151796]
[1.9892306, 0.99225986, 0.93542266, 0.061548073]
[1.8859975, 0.96068984, 0.8735241, 0.0517836]
[1.9843271, 0.9128906, 1.0150585, 0.05637788]
[1.9634631, 0.9910588, 0.91090107, 0.06150315]
[1.9372532, 0.99730736, 0.88413846, 0.055807307]
[2.0333729, 1.0222368, 0.9589844, 0.052151576]
[2.0060377, 0.8810708, 1.0705655, 0.054401316]
[1.9033571, 0.8804019, 0.9722599, 0.05069533]
[2.055488, 0.9989543, 1.0007311, 0.05580277]
[2.0475373, 1.1190081, 0.87696075, 0.0515685]
[2.0266151, 0.88229764, 1.0984395, 0.045878068]
[2.0009694, 0.9857342, 0.966725, 0.04851025]
[1.941343, 1.0018296, 0.89369464, 0.045818742]
[1.9483268, 0.9859147, 0.9167023, 0.045709856]
[1.9978019, 1.0043633, 0.9460935, 0.047344998]
[1.9650631, 0.94415176, 0.9754783, 0.04543302]
[1.84271, 0.87998855, 0.9144315, 0.048290018]
[1.8950838, 0.92048764, 0.9222635, 0.052332617]
[1.9183774, 0.84668946, 1.023244, 0.04844389]
[1.8729523, 0.8269713, 1.0034237, 0.04255738]
[1.9375521, 0.9974994, 0.8925423, 0.047510393]
[1.9381516, 0.89562976, 0.99644613, 0.04607574]
[1.8802402, 0.9424951, 0.88957226, 0.04817279]
[1.8861551, 0.88773453, 0.9459026, 0.05251795]
[1.9221529, 0.95625794, 0.9115671, 0.054327868]
[1.8201886, 0.9432369, 0.81663907, 0.060312666]
[2.0993319, 0.9391409, 1.1040125, 0.056178622]
[2.0151231, 0.958056, 1.0030329, 0.05403431]
[1.9246713, 0.9829139, 0.88538444, 0.05637303]
[1.9965681, 0.90490973, 1.0402212, 0.05143719]
[1.9015191, 0.9322766, 0.9182317, 0.051010683]
[2.006678, 0.99209404, 0.96142507, 0.0531591]
[2.0279932, 0.9303309, 1.0469911, 0.050671168]
[1.9771022, 1.0135672, 0.9106553, 0.05287972]
[1.8728043, 0.8504318, 0.9748615, 0.047510996]
[1.9891073, 0.90074396, 1.0423613, 0.046002068]
[1.9432114, 0.9475117, 0.95044184, 0.045257967]
[1.9622248, 0.91822934, 0.99455136, 0.049444124]
[1.9321717, 0.90897554, 0.9747919, 0.048404373]
[2.0386188, 1.0678896, 0.9264964, 0.04423274]
[1.9374171, 0.8492633, 1.0425477, 0.045606144]
[1.907459, 0.88847625, 0.9721269, 0.046855956]
[1.8591528, 0.97209024, 0.8400702, 0.046992354]
[1.9514428, 0.8902099, 1.0104011, 0.050831795]
[1.9359969, 1.0993273, 0.77914435, 0.057525255]
[1.9894507, 1.0112733, 0.9260143, 0.052163064]
[1.8739372, 1.1231582, 0.6977825, 0.05299654]
[1.8796736, 0.94388074, 0.8825058, 0.053287104]
[1.9212096, 0.972767, 0.8978734, 0.05056914]
[1.8140815, 0.8852718, 0.8767689, 0.05204088]
[2.0041723, 0.93768156, 1.0106406, 0.055850185]
[1.9298329, 1.0199037, 0.8491316, 0.06079772]
[2.025693, 0.93892586, 1.0309954, 0.055771805]
[1.9964774, 1.1138667, 0.83058786, 0.05202283]
[2.0593746, 0.88591385, 1.120243, 0.053217538]
[1.9684377, 1.0478325, 0.8712195, 0.049385674]
[1.889593, 1.0318749, 0.8112271, 0.04649103]
[1.9360505, 0.83604956, 1.0505638, 0.049437184]
[1.9668765, 0.9857642, 0.9359425, 0.045169868]
[1.9093215, 0.8838991, 0.9781554, 0.047267057]
[1.9787847, 0.89909625, 1.0303843, 0.049304113]
[1.9088863, 0.94635695, 0.9165833, 0.045946]
[1.8920107, 0.87483644, 0.9664094, 0.05076474]
[2.0064993, 0.9771403, 0.98525083, 0.04410819]
[1.9468741, 0.9425375, 0.9568677, 0.047468945]
[2.0676258, 1.0337, 0.98593116, 0.047994673]
[1.8978109, 0.89410305, 0.9553081, 0.048399784]
[1.9765505, 1.0323836, 0.89278334, 0.05138364]
[1.9295208, 0.9774594, 0.9064677, 0.04559376]
[1.9301273, 0.9246197, 0.95423985, 0.05126775]
[1.9311637, 1.0048971, 0.8797643, 0.04650225]
[1.912361, 0.95098054, 0.91134024, 0.050040282]
[2.0006049, 1.0114712, 0.9413545, 0.04777912]
[1.8702238, 0.8473064, 0.9780589, 0.044858493]
[1.9529903, 0.9637425, 0.9386659, 0.050581872]
[2.0174158, 0.99698114, 0.97278535, 0.047649305]
[1.9138203, 1.1241946, 0.74490654, 0.04471907]
[2.02447, 0.9855411, 0.98972255, 0.049206525]
[1.9615103, 0.90117395, 1.0086257, 0.05171062]
[1.883681, 0.9665288, 0.8678634, 0.049288925]
[2.002842, 1.0328715, 0.922513, 0.04745755]
[1.7998791, 0.89552957, 0.856827, 0.047522534]
[2.0235238, 1.0234811, 0.95006675, 0.049975783]
[2.0419042, 0.98798776, 1.002337, 0.051579572]
[1.896053, 0.8457972, 0.9984171, 0.05183877]
[1.9747164, 1.0929639, 0.83126944, 0.050483033]
[1.916175, 0.9052354, 0.96254337, 0.048396233]
[1.8269355, 0.84147894, 0.929104, 0.056352615]
[1.8855233, 1.0542121, 0.78298914, 0.048322108]
[1.7754123, 0.94229484, 0.7877567, 0.045360778]
[1.9684975, 0.99576735, 0.9174348, 0.0552954]
[1.8548446, 0.7846278, 1.0193609, 0.050855868]
[2.06007, 1.0136889, 0.99169296, 0.054688223]
[1.8941008, 0.807318, 1.0352038, 0.051578954]
[1.8115982, 0.8454447, 0.90778494, 0.05836862]
[1.7588289, 0.760275, 0.94004345, 0.05851037]
[1.738807, 0.9569018, 0.7242209, 0.057684258]
[1.8639637, 0.81143457, 0.9935274, 0.059001856]
[1.9133309, 0.92174566, 0.92478216, 0.06680313]
[1.8491224, 0.94357145, 0.84460974, 0.06094122]
[2.0548644, 0.9303414, 1.0673298, 0.057193264]
[1.905257, 0.9210514, 0.9260293, 0.0581763]
[2.0334952, 0.94223374, 1.0331624, 0.058098964]
[1.9470159, 0.9339013, 0.95862585, 0.05448875]
[1.9494218, 0.85791427, 1.0359972, 0.055510372]
[2.0263145, 0.90446496, 1.0726875, 0.04916212]
[2.0233696, 1.0704939, 0.8981025, 0.05477315]
[2.0649462, 0.9291552, 1.0862392, 0.049551636]
[2.023285, 1.0284486, 0.9476203, 0.047216013]
[1.9051789, 0.98495424, 0.868443, 0.051781684]
[1.8455172, 0.55148876, 1.2394756, 0.0545528]
[1.9180164, 0.92410636, 0.9388839, 0.05502614]
[1.9349688, 0.833398, 1.0484722, 0.053098638]
[1.960004, 1.011501, 0.8966749, 0.05182818]
[1.9477217, 1.0865561, 0.8128005, 0.048365127]
[1.9031277, 0.94266766, 0.91066134, 0.049798734]
[1.9399719, 0.879, 1.0069032, 0.054068744]
[1.9406772, 0.9653778, 0.9188009, 0.056498475]
[1.9121244, 0.9938688, 0.86567783, 0.052577727]
[1.957773, 1.0387192, 0.86553186, 0.053521864]
[1.8805139, 0.81807697, 1.0138229, 0.048614085]
[1.875617, 0.8902485, 0.93552154, 0.049846977]
[2.0016878, 1.0620844, 0.8861109, 0.053492457]
[2.056854, 0.8444398, 1.1538966, 0.05851776]
[1.840357, 0.9583332, 0.83610564, 0.045918163]
[2.0437834, 0.9890049, 1.001485, 0.053293537]
[2.0022218, 1.1672571, 0.7874624, 0.047502168]
[1.9332851, 0.88710356, 0.9955758, 0.050605744]
[1.8721255, 1.0292242, 0.79499406, 0.047907278]
[1.9600836, 0.8147413, 1.0940915, 0.05125087]
[1.9242823, 1.1940833, 0.6832555, 0.04694337]
[2.0109768, 0.9968368, 0.966935, 0.047204986]
[1.9665277, 1.0176362, 0.9016725, 0.04721901]
[1.8118896, 1.0547851, 0.71222335, 0.04488116]
[1.9449736, 0.9838801, 0.916213, 0.044880535]
[1.8465741, 0.95039445, 0.8454696, 0.050709955]
[1.9157239, 0.91948265, 0.94799376, 0.048247445]
[1.8123616, 0.8478496, 0.913984, 0.05052797]
[1.9328381, 1.0040662, 0.87743294, 0.0513389]
[1.9620556, 0.84974366, 1.0588276, 0.05348432]
[1.9219527, 0.9919878, 0.8799831, 0.049981877]
[2.16758, 0.86471033, 1.2489307, 0.05393876]
[1.9895991, 1.2447883, 0.69873136, 0.04607956]
[1.8948014, 0.87318456, 0.9722117, 0.04940514]
[1.8702445, 0.9328833, 0.8931421, 0.044219058]
[2.003137, 1.083302, 0.8730763, 0.046758696]
[1.9355279, 0.9173868, 0.96613085, 0.05201029]
[1.836883, 0.88899094, 0.90237975, 0.045512374]
[2.0065093, 0.8475208, 1.1086171, 0.050371297]
[1.9381856, 0.9904692, 0.9068856, 0.040830698]
[1.9613422, 1.083467, 0.8301356, 0.047739662]
[1.8719251, 0.9131582, 0.91246736, 0.04629957]
[2.0276, 0.9293119, 1.0479543, 0.05033388]
[1.8518789, 0.7816968, 1.0214839, 0.04869813]
[1.7887974, 0.8110323, 0.9259269, 0.051838182]
[1.8337991, 0.9096106, 0.8698962, 0.054292306]
[1.6937262, 0.67180747, 0.9630716, 0.05884707]
[1.7978851, 0.86789334, 0.8702041, 0.059787616]
[1.8171824, 0.8126119, 0.94294024, 0.0616304]
[2.0900552, 1.0067506, 1.0234436, 0.059860855]
[2.0153017, 0.962547, 0.99105185, 0.06170282]
[2.0498006, 1.1336324, 0.8533448, 0.062823445]
[1.9844364, 0.8873875, 1.039624, 0.057424914]
[1.9201885, 0.99567914, 0.8702868, 0.054222625]
[1.9311099, 0.9601752, 0.91995895, 0.050975792]
[2.1239178, 1.1276891, 0.9437673, 0.05246142]
[2.0626543, 1.0651681, 0.94623804, 0.051248025]
[2.0009937, 0.98002434, 0.97487843, 0.04609096]
[1.8454542, 0.8874229, 0.90775967, 0.05027169]
[1.9836017, 0.9935015, 0.9415517, 0.04854858]
[1.8824122, 0.8803102, 0.9543066, 0.04779542]
[2.0187209, 0.8669665, 1.0996265, 0.052127853]
[2.0057771, 1.1890731, 0.76639295, 0.05031114]
[1.9528619, 0.83986443, 1.0660691, 0.04692834]
[1.971807, 0.9356804, 0.9882854, 0.047841147]
[2.0686235, 0.9725338, 1.0484142, 0.047675528]
[1.9566692, 0.9016807, 1.0069778, 0.048010685]
[1.8971913, 0.9743823, 0.87989616, 0.042912833]
[1.9317116, 0.9039621, 0.97824824, 0.049501285]
[1.8698736, 0.8560171, 0.96863663, 0.045219842]
[1.9654264, 0.911066, 1.0073931, 0.04696722]
[1.8598516, 0.8218626, 0.9935018, 0.044487298]
[1.9130105, 0.87914133, 0.97967666, 0.054192387]
[1.9540054, 0.8275296, 1.0742614, 0.052214295]
[1.8664172, 0.9918872, 0.8276702, 0.04685971]
[1.963492, 1.0522155, 0.86094207, 0.050334528]
[1.8776258, 0.8356129, 0.9889844, 0.053028464]
[1.961942, 0.95519745, 0.9559891, 0.050755322]
[2.0775313, 1.0656058, 0.9621304, 0.049795263]
[2.075908, 1.1283636, 0.89756656, 0.04997769]
[2.0060809, 1.046711, 0.9138917, 0.045478202]
[1.9169114, 0.989932, 0.8832199, 0.04375944]
[1.9928557, 1.0041401, 0.9405668, 0.048148803]
[1.8603022, 0.911636, 0.90725523, 0.041410893]
[1.9032447, 0.94182503, 0.9161125, 0.045307163]
[1.8902547, 0.9363302, 0.90684474, 0.047079753]
[1.8941568, 0.933301, 0.9117058, 0.049150154]
[1.9846871, 1.0192075, 0.91491884, 0.050560728]
[1.872611, 0.9496442, 0.87409043, 0.048876375]
[1.7659949, 0.8346428, 0.8855722, 0.045779802]
[1.774459, 0.8396771, 0.88236344, 0.052418455]
[1.9106078, 0.8228975, 1.0303807, 0.05732965]
[1.9792924, 0.93272084, 0.985863, 0.060708582]
[1.9578574, 0.97609067, 0.9273522, 0.054414563]
[1.9202671, 0.8583318, 1.0050647, 0.056870624]
[2.0339375, 0.88063836, 1.0984787, 0.05482032]
[1.9927105, 0.9828523, 0.9564505, 0.053407647]
[2.0418959, 1.082027, 0.90877575, 0.0510932]
[2.072032, 0.9544139, 1.0650561, 0.052562]
[2.0370343, 1.1311733, 0.8606442, 0.04521676]
[2.083297, 1.1932584, 0.8452468, 0.04479193]
[1.942176, 1.0692824, 0.8297657, 0.043127917]
[1.924045, 1.0251875, 0.8543994, 0.04445808]
[5.8883133, 3.9450076, 0.22628617, 1.7170198]
[2.2642133, 0.3906108, 1.8561842, 0.017418165]
[2.0621486, 0.6199167, 1.428811, 0.013420954]
[1.9533774, 0.7829615, 1.1531922, 0.01722369]
[1.9168319, 0.8209319, 1.0801172, 0.015782762]
[1.81904, 0.8944118, 0.90552723, 0.019100908]
[1.874413, 0.88260674, 0.97142255, 0.020383699]
[1.9007821, 0.93969464, 0.94175994, 0.01932755]
[1.8266166, 0.89344335, 0.9102936, 0.02287972]
[1.8609936, 0.93666124, 0.8995857, 0.024746647]
[1.9275154, 0.91517144, 0.9868041, 0.025539737]
[1.8293576, 0.8635748, 0.9411588, 0.024624094]
[1.9549581, 0.8476082, 1.080358, 0.026991792]
[1.9340369, 0.88125956, 1.0265795, 0.026197802]
[1.9196981, 0.9261869, 0.9672594, 0.026251826]
[1.8197942, 0.847238, 0.94312024, 0.029435888]
[1.8866223, 0.8620652, 0.9929612, 0.03159585]
[1.9380649, 0.84152067, 1.0643107, 0.03223363]
[1.8894005, 0.91624326, 0.94078887, 0.032368455]
[1.934021, 0.8387469, 1.0618243, 0.03344971]
[2.0162554, 0.9318185, 1.0521755, 0.032261346]
[1.8875165, 0.9040894, 0.9490291, 0.034398094]
[1.8695524, 0.80835956, 1.0284896, 0.032703176]
[1.853362, 0.76776373, 1.0517986, 0.03379963]
[1.9762189, 0.88993955, 1.0529737, 0.033305615]
[1.9018587, 0.82660306, 1.0374506, 0.037805084]
[1.8744049, 0.7722591, 1.0629306, 0.039215147]
[1.8844327, 0.9205258, 0.92763054, 0.036276378]
[2.090728, 0.9126023, 1.1357503, 0.04237522]
[1.9677972, 1.0720459, 0.8583081, 0.03744317]
[1.9020727, 1.0297046, 0.83585024, 0.03651786]
[1.8726006, 0.85351336, 0.98327726, 0.035809934]
[1.8298067, 0.9572941, 0.83407634, 0.038436335]
[2.104734, 0.88805985, 1.1778152, 0.038858946]
[1.9126333, 1.0867124, 0.7902952, 0.035625786]
[2.0311162, 1.0465823, 0.94466054, 0.039873414]
[1.8963714, 0.9166773, 0.94071716, 0.0389769]
[1.9948602, 0.92891794, 1.0259871, 0.03995512]
[1.9286377, 0.88065505, 1.0070915, 0.04089115]
[2.0187817, 0.92797065, 1.0529077, 0.03790323]
[1.9021002, 0.8609312, 1.0033398, 0.037829228]
[1.9047228, 0.95854205, 0.91015255, 0.036028273]
[2.0347154, 1.00664, 0.98967934, 0.03839615]
[1.8286182, 0.87215024, 0.9215068, 0.034961067]
[1.9478279, 1.0055903, 0.8995215, 0.042716146]
[1.9240434, 0.89975786, 0.98389715, 0.040388394]
[1.8957494, 0.91928196, 0.93611133, 0.040356174]
[1.9233963, 0.7609247, 1.1185764, 0.043895304]
[1.965107, 0.802119, 1.1202854, 0.042702567]
[2.0106776, 0.93381524, 1.0351973, 0.041665092]
[1.9152831, 0.99921036, 0.8771076, 0.03896513]
[1.7894503, 0.9255783, 0.8202086, 0.043663375]
[1.8427614, 0.80554825, 0.99680966, 0.04040348]
[1.8743784, 0.92812, 0.89624053, 0.05001779]
[1.9502571, 0.92522264, 0.97937065, 0.04566381]
[2.0640635, 0.8393499, 1.1767659, 0.04794769]
[1.9087166, 0.9837906, 0.88585377, 0.03907213]
[2.0460892, 0.97625375, 1.0244626, 0.045373008]
[1.9130368, 0.9407611, 0.9305041, 0.041771606]
[1.9348112, 0.9086839, 0.98223794, 0.043889444]
[1.9672196, 0.99866456, 0.92217785, 0.046377145]
[2.0035453, 0.9593778, 0.99669254, 0.047474902]
[1.8703402, 0.85757524, 0.96705425, 0.04571064]
[1.9036552, 0.9673754, 0.8871771, 0.049102716]
[1.8752803, 0.985664, 0.84660435, 0.043011904]
[1.9293762, 0.9046564, 0.97802895, 0.046690844]
[1.899747, 0.8085884, 1.0404279, 0.050730694]
[1.7929918, 0.7835535, 0.9564098, 0.05302848]
[1.9329635, 1.0003731, 0.87924945, 0.053340904]
[2.0280936, 0.94571257, 1.0302701, 0.052110974]
[1.8751558, 0.9539975, 0.8716079, 0.04955037]
[2.0408504, 0.9309745, 1.0570619, 0.052814104]
[1.9760058, 1.0751455, 0.849741, 0.05111936]
[1.9918325, 1.0293179, 0.91666245, 0.045852162]
[2.0938418, 0.9905205, 1.0592625, 0.04405878]
[1.964152, 1.0107107, 0.9103832, 0.043058008]
[1.8952702, 0.8567411, 0.99189484, 0.04663428]
[2.1289983, 1.0033225, 1.0794828, 0.04619324]
[1.7711729, 0.8861041, 0.8420836, 0.04298523]
[1.960496, 0.9956856, 0.9214232, 0.043387115]
[1.9512737, 0.94121623, 0.96203256, 0.04802486]
[1.995831, 0.9405115, 1.0095484, 0.045771156]
[1.9669529, 1.0388767, 0.8862809, 0.041795358]
[1.8710135, 0.8998133, 0.9320317, 0.039168496]
[1.9490229, 0.91205776, 0.9922512, 0.044713892]
[1.8508519, 0.93573993, 0.8744277, 0.040684372]
[1.9363984, 0.8783256, 1.0141025, 0.043970305]
[1.8911725, 0.92938393, 0.91215295, 0.04963562]
[1.902672, 0.9435431, 0.9162159, 0.04291303]
[1.9482659, 0.8009436, 1.094249, 0.053073235]
[2.0299988, 0.9835042, 0.9949274, 0.051567256]
[1.9750487, 0.8759761, 1.0495334, 0.04953918]
[1.8997825, 0.9216498, 0.9300726, 0.04806004]
[1.8059685, 0.80260736, 0.95343375, 0.049927484]
[1.7978936, 0.82054186, 0.9269632, 0.050388522]
[1.9328209, 0.9904867, 0.8898639, 0.05247028]
[1.7688287, 0.7536322, 0.96036667, 0.054829985]
[1.9477254, 0.95042026, 0.9426713, 0.054633908]
[1.8480512, 0.8310888, 0.95875907, 0.058203395]
[1.8766034, 1.0316894, 0.7898948, 0.05501908]
[1.9480156, 0.88488966, 1.0067173, 0.05640856]
[1.8848474, 1.0279427, 0.79893255, 0.05797219]
[1.828498, 0.81468344, 0.95159304, 0.062221475]
[1.9477773, 1.0841619, 0.8008361, 0.06277931]
[2.0425491, 0.7573443, 1.2250414, 0.06016358]
[1.961034, 1.1103307, 0.7953179, 0.05538547]
[1.9589233, 0.9797618, 0.9258379, 0.053323768]
[1.9189, 0.9967928, 0.8714144, 0.050692774]
[1.9396818, 0.9319806, 0.9518303, 0.055870783]
[1.8673803, 0.96202636, 0.852561, 0.052792914]
[1.9353285, 1.0177577, 0.86210823, 0.05546254]
[1.8357906, 0.81636214, 0.96499205, 0.054436486]
[1.8887883, 0.98920953, 0.8448348, 0.05474399]
[1.8826692, 0.97874904, 0.851359, 0.0525612]
[1.877836, 0.95521486, 0.86061454, 0.062006593]
[1.9472495, 1.0071288, 0.87937945, 0.06074134]
[1.9289305, 1.0100486, 0.8617524, 0.057129513]
[1.982432, 1.0582123, 0.8602456, 0.06397414]
[1.9571512, 0.9762381, 0.92751586, 0.05339723]
[1.8429314, 0.95031345, 0.8350749, 0.057543088]
[1.8733261, 0.89541304, 0.91346693, 0.06444609]
[1.8839257, 0.90606487, 0.91791475, 0.059946068]
[1.9400761, 0.91771317, 0.9637499, 0.05861307]
[1.8444496, 0.9743273, 0.809199, 0.060923327]
[1.8765311, 0.8890922, 0.92487216, 0.06256675]
[1.8320165, 0.9496769, 0.8146176, 0.06772214]
[2.0320296, 1.017495, 0.9509791, 0.06355553]
[1.775346, 0.8907634, 0.81507826, 0.069504336]
[1.935255, 0.8662016, 1.0009652, 0.06808832]
[1.9839488, 0.9511161, 0.9596008, 0.07323198]
[1.9336836, 0.885447, 0.97875345, 0.06948319]
[1.9018123, 0.8419334, 0.9956693, 0.06420953]
[1.8595215, 0.9356132, 0.85917974, 0.06472859]
[1.9377314, 0.8522924, 1.0221336, 0.0633054]
[1.9222779, 1.0812557, 0.7729212, 0.06810099]
[1.8941287, 0.6846007, 1.1389087, 0.07061917]
[2.0778916, 0.999305, 1.0141834, 0.06440325]
[2.036439, 0.8184251, 1.1522589, 0.06575482]
[1.9844598, 0.9336629, 0.98572814, 0.06506868]
[2.0441184, 1.0245851, 0.96207845, 0.05745492]
[1.8865701, 0.9701953, 0.8563676, 0.060007244]
[1.9613428, 0.8878258, 1.0178709, 0.055646207]
[1.851088, 0.885551, 0.90742695, 0.058110103]
[1.9458466, 0.9309962, 0.95047104, 0.064379305]
[1.9594029, 0.91720533, 0.9803814, 0.061816067]
[1.8990228, 0.85622656, 0.9856832, 0.057113074]
[1.9375693, 0.91822064, 0.9613672, 0.057981342]
[1.7811807, 0.8994986, 0.82287276, 0.058809433]
[2.0277092, 0.9054934, 1.060308, 0.061907828]
[1.9679477, 0.91109854, 0.9981104, 0.05873876]
[1.8819106, 0.93258506, 0.8893775, 0.059947968]
[1.9460582, 0.80663824, 1.0824478, 0.056972142]
[1.8241516, 0.8143049, 0.9470421, 0.06280455]
[1.9133551, 0.81694263, 1.0360923, 0.0603202]
[1.9106565, 0.9659115, 0.8801696, 0.06457538]
[1.9191464, 0.9875454, 0.8690815, 0.062519565]
[1.8750645, 0.7221915, 1.0937617, 0.0591112]
[1.9526733, 1.0190805, 0.8749241, 0.058668736]
[1.9881946, 1.0293844, 0.89733255, 0.061477706]
[2.0619152, 1.0729232, 0.9304551, 0.058536846]
[1.9785938, 0.986509, 0.9322573, 0.059827626]
[1.9291738, 0.84197533, 1.0322175, 0.054980993]
[1.9702601, 1.1240091, 0.7889998, 0.05725126]
[2.0157342, 0.9863414, 0.9688506, 0.060542054]
[1.8848414, 0.9226749, 0.9086237, 0.053542912]
[1.9882607, 1.1365219, 0.79904073, 0.052698135]
[2.0348375, 0.82178956, 1.1575484, 0.05549961]
[2.0611668, 1.0120283, 0.9953679, 0.05377053]
[1.9166259, 0.9939303, 0.8750006, 0.047695026]
[1.9859145, 1.0430607, 0.89271444, 0.050139375]
[1.8702284, 0.9366719, 0.88204825, 0.051508278]
[1.8011883, 0.89398545, 0.8521743, 0.055028588]
[1.9672353, 0.89804643, 1.0161285, 0.053060256]
[1.9011726, 0.9330061, 0.9136547, 0.05451183]
[2.0210874, 1.0224205, 0.9419159, 0.056751117]
[2.0102818, 0.9609052, 0.99705493, 0.05232166]
[1.9061028, 0.99582505, 0.8590805, 0.051197153]
[1.9214789, 0.9560868, 0.9133935, 0.05199852]
[1.8416592, 0.86737716, 0.9204308, 0.053851258]
[1.9276905, 0.9606972, 0.90763474, 0.059358634]
[1.9059227, 0.9090513, 0.9423711, 0.05450035]
[1.9918149, 0.92828625, 1.0053446, 0.05818388]
[1.9624761, 0.94787735, 0.9638554, 0.050743405]
[1.9266592, 0.865271, 1.0041454, 0.05724285]
[1.9808235, 0.9838145, 0.9408061, 0.056202926]
[1.9396926, 0.85553694, 1.0389296, 0.045226097]
[1.8774455, 0.96728146, 0.8553268, 0.054837216]
[1.8714855, 0.91755396, 0.9012841, 0.05264735]
[2.0698254, 0.923193, 1.0922208, 0.054411605]
[2.0045366, 1.0723538, 0.8770323, 0.055150487]
[1.9656721, 0.9558828, 0.9550736, 0.054715775]
[1.9750084, 0.91949093, 1.0031228, 0.052394576]
[1.8485531, 1.0031799, 0.79324913, 0.052124076]
[1.9098341, 0.89517164, 0.96211654, 0.05254606]
[2.0389814, 0.95327157, 1.0317326, 0.053977206]
[1.9548304, 1.0656164, 0.840283, 0.0489311]
[1.8678385, 0.8355732, 0.9817443, 0.050521046]
[1.9398, 1.0583674, 0.83275807, 0.048674613]
[1.8808703, 0.89521307, 0.93403614, 0.051621187]
[1.8037829, 0.92395425, 0.8272774, 0.05255124]
[1.8318337, 0.8161613, 0.9619832, 0.05368924]
[1.9794807, 1.0901648, 0.8311041, 0.058211863]
[1.9973146, 0.90588886, 1.0362006, 0.05522497]
[1.8884157, 0.95275927, 0.88019866, 0.055457696]
[1.8882687, 0.83810854, 0.99554837, 0.05461179]
[1.9633813, 1.0782061, 0.82837296, 0.05680224]
[2.0271907, 0.67292917, 1.3049074, 0.049354166]
[1.8848995, 1.079641, 0.75703394, 0.048224583]
[1.9210998, 1.0402439, 0.82759774, 0.053258203]
[1.9119927, 0.94658476, 0.9096193, 0.055788614]
[1.9919366, 0.98669374, 0.9461319, 0.059111]
[1.8398718, 0.91233677, 0.871686, 0.055848997]
[1.9328339, 0.8130007, 1.062467, 0.05736629]
[1.7664672, 0.74824315, 0.9577258, 0.060498208]
[1.8718597, 0.73257494, 1.0816264, 0.057658315]
[1.8075185, 0.8655454, 0.88825434, 0.053718857]
[1.8819463, 0.8539611, 0.9631584, 0.0648267]
[1.9705744, 0.944647, 0.9625834, 0.06334396]
[1.7679403, 0.7300532, 0.9732434, 0.06464362]
[1.8946829, 0.85824126, 0.9736323, 0.06280936]
[1.9244101, 1.0017648, 0.867272, 0.05537336]
[2.0539246, 1.0397766, 0.9525013, 0.06164668]
[1.9220221, 1.0000253, 0.86564237, 0.056354474]
[1.9132495, 0.99740654, 0.86286974, 0.0529733]
[1.9459021, 1.0203493, 0.8665921, 0.058960736]
[2.051068, 0.960716, 1.030387, 0.05996512]
[1.9793884, 1.0803454, 0.83751845, 0.061524503]
[1.9124433, 0.8673383, 0.9841895, 0.06091542]
[2.0865588, 0.9380932, 1.0883181, 0.060147613]
[1.8892468, 0.9855221, 0.8525727, 0.051152155]
[1.96275, 1.0886128, 0.822744, 0.051393166]
[1.8956164, 0.9169072, 0.92619145, 0.052517764]
[2.045606, 1.0824373, 0.9078281, 0.05534051]
[1.9458429, 0.9780526, 0.9109342, 0.05685602]
[1.9175307, 0.9219707, 0.93735516, 0.05820474]
[1.8666728, 0.97143674, 0.84145725, 0.053778708]
[1.9259304, 0.95571834, 0.91193974, 0.058272287]
[1.7448624, 0.89039713, 0.80074036, 0.053724848]
[1.8735961, 0.9696567, 0.8468864, 0.05705295]
[1.9431475, 0.946436, 0.9331077, 0.06360384]
[1.9057516, 0.97507507, 0.8688712, 0.061805338]
[1.8368989, 0.8546113, 0.91946954, 0.062818155]
[2.062859, 1.1199703, 0.8781587, 0.06473004]
[2.0178795, 1.0236601, 0.92823017, 0.06598934]
[1.9348042, 0.7970795, 1.0716083, 0.066116355]
[1.8249187, 0.6537635, 1.1112808, 0.059874553]
[1.9327009, 1.0648785, 0.80104816, 0.06677425]
[1.9349656, 0.92063606, 0.9484662, 0.06586343]
[2.0065877, 0.8576313, 1.088438, 0.060518295]
[1.9291353, 0.9492997, 0.91999984, 0.059835766]
[2.1223977, 0.9998026, 1.0597498, 0.06284532]
[1.989287, 0.8116859, 1.1199065, 0.057694517]
[1.9108716, 1.086634, 0.7710893, 0.053148307]
[1.9011934, 0.9484708, 0.89897543, 0.053747166]
[1.9420997, 1.0101554, 0.87690234, 0.055041853]
[1.8864514, 0.93963444, 0.8921504, 0.05466657]
[1.8592962, 0.8339672, 0.9670649, 0.058264136]
[1.890372, 0.94431365, 0.88864535, 0.057413116]
[2.0220048, 1.0355474, 0.92847824, 0.057979167]
[1.8630995, 0.7634305, 1.0425824, 0.05708658]
[1.9968431, 0.9578471, 0.9811243, 0.0578717]
[1.915795, 0.9203276, 0.9447894, 0.050677866]
[1.9265777, 0.9658933, 0.90235186, 0.05833254]
[2.03745, 0.967309, 1.0201781, 0.04996303]
[1.9652998, 0.88704264, 1.0219116, 0.056345522]
[1.8816295, 0.8992343, 0.9305213, 0.051873967]
[1.9909225, 0.8175883, 1.1199481, 0.053386003]
[2.0167599, 1.0320996, 0.9344632, 0.050197117]
[1.8760966, 0.9347174, 0.8873706, 0.054008655]
[1.9244334, 0.93575835, 0.9346181, 0.05405689]
[1.961808, 0.97477686, 0.9302662, 0.05676484]
[1.8473552, 0.95110613, 0.8481703, 0.0480789]
[1.904333, 0.9248874, 0.9315007, 0.047944956]
[1.9521213, 1.0791042, 0.8146825, 0.05833462]
[1.9163314, 0.81522286, 1.0537816, 0.047326885]
[2.0012352, 1.2052705, 0.7434653, 0.052499525]
[2.0630617, 0.9173423, 1.0967596, 0.048959814]
[1.7056025, 0.95369637, 0.70567155, 0.046234578]
[1.9043674, 0.932616, 0.9151925, 0.05655901]
[2.0767448, 0.9934757, 1.0278745, 0.055394635]
[1.937834, 1.0013773, 0.8871026, 0.049354024]
[1.9795729, 1.0663599, 0.86498153, 0.04823146]
[2.0463734, 1.0919712, 0.90892494, 0.04547728]
[1.8558624, 0.827613, 0.9827024, 0.04554703]
[1.9542367, 0.941965, 0.96247154, 0.04980015]
[1.9085599, 0.91356367, 0.9447752, 0.05022104]
[1.9533252, 1.0524967, 0.8602953, 0.040533148]
[2.0534453, 1.0794027, 0.92965317, 0.04438947]
[1.8634953, 0.8603661, 0.9595767, 0.043552548]
[1.9144135, 0.8456869, 1.0208788, 0.047847755]
[1.9308488, 1.0642216, 0.8187094, 0.0479178]
[1.9614098, 1.0371257, 0.873497, 0.05078712]
[1.9160953, 0.88254166, 0.9870488, 0.04650469]
[1.9450333, 0.9012423, 0.99618447, 0.047606435]
[2.0109606, 1.0707164, 0.89463425, 0.04560989]
[1.8584615, 0.8634751, 0.95196474, 0.043021698]
[1.9695863, 0.9523593, 0.9715315, 0.045695413]
[1.9081681, 0.9667638, 0.8944607, 0.046943672]
[1.9221057, 0.87199754, 1.0021654, 0.047942746]
[2.0045803, 1.0143404, 0.942314, 0.047925923]
[1.8414403, 0.85518205, 0.94299054, 0.04326767]
[1.7625802, 0.9639039, 0.7532157, 0.04546062]
[1.8578246, 0.9565672, 0.8537459, 0.04751143]
[2.0042214, 0.88412225, 1.0670673, 0.053031918]
[2.0533903, 1.0324881, 0.96900135, 0.051900774]
[1.8941578, 0.76478624, 1.082019, 0.04735254]
[1.8976176, 0.9912837, 0.85709476, 0.049239147]
[1.8175995, 0.83325946, 0.9345925, 0.04974754]
[2.032137, 1.10286, 0.8795494, 0.049727626]
[1.946032, 0.9591503, 0.93233293, 0.05454873]
[1.9493692, 1.0061067, 0.8926858, 0.0505767]
[1.842621, 0.92078555, 0.8674671, 0.05436836]
[2.055031, 0.8366716, 1.1685978, 0.049761433]
[1.968267, 1.1502144, 0.7693683, 0.048684284]
[1.943875, 0.9532075, 0.94218534, 0.048482038]
[1.832628, 0.9788891, 0.811321, 0.04241789]
[2.0266445, 0.9341861, 1.0478762, 0.044582024]
[1.9250265, 1.0368581, 0.8444383, 0.0437301]
[1.8193312, 0.85602474, 0.91912186, 0.044184532]
[1.9185865, 1.0467815, 0.82449245, 0.047312543]
[1.8665001, 0.87304103, 0.94698495, 0.046474278]
[1.861034, 0.88527155, 0.9291182, 0.04664432]
[1.8123819, 0.9612565, 0.7973284, 0.05379691]
[1.8751786, 0.9753684, 0.8406266, 0.05918357]
[1.81894, 0.8798195, 0.879638, 0.059482485]
[2.0250793, 0.87161195, 1.0934846, 0.059982657]
[1.7980688, 0.9721595, 0.7652273, 0.060681943]
[2.0028396, 0.92819613, 1.0133656, 0.0612778]
[1.9068735, 0.9627373, 0.89116484, 0.052971423]
[1.9116254, 0.84754646, 1.0080721, 0.056006834]
[2.0268843, 1.0255334, 0.9447355, 0.056615427]
[2.03888, 0.917974, 1.0598629, 0.0610433]
[1.9044725, 0.82465136, 1.0221636, 0.05765748]
[2.0821946, 1.0063462, 1.0205364, 0.05531192]
[2.0554461, 1.1195103, 0.88391316, 0.052022696]
[2.0106354, 0.7488733, 1.212672, 0.049090035]
[2.0099113, 1.0336864, 0.92759156, 0.04863339]
[2.050831, 1.0880332, 0.9182806, 0.044517197]
[1.8800213, 0.95194757, 0.88379747, 0.04427625]
[1.9237562, 0.96686697, 0.9104177, 0.04647164]
[1.9223279, 0.86369133, 1.009896, 0.04874056]
[1.914538, 0.9553307, 0.91447926, 0.044728093]
[1.9834455, 0.91193306, 1.0266373, 0.04487519]
[2.0241938, 0.95905495, 1.021268, 0.0438708]
[1.9356464, 0.9530897, 0.9426159, 0.03994076]
[1.9405428, 1.0454967, 0.85200787, 0.04303821]
[1.8942652, 0.8345797, 1.0154054, 0.044280097]
[2.090754, 0.8712239, 1.1728244, 0.046705645]
[1.9944743, 1.0344118, 0.9160774, 0.04398518]
[2.0400865, 1.0388362, 0.9600642, 0.04118613]
[1.85571, 0.9071095, 0.9099358, 0.03866478]
[1.9053372, 0.82358545, 1.0402954, 0.041456364]
[1.8938377, 0.96885204, 0.8824268, 0.042558946]
[1.9314634, 0.9731516, 0.91435957, 0.043952145]
[1.9081799, 1.0332, 0.8302102, 0.04476959]
[1.9826759, 1.0103731, 0.93168163, 0.04062117]
[1.888128, 0.9652454, 0.8824147, 0.04046803]
[1.8744777, 0.96838045, 0.8629128, 0.04318449]
[1.8917391, 0.897667, 0.94588864, 0.04818344]
[1.8585125, 0.9836067, 0.8250158, 0.04989007]
[1.9238731, 0.63157636, 1.2418976, 0.050399162]
[1.8502032, 1.0937507, 0.7076162, 0.048836246]
[1.8308636, 0.968455, 0.8063315, 0.056077123]
[1.8552096, 1.0479791, 0.7511364, 0.05609411]
[1.9197924, 1.0083618, 0.85490716, 0.056523487]
[1.9007279, 1.092458, 0.7496403, 0.058629587]
[1.7417014, 0.7930335, 0.891804, 0.056863893]
[1.955279, 0.9850936, 0.9128523, 0.057333127]
[1.9672856, 0.9506283, 0.9568565, 0.059800837]
[1.9393632, 0.9789189, 0.89994824, 0.060496144]
[1.9190334, 0.7172741, 1.1393139, 0.062445294]
[1.8704115, 1.1789713, 0.6283068, 0.063133396]
[2.0233636, 0.9394808, 1.0280522, 0.05583065]
[2.0529099, 1.0880717, 0.90564036, 0.059197806]
[1.8180137, 0.8428515, 0.92575276, 0.049409382]
[1.9637833, 0.98769534, 0.92517877, 0.050909135]
[2.029084, 0.8911294, 1.0855433, 0.052411344]
[1.941287, 0.8570111, 1.032038, 0.05223795]
[1.9707528, 0.8427321, 1.075511, 0.052509766]
[1.9811163, 1.1335146, 0.8001825, 0.047419015]
[2.0387852, 1.035433, 0.9526314, 0.050720688]
[1.8354869, 0.8714702, 0.9170073, 0.04700941]
[1.8094405, 0.9171016, 0.8386773, 0.053661585]
[1.8457358, 0.8178179, 0.9780636, 0.049854267]
[1.8938032, 0.90975547, 0.9316015, 0.05244629]
[1.8259268, 0.80942404, 0.959803, 0.0566997]
[1.872162, 0.98787296, 0.8279737, 0.056315344]
[1.935091, 0.96856433, 0.90764403, 0.0588827]
[1.8373846, 0.8481613, 0.9264996, 0.062723786]
[1.7676349, 0.8658307, 0.84214836, 0.05965583]
[1.9399147, 0.64734745, 1.2266519, 0.06591529]
[1.8496219, 0.76294714, 1.0221823, 0.064492345]
[1.7468109, 0.7927735, 0.8898494, 0.06418802]
[1.9121045, 0.85063016, 0.9959253, 0.06554899]
[1.7066795, 0.7220578, 0.9178818, 0.0667399]
[1.6786225, 0.7216846, 0.8860694, 0.07086855]
[2.0318596, 0.8293394, 1.1219538, 0.08056636]
[2.0417624, 0.7674798, 1.2091416, 0.065141]
[1.9773052, 1.2438103, 0.6680577, 0.06543726]
[2.0726013, 1.0613453, 0.95098495, 0.06027095]
[1.8423986, 0.96944153, 0.81304526, 0.05991187]
[1.8850335, 0.87816167, 0.94189274, 0.0649791]
[1.8891139, 0.88307154, 0.94557524, 0.06046707]
[1.8836081, 1.0592707, 0.7617572, 0.062580064]
[2.1792307, 0.89034134, 0.9542305, 0.33465877]
[1.7484285, 0.76566064, 0.9102378, 0.07253]
[1.8997716, 0.88707125, 0.9413707, 0.071329564]
[2.011218, 0.99903256, 0.93318605, 0.07899946]
[1.8393081, 0.8802867, 0.88736945, 0.07165201]
[1.7103217, 0.824945, 0.8165731, 0.06880355]
[1.7988288, 0.7701496, 0.9565958, 0.07208346]
[2.0912273, 1.1047225, 0.91522515, 0.071279734]
[2.0173607, 1.1587139, 0.78759867, 0.07104808]
[1.9539071, 1.0848726, 0.8010014, 0.06803312]
[1.9161745, 0.82459664, 1.028641, 0.06293688]
[1.9454796, 1.0305545, 0.85138524, 0.0635399]
[1.9104216, 0.8670667, 0.97782475, 0.06553012]
[2.119286, 1.0406724, 1.0125483, 0.06606534]
[2.0145142, 1.0499068, 0.8979689, 0.06663842]
[1.7277689, 0.7652589, 0.89670855, 0.06580137]
[2.409363, 1.2949829, 0.87185967, 0.24252063]
[1.931092, 0.6291237, 1.2429045, 0.059063848]
[1.9762218, 1.0319954, 0.88970864, 0.054517794]
[2.02353, 0.94277036, 1.0231392, 0.057620376]
[1.9652607, 0.9359443, 0.97141075, 0.05790567]
[1.9059986, 0.9226572, 0.9213078, 0.062033508]
[1.8914862, 0.9320246, 0.90732026, 0.052141253]
[1.8465949, 1.0300595, 0.75956684, 0.056968577]
[1.9074216, 0.8994589, 0.9509753, 0.05698744]
[1.8943108, 0.8682837, 0.96580315, 0.06022398]
[1.8842571, 0.91610503, 0.90697795, 0.06117415]
[1.9791502, 0.88453734, 1.0335863, 0.06102659]
[1.8791344, 1.0888693, 0.7294793, 0.06078571]
[1.8447157, 0.76188874, 1.0259919, 0.056835093]
[1.9526976, 0.92227495, 0.9704989, 0.05992379]
[1.8078716, 0.87507206, 0.877494, 0.05530551]
[1.9112691, 0.9819846, 0.87346363, 0.055820793]
[2.0489807, 0.78602874, 1.2028514, 0.06010047]
[1.8803568, 0.9872566, 0.82992136, 0.06317875]
[1.9468243, 1.0707569, 0.8177347, 0.058332704]
[1.9989535, 0.8966006, 1.0403805, 0.0619724]
[1.8281578, 0.8895725, 0.88094294, 0.057642348]
[1.8448904, 0.92125404, 0.85698867, 0.066647656]
[2.00517, 1.0267851, 0.9100474, 0.06833764]
[1.8454618, 0.9516822, 0.82956654, 0.06421298]
[1.785079, 0.9541971, 0.7706812, 0.060200743]
[1.7387283, 0.8434217, 0.82783884, 0.06746774]
[1.9269065, 1.0010071, 0.8581436, 0.0677558]
[1.9930333, 0.8650564, 1.0567257, 0.07125116]
[1.7634152, 0.81947875, 0.8681829, 0.07575352]
[1.7824705, 0.9369534, 0.77617925, 0.0693378]
[2.0804856, 0.9384701, 1.0702426, 0.07177283]
[1.8591726, 0.8736124, 0.913635, 0.07192516]
[1.8814435, 0.8817552, 0.9286799, 0.07100841]
[2.0666554, 1.1120526, 0.8793256, 0.075277224]
[2.1515915, 0.80899906, 1.272259, 0.070333526]
[1.9940524, 1.138654, 0.7915475, 0.063850865]
[1.9765264, 0.932254, 0.9828849, 0.061387412]
[1.9704659, 0.8915522, 1.0219443, 0.056969382]
[1.8400987, 0.9473632, 0.8335214, 0.059214126]
[1.953172, 0.8662691, 1.0227362, 0.06416665]
[1.9305961, 0.8766593, 0.9983519, 0.05558485]
[1.9345188, 0.8922065, 0.9817803, 0.060532115]
[1.7584165, 0.80656326, 0.8930576, 0.058795646]
[1.9209132, 0.90963686, 0.9502838, 0.060992494]
[2.0078933, 0.9894302, 0.95059454, 0.067868635]
[2.0513759, 0.93511224, 1.0527664, 0.06349717]
[1.9534283, 1.1109339, 0.7882986, 0.05419571]
[1.8503475, 0.8864417, 0.9033555, 0.060550332]
[1.9628298, 0.8195215, 1.0876067, 0.055701792]
[2.0926733, 1.1091486, 0.9218861, 0.061638493]
[1.883297, 0.9820113, 0.84689903, 0.054386605]
[1.8803284, 0.97838145, 0.84483665, 0.05711028]
[1.9766934, 0.924181, 0.99659616, 0.055916302]
[1.8152149, 0.99672157, 0.7626226, 0.055870824]
[1.7679813, 0.75632334, 0.9597875, 0.0518705]
[1.9852703, 1.0326928, 0.898133, 0.0544445]
[1.9901849, 1.0371579, 0.889984, 0.06304303]
[1.964615, 0.8689809, 1.0379534, 0.057680763]
[1.8183179, 0.84865797, 0.91124535, 0.058414616]
[1.8242496, 0.8644658, 0.9018332, 0.057950586]
[1.8848282, 0.7523234, 1.0689907, 0.06351413]
[1.8752475, 0.86896753, 0.9423941, 0.06388599]
[1.8625311, 0.7625836, 1.0411437, 0.058803745]
[1.9310226, 0.9241971, 0.939597, 0.06722859]
[1.8891453, 0.85373706, 0.96840805, 0.067000195]
[1.990524, 0.8763298, 1.0518596, 0.062334713]
[1.9511616, 1.0408746, 0.8466963, 0.063590825]
[1.958073, 0.7257277, 1.1676689, 0.06467645]
[1.9145945, 0.9818902, 0.87260664, 0.060097687]
[1.9416289, 0.8688738, 1.0179653, 0.054789815]
[1.882751, 0.8622228, 0.9567813, 0.063746944]
[1.9001786, 0.90955424, 0.9280845, 0.06253982]
[1.9627275, 1.1394734, 0.7672714, 0.05598271]
[1.9975272, 0.87123656, 1.0683111, 0.05797961]
[1.9081755, 1.0245945, 0.82146513, 0.06211573]
[1.9818214, 0.98072416, 0.9408972, 0.06020009]
[2.0127976, 0.8995658, 1.0484037, 0.06482802]
[2.0397916, 1.1003603, 0.8803042, 0.059127063]
[1.9104483, 1.0114615, 0.8399637, 0.059023198]
[1.9067765, 0.9483186, 0.9017005, 0.05675746]
[1.9239398, 0.9150044, 0.94781053, 0.061124902]
[1.9335852, 1.039564, 0.8337567, 0.060264494]
[1.9005498, 0.9636996, 0.8740428, 0.062807396]
[1.9803727, 1.0216206, 0.89893496, 0.059817113]
[1.7461544, 0.7997593, 0.8892113, 0.057183884]
[1.852562, 0.74927413, 1.0405579, 0.06272998]
[1.9603487, 1.074306, 0.817324, 0.068718776]
[1.9265611, 0.8379483, 1.0244219, 0.06419083]
[1.9902126, 0.97433084, 0.9452439, 0.07063784]
[1.8197467, 0.83252126, 0.92664003, 0.06058553]
[1.95514, 0.93001664, 0.96331257, 0.06181085]
[1.8642998, 0.8576626, 0.95013845, 0.056498706]
[1.854564, 0.9018393, 0.88830006, 0.064424545]
[1.7658787, 0.881855, 0.82286274, 0.061160892]
[1.9862605, 0.94308215, 0.97493863, 0.06823981]
[1.9263378, 0.9857641, 0.8723101, 0.06826361]
[2.080197, 1.2376542, 0.77671075, 0.06583203]
[1.8885877, 0.8951626, 0.9370574, 0.0563677]
[2.0648665, 0.98000824, 1.0173761, 0.06748225]
[2.0373225, 1.1221528, 0.85706615, 0.05810348]
[1.8343128, 0.8536037, 0.9170127, 0.06369635]
[1.9900749, 1.0599132, 0.8667638, 0.06339784]
[1.9069165, 0.96753126, 0.879814, 0.059571136]
[1.8881011, 1.0507151, 0.77427924, 0.063106805]
[1.8842807, 0.8049932, 1.0255865, 0.05370096]
[1.8265342, 0.92108405, 0.8469331, 0.05851695]
[1.8909934, 0.87981105, 0.94343644, 0.067745864]
[1.9102287, 0.9654646, 0.86903226, 0.07573185]
[1.8553027, 0.9670516, 0.8204346, 0.067816526]
[2.0225997, 0.9764427, 0.98049605, 0.0656609]
[1.8233101, 0.9733503, 0.7841062, 0.065853655]
[2.0531702, 0.9749431, 1.0127201, 0.06550705]
[2.0664647, 0.8956268, 1.1109726, 0.059865262]
[1.9758557, 0.97309494, 0.9417958, 0.060964994]
[1.9448782, 1.0093135, 0.87556094, 0.06000393]
[1.7944645, 0.8447827, 0.89567214, 0.054009542]
[1.9349478, 0.88316375, 0.99057746, 0.061206706]
[1.8617201, 0.9318296, 0.8667586, 0.0631319]
[1.9717747, 0.87254226, 1.0353694, 0.06386304]
[1.87654, 0.9432591, 0.86581695, 0.067463875]
[1.8509178, 0.8940084, 0.8906047, 0.066304654]
[2.02708, 0.9975721, 0.96336186, 0.06614609]
[1.7930088, 0.8057281, 0.9232601, 0.06402066]
[2.070252, 0.94911695, 1.0554112, 0.06572398]
[1.8694648, 0.7682502, 1.0392342, 0.061980385]
[1.8339798, 0.9207238, 0.84970546, 0.063550584]
[1.8110496, 0.84954816, 0.8955841, 0.065917365]
[1.9647952, 0.9786345, 0.9217395, 0.06442125]
[1.8847239, 0.8948204, 0.9207469, 0.0691566]
[1.909986, 0.98775476, 0.8545822, 0.067649126]
[1.928551, 0.9967383, 0.85994023, 0.0718725]
[1.9219013, 0.8709674, 0.9777804, 0.073153645]
[1.9006084, 0.81016403, 1.0178517, 0.07259258]
[1.9839447, 0.92568004, 0.9907714, 0.06749317]
[1.9353045, 1.1051273, 0.7702664, 0.05991078]
[1.8906101, 0.9511291, 0.86456716, 0.07491381]
[1.8726298, 0.8217752, 0.9793637, 0.07149087]
[1.9855838, 1.1066568, 0.81103706, 0.06788998]
[1.9817644, 0.99832845, 0.9172507, 0.06618532]
[1.9489825, 0.8534347, 1.0298581, 0.06568972]
[1.9359607, 1.0172927, 0.853733, 0.064934835]
[1.9071854, 1.0127347, 0.8328422, 0.06160868]
[1.9516612, 0.9206792, 0.9691643, 0.061817776]
[1.9064481, 0.887984, 0.9558579, 0.062606335]
[1.8466787, 0.7319716, 1.0471532, 0.06755389]
[2.0172532, 1.0507188, 0.90283954, 0.06369485]
[1.964869, 0.8868965, 1.0151495, 0.06282308]
[2.0735755, 0.89441895, 1.1168898, 0.06226682]
[1.8227297, 0.9002877, 0.86380756, 0.058634415]
[1.9355948, 1.0141878, 0.8553423, 0.06606462]
[1.8438044, 0.8873917, 0.8951695, 0.061243158]
[1.7484745, 0.89160967, 0.7885927, 0.0682721]
[1.7877667, 0.70287055, 1.0188715, 0.06602453]
[2.065683, 1.0088096, 0.9877734, 0.06909983]
[1.9645271, 1.0763235, 0.8215899, 0.06661373]
[1.891051, 0.9052123, 0.9135815, 0.07225733]
[1.9791524, 0.99055326, 0.92441, 0.06418917]
[2.0078611, 0.9550015, 0.9880773, 0.06478231]
[1.9106772, 0.97834456, 0.8681222, 0.06421046]
[1.8206034, 0.93598425, 0.8226145, 0.062004533]
[2.070953, 0.9312037, 1.0832815, 0.05646752]
[1.9041159, 0.89772034, 0.9481323, 0.05826326]
[1.961008, 0.9997254, 0.8977468, 0.06353583]
[1.9087971, 0.95121384, 0.8974604, 0.060122892]
[1.9708638, 1.0471461, 0.8626292, 0.061088517]
[2.0320108, 0.8042223, 1.1705647, 0.05722382]
[1.8880211, 1.1103566, 0.71951723, 0.058147304]
[1.89933, 0.89060044, 0.9473829, 0.061346628]
[1.9793168, 0.97312474, 0.94596004, 0.060232036]
[1.8673685, 0.934253, 0.8727736, 0.06034178]
[2.0027854, 0.9475387, 0.99940556, 0.055841304]
[2.0313072, 1.0963963, 0.8799199, 0.05499111]
[1.8035326, 0.7770452, 0.9743728, 0.052114546]
[1.8707012, 0.9848576, 0.82700586, 0.058837816]
[2.05174, 0.87390006, 1.1204923, 0.057347577]
[2.0117478, 0.8464248, 1.1021951, 0.063127995]
[1.9707017, 0.9922399, 0.919645, 0.058816846]
[1.892836, 0.88794255, 0.9461498, 0.05874357]
[2.084049, 1.0128202, 1.0114893, 0.05973945]
[2.004596, 0.9265857, 1.0228121, 0.05519817]
[1.9885541, 1.0234809, 0.91024655, 0.054826587]
[1.8570149, 0.93326205, 0.8737609, 0.04999192]
[1.9305388, 0.84918797, 1.0236226, 0.057728205]
[1.9045701, 0.86817193, 0.98128855, 0.055109564]
[1.9616668, 0.9978692, 0.90772235, 0.056075368]
[1.847552, 0.8391061, 0.9488039, 0.05964201]
[2.0936341, 0.96007395, 1.0812083, 0.05235202]
[1.9107828, 0.9997617, 0.8609239, 0.05009726]
[1.9550693, 0.84746337, 1.05705, 0.050555922]
[1.9576421, 0.88167155, 1.0284991, 0.04747142]
[1.936924, 0.9826992, 0.9048394, 0.049385253]
[1.9512125, 1.0825281, 0.8179021, 0.05078233]
[2.0088084, 0.95558053, 0.9988445, 0.054383174]
[1.9480691, 1.0211911, 0.8795599, 0.0473181]
[1.9406883, 0.94556594, 0.9406285, 0.05449384]
[1.8730975, 0.9361541, 0.88525474, 0.051688623]
[1.9521002, 0.91795295, 0.9828203, 0.05132682]
[1.8859911, 0.96416885, 0.8737604, 0.048061796]
[2.05779, 1.037658, 0.96513635, 0.054995876]
[2.0102098, 1.1045878, 0.8590727, 0.04654935]
[1.9100659, 0.89172953, 0.9726522, 0.04568409]
[1.8803802, 1.0741335, 0.7613018, 0.04494471]
[2.0068188, 0.95055103, 1.0133432, 0.042924594]
[1.8511971, 1.0042311, 0.79714906, 0.049817]
[1.9149309, 0.8840981, 0.9776812, 0.053151563]
[2.0070002, 0.9573931, 0.9977342, 0.05187299]
[2.0420663, 1.1031783, 0.892319, 0.04656917]
[1.9100695, 0.81215227, 1.0496268, 0.04829038]
[2.0796287, 1.0171268, 1.0136105, 0.048891403]
[1.8292067, 0.9305889, 0.85676634, 0.041851543]
[2.035002, 0.95673805, 1.0290394, 0.049224697]
[1.9007244, 0.91874385, 0.9335355, 0.04844504]
[2.0209548, 0.91633964, 1.057342, 0.04727318]
[1.9540519, 0.98381054, 0.9249712, 0.04527006]
[1.9404783, 0.89289224, 1.0047929, 0.042793106]
[1.9151263, 0.97178644, 0.9021117, 0.041228186]
[1.8901975, 0.8676029, 0.9792898, 0.043304745]
[2.0203023, 0.9285681, 1.0465293, 0.045204885]
[2.0771413, 1.02808, 1.0022961, 0.046765275]
[2.0214891, 1.004551, 0.9734209, 0.043517124]
[2.0482595, 1.1733491, 0.83424777, 0.040662628]
[2.0157232, 1.032112, 0.9421542, 0.04145705]
[1.9129527, 0.86186254, 1.0132136, 0.037876505]
[1.982117, 0.9782989, 0.9640572, 0.039760977]
[1.9778053, 0.91862386, 1.0216274, 0.037553884]
[1.9758255, 0.84424114, 1.0941552, 0.0374292]
[1.9016658, 0.9758445, 0.88787746, 0.037943825]
[1.9260082, 1.0184392, 0.8698596, 0.03770943]
[1.8899883, 0.8981559, 0.9508519, 0.040980443]
[1.9426281, 0.9882285, 0.9135014, 0.040898323]
[1.8734475, 0.91444224, 0.91915756, 0.03984774]
[1.9661676, 1.0177565, 0.90670574, 0.041705422]
[1.8930975, 0.93600845, 0.9146901, 0.042399004]
[2.0231993, 0.9864959, 0.99476415, 0.041939147]
[1.9109586, 0.87759525, 0.98875725, 0.044606052]
[2.0460925, 1.0034068, 0.9972224, 0.045463283]
[2.1310349, 1.1535807, 0.9367717, 0.04068259]
[1.891616, 1.0170438, 0.8355458, 0.039026327]
[1.8168104, 0.87250924, 0.90305436, 0.041246817]
[2.0581908, 1.0115848, 1.0091443, 0.037461873]
[2.021397, 0.8821909, 1.1004217, 0.03878444]
[1.8607401, 0.92011297, 0.9025538, 0.03807329]
[1.875199, 0.92113423, 0.9167154, 0.03734931]
[1.945529, 0.934599, 0.9696708, 0.04125934]
[1.9119637, 0.9229384, 0.95067585, 0.038349375]
[1.8726909, 0.95290947, 0.87662196, 0.043159474]
[1.9293686, 0.90273535, 0.9821981, 0.044435196]
[1.8238753, 0.9316239, 0.85184765, 0.040403694]
[1.9072714, 0.8358823, 1.0198642, 0.051524907]
[1.9775534, 1.0556915, 0.8762671, 0.045594852]
[1.9777128, 0.9734753, 0.9551351, 0.049102478]
[1.872284, 0.9127382, 0.9159253, 0.04362049]
[1.9773812, 0.9111992, 1.0187255, 0.047456473]
[1.9410652, 0.9727586, 0.9230486, 0.0452579]
[1.958734, 0.8637756, 1.0446934, 0.050265048]
[1.9562211, 0.9415138, 0.9716389, 0.043068416]
[1.8936776, 0.7992134, 1.0478942, 0.04656989]
[1.9499775, 0.95106375, 0.95323426, 0.045679472]
[2.0802844, 1.054537, 0.9740988, 0.05164845]
[2.123917, 1.1161888, 0.96333504, 0.044393376]
[1.8551595, 0.9513196, 0.8644111, 0.039428808]
[2.0345352, 1.0769641, 0.90946364, 0.04810733]
[1.875607, 0.8193783, 1.0136938, 0.042534795]
[1.9030322, 0.9560479, 0.89912474, 0.04785956]
[1.9126331, 0.9075811, 0.9596288, 0.045423172]
[2.029515, 1.1339445, 0.8493795, 0.046191067]
[1.966947, 0.8524623, 1.0674672, 0.047017418]
[1.9078069, 0.871578, 0.9917441, 0.0444849]
[1.9617442, 1.0088774, 0.9110079, 0.041858938]
[1.8791405, 1.0135401, 0.82112634, 0.044473957]
[1.9013147, 0.90623224, 0.9520713, 0.04301119]
[1.9333243, 0.8601476, 1.0251261, 0.048050612]
[1.9875143, 1.0718825, 0.8694469, 0.046184875]
[1.962918, 0.9109957, 1.0084574, 0.043464936]
[1.77077, 0.64257073, 1.0825394, 0.04565975]
[1.8933263, 0.89557755, 0.9550036, 0.042745106]
[2.0339687, 1.1618035, 0.8207073, 0.05145798]
[1.8437483, 0.9421807, 0.8543972, 0.0471704]
[1.8934505, 0.90141046, 0.94188035, 0.050159715]
[1.868148, 0.9775077, 0.8409922, 0.0496481]
[1.8962998, 0.85925615, 0.9823533, 0.054690376]
[1.9384681, 0.89095473, 0.9901275, 0.057385758]
[1.8261293, 0.906225, 0.8619783, 0.057926025]
[1.9422501, 0.90284526, 0.982302, 0.057102785]
[1.9825834, 1.0408759, 0.88365906, 0.05804832]
[1.9443859, 0.95959514, 0.9281703, 0.05662053]
[1.8636788, 1.0970349, 0.71180165, 0.054842234]
[1.9554591, 1.0203807, 0.87943685, 0.05564153]
[1.9590781, 0.908683, 0.9971998, 0.053195283]
[1.8824623, 0.92455566, 0.900733, 0.057173602]
[2.0150778, 0.9285848, 1.0280616, 0.05843135]
[1.897348, 0.89494264, 0.9530028, 0.049402606]
[1.967046, 0.9305801, 0.98364305, 0.052822836]
[1.9874276, 0.84958637, 1.0873162, 0.050525058]
[1.9763503, 1.256688, 0.6683191, 0.05134321]
[1.8713264, 0.9329934, 0.8877139, 0.050619118]
[1.9433315, 1.0331597, 0.8578402, 0.05233161]
[2.0277226, 0.99035823, 0.9827796, 0.05458469]
[1.9529474, 1.0836152, 0.8228655, 0.04646667]
[1.9676278, 0.90185905, 1.0142254, 0.051543333]
[1.932696, 0.9900492, 0.89691186, 0.045734964]
[2.0077677, 0.9201886, 1.039255, 0.048324015]
[1.8575313, 0.9097667, 0.9037361, 0.044028524]
[1.9436557, 0.91765505, 0.9777074, 0.04829335]
[1.9759681, 1.0912302, 0.8367458, 0.04799217]
[1.9630425, 0.9733802, 0.94206107, 0.047601216]
[2.0136697, 1.0428162, 0.9213507, 0.049502872]
[1.9984133, 1.011461, 0.94545877, 0.041493535]
[1.8901336, 0.92205274, 0.92571396, 0.04236696]
[1.9885178, 1.0543106, 0.8852903, 0.048916765]
[1.8343594, 0.8471199, 0.94278634, 0.04445312]
[1.9824704, 1.0462296, 0.8861665, 0.050074194]
[1.9731643, 0.90460765, 1.0203975, 0.048159175]
[1.8520725, 0.89580333, 0.90978956, 0.046479523]
[1.8622191, 0.96241766, 0.84902287, 0.050778665]
