[1.9854194, 1.0214672, 0.90344036, 0.06051184]
[1.9876217, 0.94344014, 0.98647654, 0.057705063]
[1.834929, 0.79339695, 0.9881027, 0.05342932]
[2.0885906, 1.1315968, 0.9032444, 0.053749643]
[1.8351272, 0.8195418, 0.960601, 0.054984447]
[1.861846, 0.8566087, 0.9459902, 0.05924698]
[1.9303392, 0.8724822, 1.0049443, 0.052912675]
[1.7617693, 0.82457995, 0.8810968, 0.056092553]
[1.8536217, 0.83225507, 0.9584266, 0.062940165]
[1.9676301, 0.9226259, 0.9812, 0.063804254]
[1.8969425, 0.85068905, 0.9850116, 0.06124192]
[2.0670636, 0.975376, 1.0287757, 0.062911764]
[2.023399, 0.83849835, 1.1276839, 0.057216782]
[2.0719686, 1.2797341, 0.73704624, 0.055188075]
[1.9407216, 0.9839113, 0.903515, 0.05329532]
[1.9529991, 0.922145, 0.9777454, 0.05310864]
[1.964314, 0.89317834, 1.0188973, 0.05223833]
[2.1400316, 1.1856909, 0.90003955, 0.054301076]
[1.9986742, 1.0378921, 0.9132018, 0.04758025]
[1.9064329, 1.0913165, 0.7723088, 0.042807586]
[1.918568, 0.8667296, 1.0063744, 0.04546408]
[2.0279205, 1.0815194, 0.8999971, 0.046404038]
[1.8832457, 0.95646584, 0.8847761, 0.042003732]
[1.9654009, 0.976753, 0.9440223, 0.044625647]
[2.0255454, 1.0781088, 0.9029285, 0.04450815]
[1.8597895, 0.82717603, 0.9910314, 0.041581996]
[1.903921, 0.9772822, 0.8799521, 0.04668682]
[1.9097816, 0.97164094, 0.8912268, 0.04691378]
[1.8864579, 0.9605601, 0.8805171, 0.04538077]
[1.9415544, 0.9647201, 0.92954504, 0.047289297]
[1.9040326, 0.884713, 0.96595925, 0.053360365]
[1.9930968, 0.91072917, 1.025974, 0.056393646]
[1.8097683, 0.8095857, 0.9469974, 0.05318518]
[2.0625896, 0.8580355, 1.1500223, 0.0545317]
[1.983452, 1.007977, 0.9227612, 0.052713707]
[1.9505799, 0.9805402, 0.9254952, 0.044544496]
[1.8726617, 0.9664279, 0.85919154, 0.047042303]
[2.0896916, 1.1449461, 0.89913577, 0.04560963]
[1.8919284, 0.86572814, 0.9800806, 0.046119723]
[1.7606937, 0.8807637, 0.8288421, 0.051087894]
[1.9938009, 0.93206835, 1.0099144, 0.05181808]
[1.8013428, 0.91883594, 0.83677757, 0.04572932]
[1.9700992, 0.8663366, 1.0474505, 0.056312136]
[1.8614193, 0.9666675, 0.84143597, 0.053315908]
[1.9633352, 0.9152165, 0.9968029, 0.0513157]
[2.0062113, 0.8610028, 1.0951297, 0.05007887]
[1.8067871, 0.85587907, 0.9055516, 0.045356378]
[1.8315417, 0.8210298, 0.95754445, 0.052967437]
[1.8267977, 0.86896914, 0.9034423, 0.05438623]
[1.8161454, 0.84950346, 0.9098152, 0.056826856]
[2.0066264, 1.0203478, 0.9273855, 0.058892906]
[1.864602, 0.7748379, 1.02742, 0.06234397]
[1.9904591, 0.8288241, 1.1004624, 0.061172646]
[1.9235005, 0.99917054, 0.86271906, 0.061610878]
[1.9238824, 0.88706577, 0.9778063, 0.059010237]
[1.9348946, 0.94444394, 0.92879117, 0.061659478]
[1.8035436, 0.9145585, 0.8298278, 0.05915738]
[2.0095537, 1.0437474, 0.9032259, 0.06258041]
[1.9703293, 1.033188, 0.87554383, 0.06159746]
[1.8609493, 0.8159827, 0.98970854, 0.05525805]
[1.6834791, 0.7417968, 0.88652384, 0.05515833]
[1.8462878, 0.9277989, 0.85346836, 0.06502059]
[1.85364, 0.8233035, 0.9642116, 0.06612478]
[1.9600031, 0.9514895, 0.94416165, 0.06435199]
[1.9569895, 0.8891071, 1.0006623, 0.06722012]
[1.8938043, 1.0382085, 0.78526676, 0.07032913]
[2.032928, 1.0326948, 0.93173945, 0.06849384]
[2.0743222, 0.9637267, 1.0471314, 0.06346418]
[2.0352366, 0.9602494, 1.0136982, 0.061288908]
[1.871074, 0.89529526, 0.91709375, 0.058684953]
[1.9083714, 1.049893, 0.7988703, 0.05960812]
[1.940436, 0.8628484, 1.0120522, 0.0655354]
[1.8920069, 1.0464809, 0.7873957, 0.058130275]
[1.9464529, 0.9887186, 0.89569485, 0.062039316]
[1.9289607, 0.9393544, 0.92964184, 0.059964404]
[1.9066494, 0.90889275, 0.94077873, 0.056977905]
[1.8579412, 0.8983043, 0.89814925, 0.06148769]
[1.8828624, 1.1216784, 0.7013695, 0.05981461]
[1.9827017, 0.9473877, 0.975598, 0.059715964]
[1.8450751, 0.86500794, 0.92389464, 0.056172572]
[1.8059051, 0.8875897, 0.85945773, 0.0588577]
[1.7515285, 0.82772076, 0.8545704, 0.06923729]
[1.9424495, 1.080748, 0.7931174, 0.06858408]
[2.1080673, 0.8726359, 1.1703982, 0.06503314]
[1.9875355, 0.9760201, 0.9435183, 0.06799704]
[2.0347211, 0.9701799, 1.0051179, 0.059423327]
[1.9032537, 1.0220116, 0.821653, 0.05958903]
[1.8922741, 0.9038174, 0.9346914, 0.053765353]
[1.9286014, 1.0272902, 0.83895195, 0.062359232]
[1.9152869, 0.74022126, 1.1144673, 0.06059833]
[2.0151167, 0.9570924, 0.9983098, 0.05971467]
[2.0601346, 0.85690236, 1.1479034, 0.055328734]
[1.9288803, 1.0451481, 0.8315528, 0.052179433]
[2.037583, 1.0007153, 0.9813359, 0.055531997]
[1.9831963, 0.92497456, 1.0031941, 0.05502755]
[1.934767, 1.1297953, 0.748695, 0.056276664]
[1.9073588, 0.94447005, 0.9122347, 0.050654016]
[2.0398035, 0.94728184, 1.0420337, 0.050488096]
[1.9473028, 0.8555232, 1.0391401, 0.052639462]
[2.0235176, 0.98751664, 0.98673487, 0.04926621]
[1.8455509, 0.8292129, 0.9695994, 0.046738517]
[1.8564382, 0.8750343, 0.93178207, 0.04962182]
[2.0956426, 1.0376079, 1.007474, 0.05056075]
[1.9090674, 0.9822571, 0.8789543, 0.047856025]
[1.8272774, 0.91610444, 0.8586011, 0.05257187]
[2.018706, 0.9527931, 1.0116051, 0.054307867]
[1.7340763, 0.86048067, 0.81642044, 0.057175152]
[1.9197888, 0.8248977, 1.0324833, 0.062407684]
[1.9057286, 0.9360232, 0.9122875, 0.057417877]
[1.9527111, 0.92326504, 0.9730288, 0.056417167]
[1.9903198, 0.9150933, 1.0173953, 0.057831317]
[1.8425432, 0.71123904, 1.0707421, 0.060561962]
[1.816551, 0.93853796, 0.8178916, 0.060121372]
[1.9788607, 0.7636358, 1.1535447, 0.061680198]
[1.9105546, 1.0561179, 0.7919201, 0.06251668]
[2.0259438, 0.9324394, 1.0331248, 0.060379528]
[1.6912324, 0.7529947, 0.8747094, 0.06352824]
[1.9580078, 1.0170037, 0.87930286, 0.06170127]
[1.9331554, 0.87123066, 0.9944703, 0.06745448]
[2.067782, 1.0477953, 0.95483994, 0.06514676]
[1.8729863, 0.89643097, 0.91404605, 0.0625093]
[1.9821126, 0.8996899, 1.0176659, 0.06475693]
[1.9021722, 0.9434575, 0.90197337, 0.05674134]
[1.939728, 0.8211169, 1.0563914, 0.06221978]
[1.957879, 0.8226854, 1.0801607, 0.055032834]
[2.035112, 1.000464, 0.9804988, 0.0541491]
[1.9219639, 0.974459, 0.89686364, 0.050641302]
[1.9301922, 0.9977571, 0.8789574, 0.05347772]
[1.8455597, 0.93702084, 0.861712, 0.04682692]
[1.943173, 1.092147, 0.7946926, 0.056333452]
[1.9411945, 0.8463312, 1.0405433, 0.054320067]
[1.8825836, 1.0039008, 0.82496965, 0.053713143]
[1.8280923, 0.8060254, 0.9648503, 0.05721665]
[1.89059, 0.9495525, 0.88521403, 0.055823404]
[1.8029158, 0.804929, 0.93982965, 0.05815721]
[1.867678, 1.1659019, 0.6415878, 0.060188394]
[1.8802749, 0.8653338, 0.95314825, 0.06179288]
[1.8545198, 0.9615743, 0.8311715, 0.06177403]
[1.8710513, 0.9811313, 0.8231519, 0.06676811]
[2.0393164, 0.98919165, 0.98154694, 0.06857768]
[2.0240052, 1.1424572, 0.81764567, 0.063902274]
[2.0040498, 1.0547814, 0.8905276, 0.05874068]
[2.0543144, 1.0390725, 0.96228504, 0.052956894]
[1.9750171, 1.0731316, 0.85015714, 0.051728405]
[1.9491605, 0.77475256, 1.1264309, 0.047977034]
[1.9317411, 1.069271, 0.81790686, 0.04456326]
[2.0673213, 1.0582085, 0.9608826, 0.04823006]
[2.016851, 0.9677379, 1.0030667, 0.04604637]
[1.902634, 0.87073064, 0.9877495, 0.04415378]
[2.0071, 0.9815259, 0.9798902, 0.045683883]
[1.8921264, 0.82389146, 1.0217433, 0.046491686]
[1.8397676, 0.8104899, 0.9820789, 0.047198735]
[1.891906, 0.82032216, 1.020656, 0.050927915]
[2.027568, 1.0380538, 0.9400936, 0.04942072]
[1.8722521, 0.86235356, 0.9590069, 0.050891653]
[1.8293066, 0.8960693, 0.87999177, 0.05324554]
[1.7805353, 0.82687247, 0.89574116, 0.057921775]
[1.9422396, 0.92831045, 0.9568014, 0.05712779]
[1.8166417, 0.8353871, 0.92109, 0.060164593]
[1.9080607, 0.75429523, 1.0935451, 0.060220376]
[1.9648138, 0.9012282, 1.003887, 0.059698574]
[1.9064336, 0.94329447, 0.9016556, 0.06148356]
[1.8457626, 0.74909973, 1.0365697, 0.060093142]
[1.8957326, 0.964126, 0.872903, 0.05870367]
[1.9421716, 0.90896916, 0.9782392, 0.05496319]
[1.8647083, 0.8305889, 0.97291636, 0.061203066]
[1.8799398, 0.96567726, 0.85546005, 0.05880253]
[1.851436, 0.8138944, 0.9749276, 0.06261411]
[1.8911036, 1.0231247, 0.80902314, 0.05895576]
[1.7850654, 0.70729995, 1.0147917, 0.06297376]
[1.77997, 0.7956209, 0.9166698, 0.06767932]
[1.9974724, 0.91370654, 1.0084454, 0.075320505]
[1.8880364, 0.95383584, 0.86552125, 0.068679176]
[1.910433, 0.903407, 0.93716836, 0.069857776]
[1.945755, 1.1803169, 0.6988816, 0.06655651]
[1.9141161, 0.7563385, 1.0825682, 0.07520951]
[1.9751883, 1.0590492, 0.8464956, 0.06964341]
[1.9981298, 1.0513997, 0.8814472, 0.06528297]
[1.9403217, 1.0296772, 0.84582937, 0.06481516]
[1.7534086, 0.81768036, 0.87091285, 0.064815365]
[2.0289752, 1.0391661, 0.9258448, 0.06396443]
[1.9200692, 0.9145962, 0.9360806, 0.06939243]
[1.9530897, 1.0749626, 0.8132006, 0.064926535]
[2.0022178, 0.9333637, 1.0059752, 0.06287875]
[1.8498341, 0.812521, 0.9777754, 0.059537776]
[1.8985527, 0.9965917, 0.83140016, 0.07056084]
[1.9697751, 0.9684354, 0.9313423, 0.069997475]
[1.9992008, 0.86859226, 1.0606531, 0.06995544]
[1.8968818, 1.0237145, 0.8117487, 0.061418496]
[1.9515392, 1.0337778, 0.8482424, 0.06951897]
[1.8802176, 0.90381175, 0.91767347, 0.05873227]
[1.8487633, 0.8931107, 0.8942609, 0.061391663]
[1.867003, 0.7448868, 1.0521092, 0.07000679]
[1.8596448, 0.9028262, 0.8941412, 0.06267733]
[1.8961482, 1.0589944, 0.7629842, 0.074169636]
[1.9640846, 0.7745774, 1.12573, 0.06377718]
[1.8502338, 0.99470365, 0.789085, 0.06644511]
[2.0717268, 1.0369058, 0.96425664, 0.07056415]
[1.9734483, 0.95326954, 0.94998044, 0.070198305]
[1.8087833, 0.8591583, 0.89039266, 0.059232328]
[2.0363235, 0.98039544, 0.9916458, 0.064282395]
[1.8676842, 0.92629176, 0.8743308, 0.06706162]
[1.8564669, 0.7856973, 1.0053811, 0.06538855]
[1.9662902, 0.96199644, 0.9309728, 0.073321044]
[1.8546734, 0.7726331, 1.018059, 0.06398125]
[1.832921, 0.9092858, 0.8622233, 0.061411876]
[1.8790561, 0.8943999, 0.9176389, 0.067017265]
[1.8427243, 0.84036064, 0.930583, 0.07178063]
[2.0129735, 0.8997127, 1.0445385, 0.06872247]
[1.8714554, 0.9889782, 0.8177936, 0.064683735]
[1.8706347, 0.98578525, 0.81470627, 0.07014307]
[1.9743446, 1.0180552, 0.8863963, 0.06989315]
[1.8988662, 0.7835139, 1.0513332, 0.064019114]
[2.0127063, 1.0735354, 0.87013334, 0.06903733]
[2.0125356, 0.94409865, 1.001013, 0.067423895]
[1.9367034, 0.9941559, 0.8699324, 0.07261513]
[1.9760301, 0.9652697, 0.9462323, 0.06452814]
[1.958773, 1.0820308, 0.81659317, 0.06014906]
[1.9296765, 1.0289576, 0.83432776, 0.066391274]
[2.002177, 1.1220813, 0.81724906, 0.0628466]
[1.9089198, 1.0048922, 0.84836686, 0.055660754]
[2.0122085, 0.89194846, 1.0582876, 0.061972488]
[2.0258467, 0.9739804, 0.98844975, 0.06341651]
[1.896328, 0.8823199, 0.960395, 0.053613123]
[1.8066484, 0.8775409, 0.8750777, 0.0540298]
[1.9308978, 0.9157559, 0.9544375, 0.060704403]
[1.8377528, 0.9005735, 0.8733605, 0.06381878]
[1.7929175, 0.96293694, 0.7612452, 0.06873532]
[1.9446015, 0.9575348, 0.93032, 0.056746725]
[1.9624736, 1.1119229, 0.7879518, 0.062599]
[1.8951709, 0.72419363, 1.1174518, 0.053525396]
[1.9049973, 0.8938073, 0.94733554, 0.06385444]
[1.9928707, 0.9097481, 1.0198226, 0.063299984]
[2.0258038, 1.0781639, 0.87794125, 0.0696986]
[1.9104283, 0.85092974, 0.9969485, 0.0625501]
[1.8997878, 0.9548688, 0.8909339, 0.053985063]
[2.0121672, 0.96670014, 0.9854697, 0.059997305]
[1.944341, 0.89716977, 0.993994, 0.053177144]
[1.9553113, 1.0161277, 0.88028777, 0.058895767]
[1.8374548, 0.7814437, 1.0012958, 0.054715227]
[1.9397068, 0.95809484, 0.92231274, 0.05929919]
[1.9435111, 0.8251586, 1.058445, 0.059907597]
[2.0863183, 0.9257052, 1.1036923, 0.05692079]
[2.0053213, 0.9714402, 0.97642857, 0.057452377]
[1.9626119, 0.95521706, 0.9549327, 0.05246216]
[1.9066473, 0.92395025, 0.9283024, 0.05439464]
[1.853216, 0.9167868, 0.88183993, 0.054589357]
[1.9894993, 0.83508193, 1.0951691, 0.059248306]
[1.949629, 0.86917365, 1.0276027, 0.05285265]
[1.9074092, 0.9340873, 0.92749435, 0.045827664]
[1.9139268, 1.0442488, 0.8131894, 0.056488648]
[1.8764232, 0.90404177, 0.9144726, 0.057908855]
[2.0076692, 1.1176759, 0.8272223, 0.06277113]
[1.8293196, 0.6566691, 1.12354, 0.04911053]
[1.869246, 0.8881414, 0.92219085, 0.058913715]
[1.8921056, 0.97323877, 0.86293995, 0.05592686]
[2.1371534, 0.91630065, 1.1603229, 0.060530033]
[1.9694021, 1.1192415, 0.7930521, 0.057108477]
[1.918971, 0.9300655, 0.9365405, 0.052364893]
[1.971838, 0.94167113, 0.9817377, 0.04842925]
[1.9055707, 0.93963075, 0.917266, 0.04867404]
[1.9872371, 0.98203695, 0.9499316, 0.05526851]
[1.9638884, 0.9020898, 1.0094295, 0.052369177]
[1.8663793, 0.9690101, 0.8520742, 0.045295045]
[1.919162, 1.0031291, 0.8627782, 0.053254675]
[2.0394406, 0.9401698, 1.0439439, 0.055326823]
[1.9629312, 0.8632984, 1.046262, 0.053370673]
[1.8819185, 1.0414656, 0.79404104, 0.046411857]
[1.9879425, 1.0871692, 0.84894097, 0.051832274]
[1.9223965, 0.9784914, 0.8912978, 0.052607264]
[2.0509205, 0.95538545, 1.0462089, 0.049326062]
[1.8460886, 0.9718791, 0.8264091, 0.047800418]
[1.9681257, 1.0534389, 0.8649039, 0.049782857]
[2.0381603, 1.088903, 0.9043296, 0.04492785]
[1.9716996, 0.97534806, 0.95658016, 0.039771426]
[2.0308511, 0.9762861, 1.0082582, 0.046306916]
[1.9141778, 0.99185926, 0.8804734, 0.04184525]
[1.9389454, 0.99898416, 0.8959135, 0.04404775]
[1.8710637, 0.89128846, 0.9343865, 0.04538868]
[1.831172, 0.81576204, 0.9694208, 0.045989215]
[1.8794963, 0.9105897, 0.91510546, 0.053801164]
[2.0500963, 1.0742193, 0.9293928, 0.046484295]
[1.9022238, 0.7759018, 1.0760624, 0.05025957]
[1.9095072, 0.8836559, 0.9796449, 0.046206333]
[1.8854926, 0.81316173, 1.018085, 0.05424585]
[1.824456, 0.8972255, 0.87124944, 0.055981085]
[1.8537304, 0.9867737, 0.81529945, 0.05165726]
[1.9792517, 0.8186077, 1.1053262, 0.05531793]
[1.9700538, 0.9732715, 0.93769217, 0.0590901]
[2.0473044, 0.96181035, 1.0241436, 0.061350454]
[1.8959014, 0.874369, 0.96816224, 0.05337022]
[1.8402096, 0.8900547, 0.8936347, 0.05652026]
[1.9665416, 1.0786409, 0.8243895, 0.063511305]
[2.046351, 0.90923506, 1.0747852, 0.06233065]
[1.9681082, 0.86234593, 1.0547359, 0.051026404]
[2.025193, 1.0902302, 0.8802205, 0.05474235]
[1.8845724, 0.8523544, 0.980187, 0.05203096]
[1.854504, 0.9884426, 0.8126184, 0.053443097]
[2.105704, 1.1020149, 0.952363, 0.051326055]
[1.9457088, 0.9230776, 0.9769459, 0.0456853]
[1.9401811, 0.85086226, 1.0432675, 0.046051383]
[1.9382681, 0.8978939, 0.9928721, 0.047502033]
[1.9909581, 0.9941861, 0.9496613, 0.047110673]
[1.8309152, 0.9490578, 0.8394587, 0.042398736]
[1.8753452, 0.89518833, 0.934126, 0.046030924]
[1.728985, 0.953985, 0.7265416, 0.04845851]
[2.0956728, 1.0476973, 0.99935484, 0.04862066]
[1.8207285, 0.94011784, 0.82730013, 0.053310685]
[1.9294035, 0.9617424, 0.91681165, 0.050849497]
[1.8629353, 0.79800963, 1.013273, 0.051652685]
[1.8146826, 0.9892533, 0.7674383, 0.05799104]
[2.0088239, 0.8606875, 1.0883629, 0.059773423]
[2.0396748, 0.8920032, 1.09266, 0.05501169]
[1.9136059, 1.0089538, 0.8521904, 0.0524618]
[1.8304374, 0.84415686, 0.93639916, 0.04988146]
[1.947401, 1.0310073, 0.86377, 0.05262373]
[2.0423338, 1.0386653, 0.9478835, 0.05578497]
[1.9113921, 1.009655, 0.8528696, 0.04886753]
[1.8743013, 0.9306605, 0.88972414, 0.053916708]
[1.9842887, 0.94655067, 0.9848101, 0.052928]
[1.8741611, 0.816674, 1.0029464, 0.054540753]
[1.9458028, 0.93271387, 0.9633225, 0.04976645]
[1.8698488, 0.9195961, 0.89731437, 0.052938376]
[1.9435002, 0.9439113, 0.93978524, 0.059803553]
[1.9516741, 0.9469676, 0.9516878, 0.053018697]
[1.8266062, 0.943408, 0.82650197, 0.056696214]
[2.0144124, 0.9925029, 0.96192545, 0.059983883]
[1.9055208, 1.0378164, 0.8142004, 0.053503998]
[1.956027, 0.8942864, 1.004833, 0.056907646]
[1.8789191, 0.9388757, 0.8791621, 0.060881358]
[1.7955508, 0.8249172, 0.9115889, 0.059044734]
[1.9782381, 0.9445312, 0.9680126, 0.065694325]
[1.9332085, 0.90912414, 0.962525, 0.06155938]
[1.9945519, 0.9852519, 0.94815767, 0.061142355]
[1.7192973, 0.74072534, 0.91028625, 0.06828572]
[1.7708536, 0.92106247, 0.78237176, 0.06741937]
[1.9676608, 0.95759225, 0.9387372, 0.0713314]
[1.8352357, 0.8441571, 0.92728347, 0.06379526]
[2.049095, 1.0074377, 0.97880954, 0.062847726]
[1.8930669, 1.065539, 0.76399845, 0.06352954]
[2.0764608, 1.0694073, 0.9469186, 0.060134858]
[1.7589127, 0.87197685, 0.8224963, 0.06443959]
[1.8569317, 0.9220156, 0.8725904, 0.062325675]
[1.8257692, 0.9401641, 0.8204662, 0.06513886]
[1.8527706, 0.90138733, 0.8822708, 0.06911245]
[2.0448964, 1.0027018, 0.9694537, 0.07274094]
[2.0488183, 0.9174379, 1.069027, 0.062353555]
[1.8202965, 0.7754487, 0.98663116, 0.05821663]
[1.9124192, 0.91739815, 0.93400735, 0.061013654]
[1.8896359, 0.7249013, 1.10274, 0.06199451]
[1.9801943, 0.9494344, 0.963765, 0.06699495]
[2.105501, 1.0086664, 1.032411, 0.06442346]
[1.9390585, 0.9309453, 0.9510106, 0.057102665]
[1.855963, 0.8618963, 0.93777454, 0.056292206]
[1.9407129, 0.83574784, 1.0502799, 0.054685272]
[1.8303432, 0.8773666, 0.89118195, 0.061794758]
[1.9752152, 0.95625395, 0.9612589, 0.057702288]
[1.9406422, 1.0073166, 0.87494665, 0.05837906]
[1.8819573, 0.8210321, 1.003828, 0.057097197]
[1.9683819, 0.9643988, 0.94770896, 0.056274176]
[1.9974312, 0.9858836, 0.9489269, 0.0626206]
[1.9587297, 1.1109399, 0.79185617, 0.055933706]
[1.974982, 0.96589977, 0.9527416, 0.056340747]
[1.8557607, 0.91109073, 0.8895817, 0.055088244]
[1.908818, 0.90557706, 0.94215405, 0.061086904]
[1.899415, 0.999669, 0.84401417, 0.055731773]
[2.0391474, 0.8791845, 1.1053953, 0.05456756]
[2.0020342, 0.9407411, 1.0106192, 0.05067399]
[1.9926436, 1.1093628, 0.82739997, 0.055880785]
[1.8602622, 0.7975248, 1.0102683, 0.05246897]
[1.9459784, 0.990536, 0.8982683, 0.05717418]
[1.8524442, 0.90573055, 0.89528537, 0.051428374]
[1.8748684, 0.94440496, 0.86717576, 0.063287675]
[2.1275856, 0.74489874, 1.3277243, 0.054962587]
[1.9177771, 1.1038442, 0.7659168, 0.048016123]
[1.901751, 0.8708589, 0.97641265, 0.054479536]
[1.9618864, 0.91514385, 0.9972249, 0.049517654]
[1.8566335, 0.84540987, 0.9559581, 0.055265583]
[1.9321032, 1.0880059, 0.79012, 0.0539773]
[2.0289187, 0.82318085, 1.1478316, 0.057906408]
[2.0191772, 1.0378695, 0.9264374, 0.054870434]
[1.9927938, 0.89967525, 1.0423002, 0.050818384]
[1.9749541, 1.1567051, 0.7697824, 0.048466615]
[2.0773797, 1.0624547, 0.9656148, 0.04931025]
[1.9967673, 0.895998, 1.0504944, 0.05027485]
[1.8721594, 1.080545, 0.7454953, 0.046119098]
[1.8112129, 0.85183054, 0.9144247, 0.044957623]
[2.0426152, 1.1063136, 0.8860563, 0.050245173]
[1.9667068, 0.90268743, 1.0144699, 0.04954946]
[1.8895614, 0.9252249, 0.9172679, 0.04706864]
[1.9276676, 0.9567008, 0.9229562, 0.048010528]
[1.8786274, 0.8393075, 0.9936936, 0.045626335]
[1.9298862, 0.9032246, 0.9759769, 0.050684784]
[1.8961557, 0.9580107, 0.89004517, 0.04809985]
[1.9496298, 0.96628624, 0.9252358, 0.05810774]
[1.864588, 1.080487, 0.7288192, 0.055281885]
[1.9081495, 0.91833544, 0.9346368, 0.055177204]
[1.9306107, 1.0549335, 0.8227241, 0.052952953]
[1.8952596, 0.9883957, 0.854404, 0.052460015]
[1.8186721, 1.0437799, 0.72142637, 0.053465866]
[2.0207784, 0.7307033, 1.2334027, 0.0566724]
[1.8633556, 1.0555938, 0.75575125, 0.052010525]
[1.9062037, 0.96990895, 0.88206506, 0.054229774]
[2.0375495, 0.9715333, 1.0089335, 0.057082593]
[2.036173, 1.0139414, 0.9692506, 0.05298117]
[2.018869, 1.1127229, 0.85133576, 0.054810204]
[2.046597, 1.0152513, 0.98314327, 0.048202474]
[1.9925654, 0.9782021, 0.9696789, 0.044684388]
[1.9320011, 0.90312207, 0.9859569, 0.042922147]
[1.884305, 0.8208656, 1.0152742, 0.048165366]
[1.9436048, 0.96552575, 0.9321346, 0.045944452]
[2.0530443, 0.89201534, 1.1171035, 0.043925636]
[2.0302231, 1.0555446, 0.9314426, 0.043236002]
[1.9343612, 0.91241586, 0.9805759, 0.04136943]
[1.9361556, 0.9360752, 0.95839506, 0.041685287]
[1.8706677, 0.9750941, 0.85213584, 0.043437745]
[1.9238498, 0.9626114, 0.9198985, 0.04133983]
[2.0239415, 1.0323322, 0.95001495, 0.041594304]
[1.8585607, 0.9109967, 0.9105439, 0.037020065]
[1.942302, 1.0402323, 0.8590611, 0.04300855]
[1.8713913, 0.86927986, 0.9601474, 0.0419641]
[1.9914826, 0.9019939, 1.0467057, 0.042782992]
[2.0634956, 1.1574726, 0.8614565, 0.044566616]
[1.8146051, 0.80166095, 0.97487044, 0.038073663]
[1.867114, 1.0196947, 0.80672294, 0.04069628]
[1.7939293, 0.85515225, 0.89336395, 0.04541312]
[1.9162478, 0.96188486, 0.90723026, 0.04713276]
[1.9682931, 0.8416829, 1.0765972, 0.050012916]
[1.8568584, 0.9017147, 0.9044937, 0.05065004]
[1.8582917, 0.8358215, 0.9732105, 0.049259737]
[2.009368, 0.8487228, 1.1111885, 0.049456492]
[1.8311648, 0.9284741, 0.8533704, 0.04932026]
[1.6684052, 0.8120174, 0.80529195, 0.05109586]
[1.8917443, 0.82378453, 1.01348, 0.05447975]
[1.8003018, 0.81913, 0.91602886, 0.06514284]
[2.0219142, 0.91705316, 1.0403024, 0.064558804]
[1.9959377, 0.778568, 1.1625457, 0.05482398]
[1.886715, 1.0099697, 0.82184243, 0.05490292]
[2.0372784, 0.9747499, 1.005295, 0.05723352]
[1.9783165, 1.073977, 0.8480984, 0.0562411]
[2.0269594, 0.9611658, 1.0126542, 0.053139336]
[2.050587, 0.9856096, 1.0115228, 0.053454656]
[2.2156637, 1.0197077, 1.1466482, 0.04930787]
[1.9487786, 1.047682, 0.8611093, 0.03998732]
[2.0623262, 0.96557844, 1.0527688, 0.043978885]
[1.9150132, 1.0699434, 0.8053347, 0.039735097]
[1.8907408, 0.98250616, 0.8683071, 0.039927468]
[1.9232944, 0.9786825, 0.9030055, 0.041606467]
[1.9744605, 1.0012546, 0.93231666, 0.040889256]
[1.9198524, 0.99529004, 0.8844285, 0.040133867]
[1.8685285, 0.8750024, 0.95414394, 0.039382063]
[1.9426033, 0.87630403, 1.024908, 0.041391343]
[1.8781897, 0.92984533, 0.90797555, 0.04036877]
[1.9217163, 0.92021734, 0.9545437, 0.046955265]
[1.826798, 0.875412, 0.91252357, 0.03886252]
[1.8771327, 1.01004, 0.8180877, 0.04900497]
[1.8382194, 0.8386526, 0.95420665, 0.04536006]
[1.8152469, 0.8705689, 0.8936814, 0.050996646]
[1.8965013, 1.0123744, 0.82853854, 0.05558841]
[1.9196142, 0.93017495, 0.936054, 0.05338528]
[1.8912506, 0.8967921, 0.94613314, 0.048325315]
[1.8373108, 0.86802256, 0.9108715, 0.058416728]
[1.988329, 1.074191, 0.85158193, 0.0625561]
[1.8817978, 0.76556927, 1.0581361, 0.058092333]
[2.0199997, 0.94730765, 1.0138661, 0.058825888]
[1.7787545, 0.8151158, 0.90129626, 0.06234241]
[2.0162773, 0.934376, 1.0191295, 0.06277184]
[1.8397663, 0.8099761, 0.970577, 0.059213124]
[1.9736445, 0.95991385, 0.9519054, 0.061825257]
[1.8681656, 0.7959218, 1.0095607, 0.062683105]
[2.1292033, 0.79280895, 1.2738469, 0.062547415]
[1.8293719, 1.0257438, 0.7487516, 0.054876518]
[1.8142265, 0.8483957, 0.9009359, 0.06489497]
[1.8687936, 0.8748264, 0.9291425, 0.06482469]
[1.8127549, 0.79092824, 0.95926666, 0.06255998]
[1.9175858, 1.1091413, 0.7420505, 0.066393964]
[1.8999997, 0.763765, 1.0731635, 0.063071206]
[1.8895856, 1.112041, 0.7109881, 0.06655652]
[1.7600923, 0.7306831, 0.96913874, 0.060270384]
[1.8508788, 0.96374464, 0.81615543, 0.07097873]
[1.9203289, 1.0635076, 0.78146607, 0.07535523]
[1.8854154, 0.93879664, 0.8790495, 0.06756942]
[1.8390023, 0.7862228, 0.9908202, 0.061959147]
[1.9078, 0.8926879, 0.94419825, 0.070913814]
[1.8931427, 0.89144206, 0.9346019, 0.06709875]
[1.9489775, 0.8652046, 1.0167805, 0.0669924]
[1.780628, 0.97805613, 0.7323363, 0.07023554]
[1.9347945, 0.9922869, 0.87248886, 0.07001874]
[1.8457258, 0.7519438, 1.0224285, 0.07135348]
[1.8825347, 1.0248821, 0.7857833, 0.07186931]
[1.8263724, 0.77492774, 0.9818902, 0.06955442]
[1.9220295, 0.8335781, 1.0123887, 0.07606262]
[2.0456061, 0.9337205, 1.0400413, 0.07184444]
[1.8759304, 0.91000724, 0.8979949, 0.06792831]
[1.9621904, 0.9519733, 0.93574774, 0.07446937]
[1.9350412, 0.89204824, 0.972057, 0.07093592]
[2.0054717, 1.2281857, 0.71201366, 0.065272324]
[1.8813741, 0.688598, 1.1238072, 0.068969004]
[1.8766863, 0.8561888, 0.9575832, 0.062914334]
[1.898429, 0.9364921, 0.8962871, 0.06564982]
[1.9806986, 1.0275989, 0.8887706, 0.06432909]
[1.874823, 0.85082436, 0.96265554, 0.06134302]
[1.9371551, 1.1074522, 0.7605418, 0.069161154]
[1.8765156, 0.82244325, 0.9998685, 0.054203875]
[1.99145, 1.0156205, 0.9052149, 0.07061453]
[1.9674882, 1.3481603, 0.557542, 0.06178581]
[1.7804608, 0.68130285, 1.032173, 0.06698493]
[1.8963542, 1.0110278, 0.8191468, 0.066179484]
[1.9107628, 1.042702, 0.79910135, 0.06895952]
[1.9392631, 0.90567297, 0.9728466, 0.060743548]
[1.8757486, 0.9403297, 0.8665346, 0.06888441]
[2.0603683, 0.94083214, 1.050071, 0.06946526]
[2.008752, 0.8522559, 1.0879939, 0.06850253]
[1.8956208, 0.99760425, 0.83401597, 0.06400065]
[1.9011025, 0.8286869, 1.013312, 0.059103753]
[2.0380552, 0.79998505, 1.1818955, 0.056174688]
[1.7928641, 0.900548, 0.8368515, 0.055464573]
[2.0722568, 0.9819767, 1.0270357, 0.06324433]
[2.021365, 1.0526266, 0.9079045, 0.06083383]
[2.0149465, 0.910956, 1.0478201, 0.05617035]
[1.8557225, 0.8165457, 0.98410046, 0.05507634]
[2.1188624, 1.0023972, 1.062392, 0.054073106]
[1.8455131, 0.8109598, 0.9831787, 0.05137463]
[1.9038521, 0.9369824, 0.9148457, 0.052024037]
[1.9127429, 0.8741373, 0.99021107, 0.04839442]
[1.9606782, 1.0661047, 0.8440304, 0.05054315]
[1.876016, 0.9464251, 0.8767214, 0.05286958]
[1.8899952, 1.1090308, 0.72501385, 0.055950493]
[1.872496, 0.8322365, 0.98719215, 0.053067315]
[1.8998326, 1.0469508, 0.79859483, 0.05428695]
[1.8230646, 0.9266726, 0.8412094, 0.055182546]
[1.8864739, 0.9654244, 0.8683684, 0.052681077]
[2.0649781, 1.1278648, 0.87668014, 0.06043327]
[2.0583599, 0.83167046, 1.1761501, 0.05053914]
[2.0727267, 0.9773099, 1.0448763, 0.050540425]
[1.7461337, 0.9838744, 0.7129122, 0.049347013]
[1.9871445, 0.93145937, 1.0080316, 0.047653407]
[1.8113459, 0.8293543, 0.9352778, 0.046713836]
[1.9180492, 0.92382896, 0.9369842, 0.05723607]
[1.897169, 0.88905215, 0.9531419, 0.054974925]
[1.9210302, 0.81824744, 1.0491145, 0.05366825]
[2.0292218, 1.0567558, 0.91428286, 0.058183126]
[1.8275551, 0.8876612, 0.88394034, 0.055953518]
[2.0566297, 1.0992482, 0.8968906, 0.06049092]
[1.8668194, 0.8443837, 0.96663916, 0.055796534]
[1.9171975, 0.93061304, 0.93111277, 0.05547169]
[1.9202032, 1.0109903, 0.85634345, 0.05286953]
[1.9181727, 0.9307351, 0.9361397, 0.051297955]
[1.9346296, 0.95006424, 0.9289372, 0.05562819]
[1.9506409, 0.9806311, 0.9110181, 0.05899172]
[1.9496684, 0.8979076, 1.0048003, 0.046960413]
[1.9195411, 0.94405013, 0.91748965, 0.058001257]
[1.9297837, 0.88156193, 0.9970546, 0.05116714]
[1.9159229, 0.80404043, 1.061559, 0.050323542]
[1.8213247, 0.8769412, 0.8885031, 0.05588044]
[1.8876693, 1.1076498, 0.72163683, 0.058382772]
[1.9022155, 0.78861666, 1.0487424, 0.0648564]
[1.8536595, 1.0345283, 0.7581146, 0.061016656]
[1.9108592, 0.8755005, 0.9688182, 0.06654062]
[1.8017873, 0.9199487, 0.82894576, 0.05289285]
[1.9219626, 0.84181726, 1.0101426, 0.07000275]
[1.983628, 1.0579445, 0.8652655, 0.060418025]
[2.0140994, 1.0134553, 0.9377252, 0.06291894]
[2.0103323, 1.0481842, 0.8969983, 0.0651499]
[1.8646687, 0.93924594, 0.86415863, 0.061264165]
[1.8814653, 0.8921673, 0.9270744, 0.06222353]
[1.9414238, 0.93960285, 0.94007885, 0.06174204]
[1.8855598, 0.99979126, 0.8238056, 0.061963014]
[1.9142145, 0.9801407, 0.86921906, 0.06485475]
[1.9687676, 0.9310378, 0.96999735, 0.0677326]
[2.0047684, 1.0405968, 0.9024775, 0.061694026]
[1.8932115, 0.9375231, 0.89612174, 0.059566572]
[2.0964432, 0.98628217, 1.0507896, 0.059371583]
[1.9904987, 1.0377989, 0.89442706, 0.058272697]
[1.9269289, 0.78277314, 1.0891739, 0.054981787]
[2.0226038, 0.9912176, 0.9781507, 0.053235352]
[1.8106047, 0.76850563, 0.9887557, 0.053343438]
[1.8599572, 0.9073793, 0.8981162, 0.054461747]
[1.9194485, 0.9255891, 0.93818283, 0.0556766]
[2.045872, 0.89152575, 1.1038015, 0.05054482]
[1.908018, 0.9252999, 0.9292905, 0.053427555]
[1.9643931, 0.88529956, 1.0306833, 0.04841027]
[1.9589559, 0.8904809, 1.0142645, 0.054210495]
[1.9683596, 1.0267155, 0.89377064, 0.047873393]
[1.9151217, 0.90512824, 0.96336657, 0.04662692]
[1.9051757, 0.9506686, 0.90522957, 0.04927759]
[1.8199923, 0.8791691, 0.89077866, 0.050044492]
[1.9528005, 0.91655827, 0.98251474, 0.053727556]
[1.8788904, 0.96011853, 0.86666197, 0.05210983]
[1.9433624, 0.8366588, 1.0505736, 0.056130048]
[1.9689038, 1.021563, 0.89552, 0.051820762]
[1.8949813, 0.95993674, 0.88032377, 0.054720744]
[1.8495483, 0.9263705, 0.8625495, 0.06062837]
[1.9078463, 0.9327885, 0.9195993, 0.0554586]
[1.9347478, 0.85287035, 1.025561, 0.056316454]
[1.8208326, 0.8747374, 0.887637, 0.05845819]
[1.8882235, 0.8867983, 0.94146574, 0.05995953]
[1.7584835, 0.8821617, 0.8124337, 0.063888155]
[1.9456896, 0.92720747, 0.95069575, 0.067786336]
[2.0268269, 1.0693855, 0.8907145, 0.066726886]
[1.9722065, 1.0952225, 0.8160721, 0.060911894]
[1.9951388, 0.9155779, 1.0166181, 0.062942706]
[1.972604, 1.0288308, 0.8834918, 0.060281537]
[1.9746833, 0.9638859, 0.9515305, 0.059266753]
[1.8941691, 0.8977505, 0.9385691, 0.057849362]
[2.0256462, 1.0090582, 0.9587077, 0.057880204]
[1.9404174, 0.8296121, 1.0520205, 0.058784828]
[1.9472777, 0.8631352, 1.0258937, 0.058248803]
[1.907683, 0.90333074, 0.94802916, 0.0563232]
[1.9633795, 1.0339192, 0.8694876, 0.05997268]
[1.9314735, 0.97251487, 0.90554583, 0.053412743]
[1.8996798, 1.0015368, 0.84442806, 0.05371483]
[1.953414, 0.89538693, 1.0035206, 0.054506443]
[2.0339882, 1.0854065, 0.8953132, 0.053268462]
[1.9523827, 0.8728356, 1.0272524, 0.05229465]
[1.8935037, 0.8474164, 0.9949973, 0.051090047]
[1.8738296, 0.9835514, 0.8359525, 0.054325722]
[1.9458803, 0.98406, 0.9093114, 0.05250896]
[2.0107625, 0.8696517, 1.0823717, 0.058739103]
[1.8547288, 0.89966214, 0.8993578, 0.055708833]
[1.9014899, 1.0263678, 0.8156904, 0.05943171]
[2.1007059, 0.9611211, 1.0863979, 0.05318679]
[2.0140986, 0.90845174, 1.0546395, 0.051007487]
[1.9011543, 0.9077755, 0.94296503, 0.05041376]
[1.7678444, 0.81888294, 0.8967584, 0.052203186]
[1.8687696, 0.988094, 0.82443476, 0.056240875]
[1.8674638, 0.90375626, 0.9105497, 0.05315776]
[1.9089173, 0.8492168, 1.0035268, 0.056173734]
[1.780024, 0.7890407, 0.9369726, 0.054010693]
[1.834661, 0.9879267, 0.78490245, 0.061831817]
[2.0305495, 0.9858489, 0.9801663, 0.06453434]
[1.805384, 0.9315275, 0.8102786, 0.063577995]
[1.7994132, 0.7817986, 0.950068, 0.06754662]
[1.9456264, 0.9214577, 0.95845455, 0.06571407]
[1.982111, 0.84400845, 1.0746894, 0.063413106]
[1.8751532, 0.9145535, 0.8970912, 0.06350838]
[1.891573, 0.91536766, 0.912679, 0.063526265]
[2.0481012, 1.0280316, 0.94694406, 0.07312565]
[1.8901411, 0.77314246, 1.051152, 0.065846674]
[1.854723, 0.98658884, 0.8028177, 0.065316424]
[1.9271446, 0.8569709, 0.9979124, 0.07226131]
[2.0400345, 0.90893465, 1.0673721, 0.06372796]
[1.9985651, 0.93202615, 1.0079451, 0.058593906]
[1.8738974, 0.947202, 0.8602421, 0.06645332]
[2.0468864, 0.8061205, 1.1743956, 0.06637038]
[1.9097613, 1.0273148, 0.8254136, 0.057032958]
[1.8324996, 0.7662284, 1.0086634, 0.057607815]
[1.9310683, 0.89487845, 0.9759207, 0.060269278]
[1.7532415, 0.86543214, 0.8183447, 0.06946471]
[2.0789478, 0.9355886, 1.0753593, 0.06799977]
[1.9055793, 1.0676453, 0.77943957, 0.05849445]
[1.9051642, 0.92308974, 0.9211137, 0.060960777]
[1.8584208, 0.8508159, 0.94081604, 0.06678892]
[2.0412087, 1.0382353, 0.93499565, 0.06797789]
[2.0849237, 1.1361976, 0.88792247, 0.060803667]
[1.9758356, 0.82341194, 1.0954138, 0.057009757]
[1.9449309, 1.0326746, 0.85766715, 0.054589152]
[2.048493, 1.0210749, 0.9682761, 0.05914178]
[1.9964849, 0.97874016, 0.97050893, 0.047235794]
[2.0132623, 1.1591403, 0.80003905, 0.054082822]
[1.877833, 0.96114063, 0.86374986, 0.052942537]
[1.9477445, 0.9839501, 0.9128753, 0.050919123]
[1.8186094, 0.96438575, 0.79706717, 0.057156403]
[1.9374012, 0.972953, 0.9100593, 0.054388884]
[1.9623759, 1.0620091, 0.84522545, 0.05514134]
[1.9831157, 1.0327986, 0.89674175, 0.05357525]
[1.8826929, 0.7880066, 1.044907, 0.04977933]
[2.1306102, 1.0665333, 1.0164459, 0.0476311]
[1.8950495, 0.84912324, 0.99788904, 0.048037205]
[1.9742389, 1.0578296, 0.8740565, 0.042352673]
[1.9044569, 0.900001, 0.95529604, 0.049159728]
[1.9813762, 0.9677255, 0.9651253, 0.048525345]
[1.9305727, 0.9283434, 0.9561724, 0.046057034]
[1.871175, 0.8626502, 0.9590803, 0.049444575]
[1.9351207, 0.9436638, 0.9413279, 0.050129063]
[1.8735803, 0.8277595, 0.99810576, 0.04771506]
[1.891928, 0.9462667, 0.8945911, 0.051070165]
[1.9615097, 0.9750402, 0.93249476, 0.05397472]
[1.9095218, 0.9591791, 0.8984971, 0.051845603]
[1.8579061, 0.9213264, 0.88476795, 0.051811684]
[1.8744977, 0.9745859, 0.8441249, 0.055786833]
[2.0425825, 0.9955498, 0.99049664, 0.056535967]
[1.7986964, 0.89069855, 0.8592428, 0.04875501]
[1.9422106, 0.8475527, 1.0434104, 0.051247444]
[1.9015092, 1.04987, 0.7957119, 0.05592733]
[1.9156743, 0.89587855, 0.9639657, 0.055830102]
[1.8488741, 1.0027356, 0.79546225, 0.050676227]
[1.6810075, 0.7494532, 0.870985, 0.060569435]
[1.860223, 0.7471621, 1.046563, 0.06649791]
[1.8957746, 0.8372208, 0.9961992, 0.06235461]
[2.083465, 1.1318376, 0.88766253, 0.063964814]
[1.835987, 0.8742205, 0.90106726, 0.06069924]
[1.8526014, 0.77771795, 1.0216492, 0.053234227]
[1.9307247, 1.122375, 0.742945, 0.06540475]
[2.1188056, 1.0735676, 0.9848939, 0.060344033]
[1.9609404, 1.0390706, 0.86847824, 0.053391464]
[1.8116223, 0.8261819, 0.92015195, 0.0652884]
[1.8079842, 0.8530391, 0.88783145, 0.06711374]
[2.0673845, 1.0672642, 0.9351077, 0.0650128]
[1.9201248, 0.8143524, 1.0474803, 0.05829202]
[1.8948702, 1.0144274, 0.8209795, 0.05946328]
[1.9839543, 0.9720286, 0.9554873, 0.056438286]
[2.0057802, 1.0344236, 0.91089857, 0.060458176]
[1.9685317, 0.81620127, 1.0922636, 0.06006687]
[1.9182527, 1.0643415, 0.802684, 0.051227048]
[1.9830047, 0.8079281, 1.1159344, 0.05914218]
[1.8886614, 0.8924513, 0.94545996, 0.05075016]
[1.9071745, 0.7626835, 1.0857412, 0.058749754]
[1.8304434, 0.84601533, 0.9257103, 0.05871767]
[1.93793, 0.8688798, 1.012892, 0.05615813]
[2.007558, 1.1174057, 0.8346123, 0.05554018]
[1.8974108, 0.87585044, 0.9656207, 0.05593956]
[1.9257727, 1.0469211, 0.825843, 0.053008527]
[1.9392965, 0.88377196, 0.99860996, 0.056914587]
[1.8646883, 0.89804894, 0.91639113, 0.050248314]
[2.0174246, 0.9458065, 1.0170772, 0.054540962]
[1.8420928, 0.94168276, 0.84981537, 0.050594583]
[1.8748145, 0.76522386, 1.0606658, 0.048924863]
[1.8621255, 0.9437289, 0.86557233, 0.052824263]
[1.9519968, 0.8629676, 1.0368651, 0.05216404]
[1.885057, 0.89680994, 0.93695176, 0.051295288]
[2.003439, 0.9195247, 1.0308545, 0.053059846]
[1.8204184, 0.79333264, 0.9735931, 0.053492516]
[1.9237152, 1.0434381, 0.82943475, 0.050842416]
[1.8865919, 0.9785285, 0.8504809, 0.057582494]
[2.0875082, 0.7768461, 1.2562246, 0.054437473]
[2.1108706, 1.1840074, 0.8771813, 0.049681976]
[1.9201958, 0.85025823, 1.0225766, 0.047361016]
[1.8500156, 0.9932245, 0.8074926, 0.049298473]
[1.9898801, 1.0100759, 0.92689234, 0.0529117]
[1.9032327, 0.8408908, 1.0097334, 0.052608408]
[1.9587104, 0.8359655, 1.0753322, 0.04741273]
[2.0807755, 1.1557908, 0.87558985, 0.04939485]
[1.9651484, 0.9567785, 0.96593636, 0.04243346]
[1.89805, 0.9217025, 0.92881066, 0.047536694]
[1.9525999, 1.0472454, 0.85619116, 0.04916334]
[1.9306777, 0.9061413, 0.97623986, 0.04829642]
[1.8657606, 0.8346477, 0.98369145, 0.047421448]
[1.8557532, 0.9406065, 0.86477995, 0.050366722]
[1.9538637, 0.8021039, 1.1028042, 0.048955724]
[2.0019329, 0.9816089, 0.9696374, 0.05068654]
[1.879517, 0.8603987, 0.9721995, 0.046918705]
[1.9764459, 1.0607797, 0.8574657, 0.058200553]
[1.9376233, 0.91720784, 0.96960855, 0.05080689]
[1.9411833, 1.0119662, 0.8783275, 0.05088959]
[1.9544437, 1.0100062, 0.89420664, 0.050230816]
[2.014663, 1.0042989, 0.9553205, 0.055043668]
[1.8439009, 0.98268723, 0.8073572, 0.05385653]
[1.9552242, 0.92797947, 0.9735499, 0.053694844]
[1.7662547, 0.8627392, 0.8525157, 0.050999805]
[1.8489968, 0.9078864, 0.8879054, 0.053204875]
[1.9173532, 0.996727, 0.85967547, 0.0609508]
[1.9848872, 0.9680625, 0.9576324, 0.059192277]
[1.8387971, 0.8413328, 0.93388057, 0.063583724]
[2.081595, 1.1962554, 0.82748306, 0.057856657]
[1.8371097, 0.8147377, 0.96744937, 0.05492267]
[1.8961121, 0.8537725, 0.98081607, 0.061523505]
[1.9792591, 1.0255225, 0.8955276, 0.05820904]
[1.7948111, 0.8988047, 0.8416642, 0.054342154]
[1.9406643, 1.0342562, 0.85107857, 0.055329602]
[1.8048478, 0.9155514, 0.8310225, 0.058273938]
[2.0630171, 0.951446, 1.0429671, 0.0686039]
[1.9357538, 1.0228087, 0.8543915, 0.05855371]
[1.9245279, 0.7606602, 1.1039842, 0.059883416]
[1.8666898, 0.8330958, 0.9776429, 0.05595115]
[2.0345976, 1.2602184, 0.7160169, 0.058362357]
[1.8175224, 0.6775142, 1.0876596, 0.05234858]
[1.8664479, 0.8362518, 0.97047806, 0.059718087]
[1.8263768, 0.94575155, 0.8228923, 0.057732962]
[1.9581883, 0.96881735, 0.923516, 0.065855026]
[1.9733834, 0.91163313, 0.998634, 0.0631163]
[2.0272171, 1.010463, 0.95487833, 0.061875813]
[1.8839303, 0.98207533, 0.8452312, 0.05662386]
[1.8609312, 0.91334516, 0.89272475, 0.054861333]
[1.858959, 0.8760059, 0.9232379, 0.05971514]
[1.852149, 0.8875351, 0.9042468, 0.060367078]
[1.8088818, 0.903759, 0.84599453, 0.05912828]
[1.927049, 0.96496874, 0.8951396, 0.06694062]
[1.7492247, 0.82531905, 0.85907525, 0.06483036]
[1.9802372, 0.97519016, 0.93345594, 0.0715912]
[1.8670577, 0.9048941, 0.89647174, 0.0656918]
[2.0335124, 0.877699, 1.0886197, 0.067193545]
[1.8449621, 0.79675233, 0.98629177, 0.061918028]
[1.8044574, 0.94952095, 0.7925539, 0.062382545]
[1.999012, 1.068033, 0.8611373, 0.0698418]
[2.045234, 1.0063307, 0.97481453, 0.06408873]
[1.7552217, 0.84284216, 0.8476444, 0.06473514]
[1.9174035, 0.93133485, 0.91755927, 0.068509355]
[1.8876773, 0.84401107, 0.97306174, 0.07060449]
[1.8218062, 0.78125453, 0.9691775, 0.07137424]
[1.955542, 0.9459665, 0.9341388, 0.07543667]
[1.9244226, 1.0184484, 0.8400371, 0.065937206]
[1.738799, 0.64118004, 1.025849, 0.07176995]
[1.8722332, 1.0189326, 0.7755056, 0.077795036]
[2.1223633, 1.1357007, 0.91298926, 0.07367338]
[1.8963282, 0.7580001, 1.0627525, 0.07557556]
[2.0458636, 1.1518741, 0.82421213, 0.06977754]
[1.9251019, 0.92772365, 0.92952406, 0.06785419]
[1.9711425, 1.1747804, 0.7359597, 0.06040237]
[1.6941377, 0.80714303, 0.82245404, 0.06454064]
[1.9582356, 1.03899, 0.84662473, 0.07262085]
[1.9519492, 1.0929244, 0.78960776, 0.06941715]
[1.8713006, 1.0877094, 0.715124, 0.06846711]
[1.9495568, 0.88077694, 0.9974129, 0.071366996]
[1.9525106, 0.9826925, 0.8963474, 0.07347071]
[1.8398378, 0.9909386, 0.7826093, 0.06628989]
[1.9579389, 0.92205715, 0.96462923, 0.071252644]
[1.9208803, 1.0434967, 0.8084942, 0.06888943]
[1.7036798, 0.8497398, 0.788761, 0.065179]
[2.00146, 1.1476498, 0.7818451, 0.07196517]
[1.9265969, 0.78846854, 1.0668577, 0.071270645]
[1.8298997, 0.81642234, 0.9428543, 0.07062301]
[1.8553632, 0.8752223, 0.908463, 0.07167791]
[2.0227785, 0.9555367, 0.9921069, 0.075134896]
[2.0768604, 0.9093336, 1.1030272, 0.06449962]
[1.8938206, 1.0054052, 0.82450306, 0.06391242]
[1.9760573, 0.8267896, 1.0802095, 0.069058195]
[1.9216682, 0.9665781, 0.8854177, 0.06967232]
[1.7852899, 0.8979141, 0.82003313, 0.067342654]
[1.8573818, 0.8327607, 0.9554887, 0.06913244]
[1.9384052, 0.795417, 1.0737512, 0.06923691]
[1.9082221, 0.8590747, 0.97884107, 0.07030633]
[1.9591707, 1.0262711, 0.85752124, 0.075378284]
[1.8556857, 0.67775136, 1.1048713, 0.073063195]
[1.9735858, 0.7948103, 1.1070924, 0.07168319]
[1.7201504, 0.93208915, 0.7216712, 0.06638994]
[1.7199972, 0.6291412, 1.0156898, 0.07516605]
[1.7816119, 0.90426195, 0.7954401, 0.08190992]
[1.6910286, 0.86482704, 0.74582523, 0.08037633]
[2.03808, 0.88587916, 1.0599127, 0.09228815]
[2.086547, 1.3679211, 0.6433241, 0.07530167]
[1.8747156, 0.89423776, 0.90367746, 0.0768003]
[1.9703289, 0.8789366, 1.015101, 0.07629144]
[1.7491454, 0.9751653, 0.69845456, 0.07552555]
[2.1480868, 0.8669558, 1.1998657, 0.081265144]
[2.006392, 1.2257268, 0.7034267, 0.077238515]
[2.1271644, 0.97938836, 1.080444, 0.06733209]
[1.8956684, 0.91947746, 0.9123585, 0.06383242]
[1.9173014, 0.97093564, 0.8870786, 0.05928718]
[1.8427839, 0.79460484, 0.98377395, 0.06440519]
[1.9414563, 0.8716417, 1.0046322, 0.06518245]
[1.9182222, 0.82140005, 1.033578, 0.063244134]
[1.8113865, 0.87998915, 0.8634758, 0.067921564]
[1.9446638, 0.9924705, 0.8767188, 0.07547453]
[1.908129, 0.96028364, 0.8754669, 0.07237846]
[1.9113884, 0.92199796, 0.924598, 0.06479242]
[1.9496818, 0.8554908, 1.0311582, 0.06303274]
[1.904659, 0.89393216, 0.95234585, 0.05838113]
[1.9843116, 0.81397206, 1.1072714, 0.06306819]
[2.0169432, 0.9131346, 1.0391774, 0.064631194]
[1.8675185, 0.8449513, 0.9605388, 0.062028494]
[1.927857, 0.8799273, 0.98424, 0.06368983]
[1.8795965, 0.9423388, 0.8809149, 0.056342773]
[1.86601, 0.76151186, 1.0454662, 0.059031904]
[2.1626308, 1.1590433, 0.94419676, 0.0593907]
[1.799752, 0.77020025, 0.97121596, 0.0583358]
[1.8985027, 0.9817394, 0.85365605, 0.06310725]
[1.9316581, 0.90727943, 0.9608617, 0.06351692]
[1.893548, 1.0198462, 0.809599, 0.06410292]
[1.9300603, 0.80451393, 1.0604734, 0.06507292]
[1.9846103, 0.925102, 1.0010567, 0.058451653]
[2.0141983, 0.97629195, 0.9733874, 0.06451887]
[1.8727316, 0.92745435, 0.8866973, 0.058579948]
[1.9222995, 0.93457174, 0.9280654, 0.059662294]
[1.9103788, 1.0587125, 0.7883503, 0.06331604]
[1.9720554, 0.92115766, 0.9886213, 0.062276483]
[1.9034836, 0.9109349, 0.9413979, 0.05115086]
[2.0139334, 0.9909245, 0.96316534, 0.059843477]
[1.9883667, 0.87743473, 1.0500902, 0.06084181]
[2.0114987, 1.0120487, 0.9391438, 0.060306177]
[1.9358296, 0.9856566, 0.89366907, 0.056503974]
[1.9168521, 0.99216855, 0.8666427, 0.05804081]
[1.9774388, 0.90777695, 1.0196648, 0.04999708]
[1.8648301, 1.02214, 0.7878339, 0.05485619]
[1.8937057, 1.0047972, 0.83692074, 0.05198782]
[1.9164501, 1.0512586, 0.80850196, 0.056689568]
[1.9863702, 0.8686737, 1.067865, 0.049831465]
[1.9487419, 1.0787932, 0.81120014, 0.05874856]
[1.9400097, 1.0287955, 0.8507246, 0.060489696]
[2.094907, 1.001083, 1.0394688, 0.05435538]
[1.8977749, 1.0087423, 0.839073, 0.04995969]
[2.0247746, 0.9604517, 1.0115879, 0.05273491]
[1.9744189, 0.9237559, 0.99902034, 0.051642656]
[2.022649, 1.0326641, 0.94296855, 0.047016397]
[1.929427, 0.98429847, 0.9004159, 0.04471264]
[1.9470575, 0.90261805, 0.99577415, 0.04866533]
[1.9386252, 0.94367063, 0.94975954, 0.045194972]
[1.9221829, 0.85185766, 1.0185903, 0.05173496]
[2.0420966, 0.94822764, 1.047055, 0.04681396]
[1.9917312, 0.8599632, 1.0895097, 0.04225828]
[2.0082102, 0.94279563, 1.0253372, 0.0400774]
[1.9391218, 0.8951487, 1.00088, 0.043093093]
[1.9227482, 0.90242326, 0.97889894, 0.041426018]
[1.942288, 0.87376916, 1.0249194, 0.043599494]
[1.9982054, 0.9841137, 0.9734534, 0.04063837]
[1.884626, 0.7696483, 1.0778883, 0.037089504]
[1.9510479, 1.0889155, 0.81835985, 0.043772526]
[1.9918607, 0.9009594, 1.0495164, 0.04138488]
[1.8958355, 0.8352096, 1.0218483, 0.038777586]
[1.8292193, 0.8281561, 0.96051466, 0.04054854]
[1.9362242, 0.8778151, 1.0134299, 0.044979267]
[1.9917239, 0.94922, 0.9931495, 0.049354427]
[2.0156264, 1.0399203, 0.9305762, 0.045129992]
[1.9967294, 1.0967249, 0.8583764, 0.041628078]
[1.9949464, 0.91890633, 1.0330923, 0.0429478]
[1.9735004, 1.1080191, 0.825817, 0.039664276]
[1.9948251, 0.96804047, 0.9862443, 0.04054036]
[1.8177884, 0.76406443, 1.0124354, 0.041288488]
[2.0572422, 1.1516856, 0.8622738, 0.0432828]
[1.7245662, 0.7865287, 0.90098, 0.037057552]
[1.9434458, 0.9009174, 0.9995854, 0.04294296]
[1.9358636, 0.93029547, 0.96242726, 0.04314086]
[1.8856757, 1.0504308, 0.78949916, 0.045745693]
[1.8635969, 0.96296775, 0.85149145, 0.049137704]
[1.9703346, 0.98850346, 0.93342865, 0.048402496]
[1.947707, 0.98597676, 0.91789126, 0.04383915]
[2.026695, 1.1138904, 0.86491764, 0.04788707]
[1.9756712, 0.9525318, 0.97738224, 0.045757197]
[1.8317646, 0.96913886, 0.8197653, 0.04286043]
[1.8250996, 0.8518139, 0.92469275, 0.048592936]
[1.9485453, 0.94571024, 0.950199, 0.05263603]
[1.8979024, 0.89331865, 0.9538721, 0.050711684]
[1.9113002, 0.8239847, 1.0383499, 0.048965678]
[1.8731929, 0.89599884, 0.9268389, 0.050355252]
[2.0337992, 0.8911718, 1.0912671, 0.051360138]
[1.763334, 0.75544024, 0.958058, 0.049835768]
[1.9759966, 0.96258754, 0.96534187, 0.04806719]
[1.8339211, 0.88019073, 0.90140635, 0.05232394]
[1.9231058, 0.9309304, 0.93257225, 0.059603244]
[1.9593893, 0.9411094, 0.9647994, 0.053480484]
[1.9003766, 0.94035614, 0.901054, 0.05896642]
[1.9778625, 0.98785967, 0.9385074, 0.051495384]
[1.9366392, 1.0350363, 0.84838104, 0.053221855]
[1.8958837, 0.8579666, 0.9888192, 0.049097873]
[1.8379788, 0.87969434, 0.9052837, 0.053000778]
[1.8552474, 0.8357233, 0.9628571, 0.056666978]
[1.9181195, 0.9250335, 0.93373454, 0.059351616]
[1.8812761, 0.86343944, 0.9520947, 0.06574205]
[2.0051932, 0.9123109, 1.0291467, 0.06373581]
[1.9366436, 0.9517542, 0.92748415, 0.057405278]
[2.0406706, 1.0033017, 0.97498626, 0.062382687]
[1.9946811, 0.99028754, 0.94855094, 0.05584266]
[1.9076737, 0.9589201, 0.8941697, 0.054583922]
[1.8906101, 0.98894787, 0.84919786, 0.052464325]
[1.9910562, 1.0905421, 0.8430172, 0.05749692]
[1.896098, 0.9532602, 0.8933177, 0.04952014]
[2.0133696, 0.97666836, 0.9849206, 0.05178064]
[1.7729226, 0.9571022, 0.76220965, 0.053610843]
[2.0241544, 0.91535175, 1.0539949, 0.054807708]
[1.9988205, 1.0869486, 0.8510711, 0.060800806]
[1.8607048, 0.94898164, 0.8568742, 0.054848865]
[1.8928914, 0.9910397, 0.84712917, 0.054722574]
[2.0853298, 0.89905655, 1.127725, 0.058548257]
[1.8666912, 0.8314301, 0.9857543, 0.049506787]
[1.9887797, 0.98338103, 0.94879806, 0.05660061]
[1.993912, 1.0146441, 0.9277467, 0.051521078]
[2.0408754, 1.1319094, 0.85994685, 0.04901929]
[1.8880396, 1.0155178, 0.82246065, 0.05006109]
[2.005597, 1.0100327, 0.9442661, 0.051298417]
[1.8117751, 0.8767232, 0.88595307, 0.04909888]
[1.8481097, 0.82032704, 0.97493076, 0.05285193]
[2.0886316, 1.031543, 1.0041233, 0.052965242]
[1.8690492, 0.83998275, 0.9784465, 0.05061996]
[1.9846766, 0.98886347, 0.9475375, 0.048275672]
[1.8747723, 0.7826623, 1.0411966, 0.0509135]
[1.9454448, 0.87252367, 1.0195519, 0.05336926]
[1.9049317, 0.9353579, 0.92120385, 0.048369844]
[1.8522563, 0.88678485, 0.91846144, 0.047009952]
[1.9964007, 0.83530736, 1.1100689, 0.051024474]
[1.8793496, 0.7745644, 1.0547894, 0.049995825]
[1.8492864, 0.76708853, 1.0313562, 0.05084174]
[1.9884646, 0.9337075, 1.0002155, 0.054541625]
[1.9712158, 0.88317573, 1.0355246, 0.05251552]
[1.950329, 0.8205237, 1.0815933, 0.048211917]
[1.8675928, 0.91603756, 0.9058889, 0.045666352]
[1.8858595, 0.8960306, 0.93979317, 0.0500357]
[1.8379008, 0.6950724, 1.0921874, 0.050640922]
[1.9846337, 0.8476408, 1.0805608, 0.05643201]
[1.9157318, 0.8338605, 1.0285378, 0.05333356]
[1.8601921, 1.0364355, 0.76934457, 0.054411963]
[2.0564797, 0.814136, 1.1910259, 0.051318012]
[1.9616033, 1.0573092, 0.8509691, 0.05332505]
[1.944977, 0.9909173, 0.90686464, 0.047195077]
[1.8472397, 0.8700938, 0.9258244, 0.05132148]
[2.0259593, 1.0265902, 0.9451186, 0.054250427]
[1.9529625, 0.94211763, 0.96321714, 0.04762777]
[1.8987379, 1.0380726, 0.81067806, 0.049987324]
[1.9189333, 0.92279685, 0.9445542, 0.051582184]
[2.001124, 1.0748249, 0.87237567, 0.05392328]
[2.0210488, 0.96560943, 1.0062441, 0.04919532]
[1.9296417, 1.0354984, 0.8420582, 0.05208519]
[1.9439287, 1.0714275, 0.81944335, 0.053057924]
[1.925764, 0.907589, 0.96702045, 0.051154494]
[1.9041005, 1.0404992, 0.81437755, 0.04922378]
[1.7755641, 0.8583766, 0.8690931, 0.048094366]
[1.8941439, 1.0571029, 0.7876195, 0.049421493]
[2.0030136, 1.0584452, 0.8899757, 0.054592576]
[2.0584388, 1.0601902, 0.94134116, 0.056907363]
[1.9493973, 0.97135407, 0.92984164, 0.048201546]
[2.153544, 1.10206, 1.0038465, 0.047637552]
