[1.8946522, 0.9939722, 0.83145905, 0.069220975]
[1.9773648, 0.8176187, 1.0844367, 0.07530944]
[1.9124789, 1.0155036, 0.8248332, 0.072142124]
[1.9592137, 0.99638885, 0.8915845, 0.07124038]
[1.950878, 1.0661778, 0.81652284, 0.06817737]
[1.9230936, 0.85201466, 1.0117986, 0.059280254]
[1.9798886, 0.9778167, 0.9389952, 0.0630766]
[2.1251743, 1.1788027, 0.88140595, 0.06496559]
[1.9761565, 0.98720956, 0.9276421, 0.061304785]
[1.9950856, 0.99435174, 0.94367, 0.057063967]
[1.9984515, 0.97022486, 0.96644604, 0.061780557]
[2.0011034, 0.7678075, 1.1733413, 0.05995456]
[1.9428451, 1.0543208, 0.83676326, 0.051760994]
[1.9173523, 0.9072883, 0.95669925, 0.053364716]
[1.8863953, 0.995513, 0.8355094, 0.055372834]
[2.024167, 0.9898864, 0.9828329, 0.05144787]
[1.9112008, 1.033869, 0.8167634, 0.060568392]
[1.7980577, 0.7898865, 0.9564978, 0.05167345]
[1.8803878, 0.9362973, 0.88812757, 0.055962935]
[1.8717983, 0.7697815, 1.0455856, 0.05643116]
[2.035047, 1.0495756, 0.9178117, 0.06765993]
[1.9904524, 0.8321786, 1.100888, 0.057385847]
[1.9931604, 1.0164437, 0.921878, 0.05483866]
[2.0228467, 1.0470109, 0.9215245, 0.0543113]
[1.9794183, 1.0768286, 0.84759295, 0.054996755]
[1.9207448, 0.8894979, 0.97597754, 0.055269368]
[1.8368423, 0.8897351, 0.8931803, 0.053926982]
[1.9413223, 0.97222877, 0.9165275, 0.05256605]
[1.8650762, 0.84463847, 0.96373296, 0.056704752]
[1.8019238, 0.8971442, 0.8489394, 0.055840164]
[1.8938438, 0.9819366, 0.8521576, 0.059749603]
[2.0439253, 1.0052328, 0.97483456, 0.06385802]
[1.8002824, 0.9499473, 0.7923743, 0.057960752]
[2.0161147, 0.9049947, 1.0562227, 0.054897226]
[1.9030472, 0.9655925, 0.88144743, 0.05600722]
[1.9859073, 0.9858763, 0.9461887, 0.05384225]
[1.887137, 1.0260081, 0.8037128, 0.057416134]
[1.7557187, 0.72157574, 0.98024964, 0.05389329]
[1.8082545, 1.0336444, 0.7084227, 0.06618743]
[1.7955377, 0.85133326, 0.87893426, 0.06527021]
[1.9542075, 0.88283217, 1.0029277, 0.06844774]
[1.9240025, 0.93929267, 0.919446, 0.06526391]
[1.8600619, 0.882305, 0.9133366, 0.06442022]
[1.9957753, 0.9706618, 0.96070963, 0.06440394]
[1.9568385, 0.79711163, 1.0944694, 0.065257385]
[1.9344336, 0.9476028, 0.9211406, 0.06569019]
[1.9012389, 0.9930332, 0.83517516, 0.07303054]
[1.9541191, 0.90476894, 0.98314905, 0.06620112]
[1.9014927, 0.95745504, 0.8841568, 0.059880838]
[1.8260427, 0.8927985, 0.86441934, 0.06882478]
[1.9602431, 0.96305764, 0.92647123, 0.07071422]
[1.9343556, 1.0928594, 0.77248764, 0.06900856]
[2.0105698, 0.8956667, 1.053431, 0.061472155]
[2.0247443, 0.9320673, 1.0299792, 0.06269778]
[1.821728, 1.0213213, 0.7440844, 0.05632228]
[1.8692578, 0.852504, 0.9491888, 0.067564934]
[1.9703257, 1.2253661, 0.68171513, 0.06324443]
[1.9485003, 0.8644224, 1.0278888, 0.056189187]
[1.9083942, 1.1527948, 0.69952595, 0.056073375]
[1.8961136, 1.0044868, 0.83465236, 0.056974426]
[2.014292, 1.0283906, 0.9220191, 0.06388213]
[1.8316461, 0.8684741, 0.9033607, 0.059811205]
[1.7920448, 0.9670602, 0.7636926, 0.06129189]
[2.0550466, 0.97091115, 1.0183549, 0.06578064]
[2.017413, 0.9648414, 0.9908061, 0.0617655]
[1.9368374, 1.0486883, 0.8295224, 0.05862683]
[1.8678756, 0.9386542, 0.87045944, 0.058761906]
[1.8703111, 0.83814204, 0.96989655, 0.062272497]
[1.8703475, 1.0582649, 0.74649453, 0.06558809]
[2.0172334, 0.9546019, 1.0006638, 0.061967727]
[1.8072959, 0.87883997, 0.8679178, 0.060538135]
[1.9875584, 0.8586644, 1.0647469, 0.064147115]
[1.954198, 0.963995, 0.9362243, 0.053978764]
[1.9370043, 1.072495, 0.80722207, 0.057287257]
[1.9581399, 0.79337955, 1.1049616, 0.059798732]
[1.992254, 0.8040161, 1.1270103, 0.061227523]
[1.9200597, 0.9276614, 0.9372399, 0.055158354]
[1.9295343, 0.89837337, 0.9734975, 0.05766339]
[1.870678, 0.83353615, 0.98182815, 0.05531364]
[1.915048, 0.8505066, 1.0112416, 0.053299755]
[1.9469963, 0.94385636, 0.9483918, 0.054748148]
[1.8826746, 0.8155925, 1.0065973, 0.060484786]
[1.8666514, 0.93116426, 0.8745692, 0.060917955]
[2.0519829, 1.0621449, 0.9288051, 0.061032787]
[2.0378923, 0.9826363, 1.0026375, 0.052618556]
[1.904693, 0.987688, 0.8628371, 0.05416783]
[1.9965488, 0.9625663, 0.97846115, 0.055521395]
[1.8340129, 0.8624754, 0.91884935, 0.052688085]
[1.839483, 0.8170959, 0.9703647, 0.052022494]
[1.9173484, 0.95039546, 0.9127314, 0.054221496]
[1.9134238, 0.779582, 1.0780953, 0.055746414]
[1.9058757, 0.7426368, 1.1030821, 0.06015686]
[1.947577, 1.0399768, 0.84819424, 0.05940588]
[1.8348023, 0.847279, 0.9262411, 0.061282143]
[1.9344554, 0.7745575, 1.093451, 0.06644694]
[1.9232641, 1.0612884, 0.80127263, 0.060703114]
[1.9558396, 0.87754774, 1.0236102, 0.05468172]
[1.9384055, 1.1215395, 0.75239, 0.06447606]
[1.9816175, 0.91922104, 1.0027522, 0.059644252]
[1.9300315, 0.89760864, 0.9770572, 0.055365667]
[1.8515666, 1.0124764, 0.78206074, 0.057029307]
[1.9006695, 0.9496601, 0.8895108, 0.061498553]
[1.909428, 0.88748044, 0.95699966, 0.06494801]
[2.0332785, 0.98396957, 0.9841913, 0.06511767]
[1.9204389, 0.95138335, 0.9074837, 0.061571784]
[1.9284405, 1.0175612, 0.84471494, 0.066164374]
[1.9273088, 0.9702339, 0.8993571, 0.057717785]
[2.099444, 1.000521, 1.0427837, 0.056139313]
[1.9436487, 0.8915694, 0.9974262, 0.054652996]
[1.9279209, 1.0517519, 0.82382977, 0.0523393]
[1.9099646, 0.87322116, 0.98198694, 0.054756455]
[1.7972118, 0.7769475, 0.96798056, 0.05228366]
[2.0173752, 0.95961916, 0.99822176, 0.059534326]
[2.0574164, 0.8617842, 1.1413158, 0.05431647]
[1.9311614, 0.8415447, 1.0352045, 0.054412168]
[1.8627406, 0.803822, 1.0073069, 0.051611796]
[1.8066838, 0.9654552, 0.7847128, 0.05651576]
[1.8623525, 0.82474506, 0.9821259, 0.055481516]
[2.0075045, 1.0184302, 0.9317038, 0.05737047]
[1.8419334, 0.8178441, 0.9686861, 0.055403084]
[1.9448092, 0.85765177, 1.0230367, 0.06412083]
[1.8186111, 0.8441636, 0.9168215, 0.05762599]
[1.9760041, 0.92966163, 0.9848074, 0.061535146]
[1.8416902, 0.9181774, 0.8561792, 0.067333594]
[1.9638832, 0.92813414, 0.9648491, 0.07089995]
[1.9404818, 1.0623474, 0.81258357, 0.06555076]
[2.0659454, 0.93245655, 1.0711908, 0.062298093]
[1.8975991, 1.0083929, 0.8329879, 0.056218237]
[1.9952877, 0.91278607, 1.020297, 0.062204592]
[1.8826365, 0.7475302, 1.0757996, 0.059306722]
[1.9048043, 1.0483, 0.8001126, 0.05639173]
[1.960106, 0.98797166, 0.90955806, 0.062576324]
[1.915824, 0.98601955, 0.8710348, 0.058769736]
[1.8977487, 0.98136866, 0.860089, 0.056291156]
[2.0508623, 1.118798, 0.8735155, 0.058548845]
[2.0141337, 0.9193541, 1.038074, 0.056705557]
[1.9693058, 0.9223733, 0.99085385, 0.056078732]
[1.9117612, 1.0284238, 0.8316787, 0.05165876]
[1.7085278, 0.86008054, 0.79519707, 0.053250186]
[1.979204, 0.9304025, 0.9845241, 0.06427755]
[1.9238975, 0.9903033, 0.8800212, 0.053572997]
[2.0094166, 0.95897645, 0.993106, 0.057334237]
[1.924869, 0.94092274, 0.92246664, 0.061479595]
[1.8219932, 0.8729576, 0.88892937, 0.06010631]
[1.841679, 0.8632096, 0.92231256, 0.056156754]
[1.842524, 0.92660224, 0.84934855, 0.06657323]
[2.0688655, 1.1032398, 0.9050419, 0.060583875]
[1.8874422, 0.85655177, 0.97433823, 0.05655227]
[1.9173505, 0.91522145, 0.94984436, 0.052284665]
[1.8256216, 0.93417585, 0.8338094, 0.057636388]
[2.0276089, 1.0065253, 0.96158326, 0.059500452]
[1.8983301, 0.9379151, 0.89437723, 0.066037774]
[1.803891, 0.8557241, 0.88990366, 0.058263235]
[1.8396348, 0.94195616, 0.8353975, 0.0622811]
[1.8442284, 0.899971, 0.8771889, 0.06706844]
[1.9085903, 1.02138, 0.8130248, 0.074185655]
[1.7808994, 0.7539629, 0.9586374, 0.06829917]
[1.8587567, 0.88438344, 0.9014599, 0.072913244]
[2.0661507, 1.0911453, 0.9043239, 0.07068163]
[2.0118976, 0.9368802, 1.0093244, 0.06569293]
[2.075848, 0.9321399, 1.0860417, 0.05766651]
[1.8582256, 0.82146347, 0.9732075, 0.06355459]
[1.94105, 1.0238887, 0.86160475, 0.05555658]
[2.026313, 0.9127517, 1.0464858, 0.067075655]
[1.9287082, 0.86022913, 1.0045767, 0.06390236]
[1.9383368, 0.8900305, 0.98825395, 0.06005238]
[1.8691446, 0.965756, 0.8423897, 0.060998775]
[1.8737695, 0.7090227, 1.1039683, 0.060778666]
[2.0400012, 1.1132731, 0.8656424, 0.061085526]
[1.9413146, 0.8852562, 1.0013384, 0.05472006]
[1.9801513, 0.9530525, 0.96698385, 0.060115032]
[1.9546388, 0.8760432, 1.0241001, 0.054495625]
[1.875452, 0.89765024, 0.9221814, 0.055620447]
[1.7957991, 0.7962983, 0.94203836, 0.05746244]
[1.8427851, 0.8547406, 0.9230156, 0.06502886]
[1.767512, 0.88908505, 0.8202184, 0.058208533]
[1.9094186, 0.80137765, 1.0356328, 0.0724081]
[1.9717553, 1.0014787, 0.9015237, 0.06875291]
[2.0041478, 1.1486037, 0.789526, 0.066018164]
[1.9774303, 0.8584055, 1.0564277, 0.062597096]
[1.9015058, 0.855976, 0.9853324, 0.060197465]
[2.0455995, 0.97335815, 1.014281, 0.057960354]
[2.0757687, 0.9329492, 1.0838149, 0.059004456]
[2.0838146, 1.1040772, 0.93248993, 0.047247417]
[1.9816079, 0.9814067, 0.9510736, 0.049127586]
[1.8568469, 1.0319763, 0.7760546, 0.04881593]
[1.9565315, 1.0096809, 0.8997885, 0.047062162]
[2.0352232, 0.9557757, 1.023145, 0.05630248]
[1.9084792, 0.97787905, 0.8819332, 0.048666995]
[1.9697455, 0.9403764, 0.98173916, 0.047629904]
[1.8830068, 0.9913059, 0.84284496, 0.048855975]
[1.8817933, 0.89040864, 0.93766785, 0.05371682]
[1.9627682, 0.9270373, 0.9847923, 0.05093857]
[2.0237508, 1.0592446, 0.9113761, 0.053129952]
[1.9381732, 0.9669364, 0.9229158, 0.04832088]
[1.9150485, 1.0190527, 0.8481019, 0.047893852]
[1.8521762, 0.7764192, 1.0258083, 0.04994864]
[1.8268307, 0.92336047, 0.8528912, 0.050579026]
[1.7592387, 0.7896391, 0.92062926, 0.04897038]
[1.875365, 0.8169059, 0.998535, 0.059924107]
[1.9823878, 0.9333999, 0.9915724, 0.057415433]
[1.8779607, 0.9310668, 0.88669896, 0.060194932]
[1.9262574, 0.855613, 1.0128244, 0.057820015]
[2.0895038, 1.0918255, 0.94427556, 0.053402554]
[1.9571047, 0.9983474, 0.9068603, 0.05189707]
[1.8087717, 1.0067191, 0.7477833, 0.054269336]
[1.8982942, 0.89158815, 0.9522264, 0.05447957]
[2.0394616, 1.0312229, 0.9530697, 0.05516907]
[1.9273527, 0.8681791, 1.0012331, 0.057940427]
[1.8259304, 0.8540602, 0.9167733, 0.05509684]
[1.8318855, 0.8166585, 0.95977867, 0.055448316]
[1.9508642, 0.8993374, 0.9898311, 0.06169568]
[1.8476812, 0.8994368, 0.8904524, 0.05779212]
[1.9431467, 0.9558646, 0.9258943, 0.061387762]
[1.8728073, 1.0354735, 0.7718576, 0.065476224]
[1.9241172, 0.80523956, 1.0507752, 0.06810246]
[1.965225, 1.0580865, 0.8446933, 0.06244521]
[1.8898392, 0.94765025, 0.87696666, 0.06522223]
[2.0282495, 0.94372046, 1.0172745, 0.06725447]
[1.9450976, 0.9999123, 0.8843417, 0.06084363]
[1.8863102, 1.0488987, 0.78069043, 0.056721106]
[1.9093227, 0.9349942, 0.9074371, 0.06689147]
[1.8848326, 0.92335343, 0.8991244, 0.062354766]
[1.8963342, 0.85691464, 0.97885394, 0.06056563]
[1.8735435, 0.93692327, 0.88059366, 0.05602659]
[1.7670101, 0.81866324, 0.88124216, 0.06710473]
[1.9092699, 1.0373836, 0.8019538, 0.06993259]
[1.866431, 0.8132322, 0.9872113, 0.065987594]
[1.9667908, 0.8628652, 1.0369158, 0.067009754]
[1.8489705, 0.90532976, 0.8762793, 0.06736149]
[1.8744003, 0.9574414, 0.8493755, 0.06758346]
[2.0807369, 0.9449762, 1.0673337, 0.068426736]
[1.7689238, 0.798729, 0.90462047, 0.065574236]
[1.8841963, 1.0157073, 0.80191135, 0.06657769]
[1.7680854, 0.95810485, 0.74069774, 0.06928278]
[1.9951372, 1.0904217, 0.82455945, 0.08015604]
[1.8810798, 0.83438456, 0.9760227, 0.070672505]
[1.9452292, 1.1212376, 0.7507221, 0.07326947]
[2.0205083, 0.8778558, 1.0721741, 0.07047849]
[1.9635069, 1.0612247, 0.8386038, 0.06367846]
[1.9957919, 0.9813069, 0.9485938, 0.06589131]
[2.087857, 0.97194284, 1.0575733, 0.058340713]
[2.053247, 1.2074244, 0.7892512, 0.056571454]
[1.9378097, 0.8454827, 1.0357342, 0.05659283]
[1.8740608, 0.9881537, 0.8365834, 0.049323734]
[1.8201025, 0.9690918, 0.7962307, 0.054779984]
[1.9089782, 0.93343484, 0.91443074, 0.061112586]
[1.8516296, 0.8495697, 0.93996376, 0.06209629]
[1.9553301, 0.9598147, 0.93239796, 0.06311745]
[1.9078498, 0.9103539, 0.93262756, 0.06486829]
[1.9703561, 0.9130489, 0.9923643, 0.06494298]
[1.9789453, 0.9694711, 0.94527376, 0.06420034]
[1.8765196, 0.8265978, 0.9886744, 0.061247364]
[1.8028551, 0.8954275, 0.84649825, 0.0609294]
[1.8938183, 0.80299664, 1.02603, 0.06479171]
[1.8988763, 0.8766762, 0.9601947, 0.062005423]
[1.8947495, 0.8171389, 1.0097654, 0.067845255]
[1.7311082, 0.7383565, 0.9201417, 0.07261006]
[1.8916074, 0.84412193, 0.9718362, 0.07564925]
[1.6509489, 0.7467131, 0.8231783, 0.08105739]
[1.8894602, 1.0245904, 0.78867364, 0.07619619]
[1.6785406, 0.7247889, 0.86988366, 0.08386804]
[1.8518351, 0.999876, 0.7566942, 0.095264964]
[1.928203, 0.7629758, 1.0680975, 0.09712972]
[1.8709453, 0.84329724, 0.93022275, 0.09742529]
[1.8670247, 0.7127478, 1.0724163, 0.0818605]
[1.859526, 1.0430205, 0.73007405, 0.08643152]
[1.9795538, 0.7407364, 1.164043, 0.074774355]
[2.0588853, 1.2232716, 0.7524775, 0.0831362]
[1.8195218, 0.8726475, 0.87306577, 0.07380859]
[1.7612782, 0.6745355, 1.0061212, 0.08062145]
[1.9608377, 1.035679, 0.83805025, 0.087108515]
[1.7618262, 0.83261037, 0.85821503, 0.07100067]
[1.9555911, 0.95913076, 0.9115993, 0.084861025]
[1.9894726, 1.0231657, 0.8861678, 0.08013919]
[1.8773513, 0.7811803, 1.0275319, 0.068639025]
[1.8974069, 0.90635484, 0.9135605, 0.07749167]
[1.9176538, 0.6922121, 1.1419585, 0.08348328]
[1.9421515, 0.972468, 0.89539695, 0.074286625]
[1.9759138, 1.0759938, 0.82273036, 0.07718973]
[1.9224267, 0.7062516, 1.1419034, 0.074271694]
[1.9327228, 1.0690248, 0.7813902, 0.082307816]
[1.8822101, 0.6469629, 1.1599329, 0.07531443]
[1.9597292, 1.1710886, 0.7196733, 0.0689674]
[1.9271852, 0.7376026, 1.1202674, 0.06931524]
[1.7943304, 0.9331873, 0.7963295, 0.064813614]
[1.918874, 0.8679893, 0.9797889, 0.07109584]
[1.9720501, 1.2101957, 0.6902551, 0.07159941]
[1.9343529, 0.69858176, 1.1601276, 0.07564355]
[1.971185, 1.1355605, 0.77225715, 0.06336734]
[2.0386798, 1.032171, 0.93320787, 0.07330091]
[1.73679, 0.8616201, 0.8096398, 0.06553006]
[1.8832015, 0.8129213, 0.9999314, 0.07034884]
[1.8701717, 0.9899535, 0.810818, 0.06940016]
[1.8973161, 0.86336565, 0.9604641, 0.07348633]
[1.9234664, 0.8637581, 0.9900465, 0.069661796]
[1.9233673, 1.0763407, 0.77512527, 0.071901366]
[2.0016925, 0.74737126, 1.1818953, 0.072426155]
[1.8778894, 0.8630818, 0.94811904, 0.06668857]
[2.0259805, 1.0307775, 0.92824745, 0.06695546]
[1.9761263, 1.0018432, 0.90843946, 0.06584366]
[1.9037299, 1.000112, 0.8369137, 0.06670421]
[2.0428905, 0.7749226, 1.2031775, 0.06479051]
[1.9172621, 1.1237943, 0.7312132, 0.062254496]
[2.0188057, 0.9910352, 0.9724244, 0.055346057]
[1.8281493, 1.0167409, 0.748703, 0.06270535]
[2.0592225, 1.1224355, 0.8758979, 0.060889192]
[2.022151, 0.7408507, 1.2183416, 0.06295882]
[1.9283752, 1.1534872, 0.7165698, 0.058318276]
[1.794407, 1.0094615, 0.732669, 0.052276477]
[1.9521072, 0.94109195, 0.9556334, 0.055381775]
[1.9270757, 0.9621507, 0.90427005, 0.06065502]
[1.9081895, 0.938406, 0.91596925, 0.053814303]
[1.9809251, 0.95194525, 0.9733248, 0.055655055]
[1.7394949, 0.90142107, 0.7803768, 0.057697102]
[1.8362638, 1.0135705, 0.75896984, 0.06372339]
[1.811396, 0.8068681, 0.9430307, 0.06149722]
[1.8922023, 0.9231658, 0.89971316, 0.069323316]
[1.8676467, 0.9311645, 0.8719762, 0.064506054]
[2.0815105, 1.1083839, 0.9011569, 0.07196972]
[1.8547118, 0.85290974, 0.9365715, 0.06523057]
[1.9311349, 1.0204371, 0.84350646, 0.06719133]
[1.7866611, 0.78737116, 0.93055797, 0.06873196]
[1.8581927, 0.9195632, 0.8691422, 0.06948732]
[2.0033872, 0.9801968, 0.9534637, 0.069726594]
[1.9111029, 0.91316164, 0.9335849, 0.06435629]
[1.8186325, 0.88495994, 0.8688377, 0.064834855]
[1.7778974, 0.826451, 0.87968725, 0.071759075]
[1.9249592, 1.0347351, 0.81407225, 0.076151825]
[1.7959718, 0.92745817, 0.79031646, 0.07819711]
[1.991827, 0.78005105, 1.1277094, 0.08406669]
[1.8716357, 0.8859766, 0.91038126, 0.07527782]
[1.9957093, 0.94974554, 0.969907, 0.076056786]
[1.9896837, 0.9831972, 0.9290011, 0.07748543]
[1.9387226, 0.85639143, 1.0083951, 0.07393609]
[1.8677939, 0.8770153, 0.9197475, 0.07103117]
[1.8120246, 0.84904456, 0.8878788, 0.075101204]
[1.8301269, 0.900565, 0.8520403, 0.07752159]
[2.0543602, 1.0959581, 0.88119733, 0.07720463]
[1.9038835, 0.8952899, 0.93772995, 0.07086364]
[1.8547567, 0.70810795, 1.0837643, 0.06288449]
[1.8264201, 0.87223566, 0.87716776, 0.07701656]
[2.0034842, 0.88433546, 1.0374262, 0.08172248]
[2.0410292, 1.01708, 0.9512174, 0.07273178]
[1.8302927, 1.0170711, 0.7424054, 0.070816115]
[1.9762416, 0.8694372, 1.0244073, 0.082397126]
[1.8098762, 0.7627334, 0.9791282, 0.06801463]
[1.8338512, 0.9639649, 0.79161334, 0.07827293]
[1.7861335, 0.7829581, 0.92839426, 0.07478118]
[2.0331287, 1.1127441, 0.85316515, 0.06721949]
[2.0774329, 0.9452462, 1.064914, 0.0672726]
[1.9574494, 0.8585194, 1.0281649, 0.07076532]
[2.0067894, 1.2038943, 0.73611325, 0.06678195]
[2.0064492, 0.936841, 1.0003285, 0.06927959]
[1.8383496, 0.89117175, 0.8789735, 0.06820437]
[1.8707707, 0.9223844, 0.8790973, 0.06928893]
[2.0414386, 0.93208665, 1.0384066, 0.07094522]
[1.9507601, 0.9956803, 0.88827837, 0.06680161]
[1.8275551, 0.9809798, 0.7785027, 0.06807257]
[1.8601389, 0.85937464, 0.93557316, 0.065191016]
[1.8575561, 0.9310507, 0.85904324, 0.067462176]
[2.0081, 0.9596977, 0.98293185, 0.06547044]
[1.8517954, 0.81010884, 0.974969, 0.066717625]
[1.9453213, 0.98239744, 0.8935356, 0.06938827]
[1.9354905, 0.9096044, 0.9609553, 0.06493084]
[1.7629608, 0.7188219, 0.9805986, 0.063540384]
[1.8887404, 1.0768965, 0.7456905, 0.06615341]
[2.0155447, 0.9196825, 1.0218899, 0.073972255]
[1.96683, 0.91807204, 0.9825226, 0.06623532]
[1.864316, 0.9505407, 0.8467764, 0.06699887]
[1.9917537, 1.011524, 0.9129045, 0.067325234]
[2.037449, 0.90357137, 1.0652349, 0.06864266]
[1.9484468, 0.897768, 0.9892421, 0.061436694]
[2.0208645, 1.000065, 0.96649724, 0.054302275]
[1.8303387, 0.7720278, 0.9915975, 0.0667135]
[2.0355706, 0.952368, 1.0122132, 0.07098948]
[1.8657563, 0.81926376, 0.98670906, 0.05978342]
[1.9760756, 0.91525567, 0.9988106, 0.06200936]
[1.8311733, 0.8115309, 0.9534865, 0.06615594]
[1.9093312, 0.90683424, 0.9386391, 0.063857965]
[1.9545169, 0.8474479, 1.0383267, 0.06874232]
[1.9275578, 0.98603797, 0.8833039, 0.05821594]
[1.9408389, 0.90428686, 0.97351176, 0.063040346]
[1.8389395, 0.71511686, 1.0601438, 0.063678905]
[1.9845634, 0.9349797, 0.98920476, 0.060378946]
[1.7735482, 0.9185401, 0.79255366, 0.062454417]
[1.8389302, 0.8333263, 0.9392787, 0.066325314]
[1.8698107, 0.79324603, 1.0041536, 0.07241101]
[1.8774954, 0.9146022, 0.8906616, 0.0722316]
[1.9320569, 0.9305204, 0.9356366, 0.065899834]
[1.9145883, 0.9851585, 0.86538565, 0.064044125]
[1.7986696, 0.84265137, 0.8907883, 0.06522983]
[1.8618888, 0.972301, 0.8217818, 0.067805916]
[1.9373736, 0.8285582, 1.034364, 0.07445149]
[2.0163767, 0.87820923, 1.0688165, 0.06935097]
[1.991551, 0.95548725, 0.9699952, 0.066068515]
[1.8803936, 0.8766732, 0.9395703, 0.06415011]
[1.9725295, 0.7496207, 1.1548738, 0.068034984]
[1.784144, 0.97863495, 0.7481972, 0.05731193]
[1.9286683, 0.94764245, 0.91464174, 0.06638406]
[1.9197742, 0.93724746, 0.91375476, 0.06877196]
[1.9383111, 0.84395576, 1.0201333, 0.07422212]
[2.0045087, 1.0650218, 0.86673504, 0.07275209]
[1.9814439, 1.0554144, 0.8631036, 0.06292576]
[1.8552362, 0.93223524, 0.8591701, 0.0638308]
[1.9064, 0.84113795, 0.9956886, 0.0695734]
[1.9135251, 1.1587882, 0.692008, 0.062728874]
[1.9619982, 0.86887604, 1.0281577, 0.06496449]
[1.8440015, 0.7995832, 0.98170483, 0.062713474]
[2.0904212, 0.9982903, 1.0219278, 0.070203036]
[1.9722695, 0.9854028, 0.9249086, 0.061958082]
[1.9250813, 0.8575685, 0.99822366, 0.06928911]
[1.9474045, 0.93958974, 0.9421765, 0.065638185]
[1.9315275, 0.9171066, 0.95139563, 0.06302522]
[1.9320042, 0.8770074, 0.99608135, 0.058915406]
[1.9714997, 1.0663968, 0.8425416, 0.06256132]
[1.9412864, 0.9213301, 0.9631366, 0.056819834]
[1.8009378, 0.8941828, 0.8448122, 0.06194275]
[1.9062641, 1.0584874, 0.78255963, 0.065217026]
[1.9086784, 0.91326916, 0.93639517, 0.05901412]
[1.9374516, 0.95209855, 0.9293627, 0.05599039]
[1.8316231, 0.95060146, 0.8230876, 0.05793407]
[2.0299256, 1.0355079, 0.9409323, 0.053485315]
[2.0166454, 0.9992028, 0.953823, 0.06361966]
[1.9035162, 1.0378397, 0.8060905, 0.059586015]
[1.9455916, 0.8943323, 0.9916171, 0.05964217]
[2.0270212, 0.98636824, 0.98584896, 0.05480399]
[1.98241, 0.87993157, 1.0455215, 0.05695689]
[2.0449576, 1.0739105, 0.9193265, 0.0517205]
[1.8561953, 0.8212077, 0.98457575, 0.050411865]
[1.9189985, 0.87570786, 0.9912356, 0.052055042]
[1.8891042, 0.95533305, 0.87753236, 0.056238785]
[1.8876891, 0.78282034, 1.0453057, 0.0595631]
[1.8010964, 0.841074, 0.903296, 0.05672645]
[1.8696483, 0.8373834, 0.96937865, 0.06288633]
[1.8179657, 0.90244836, 0.8516823, 0.06383518]
[1.9111533, 0.9781908, 0.87048364, 0.06247896]
[1.9435072, 0.9897831, 0.88940823, 0.064315796]
[1.8507515, 0.60611784, 1.1809764, 0.06365724]
[2.0085301, 1.1065879, 0.839051, 0.062891126]
[1.7956291, 0.8953024, 0.83237624, 0.06795049]
[2.034603, 0.9280499, 1.0364146, 0.07013868]
[2.0355296, 1.0511014, 0.91672814, 0.0677]
[2.0060966, 0.84702957, 1.0962119, 0.06285505]
[1.8204777, 0.8033053, 0.96122503, 0.055947293]
[1.9011314, 0.92009276, 0.91948897, 0.061549626]
[1.8695765, 0.90390885, 0.8995092, 0.06615842]
[2.048369, 1.0213588, 0.9560447, 0.070965454]
[1.9202168, 0.93626976, 0.9158411, 0.0681059]
[1.8237545, 0.95095956, 0.81312084, 0.059674114]
[2.0431747, 0.88558173, 1.0894563, 0.06813659]
[2.012898, 1.2468505, 0.7077558, 0.058291793]
[1.9272565, 0.94962, 0.9197382, 0.057898268]
[1.891402, 0.8387543, 0.9951746, 0.057473183]
[1.9091899, 0.9135492, 0.93610036, 0.059540387]
[1.9131532, 0.977026, 0.88034075, 0.05578632]
[1.9121412, 0.95513093, 0.8960772, 0.06093304]
[1.8998348, 0.95776254, 0.88077, 0.061302144]
[1.8619398, 0.86501616, 0.93597, 0.06095365]
[1.9752357, 0.6954636, 1.221727, 0.058045156]
[1.8367022, 0.9389733, 0.8429577, 0.054771356]
[1.8200955, 0.8353183, 0.9266767, 0.058100443]
[1.7947351, 0.79688704, 0.9283787, 0.06946932]
[1.8806623, 0.7775024, 1.0411626, 0.06199726]
[1.8512498, 0.73170066, 1.0514109, 0.06813829]
[2.0112395, 0.986714, 0.9510913, 0.07343433]
[1.918596, 1.0260888, 0.8330116, 0.059495617]
[1.9828441, 0.82568824, 1.0958362, 0.06131971]
[1.9279815, 1.1169643, 0.7474778, 0.063539416]
[1.8339715, 0.8792702, 0.88877755, 0.06592375]
[1.876958, 0.839308, 0.9747845, 0.06286554]
[1.9028946, 1.0498292, 0.7867864, 0.06627905]
[1.8474582, 0.76976, 1.0155798, 0.062118378]
[2.000088, 1.1080034, 0.8204104, 0.07167427]
[2.0886645, 0.9396398, 1.0788331, 0.07019167]
[1.8831111, 1.0041181, 0.8165606, 0.06243236]
[1.9855033, 0.88306534, 1.0379455, 0.06449244]
[1.9047599, 0.9939145, 0.84355235, 0.067293]
[1.8344928, 1.0458872, 0.7265836, 0.062021952]
[2.069547, 0.9997158, 1.0060456, 0.063785486]
[2.0136576, 0.96847486, 0.983539, 0.061643697]
[1.832816, 0.8238782, 0.95425916, 0.054678526]
[1.9295148, 1.035409, 0.83882034, 0.055285484]
[1.928754, 0.8970406, 0.9768201, 0.054893244]
[2.218996, 1.097749, 1.0714352, 0.049811915]
[1.7155783, 0.9046867, 0.76687366, 0.044018067]
[1.8869268, 1.0373838, 0.7919377, 0.0576053]
[1.8927119, 0.9710046, 0.8635572, 0.05815]
[1.8227828, 0.8659662, 0.89464146, 0.062175054]
[1.9381871, 0.9036616, 0.98095286, 0.05357264]
[1.961004, 1.0174851, 0.88568425, 0.05783465]
[1.9577, 0.92872685, 0.96949434, 0.05947876]
[2.065357, 1.0534343, 0.95368594, 0.0582368]
[1.8948891, 0.919999, 0.9240416, 0.05084844]
[1.9116968, 0.9434786, 0.91034985, 0.057868395]
[1.8541921, 0.9568733, 0.84247506, 0.054843776]
[1.9022986, 0.96196204, 0.8811884, 0.05914824]
[1.8378547, 0.8259901, 0.95393, 0.057934694]
[1.9320709, 0.8839843, 0.9852456, 0.06284091]
[1.9579313, 0.94170654, 0.9549691, 0.061255664]
[1.945479, 0.983407, 0.9067121, 0.055359952]
[1.9359429, 1.0784639, 0.7951251, 0.062353887]
[1.8618201, 0.9221348, 0.87900937, 0.060676012]
[1.8874595, 0.98699373, 0.8388392, 0.061626676]
[2.016897, 0.8261552, 1.1320807, 0.058661185]
[1.9437165, 0.982924, 0.9001677, 0.060624797]
[2.0029976, 0.96922135, 0.9809172, 0.052859087]
[1.9592915, 1.0427842, 0.8585448, 0.057962403]
[1.8934994, 0.9308101, 0.9001367, 0.06255254]
[1.9024851, 0.85532814, 0.99423313, 0.052923914]
[1.8719984, 0.88865405, 0.9227345, 0.06060993]
[1.9218152, 0.86757296, 0.99102426, 0.06321783]
[2.015705, 0.986184, 0.97400236, 0.05551865]
[1.9934833, 0.8693153, 1.0645891, 0.05957885]
[1.9549466, 0.9530221, 0.9455453, 0.056379154]
[1.8623319, 0.8118186, 0.99472517, 0.055788003]
[1.9420705, 1.0124805, 0.875162, 0.054428]
[1.9285507, 0.85828173, 1.0179269, 0.052342094]
[1.855215, 0.9794814, 0.81755537, 0.058178134]
[2.00325, 1.0142581, 0.9312786, 0.057713058]
[1.7487769, 0.79858, 0.8947885, 0.055408448]
[1.873983, 0.92450744, 0.8870498, 0.062425755]
[1.9989423, 0.82999015, 1.105118, 0.06383404]
[1.8016922, 0.85999644, 0.8812003, 0.060495436]
[2.0430694, 1.0026543, 0.9740217, 0.06639344]
[1.8624479, 0.90400434, 0.9005654, 0.057878166]
[1.9697052, 0.9466026, 0.9647943, 0.058308356]
[1.9507368, 1.1083573, 0.7812689, 0.06111052]
[1.8944294, 0.7923556, 1.0397575, 0.062316388]
[1.9692336, 1.011608, 0.8980062, 0.05961937]
[1.9370162, 0.8590851, 1.0181473, 0.05978386]
[2.0403867, 0.9445657, 1.0341908, 0.061630204]
[1.9836185, 1.0391903, 0.887022, 0.05740618]
[1.9344876, 0.98675466, 0.89050585, 0.057227165]
[1.9837154, 1.0355519, 0.8959787, 0.052184768]
[1.9576459, 1.0292128, 0.8811722, 0.04726088]
[1.8953376, 0.8602599, 0.97866714, 0.0564106]
[1.9701982, 0.93791246, 0.98127705, 0.051008746]
[1.866768, 0.8276094, 0.9896225, 0.04953616]
[1.9827194, 1.1386907, 0.79242635, 0.051602423]
[1.797655, 0.857031, 0.8866217, 0.054002255]
[2.058584, 1.0127659, 0.9904052, 0.055413038]
[2.003952, 0.96903896, 0.98403096, 0.05088199]
[1.9471986, 0.9720721, 0.9294643, 0.045662194]
[2.0161524, 1.0504981, 0.9165275, 0.04912675]
[1.858271, 0.7730181, 1.0350965, 0.05015631]
[1.9224955, 0.9254494, 0.9408312, 0.05621495]
[1.9109997, 1.0202252, 0.84207284, 0.048701666]
[1.9120007, 1.0430557, 0.8189648, 0.04998012]
[1.937321, 0.92708075, 0.96275, 0.04749007]
[1.9158341, 0.95452404, 0.9086388, 0.052671324]
[2.0471742, 1.1373583, 0.85742897, 0.052387096]
[1.9449048, 0.8573059, 1.0349836, 0.052615244]
[1.9760762, 0.8980014, 1.0265322, 0.051542595]
[1.9441434, 0.9201393, 0.9726692, 0.051334996]
[1.8645924, 0.9275913, 0.8883587, 0.048642427]
[1.8992646, 0.85215795, 0.99478155, 0.05232507]
[1.7550114, 0.8818771, 0.81990016, 0.053234246]
[1.6509095, 0.7316424, 0.85958457, 0.05968249]
[1.8397294, 0.9886415, 0.7867948, 0.064293094]
[1.8933902, 0.97271633, 0.85426104, 0.06641282]
[1.9009541, 0.8747214, 0.9599274, 0.066305235]
[2.1036303, 1.2087276, 0.8292908, 0.065611884]
[1.8016536, 0.84463423, 0.89233375, 0.064685546]
[1.9493818, 0.871124, 1.0151045, 0.06315325]
[2.0896518, 1.150179, 0.87287915, 0.06659374]
[1.8515692, 0.9483949, 0.84159434, 0.061579913]
[1.9098026, 0.8998568, 0.9480014, 0.06194432]
[1.9573847, 0.92114615, 0.9735396, 0.06269895]
[1.945562, 0.98825717, 0.89450336, 0.06280151]
[2.0854328, 0.9123627, 1.1137305, 0.05933944]
[1.9426146, 0.98266625, 0.9042244, 0.05572387]
[1.8661686, 0.9137955, 0.8962188, 0.056154322]
[2.1360035, 1.0154966, 1.0654954, 0.055011407]
[1.8985643, 0.8555939, 0.9826291, 0.0603414]
[1.8206224, 0.92108256, 0.84657276, 0.0529671]
[1.9517685, 0.9288269, 0.96825385, 0.05468775]
[1.731219, 0.84857434, 0.8259239, 0.05672077]
[1.9219459, 0.8931853, 0.96346056, 0.06530007]
[1.9565896, 0.90475494, 0.99375033, 0.058084406]
[1.7841688, 0.9556526, 0.77584565, 0.052670594]
[1.9139218, 0.96787316, 0.88407993, 0.061968822]
[1.9268484, 0.7872176, 1.0740128, 0.06561809]
[1.8278109, 1.0949806, 0.6690018, 0.06382847]
[1.8203715, 0.8141655, 0.94856787, 0.05763818]
[1.9306364, 1.0488975, 0.81837636, 0.06336255]
[2.1008077, 1.1429716, 0.8926019, 0.06523423]
[1.9472636, 0.8633476, 1.0315723, 0.052343722]
[1.913201, 0.9149991, 0.93929565, 0.05890619]
[1.9439256, 0.8395095, 1.0433657, 0.061050422]
[2.0540934, 0.9674703, 1.0219328, 0.06469015]
[1.8717841, 0.88901836, 0.929835, 0.05293072]
[1.916518, 0.90964186, 0.95350355, 0.053372562]
[1.8149166, 0.82917774, 0.9328437, 0.05289521]
[1.9841458, 0.9241374, 1.0000455, 0.059962843]
[1.8426583, 0.8816668, 0.9062319, 0.054759674]
[1.8529863, 0.97084355, 0.8253991, 0.056743592]
[1.8687338, 0.66764253, 1.1431841, 0.05790717]
[1.9304163, 0.9123672, 0.9587318, 0.059317384]
[1.8073032, 0.8211168, 0.925015, 0.061171435]
[2.0100753, 0.93193376, 1.0090805, 0.06906101]
[1.9123341, 0.94802463, 0.9047793, 0.059530117]
[2.0507479, 0.9485559, 1.0373788, 0.06481321]
[1.9708326, 0.84272414, 1.0651047, 0.06300372]
[1.9730945, 0.9470334, 0.9685397, 0.05752135]
[1.9102932, 0.9679158, 0.88550293, 0.0568745]
[1.8267221, 0.8191239, 0.9531052, 0.05449295]
[1.8027776, 0.9938467, 0.75061, 0.05832085]
[1.9882791, 0.95413744, 0.9722202, 0.061921485]
[1.8662194, 1.049752, 0.75787985, 0.058587536]
[2.0888515, 1.0373826, 0.9933308, 0.058138013]
[1.9760859, 0.8597461, 1.06135, 0.054989852]
[2.050831, 1.0660261, 0.9266032, 0.058201745]
[1.975483, 0.95158255, 0.97072715, 0.053173307]
[1.8899189, 0.8626257, 0.9705826, 0.056710616]
[1.9309294, 0.8945506, 0.9827342, 0.053644642]
[1.9570554, 1.0857058, 0.8169871, 0.054362684]
[1.9413728, 0.959347, 0.9314229, 0.050602786]
[2.0768468, 1.1779627, 0.8458473, 0.053036973]
[1.9372476, 0.9555948, 0.9326444, 0.04900848]
[2.0066156, 1.0031487, 0.9567611, 0.046705835]
[1.9163109, 0.8603991, 1.0084009, 0.04751083]
[1.9543384, 1.0310186, 0.8729366, 0.050383214]
[2.0146718, 0.9009017, 1.0629625, 0.050807655]
[2.0064511, 1.0500354, 0.9080515, 0.04836435]
[1.9442836, 1.0151372, 0.8852742, 0.043872282]
[2.0428474, 1.0330379, 0.96454835, 0.04526106]
[1.9256588, 0.9996188, 0.8813178, 0.044722226]
[1.8899469, 0.93930924, 0.9101726, 0.04046513]
[1.8635427, 0.9701136, 0.84841204, 0.045017138]
[1.8865253, 1.0118762, 0.82151765, 0.05313144]
[2.032204, 0.960853, 1.0212886, 0.050062217]
[1.8412588, 0.8427986, 0.9557564, 0.04270374]
[1.8981549, 0.93613124, 0.91309196, 0.048931673]
[1.9587498, 0.93976545, 0.9680034, 0.05098096]
[1.9592478, 0.9850533, 0.92313886, 0.051055633]
[1.819118, 0.80795676, 0.95956457, 0.051596608]
[1.9430404, 0.97182536, 0.9185858, 0.052629262]
[1.7973025, 0.8314491, 0.9144945, 0.051358983]
[1.8081931, 0.86336195, 0.8859202, 0.058910985]
[1.8669139, 0.83792937, 0.9678964, 0.061088186]
[1.926702, 0.86299103, 1.0035714, 0.06013967]
[1.8430092, 0.83225226, 0.9495934, 0.06116359]
[1.9658312, 0.9932519, 0.91067207, 0.061907172]
[1.8632803, 0.7422643, 1.0600092, 0.061006807]
[1.8719027, 0.96349835, 0.8362805, 0.072123796]
[1.815364, 0.9666998, 0.7841245, 0.064539835]
[2.0457127, 0.86174464, 1.1174026, 0.06656541]
[1.7820057, 0.86168456, 0.860439, 0.05988206]
[1.9482245, 0.8809489, 0.99709296, 0.070182726]
[1.7904884, 0.9025513, 0.8164114, 0.07152574]
[1.9992856, 0.99548566, 0.930476, 0.073323816]
[1.9321426, 0.8668184, 0.99818003, 0.06714411]
[1.7815834, 0.86576307, 0.8481519, 0.06766842]
[1.9239184, 0.8032805, 1.041841, 0.078796834]
[1.8178974, 1.0085099, 0.73959076, 0.06979683]
[2.1336145, 1.1097549, 0.9507211, 0.07313853]
[1.9870399, 0.90377355, 1.0112062, 0.07206028]
[1.8007687, 0.8301667, 0.9045373, 0.066064745]
[1.8254018, 0.9280988, 0.82719076, 0.07011227]
[1.974526, 0.89936316, 1.0059879, 0.069175]
[1.9006827, 1.0285517, 0.8053508, 0.066780195]
[1.7215056, 0.7977611, 0.86189026, 0.061854303]
[1.860887, 0.97375065, 0.81344175, 0.073694706]
[2.147025, 0.94982415, 1.1218512, 0.07534981]
[1.7718177, 0.805445, 0.89650434, 0.069868274]
[2.0393133, 1.1080546, 0.8583621, 0.07289663]
[2.0910761, 0.95743155, 1.0604804, 0.07316414]
[1.9457005, 0.9976227, 0.88536346, 0.062714316]
[1.9653332, 0.9000202, 1.000013, 0.06529996]
[2.0170155, 0.9355942, 1.0203469, 0.06107437]
[1.9276185, 0.9507832, 0.9095423, 0.06729296]
[2.104494, 0.95334435, 1.0921203, 0.059029683]
[1.9208232, 0.9963172, 0.8684621, 0.056044012]
[2.0318959, 0.83707213, 1.1411791, 0.05364462]
[2.0741525, 1.1723475, 0.84750986, 0.054294966]
[1.9415873, 1.0149754, 0.8805289, 0.04608299]
[1.7749447, 0.6966599, 1.0265623, 0.05172246]
[1.7611217, 0.8523976, 0.85518223, 0.05354194]
[1.9575065, 0.91483223, 0.9803581, 0.062316228]
[1.9003369, 0.89061844, 0.9521004, 0.057618074]
[1.9205648, 1.002789, 0.859583, 0.058192763]
[2.0470915, 0.9331512, 1.0559939, 0.057946444]
[2.0274806, 0.91637695, 1.0543799, 0.056723606]
[1.8924755, 1.008757, 0.8285731, 0.05514541]
[1.7752397, 0.7638345, 0.9629257, 0.048479587]
[1.8450017, 0.9872538, 0.8060101, 0.05173778]
[1.9767243, 1.0023006, 0.91759276, 0.056830868]
[1.8718395, 0.93737066, 0.8759668, 0.05850205]
[1.9341892, 0.87647843, 0.99957883, 0.058131967]
[1.9694587, 0.990734, 0.9249895, 0.05373517]
[1.8935797, 0.8908938, 0.9412143, 0.061471578]
[2.0642862, 1.0081779, 1.002435, 0.053673252]
[1.8215201, 1.0101521, 0.7592389, 0.052129045]
[1.8778895, 0.9397725, 0.8861191, 0.05199793]
[1.7577038, 0.8022602, 0.90046763, 0.05497604]
[1.7614329, 0.9787633, 0.7227762, 0.05989342]
[1.920878, 0.8877624, 0.96698415, 0.066131435]
[1.9151496, 0.9540124, 0.8930431, 0.068094105]
[1.7190174, 0.69763076, 0.961276, 0.06011071]
[1.8403376, 1.0878341, 0.682904, 0.06959951]
[1.938382, 0.9760964, 0.8849804, 0.077305175]
[2.0864058, 0.85230845, 1.161646, 0.072451405]
[1.9026947, 1.0081902, 0.8210442, 0.07346038]
[1.9224365, 0.98779213, 0.86540556, 0.06923874]
[2.1346555, 0.91582173, 1.1512471, 0.06758674]
[1.8383988, 0.85234725, 0.92406774, 0.06198383]
[1.9424343, 0.99331665, 0.88419366, 0.06492394]
[1.9488094, 0.97647077, 0.90968823, 0.06265047]
[1.9263573, 0.96091574, 0.9017787, 0.06366271]
[2.046293, 1.0110905, 0.9729719, 0.062230565]
[1.9154397, 0.7833574, 1.0764441, 0.055638198]
[2.0919511, 0.9428021, 1.0972574, 0.05189154]
[1.9326513, 1.0406811, 0.83990836, 0.052061852]
[1.9797875, 0.88486975, 1.0444994, 0.050418288]
[1.9870001, 0.945109, 0.98640484, 0.0554863]
[1.919057, 0.99672306, 0.8706115, 0.0517224]
[1.8813324, 1.0996027, 0.7313818, 0.050347965]
[1.8177688, 0.73197913, 1.0293362, 0.056453496]
[1.8348333, 1.0253816, 0.7498679, 0.05958378]
[1.9771048, 0.9986986, 0.92508084, 0.053325318]
[1.9933788, 0.9410814, 0.99398243, 0.058314867]
[1.8032451, 1.0937326, 0.6516736, 0.057838887]
[1.9236081, 0.99914265, 0.8618835, 0.06258188]
[1.8794875, 0.9179854, 0.90731245, 0.05418965]
[1.8427638, 0.9342276, 0.8431561, 0.06538014]
[1.8623742, 0.91476357, 0.8844797, 0.06313094]
[1.9370928, 1.0058452, 0.87047315, 0.06077449]
[1.9005672, 1.0142581, 0.8229126, 0.06339643]
[1.7546966, 0.72851247, 0.97027975, 0.055904366]
[1.8870971, 0.83270925, 0.987354, 0.06703394]
[1.8927307, 0.8911881, 0.9282107, 0.07333194]
[1.9514818, 0.9779386, 0.90546036, 0.068082765]
[1.966002, 0.92992294, 0.96702045, 0.06905872]
[2.0352783, 1.0698922, 0.8954416, 0.069944695]
[1.9682903, 0.9082461, 0.9901718, 0.069872424]
[2.0765462, 1.0153779, 1.0017934, 0.059374742]
[1.8733455, 0.79068816, 1.0184019, 0.06425546]
[1.960408, 0.91507864, 0.98298854, 0.06234078]
[1.8138429, 0.9298621, 0.824382, 0.059598856]
[1.9366351, 0.8440219, 1.0284778, 0.06413543]
[1.8913015, 0.9627116, 0.8664011, 0.06218891]
[1.8951296, 0.9299165, 0.9004593, 0.064753756]
[1.9619313, 0.8275243, 1.0733266, 0.061080493]
[1.8395815, 0.8855653, 0.89210904, 0.061907127]
[1.7444355, 0.81988174, 0.8581707, 0.06638309]
[1.8602167, 1.0368322, 0.7514175, 0.071967006]
[1.7390244, 0.7302785, 0.9399729, 0.068772994]
[1.9862709, 1.0335861, 0.8782435, 0.07444121]
[2.003435, 0.8442577, 1.0856199, 0.07355733]
[1.8771541, 0.92640066, 0.87696964, 0.07378389]
[1.996227, 0.95288336, 0.9663713, 0.07697235]
[1.8716735, 0.92694575, 0.8783554, 0.066372275]
[1.9629968, 1.0082287, 0.88293767, 0.07183056]
[2.2171192, 1.2833478, 0.8669745, 0.06679684]
[1.9955068, 0.8803261, 1.0578038, 0.05737683]
[1.8429229, 0.9685172, 0.8181101, 0.056295637]
[2.0111613, 1.072735, 0.8818059, 0.056620475]
[2.0107903, 0.9833946, 0.9683059, 0.05908984]
[1.8178264, 1.0263345, 0.7393798, 0.05211196]
[1.9357629, 0.8809145, 1.00103, 0.053818468]
[2.1063507, 0.9417541, 1.1067641, 0.057832435]
[1.8307171, 0.8768855, 0.9000214, 0.053810272]
[1.8806083, 0.9809793, 0.8464509, 0.05317808]
[1.8855237, 0.78105116, 1.0472386, 0.057233945]
[1.8385864, 0.8960965, 0.88116, 0.061329983]
[1.8806449, 1.1046109, 0.7071193, 0.06891477]
[2.0675719, 1.084158, 0.9195843, 0.063829735]
[1.7489885, 0.7425949, 0.95368755, 0.05270613]
[1.9204903, 0.96734977, 0.88406706, 0.069073424]
[1.9015725, 0.86262983, 0.97783864, 0.061104007]
[2.128906, 1.1414744, 0.92135644, 0.06607516]
[1.9191061, 0.8730529, 0.99049765, 0.055555567]
[1.8648348, 0.8997476, 0.9103263, 0.054760978]
[1.7278806, 0.77416646, 0.9076007, 0.046113417]
[1.9624264, 1.0054436, 0.8951713, 0.06181152]
[1.723583, 0.84437835, 0.8189643, 0.060240295]
[1.8147095, 0.9333173, 0.8042325, 0.07715974]
[1.9025741, 0.85710627, 0.9708161, 0.07465174]
[1.8409766, 0.9158267, 0.84989595, 0.07525396]
[2.1311975, 0.82937586, 1.2244346, 0.077386945]
[1.9931843, 0.94493806, 0.9828936, 0.06535268]
[1.8997481, 0.91510224, 0.92768717, 0.05695865]
[1.8262761, 0.90177184, 0.8671944, 0.057309918]
[1.8248463, 0.9530619, 0.8053323, 0.06645202]
[1.8792882, 0.9120381, 0.897773, 0.06947704]
[1.9876077, 0.81245553, 1.1009158, 0.07423639]
[1.8670288, 0.8622214, 0.9324639, 0.07234345]
[2.1036634, 1.0699847, 0.96164715, 0.07203142]
[1.7997718, 0.8649386, 0.87418216, 0.06065112]
[2.0663702, 0.9871235, 1.0182093, 0.061037406]
[1.9659283, 0.8895022, 1.015026, 0.06140013]
[2.0297558, 0.8205446, 1.1492999, 0.0599114]
[1.9522922, 0.94919467, 0.9468689, 0.05622869]
[1.8339143, 0.89983094, 0.8807888, 0.05329453]
[1.792132, 0.8297751, 0.90145755, 0.060899362]
[1.927109, 0.9361022, 0.925948, 0.06505875]
[1.973669, 0.82570803, 1.0817455, 0.0662155]
[2.1524196, 0.96179914, 1.1310408, 0.059579708]
[1.8670688, 0.996416, 0.813468, 0.057184864]
[1.8698051, 0.9115329, 0.90266454, 0.05560769]
[2.0075746, 0.9513557, 1.0032759, 0.052943036]
[1.9245523, 0.8939146, 0.9791121, 0.051525667]
[1.8270811, 0.9852307, 0.79258496, 0.04926549]
[1.8989122, 0.9390319, 0.9070495, 0.05283083]
[2.0565343, 0.8703774, 1.13516, 0.050996773]
[1.9404742, 1.1135571, 0.77272695, 0.05418999]
[1.9158275, 0.98248124, 0.88310885, 0.050237473]
[1.915185, 0.96949935, 0.8952372, 0.050448395]
[1.8678116, 0.99633574, 0.82658446, 0.044891335]
[1.8974864, 0.8106544, 1.0333894, 0.05344254]
[1.8851267, 1.0044913, 0.8284452, 0.052190207]
[1.9916424, 0.9338574, 1.0027027, 0.05508218]
[2.0460246, 0.9383221, 1.0562601, 0.05144228]
[1.7861953, 0.9754939, 0.75658715, 0.054114245]
[1.9997027, 0.9479357, 0.9951886, 0.05657839]
[1.8140674, 0.8590934, 0.9000717, 0.054902293]
[1.9881009, 0.9697327, 0.9565854, 0.061782755]
[2.0222938, 0.9775113, 0.9894941, 0.055288434]
[1.9053135, 0.9973922, 0.8585791, 0.049342208]
[1.8738761, 0.8631012, 0.95500815, 0.055766843]
[1.9095535, 0.8708495, 0.9808812, 0.057822764]
[1.93447, 0.9088212, 0.9680743, 0.05757454]
[2.135899, 1.1126252, 0.96344876, 0.05982483]
[1.9596132, 0.93535733, 0.97009873, 0.054157153]
[1.8722471, 0.7857902, 1.036771, 0.049685843]
[1.828179, 0.8471745, 0.9313022, 0.049702283]
[1.9266658, 1.0420732, 0.82832795, 0.056264624]
[1.9015663, 1.007824, 0.8427577, 0.050984606]
[1.8641632, 0.89482754, 0.91378427, 0.05555134]
[1.9035654, 0.9763936, 0.8653189, 0.061852884]
[2.026089, 0.969155, 0.9954426, 0.061491363]
[1.8500711, 0.8766855, 0.9136504, 0.05973521]
[1.8254493, 0.81613153, 0.9505264, 0.058791406]
[1.9532313, 0.85137206, 1.0411613, 0.060698077]
[1.9443054, 1.0210863, 0.8596924, 0.06352658]
[1.8194122, 0.95931256, 0.8015279, 0.05857178]
[1.8007623, 0.85015976, 0.8894286, 0.06117396]
[1.778002, 0.8308314, 0.87549055, 0.07168013]
[1.8240584, 0.7852404, 0.9673091, 0.07150884]
[1.7540921, 0.91093147, 0.7677954, 0.075365186]
[1.6935034, 0.7314663, 0.88558626, 0.07645085]
[2.048004, 0.94680834, 1.0124657, 0.08872996]
[1.9296196, 0.96334004, 0.8850556, 0.08122392]
[1.8123553, 0.94918805, 0.7815182, 0.081649065]
[1.9775851, 0.8269871, 1.0681219, 0.08247618]
[1.8563787, 1.0895877, 0.6892308, 0.07756019]
[1.9308114, 0.92546535, 0.92776585, 0.077580154]
[1.8267819, 0.87582767, 0.87092054, 0.080033705]
[1.8148389, 1.0740805, 0.6632128, 0.07754565]
[1.8681515, 0.8266722, 0.95786375, 0.083615676]
[1.9884937, 1.0687586, 0.8371512, 0.08258389]
[2.001008, 0.9265869, 1.0022231, 0.072198]
[1.9696217, 1.018125, 0.8873058, 0.064190835]
[1.9053407, 1.0830997, 0.7504765, 0.07176452]
[1.8826888, 0.9397272, 0.86982065, 0.073140904]
[1.8714104, 0.9215571, 0.87586, 0.07399318]
[1.9718013, 0.8623862, 1.0375817, 0.07183334]
[1.790066, 0.9065036, 0.8153533, 0.068209216]
[1.8172548, 0.8570394, 0.88572, 0.07449527]
[1.8302455, 0.94801235, 0.8127526, 0.06948049]
[2.0346832, 1.0854297, 0.8694161, 0.07983746]
[1.9498862, 0.79969364, 1.0757191, 0.07447353]
[1.8718622, 0.8028538, 0.9906917, 0.07831673]
[2.110962, 1.064708, 0.96645725, 0.07979667]
[1.8679413, 0.93644667, 0.8577416, 0.07375299]
[1.8488822, 0.754905, 1.0285764, 0.065400794]
[1.9106108, 0.87557507, 0.9601909, 0.07484488]
[1.9539033, 0.88464314, 0.99594206, 0.0733181]
[1.8899653, 0.8137822, 1.0031698, 0.073013365]
[1.7227758, 0.8909277, 0.7586818, 0.07316636]
[1.7928106, 0.71303856, 1.0022082, 0.077563785]
[2.0100584, 0.8226323, 1.1038804, 0.083545715]
[1.9409215, 0.9205655, 0.9477171, 0.07263904]
[1.9064999, 1.0092759, 0.8098328, 0.08739115]
[2.0559905, 0.64297223, 1.336445, 0.07657335]
[2.1382408, 1.1337109, 0.92696655, 0.07756318]
[1.8098431, 0.9609721, 0.7849562, 0.063914835]
[1.8822937, 0.7624108, 1.0560508, 0.06383205]
[1.9847053, 1.0407355, 0.8691082, 0.074861676]
[1.9587607, 0.9694346, 0.9219463, 0.0673798]
[1.9042599, 0.94351774, 0.8938581, 0.066884086]
[1.9055411, 0.8201891, 1.0175877, 0.06776425]
[2.0253744, 1.150275, 0.81225216, 0.06284727]
[1.8923788, 0.9418762, 0.8814449, 0.0690577]
[1.898576, 0.90284514, 0.92983127, 0.06589958]
[1.9787189, 1.1182823, 0.7958576, 0.064578936]
[1.8998234, 0.8238905, 1.0077585, 0.06817434]
[1.8484427, 0.92931074, 0.85661703, 0.06251493]
[1.906165, 0.93917054, 0.9076841, 0.05931036]
[1.942752, 0.8564935, 1.0220408, 0.06421767]
[2.2328732, 1.024636, 1.1373097, 0.070927456]
[1.7423033, 0.90374964, 0.7796364, 0.058917195]
[1.9409823, 1.0627627, 0.8179797, 0.060239855]
[1.931442, 0.86096877, 1.0037816, 0.06669167]
[1.8710407, 1.0527241, 0.7579881, 0.060328458]
[1.9829355, 0.887714, 1.0277413, 0.06748022]
[1.7923795, 0.9241847, 0.81095195, 0.057242922]
[1.9474689, 0.9419478, 0.9337634, 0.07175772]
[2.1228883, 0.8493688, 1.201578, 0.0719415]
[1.8429928, 0.95761776, 0.8280513, 0.057323657]
[1.9410775, 0.9248779, 0.95158714, 0.06461242]
[1.9254757, 0.99747056, 0.86569965, 0.062305607]
[1.9298763, 0.9961362, 0.87529904, 0.058441184]
[1.9390723, 0.9551159, 0.92391646, 0.06003992]
[1.8651307, 0.84908426, 0.9526165, 0.063429855]
[2.002211, 1.1202937, 0.82562715, 0.056290153]
[1.9603103, 0.8928429, 1.007328, 0.0601394]
[1.873694, 0.98454547, 0.83179957, 0.05734893]
[2.091032, 0.8642266, 1.1705093, 0.05629606]
[1.9913279, 0.9481976, 0.9902923, 0.05283792]
[2.0077124, 1.0350562, 0.91876614, 0.053890042]
[2.0385108, 1.2419128, 0.74543273, 0.051165216]
[2.0256999, 0.97143894, 1.0027475, 0.051513515]
[1.854385, 0.8950059, 0.9108569, 0.048522256]
[1.9937345, 0.92928576, 1.015877, 0.048571713]
[2.0968904, 1.0680418, 0.97981226, 0.04903655]
[1.9026228, 0.90438175, 0.9525157, 0.045725316]
[1.9241478, 0.88434386, 0.99367774, 0.046126246]
[1.9671434, 0.8860593, 1.0346892, 0.046394892]
[1.9167235, 0.93406105, 0.93945193, 0.043210562]
[1.8876432, 0.80885625, 1.0304959, 0.048291124]
[2.0244873, 0.89743924, 1.0813491, 0.045698766]
[1.850768, 0.8868114, 0.91617256, 0.047783963]
[1.986873, 0.8832389, 1.0500556, 0.053578533]
[1.9396935, 1.085063, 0.80720055, 0.047429968]
[1.9733986, 0.8665713, 1.0540165, 0.052810766]
[1.9006118, 0.8316145, 1.0216694, 0.04732789]
[1.9236524, 0.86062956, 1.0162165, 0.04680635]
[1.9710364, 0.98931193, 0.93209076, 0.04963373]
[1.8703043, 0.8822175, 0.9365517, 0.051535174]
[1.8335394, 0.8917137, 0.88762164, 0.05420406]
[2.024285, 0.9664903, 1.0063003, 0.051494315]
[1.9768103, 1.0309447, 0.89677453, 0.049091063]
[1.9780099, 1.0090363, 0.9130038, 0.05596981]
[1.974871, 0.9508938, 0.9764037, 0.047573403]
[1.9224261, 1.0417563, 0.8360636, 0.04460623]
[1.9709836, 0.97448325, 0.9474251, 0.049075276]
[1.8852408, 0.9022014, 0.9341763, 0.04886304]
[1.9172472, 0.9430308, 0.9265813, 0.047635116]
[1.9881799, 1.0244725, 0.91543585, 0.04827164]
[1.7955089, 0.7997068, 0.955263, 0.04053906]
[1.8380245, 0.95552146, 0.82772017, 0.054782826]
[1.9276121, 0.8998922, 0.97595334, 0.05176653]
[1.7810727, 0.9649582, 0.7625464, 0.053568117]
[1.9557313, 0.92485845, 0.97119737, 0.059675436]
[1.9125826, 0.96133995, 0.8940383, 0.05720438]
[1.9648731, 1.046259, 0.8590787, 0.059535302]
[1.9019167, 1.0543133, 0.7925719, 0.055031523]
[1.8104393, 0.9062164, 0.8407004, 0.06352263]
[1.9057779, 1.0236342, 0.82372713, 0.058416627]
[1.9714136, 0.9203191, 0.99132526, 0.059769325]
[1.8899964, 0.87342685, 0.958231, 0.058338538]
[1.9865459, 0.93127835, 0.9940455, 0.06122206]
[2.0129097, 0.986356, 0.9683086, 0.058245003]
[1.8944895, 0.8985481, 0.94463485, 0.051306445]
[2.0249252, 0.8878299, 1.0808586, 0.05623678]
[1.950119, 0.9163102, 0.97729933, 0.05650953]
[1.9307373, 1.056643, 0.82060677, 0.05348753]
[1.9387002, 0.8577367, 1.0258275, 0.05513601]
[2.010092, 0.92253566, 1.0411065, 0.046449885]
[2.0581007, 0.927153, 1.0809215, 0.050026145]
[1.8685334, 0.94496065, 0.87943304, 0.044139624]
[2.0067985, 1.0708587, 0.8948649, 0.041074768]
[1.9106976, 0.9076752, 0.9541091, 0.04891333]
[1.9063747, 0.9864776, 0.8726089, 0.04728818]
[1.9197129, 0.99708736, 0.87923396, 0.043391623]
[1.9365261, 0.8362005, 1.0526359, 0.047689646]
[1.912218, 0.9606659, 0.90116996, 0.050382085]
[2.0016744, 0.89260066, 1.06143, 0.047643796]
[1.9431182, 0.90546286, 0.98477775, 0.052877493]
[1.8674699, 0.8402753, 0.9817589, 0.045435783]
[1.8932788, 1.0682888, 0.7709973, 0.0539928]
[1.8024186, 0.89744854, 0.8507987, 0.054171328]
[1.8994391, 0.7884924, 1.052114, 0.05883266]
[1.6029104, 0.812026, 0.73414636, 0.056738026]
[1.9516149, 0.8526857, 1.0270059, 0.071923256]
[1.9014592, 1.1031013, 0.7281518, 0.07020611]
[1.7361199, 0.7501723, 0.92002046, 0.06592716]
[1.8987107, 0.808319, 1.0237601, 0.06663169]
[1.9186364, 1.1502167, 0.6997713, 0.06864841]
[1.9470667, 0.71242857, 1.1694193, 0.065218806]
[1.8133929, 1.0539142, 0.69062054, 0.068858206]
[1.9013197, 0.9091967, 0.92543304, 0.06668997]
[1.9346013, 1.0307567, 0.8303077, 0.07353692]
[1.8727456, 0.84029543, 0.9613265, 0.071123734]
[1.8019879, 0.921432, 0.81018066, 0.07037522]
[1.8468494, 0.7038636, 1.0696985, 0.0732874]
[1.8743882, 1.0256108, 0.762761, 0.08601642]
[2.0695238, 1.0095024, 0.97777295, 0.08224847]
[1.8949851, 0.906057, 0.92373997, 0.0651881]
[1.9925402, 0.9354601, 0.98449475, 0.07258548]
[1.8765405, 1.0513349, 0.7595426, 0.06566315]
[2.0759702, 1.0026168, 1.0080782, 0.0652752]
[1.955231, 0.93930554, 0.95407856, 0.06184682]
[1.8801146, 0.8163372, 1.0007281, 0.063049234]
[1.8506384, 0.8827916, 0.90728486, 0.060561918]
[1.9063402, 0.883708, 0.9612689, 0.06136331]
[1.7397876, 0.58291817, 1.0988731, 0.057996333]
[1.8886958, 1.1947024, 0.6227036, 0.07128988]
