[1.1767908, 1.1985672] 
[1.2177476, 1.2392516] 
[0.8671409, 0.8760419] 
[1.146001, 1.2426972] 
[0.97505, 1.1163516] 
[1.0267363, 0.9127871] 
[1.1346849, 0.96673775] 
[1.0750461, 0.9292474] 
[1.3307011, 1.1803551] 
[0.9318613, 0.7973281] 
[1.2579921, 1.2102935] 
[1.1847111, 1.1507373] 
[1.2169107, 1.1432147] 
[1.1277658, 1.0924835] 
[1.170027, 1.3082095] 
[1.3848569, 1.1681293] 
[1.2462738, 1.0545509] 
[1.2217249, 1.0743641] 
[1.057677, 0.9413345] 
[1.127666, 0.9894619] 
[1.2249441, 1.2474942] 
[1.0218618, 0.95342475] 
[1.3143016, 1.2921863] 
[1.0602922, 1.0259926] 
[1.1320827, 1.1316211] 
[1.0880113, 0.9900935] 
[1.0598181, 0.9267157] 
[1.1147474, 0.95914817] 
[1.0731472, 0.96071756] 
[1.1732173, 1.115561] 
[0.9365368, 0.95398426] 
[0.9542767, 0.880777] 
[1.1653641, 1.2545214] 
[0.95330966, 1.0251956] 
[1.1426069, 0.9573323] 
[1.1505156, 1.0151453] 
[1.2742939, 1.1235726] 
[1.0751857, 0.9795812] 
[1.2173865, 1.0460069] 
[1.0295913, 0.86746967] 
[1.1712244, 1.2109157] 
[1.0272098, 1.1858425] 
[1.2803829, 1.2404954] 
[1.119902, 1.0048554] 
[1.1933678, 1.0917618] 
[1.048598, 0.78716433] 
[1.2657186, 1.0900266] 
[1.0540111, 0.8582133] 
[1.1886177, 1.0349035] 
[1.0143907, 0.8712524] 
[1.2188475, 1.1409259] 
[1.1236637, 1.1090175] 
[1.2208303, 1.1925538] 
[1.2017026, 0.9886485] 
[0.95561296, 1.0989866] 
[1.2086207, 1.0042729] 
[1.0269814, 0.91288376] 
[1.1646295, 0.9824928] 
[0.8264245, 0.7385037] 
[1.0912184, 0.9368595] 
[1.1238619, 0.96071565] 
[1.2207767, 1.2058501] 
[1.1547301, 1.1798469] 
[1.1531379, 1.1302726] 
[1.0501778, 1.0639017] 
[1.2998122, 1.1454815] 
[1.0335054, 0.940318] 
[1.0748222, 0.9560648] 
[1.1659741, 1.012058] 
[1.1480353, 1.0598006] 
[1.1307583, 1.1097361] 
[0.99500674, 0.9304954] 
[1.2118641, 1.1743717] 
[1.4150281, 1.2997708] 
[1.0017675, 0.995667] 
[1.2943032, 1.0902233] 
[1.0861084, 0.96647894] 
[1.125114, 0.958093] 
[0.8914071, 0.7898726] 
[1.1689373, 0.9734103] 
[0.84173, 0.777791] 
[1.0761317, 1.1237937] 
[0.98670506, 0.9875675] 
[1.4092739, 1.2791469] 
[1.2464695, 1.2080121] 
[1.1932319, 1.0415411] 
[1.186705, 0.9954178] 
[1.4579883, 1.2355517] 
[0.88691807, 0.77139896] 
[0.91685873, 0.7362437] 
[1.294113, 1.3500702] 
[1.0100781, 0.9923658] 
[1.1810246, 1.0829101] 
[1.1209528, 1.0921085] 
[1.033055, 1.0573547] 
[1.0349638, 0.8923048] 
[1.2891918, 1.0877676] 
[1.1516094, 1.0165608] 
[1.0499928, 0.96258533] 
[1.2917075, 1.125916] 
[0.9822911, 0.9634334] 
[1.2498572, 1.1026769] 
[0.97157717, 1.0376252] 
[1.0629551, 1.1222541] 
[1.1252812, 1.0149596] 
[1.2679293, 1.1370401] 
[1.0585556, 0.9826772] 
[1.0676084, 0.9903017] 
[1.1759729, 1.0428851] 
[1.1640433, 1.0295373] 
[1.0243602, 1.023177] 
[1.2890518, 1.1209698] 
[0.8610625, 1.0037506] 
[1.1606357, 1.0896161] 
[1.1420677, 1.1200473] 
[1.2918266, 1.1080166] 
[1.0779376, 0.9159505] 
[1.0623547, 0.9113084] 
[1.186888, 1.0174236] 
[1.2081959, 1.0075884] 
[1.3294581, 1.1098316] 
[1.100961, 1.0192235] 
[1.2818385, 1.1216295] 
[1.3196476, 1.290311] 
[1.1099697, 1.2228028] 
[1.4103357, 1.1871629] 
[1.1381532, 1.0039681] 
[0.8636617, 0.73782384] 
[1.3856168, 1.1913602] 
[1.3206173, 1.0767844] 
[0.9644002, 0.8147994] 
[1.3207626, 1.2766366] 
[0.9915755, 0.89272267] 
[1.4043441, 1.220506] 
[1.1722529, 1.0878127] 
[0.9112847, 0.80893576] 
[1.2035415, 1.030575] 
[1.0523151, 0.94608706] 
[1.012538, 0.8863764] 
[1.2528466, 1.0522368] 
[1.1117339, 1.1347623] 
[1.0458142, 1.0217254] 
[0.9645964, 0.95482] 
[0.9240327, 0.93913496] 
[1.0949533, 1.0613964] 
[0.9759785, 0.8581436] 
[1.2924232, 1.1419661] 
[1.1543149, 1.0313482] 
[1.0719975, 0.88619876] 
[0.95708895, 0.83881366] 
[1.0704259, 1.0250528] 
[1.3148978, 1.3336933] 
[1.3258414, 1.255585] 
[1.0933945, 1.0819218] 
[1.0899861, 1.1643755] 
[1.2644113, 1.1219567] 
[1.1399359, 0.99468327] 
[1.1636479, 1.0649307] 
[1.2552831, 1.0828036] 
[1.2057219, 1.0794568] 
[1.1218472, 1.1915774] 
[1.0442181, 1.07457] 
[1.1620653, 1.1096504] 
[1.1372399, 1.0323395] 
[0.87524015, 1.0598456] 
[1.191838, 1.055966] 
[1.1193442, 0.9803604] 
[1.0603275, 0.94957817] 
[1.0126398, 0.92534924] 
[1.08112, 0.9470978] 
[1.065234, 1.1193871] 
[1.0558631, 0.9826212] 
[1.1030121, 1.1809428] 
[1.0122331, 1.2438246] 
[0.87734854, 1.0600724] 
[1.0681056, 0.97211766] 
[1.1706815, 1.0502516] 
[1.1266522, 1.013639] 
[1.0947938, 0.97095686] 
[1.1368425, 0.9609819] 
[1.1349843, 1.1237895] 
[0.97401893, 1.0386207] 
[1.0941213, 1.1039608] 
[0.9584086, 0.92620397] 
[1.0104507, 0.959023] 
[0.92467606, 0.7909328] 
[1.1226394, 0.9415918] 
[1.2079812, 1.0794098] 
[1.0320125, 0.91411656] 
[1.3999978, 1.2712916] 
[0.95136553, 0.8211336] 
[1.1522052, 1.1362658] 
[1.1985439, 1.1028981] 
[0.9973484, 1.0142046] 
[1.0207584, 1.0955195] 
[1.194892, 1.0374472] 
[1.1206214, 1.0090376] 
[1.2975388, 1.1884127] 
[1.0814943, 0.99184483] 
[1.0541878, 0.94698524] 
[1.2586273, 1.1951475] 
[1.2325385, 1.1799693] 
[1.2290262, 1.2135274] 
[1.3157431, 1.2097374] 
[1.0016549, 1.0389432] 
[1.2230041, 1.0567682] 
[1.0796094, 0.9850032] 
[1.0098953, 0.8918676] 
[1.3762219, 1.1614387] 
[0.97696376, 0.88587755] 
[1.2173748, 1.0665867] 
[1.0526849, 1.0245433] 
[1.0598937, 0.97369623] 
[1.0446318, 0.9749721] 
[1.0681721, 0.946784] 
[1.0633471, 0.90148735] 
[0.97742957, 0.8465239] 
[1.0326179, 0.875523] 
[1.315786, 1.10196] 
[1.0037977, 0.9119518] 
[1.1349902, 1.1412376] 
[0.9650123, 0.91579115] 
[1.3762406, 1.4257827] 
[1.0383888, 0.9682903] 
[1.2160441, 1.3399407] 
[1.1828682, 1.0309327] 
[1.2191813, 1.0772567] 
[1.281406, 1.076709] 
[1.2169089, 1.0528705] 
[1.120307, 0.9963325] 
[1.1764084, 1.1642962] 
[0.9934288, 1.0229087] 
[1.247932, 1.0443296] 
[0.9918079, 1.0481081] 
[1.2394147, 1.1804652] 
[1.0226556, 0.91049194] 
[1.2380803, 1.1071565] 
[1.0798072, 0.959157] 
[1.1653541, 1.0175496] 
[1.0203354, 0.8601206] 
[1.2917072, 1.143711] 
[1.1256167, 1.1044377] 
[0.9920884, 0.9695009] 
[1.0721872, 1.0009205] 
[1.0770004, 0.99325365] 
[1.1392248, 1.0257788] 
[1.1126567, 0.9903728] 
[1.2180269, 1.1174892] 
[0.9394425, 0.8468844] 
[1.1808817, 1.0452361] 
[1.0712215, 1.0199574] 
[1.1410582, 1.1247844] 
[0.9680704, 1.0396459] 
[1.065145, 1.0330076] 
[1.277236, 1.2433133] 
[1.1138669, 0.9539201] 
[1.1621721, 1.0435114] 
[1.0228975, 0.89337534] 
[1.1465975, 1.0013788] 
[1.2616447, 1.0851816] 
[1.0352108, 0.9818382] 
[1.2693849, 1.197804] 
[1.0797426, 0.94830406] 
[1.0182822, 0.9959565] 
[1.1363446, 1.1481612] 
[1.1675365, 1.0086355] 
[1.2951727, 1.0792166] 
[1.1945416, 1.0020446] 
[1.134211, 0.9889678] 
[1.0908445, 0.9213112] 
[1.1588286, 1.1526265] 
[1.2065096, 1.2498057] 
[1.0327605, 1.0362011] 
[1.0497429, 0.9168016] 
[1.078042, 1.0324789] 
[1.2038734, 0.9987025] 
[0.9810514, 0.84970355] 
[1.1036515, 0.9723714] 
[1.106964, 0.94739485] 
[0.95374095, 0.8399346] 
[1.2277942, 1.192508] 
[0.9607742, 1.0201701] 
[1.0923022, 1.0424495] 
[1.3758748, 1.3722599] 
[0.92479277, 1.0085979] 
[1.140509, 1.0212092] 
[1.1582179, 1.0271252] 
[1.1212378, 0.96792686] 
[1.2154727, 1.064127] 
[0.96185136, 0.8177744] 
[0.9878744, 1.026505] 
[1.1153944, 1.0524158] 
[1.0415089, 1.0398535] 
[1.205378, 1.2292087] 
[1.02129, 1.0172801] 
[1.1613029, 0.99558467] 
[1.1693237, 0.99965966] 
[1.0440825, 0.97301346] 
[1.1499102, 0.9832932] 
[1.183825, 0.99813545] 
[1.2102408, 1.1648799] 
[1.151118, 1.146954] 
[1.3528383, 1.114475] 
[1.3532515, 1.2381682] 
[1.0661569, 1.028342] 
[0.98497975, 0.8439779] 
[1.0679718, 0.92564845] 
[1.086056, 0.9753945] 
[0.9193933, 0.82338524] 
[0.98709685, 0.87575567] 
[1.0844729, 1.1676315] 
[0.9162738, 0.82819414] 
[0.9219042, 0.9231102] 
[1.1445351, 1.1332977] 
[1.1123416, 1.1039077] 
[1.0840327, 0.9560578] 
[0.9847969, 0.8635643] 
[0.8696078, 0.81533015] 
[1.0010412, 0.88173497] 
[1.1902136, 1.074873] 
[0.9484038, 0.9621287] 
[1.0089715, 1.0406184] 
[1.098252, 1.1473231] 
[0.95695746, 1.005469] 
[1.1044649, 0.9972255] 
[0.9751353, 0.8579397] 
[1.2268307, 1.0941861] 
[1.0172095, 0.95360225] 
[1.0864065, 0.9886787] 
[1.0749633, 0.9889866] 
[1.1248238, 1.1316426] 
[1.1260675, 1.0913215] 
[1.0496335, 1.0415478] 
[1.0709627, 1.0713677] 
[1.0568491, 1.1357508] 
[1.1404157, 1.0080366] 
[1.1892283, 1.0787265] 
[1.2288492, 1.1229775] 
[1.1123468, 0.99660575] 
[1.060978, 0.9661851] 
[1.0372298, 1.0613403] 
[1.2131112, 1.2335033] 
[1.1345983, 1.0682651] 
[1.0893548, 1.0999045] 
[1.0954834, 1.0511469] 
[1.0319133, 0.8781577] 
[1.0109259, 0.91603065] 
[1.0836356, 0.9619722] 
[1.093387, 0.9717433] 
[1.0391115, 0.90651214] 
[0.8995786, 0.9127374] 
[0.98081636, 1.0827827] 
[1.0503274, 1.0211514] 
[1.0834397, 1.0216124] 
[1.0509565, 0.9729991] 
[1.2335936, 1.1157694] 
[1.0263805, 0.9242959] 
[1.1165693, 0.97447467] 
[1.1736078, 1.037611] 
[1.0711617, 0.9645849] 
[1.1004527, 1.0884492] 
[1.1824014, 1.1071377] 
[1.138335, 1.2426593] 
[1.3382335, 1.1885204] 
[1.1449606, 1.1101235] 
[1.070453, 0.99668026] 
[1.0744354, 0.9543977] 
[1.1254771, 1.0005821] 
[1.025947, 0.8842225] 
[1.1533943, 1.0570123] 
[1.1267483, 1.0537993] 
[1.2263119, 1.0092465] 
[0.9724637, 0.8417202] 
[1.0623567, 1.1270356] 
[1.0919782, 1.1149771] 
[1.1791377, 1.0374106] 
[0.95541334, 0.84681296] 
[1.1920452, 1.0212991] 
[1.0822107, 0.9601326] 
[1.2907102, 1.1243956] 
[1.1040926, 1.0389214] 
[1.0937966, 1.0798652] 
[1.1176095, 1.0298471] 
[1.1611669, 1.1242088] 
[1.0508325, 1.0614806] 
[1.1313632, 1.0073835] 
[1.0911442, 0.93029046] 
[1.126939, 0.9587425] 
[1.1625977, 0.9324025] 
[1.1672412, 0.9775486] 
[0.9790478, 0.94155025] 
[1.1679616, 1.1635945] 
[1.2971002, 1.2491074] 
[1.3931229, 1.3801646] 
[1.100588, 0.9521335] 
[1.0932548, 0.8455069] 
[0.7245535, 0.56742847] 
[1.0046712, 0.77415025] 
[1.278749, 1.0470505] 
[1.2194761, 0.982021] 
[0.9416533, 0.9620012] 
[1.337073, 1.1871135] 
[1.0315132, 1.0635977] 
[1.0931823, 0.8522041] 
[1.0815037, 1.036755] 
[1.3212204, 1.1840142] 
[1.0023918, 0.853704] 
[1.1836023, 1.0300429] 
[0.99117804, 0.9301417] 
[1.4274545, 1.2663218] 
[1.0108024, 0.9831965] 
[1.0377246, 1.0925702] 
[1.2393808, 1.066901] 
[1.1975839, 1.1343522] 
[1.2731026, 1.2136692] 
[1.4468846, 1.2179149] 
[1.1342239, 0.989975] 
[1.1977786, 1.0138005] 
[1.4165328, 1.2321054] 
[1.1824826, 1.0162735] 
[1.0635958, 1.0832932] 
[0.9977621, 1.0662591] 
[1.057667, 1.0059942] 
[1.3240454, 1.1163039] 
[1.1095558, 1.0872549] 
[1.0146422, 0.8357547] 
[1.0624815, 0.9256706] 
[0.9587652, 0.8162529] 
[1.238378, 1.0777998] 
[1.17194, 1.0330501] 
[0.9938238, 1.0504453] 
[1.2008075, 1.111348] 
[1.033232, 1.051697] 
[1.0075959, 0.97350323] 
[1.023326, 0.97924876] 
[1.1191894, 1.0377454] 
[0.92509973, 0.8583928] 
[1.1345899, 1.0192707] 
[0.93589234, 0.82792556] 
[1.1017513, 0.98557514] 
[1.0406971, 0.9163223] 
[1.0119134, 1.0648863] 
[1.0965271, 0.96947724] 
[1.2528989, 1.2084765] 
[1.0567019, 0.982902] 
[1.1507173, 1.0215452] 
[0.9629115, 0.8364482] 
[1.0060844, 0.86878663] 
[1.0104364, 0.93903476] 
[1.0787771, 0.92653054] 
[0.9823022, 1.0243173] 
[1.1884699, 1.1713506] 
[1.1748253, 1.222043] 
[1.221961, 1.2060516] 
[1.1243103, 1.042254] 
[1.2544456, 1.0816042] 
[1.0994751, 0.9592465] 
[1.0907457, 0.9761506] 
[1.1357486, 0.96644294] 
[1.0843852, 0.9452251] 
[1.1296141, 1.000066] 
[0.9858928, 1.0740557] 
[1.1732011, 1.1076593] 
[0.86225474, 0.9327773] 
[1.0657319, 1.0832849] 
[1.0966558, 0.96579754] 
[1.0794244, 0.9194373] 
[0.9609487, 0.8449807] 
[1.2626939, 1.13496] 
[1.0485531, 0.95438826] 
[0.9885981, 0.914222] 
[1.100517, 1.0222068] 
[1.3320003, 1.1777681] 
[1.023233, 1.0039647] 
[0.96246314, 0.9974769] 
[1.1120243, 0.9615437] 
[1.09289, 0.94599956] 
[1.0517802, 0.87795544] 
[1.2950954, 1.1467705] 
[1.0332208, 0.85893655] 
[1.0301052, 1.0019045] 
[1.1328692, 1.2135767] 
[0.8605348, 1.0481639] 
[1.2303329, 1.0115751] 
[1.2528362, 1.24478] 
[1.0533513, 0.93152195] 
[1.307683, 1.170758] 
[1.1129503, 0.99741733] 
[1.0974102, 0.98815584] 
[1.053865, 0.94868094] 
[1.2982216, 1.307467] 
[1.0671605, 1.1491234] 
[1.293895, 1.1926215] 
[1.2485934, 1.2043166] 
[1.1794578, 1.192591] 
[1.0866714, 0.9192773] 
[1.1059248, 0.981564] 
[1.3362794, 1.1794647] 
[1.0750767, 0.9340688] 
[1.2229791, 1.09607] 
[1.1660863, 1.1653547] 
[1.2441933, 1.2049701] 
[1.0661478, 0.99813163] 
[1.2569498, 1.170109] 
[1.3170316, 1.0587606] 
[1.1123946, 0.93426704] 
[1.3211706, 1.142883] 
[0.8734089, 0.74566925] 
[1.0969682, 0.9385936] 
[1.0278208, 0.83229065] 
[1.1915689, 1.1071476] 
[0.9575441, 1.0490754] 
[1.1880525, 1.2391576] 
[1.142157, 1.0756385] 
[1.1241775, 1.1290779] 
[1.3118054, 1.1218324] 
[1.0211511, 0.8843827] 
[1.0780132, 0.90972847] 
[1.0366285, 0.91074204] 
[1.3070953, 1.1915877] 
[1.0071526, 0.9273047] 
[0.98580754, 0.9987488] 
[1.3990756, 1.2768592] 
[1.1326237, 1.0126197] 
[1.2898015, 1.1979319] 
[1.1480261, 0.9846673] 
[1.1458439, 1.036356] 
[1.1036229, 0.9999405] 
[1.096607, 0.93613535] 
[1.0855935, 0.9960043] 
[1.289123, 1.1229725] 
[0.9767825, 1.0809125] 
[1.3341708, 1.1186659] 
[0.85354054, 0.98825264] 
[1.1709687, 1.1217403] 
[1.0025845, 0.8447428] 
[1.0941927, 0.957065] 
[1.1527348, 1.009875] 
[1.1294816, 0.9987077] 
[1.0193038, 0.90216446] 
[1.1648736, 1.1196661] 
[1.1321361, 1.147358] 
[0.9504378, 0.9235662] 
[0.8988198, 1.0649736] 
[1.0599601, 1.0963941] 
[1.1901242, 1.0052303] 
[0.80086416, 0.6728961] 
[1.3215904, 1.1240554] 
[1.215996, 1.0042565] 
[1.198013, 1.0006596] 
[0.9566425, 0.89593184] 
[1.1017188, 1.1672506] 
[1.1512601, 1.0076275] 
[1.0578197, 1.0809293] 
[1.2716022, 1.150276] 
[1.1250712, 0.9831488] 
[1.1750877, 0.97580624] 
[1.0317979, 0.852659] 
[1.2530205, 1.0488536] 
[1.1443739, 0.987224] 
[1.1840727, 1.1499128] 
[1.2074239, 1.1168649] 
[0.9897591, 1.0623208] 
[1.0498012, 1.0694933] 
[1.2537007, 1.2688327] 
[1.2305994, 1.0644739] 
[1.0883089, 0.9764081] 
[1.035198, 0.8758074] 
[1.0054667, 0.86182773] 
[1.2300297, 1.1058302] 
[1.1279992, 1.0724988] 
[1.072824, 1.1355128] 
[1.2309566, 1.1325161] 
[1.2974889, 1.1171936] 
[1.1317257, 1.0870005] 
[1.2000456, 1.06458] 
[1.0894625, 0.978102] 
[1.0172834, 0.91417575] 
[1.1061441, 0.8960578] 
[1.1287359, 0.9645331] 
[0.9494015, 1.0867124] 
[1.06888, 1.1782091] 
[1.1538639, 1.015507] 
[1.1019313, 1.0453562] 
[1.0051166, 1.0114856] 
[1.187201, 1.0604572] 
[1.0574175, 0.96375245] 
[1.0862254, 1.0179586] 
[1.0504199, 0.946576] 
[1.2395706, 1.105743] 
[1.1612735, 1.0747342] 
[1.0469227, 1.0618334] 
[1.0640634, 0.964761] 
[0.97500086, 0.95537734] 
[0.9938098, 0.94512755] 
[1.0928745, 0.99814546] 
[1.0710768, 1.0089602] 
[1.0760729, 0.9924397] 
[1.0462941, 0.9527758] 
[1.1284525, 1.0609801] 
[0.991889, 1.033124] 
[1.1915777, 1.0314701] 
[1.0810039, 1.0785525] 
[1.1192632, 1.1622623] 
[1.0870025, 0.98787856] 
[1.081911, 0.99642783] 
[1.164091, 1.0545421] 
[1.0692017, 0.9369966] 
[0.946141, 0.84994555] 
[1.1803645, 1.0299871] 
[1.1394196, 1.0273528] 
[1.0862433, 1.2376616] 
[1.0171635, 0.9613139] 
[1.0158286, 1.0964764] 
[1.1039474, 0.97427297] 
[1.143129, 1.023035] 
[1.1472284, 1.0263315] 
[1.0020502, 0.9143058] 
[1.0370147, 0.9418756] 
[1.0163753, 0.8773237] 
[1.0663805, 1.0708418] 
[1.0653771, 1.0547662] 
[1.1425889, 1.1671497] 
[1.2318764, 1.2202742] 
[1.1749092, 1.0228714] 
[1.2246394, 1.0851785] 
[1.1790229, 1.0748653] 
[1.338319, 1.1967483] 
[1.2599387, 1.1196094] 
[1.1498908, 1.0232172] 
[1.0675113, 1.0900265] 
[1.1559002, 1.0397213] 
[1.0292245, 0.98647237] 
[1.1171952, 1.1679932] 
[1.0303075, 0.9418149] 
[0.9590273, 0.882831] 
[1.0677688, 0.99439263] 
[0.99476755, 0.9411921] 
[1.0267994, 0.9424693] 
[1.0782022, 1.0034372] 
[1.0505412, 1.0801982] 
[0.97345626, 0.99606186] 
[1.0531101, 1.0429213] 
[0.9823115, 0.9223207] 
[1.211093, 1.152666] 
[0.9400742, 0.8274028] 
[1.1618855, 1.0695778] 
[1.1140277, 0.97174156] 
[1.1183349, 1.012859] 
[1.0435817, 0.9070648] 
[1.1685164, 1.1367744] 
[1.2392951, 1.1350278] 
[1.2086174, 1.0515056] 
[1.1297455, 1.1399229] 
[1.199517, 1.1808753] 
[1.3168732, 1.2070599] 
[0.96951634, 0.8766625] 
[0.9854443, 0.87574273] 
[1.3026799, 1.1486418] 
[1.0817596, 0.9551518] 
[0.9132921, 1.0543945] 
[0.91408443, 0.912747] 
[1.3173015, 1.1590667] 
[1.1023332, 1.2353001] 
[1.2947494, 1.2991557] 
[1.2944304, 1.0738311] 
[1.1183376, 0.9402505] 
[1.1123384, 0.93758285] 
[1.1997836, 0.9643307] 
[1.3023443, 1.1289036] 
[1.2506979, 1.2507453] 
[1.1634293, 1.282263] 
[1.0852551, 1.1232307] 
[1.0727096, 1.2613158] 
[1.2015057, 1.234559] 
[1.3421571, 1.0904281] 
[1.3742206, 1.1799542] 
[1.027957, 0.86512935] 
[1.2878288, 1.143065] 
[1.1962972, 1.0318346] 
[1.121642, 0.9340333] 
[1.0103915, 0.9751741] 
[1.139962, 1.1686573] 
[0.8877233, 0.9003359] 
[1.1068622, 1.0643077] 
[1.2135875, 1.0612047] 
[1.1937025, 1.0291052] 
[1.3552015, 1.238358] 
[1.1767194, 1.0002748] 
[1.0132363, 0.8752191] 
[1.0685265, 1.12627] 
[1.1637242, 0.9960838] 
[1.0456488, 1.1171312] 
[1.2151761, 1.2402911] 
[1.0662823, 1.3222089] 
[1.1631668, 1.0404533] 
[1.0327575, 0.82776374] 
[1.2056284, 1.002857] 
[1.1426495, 0.9438995] 
[0.9800613, 0.84651285] 
[1.0861504, 1.0532256] 
[1.1326066, 1.1688683] 
[1.165143, 1.1634239] 
[1.0713508, 1.1113789] 
[1.1354172, 1.0039415] 
[1.0308533, 0.8897855] 
[1.0973592, 0.9606542] 
[1.045441, 0.99769664] 
[1.0706798, 0.9416617] 
[0.92500675, 0.8359841] 
[1.1000289, 1.0677583] 
[1.0724176, 0.9360081] 
[1.0814205, 1.024017] 
[1.1696553, 1.0524969] 
[1.0546746, 1.1570575] 
[1.0699124, 0.9405837] 
[1.0088141, 0.8858792] 
[1.0546873, 0.9428663] 
[1.1517087, 0.9934394] 
[1.1898272, 1.0557057] 
[0.99068385, 0.9653208] 
[1.2014782, 1.1259072] 
[1.0603713, 0.98091257] 
[1.0556831, 0.96507025] 
[0.93992996, 1.0175562] 
[1.0279344, 0.89921844] 
[1.0791692, 0.931618] 
[1.0664734, 0.9337611] 
[1.1939896, 1.0719945] 
[1.2301786, 1.0569818] 
[1.1268992, 1.1312864] 
[1.0350013, 1.211539] 
[1.0839343, 1.0711617] 
[1.2183224, 1.146688] 
[0.99984825, 1.0838301] 
[1.270416, 1.1094465] 
[1.1126474, 0.9806102] 
[1.2385072, 1.0818429] 
[1.1649876, 1.033297] 
[1.1614413, 1.0477574] 
[1.0327682, 0.9980391] 
[1.0614495, 1.1204869] 
[1.107224, 1.0729973] 
[1.0577414, 0.9747533] 
[1.0492918, 1.1273103] 
[1.1244276, 1.0186971] 
[1.1041961, 0.99549675] 
[1.1515102, 0.9639823] 
[1.1722924, 1.0459315] 
[1.0358856, 0.8876916] 
[1.2029927, 1.0505075] 
[1.0620279, 0.92661166] 
[1.1271644, 1.238821] 
[1.169485, 1.1433578] 
[0.9232536, 0.9076877] 
[1.0151209, 0.9193573] 
[1.0678475, 0.9390451] 
[1.2008628, 1.0637891] 
[1.0868928, 1.0007286] 
[1.1521308, 1.0313437] 
[1.0532492, 1.010279] 
[1.1539443, 0.92120445] 
[0.89640814, 0.82775736] 
[1.1770852, 1.0804297] 
[1.0513747, 1.109103] 
[1.1178652, 0.9592787] 
[0.97079265, 0.8312375] 
[1.0840709, 0.9345434] 
[1.2683265, 1.0689521] 
[1.0446918, 0.9091176] 
[1.3299975, 1.1438729] 
[1.2384448, 1.250976] 
[1.2154585, 1.1111648] 
[1.1840811, 1.2553148] 
[1.034233, 1.1008973] 
[1.2447802, 1.1318471] 
[1.0473487, 0.9230709] 
[1.0358044, 0.87286496] 
[1.2338858, 1.0672991] 
[1.3156277, 1.0939885] 
[0.9826378, 0.90961236] 
[1.1408893, 1.2714801] 
[1.1633403, 1.1613073] 
[1.1978987, 1.0900555] 
[1.1214972, 1.1193334] 
[1.1928077, 1.0108325] 
[1.1271962, 0.9894082] 
[1.3254464, 1.1466141] 
[1.1722826, 1.0100739] 
[1.0686963, 0.91196436] 
[0.88769555, 0.9168488] 
[1.1393197, 1.0139157] 
[1.1674697, 1.0276688] 
[1.2860591, 1.1413647] 
[1.3311362, 1.3286835] 
[1.1309023, 0.9100808] 
[1.1692095, 1.0259678] 
[1.0481701, 0.8743185] 
[0.9435624, 0.8097816] 
[1.3083209, 1.1009017] 
[1.1680816, 0.98381454] 
[0.99598324, 1.1601322] 
[1.0522425, 1.0621921] 
[1.053504, 1.109354] 
[0.9338795, 0.964932] 
[1.0226991, 0.830914] 
[1.1951814, 0.98947877] 
[1.0759208, 0.9595412] 
[1.1829245, 1.0719831] 
[1.0631145, 0.9455327] 
[1.0396115, 1.0280662] 
[1.0150449, 1.0578947] 
[1.0884538, 1.0581453] 
[1.220958, 1.1557637] 
[1.2186028, 1.2276944] 
[1.1948406, 1.0003219] 
[1.1697183, 1.0524683] 
[1.1265919, 1.0176345] 
[1.158098, 1.0144491] 
[1.1997116, 1.0829006] 
[0.84636474, 0.9496896] 
[1.2170572, 1.1260324] 
[1.0045853, 0.9705404] 
[1.2734149, 1.0979395] 
[1.0733743, 1.0437102] 
[1.1469557, 0.9882159] 
[0.84735274, 0.73769206] 
[1.1229625, 1.0070243] 
[1.0719267, 0.9830025] 
[0.97927076, 0.83226407] 
[1.235678, 1.0065955] 
[1.2876356, 1.2799053] 
[1.1510644, 1.0323141] 
[1.0761238, 1.1898668] 
[0.9627497, 0.9966457] 
[1.0799338, 0.94330794] 
[1.2571304, 1.0781903] 
[0.9816622, 0.8296949] 
[1.2575954, 1.0993792] 
[1.172782, 0.99827325] 
[1.0979309, 1.1181118] 
[1.1989765, 1.3709583] 
[1.1691794, 1.2266574] 
[1.0217099, 1.0687821] 
[1.2374685, 1.3220167] 
[0.9861978, 0.8450745] 
[1.1866035, 1.0287746] 
[1.1592581, 0.9940135] 
[1.1083422, 0.9584105] 
[1.2167276, 1.0412878] 
[1.2414874, 1.1937515] 
[1.2010807, 1.1465421] 
[1.1795461, 1.0185039] 
[0.9830611, 0.92354524] 
[1.0832528, 1.0787082] 
[1.2050314, 1.0525172] 
[1.2138973, 1.0569104] 
[1.1535164, 0.979334] 
[0.9529354, 0.86759543] 
[1.0565042, 0.92402005] 
[1.0255775, 1.0954312] 
[1.2023913, 1.1814554] 
[1.3261888, 1.1682911] 
[1.0961187, 0.95971537] 
[1.1807859, 1.0273072] 
[0.9726107, 0.84459054] 
[1.1563909, 1.0927455] 
[1.239105, 1.12746] 
[1.1183976, 1.020132] 
[1.346035, 1.173543] 
[1.0787163, 1.1018248] 
[1.014303, 0.9235443] 
[1.1148549, 1.1600093] 
[1.2705355, 1.1793978] 
[1.2320843, 1.1537342] 
[1.0855232, 0.97681284] 
[1.1686497, 1.0091423] 
[1.1150265, 0.99201596] 
[1.0987101, 0.97029185] 
[0.99262094, 0.8809519] 
[0.92869043, 1.0107794] 
[1.091778, 1.0875263] 
[1.1180987, 1.1643679] 
[1.0189472, 1.0434746] 
[1.1711043, 1.109216] 
[1.2496629, 1.1212571] 
[1.1542778, 0.99810725] 
[1.1044989, 0.9501389] 
[1.211782, 1.0183935] 
[1.0740855, 0.93081] 
[1.2286227, 1.2464583] 
[1.0910236, 1.0943078] 
[0.96413815, 1.1265726] 
[1.1412458, 1.0954206] 
[1.2785258, 1.1676099] 
[1.3304591, 1.115473] 
[0.9985767, 0.8884449] 
[1.0558077, 0.95042586] 
[0.9871212, 0.90496963] 
[0.94995177, 0.8428008] 
[0.98175496, 1.1993482] 
[0.9720422, 1.0021967] 
[1.2095768, 1.0626421] 
[1.0448071, 1.0458276] 
[1.1089039, 1.0572201] 
[0.96783, 0.8325254] 
[1.1740576, 1.0382336] 
[1.0994513, 0.9689967] 
[1.0644267, 0.9671817] 
[1.2575119, 1.034253] 
[1.1460135, 1.0978358] 
[1.2646271, 1.1386259] 
[1.161592, 1.1216244] 
[1.2207931, 1.2330759] 
[1.0963798, 1.065789] 
[1.1018758, 1.0003543] 
[1.0462031, 0.93752766] 
[1.0430522, 0.82307947] 
[1.3724945, 1.1417947] 
[1.134451, 0.99493784] 
[1.2094243, 1.1214659] 
[1.0721357, 1.2624079] 
[0.9439769, 0.9345348] 
[1.0920985, 1.0982256] 
[1.0840456, 0.88080233] 
[1.239573, 1.094191] 
[1.164573, 0.9733672] 
[1.1687871, 1.0193043] 
[1.1232593, 0.9214214] 
[1.2578337, 1.0214276] 
[1.1486001, 1.0885143] 
[1.1468244, 1.0262463] 
[1.0118036, 1.1150312] 
[1.3700433, 1.195775] 
[1.1484168, 1.0653392] 
[0.8745264, 0.81270087] 
[1.170887, 0.9908173] 
[1.1709552, 1.0235279] 
[1.1322782, 1.0077221] 
[1.1578937, 1.0375137] 
[1.0359261, 1.1062258] 
[0.99370956, 0.9472006] 
[1.0293043, 1.1938653] 
[1.0041244, 1.0667336] 
[1.1332147, 1.2228711] 
[1.1836232, 1.041362] 
[0.88283604, 0.755525] 
[0.9697425, 0.8708647] 
[1.0467234, 0.91819644] 
[1.0860581, 0.9428639] 
[0.823825, 0.96277547] 
[1.1755872, 1.1268101] 
[1.2177694, 1.0510086] 
[1.192125, 1.208103] 
[1.4377542, 1.3232911] 
[1.0259981, 0.8787187] 
[1.0165769, 0.88402045] 
[1.3017595, 1.0808675] 
[1.184517, 0.96589446] 
[1.2422065, 1.0398548] 
[0.9251672, 1.0784323] 
[1.0296832, 1.1056306] 
[1.076622, 0.9507868] 
[1.1286602, 1.1053622] 
[1.0654312, 1.0103227] 
[1.247431, 1.1213115] 
[1.188075, 1.0657429] 
[1.1032698, 0.98744214] 
[1.0867809, 0.94389784] 
[1.2346692, 1.0894995] 
[1.1005688, 1.1074945] 
[1.1275889, 1.113392] 
[1.2962533, 1.1641839] 
[1.1316174, 1.1488817] 
[1.093413, 1.2223631] 
[1.067702, 0.9615655] 
[1.0037299, 0.8619605] 
[1.2089568, 1.1021318] 
[1.2333368, 1.0768633] 
[0.98283154, 0.88897085] 
[1.0875981, 1.1733377] 
[1.0171087, 1.1369317] 
[1.0001869, 1.0464921] 
[1.1794012, 0.9842081] 
[1.074381, 1.0234728] 
[1.1807184, 1.0015585] 
[1.2345382, 1.0441282] 
[1.0542777, 0.9520811] 
[1.064226, 0.8671949] 
[1.249424, 1.1360587] 
[1.1214997, 1.0608113] 
[1.19329, 1.0757278] 
[1.0911479, 1.1903545] 
[0.9768842, 0.9521974] 
[1.0489773, 1.0651116] 
[1.2447026, 1.0561272] 
[1.0249714, 0.81199193] 
[1.290074, 0.97647035] 
[1.2661753, 1.1029336] 
[1.1351979, 0.9610738] 
