[1.9342271, 0.8513751, 1.0204844, 0.062367544]
[2.0150738, 0.7782675, 1.1746573, 0.062149]
[1.9572854, 1.0165172, 0.88144934, 0.059318922]
[1.9178296, 0.9250597, 0.9364326, 0.05633739]
[1.7685646, 0.8332707, 0.87661064, 0.058683313]
[1.9523292, 0.86454916, 1.0243244, 0.06345561]
[1.8185664, 0.8832789, 0.87697965, 0.05830784]
[1.9680912, 1.018108, 0.8907182, 0.059265003]
[2.0320766, 0.9769511, 0.99356836, 0.06155707]
[1.8727183, 0.8484275, 0.96711683, 0.057173938]
[1.9750303, 1.0833402, 0.8362546, 0.055435482]
[1.9515749, 1.0581203, 0.83279574, 0.060658887]
[1.7416095, 0.8664393, 0.81745994, 0.05771026]
[1.8538547, 0.9602083, 0.8209549, 0.07269138]
[1.9502504, 0.94312304, 0.94030434, 0.06682299]
[1.9051511, 0.92956215, 0.9152293, 0.060359694]
[1.9341657, 1.0447882, 0.8224366, 0.066940844]
[1.8606803, 0.82374406, 0.97000796, 0.06692843]
[1.8821019, 1.0028106, 0.8119739, 0.06731736]
[1.9189094, 1.0268427, 0.8269461, 0.06512062]
[1.9538639, 0.9663824, 0.92695343, 0.060527988]
[1.9683349, 0.96224487, 0.942268, 0.063822016]
[1.873718, 1.0311207, 0.78171766, 0.060879678]
[1.9532725, 0.8197397, 1.0698794, 0.063653305]
[1.9860296, 0.9681016, 0.9559284, 0.061999537]
[1.9321212, 0.9419425, 0.9290894, 0.06108921]
[1.8413489, 0.8468503, 0.93634284, 0.05815574]
[1.8591821, 0.84418094, 0.9576635, 0.057337705]
[1.929778, 0.84995615, 1.0116131, 0.0682087]
[1.9423082, 0.89974463, 0.97862005, 0.06394347]
[1.9513795, 0.8203702, 1.066093, 0.06491642]
[2.0193348, 1.0158159, 0.9369911, 0.06652787]
[1.8442091, 0.8113506, 0.9719169, 0.060941577]
[2.028209, 0.9388086, 1.0213307, 0.06806965]
[1.9051579, 0.9662777, 0.8773674, 0.06151285]
[1.8956794, 0.8523552, 0.9834186, 0.059905626]
[1.8816423, 0.9201649, 0.90036243, 0.061114967]
[1.8949963, 0.8825325, 0.9537218, 0.058741964]
[1.7715201, 0.8719107, 0.8335362, 0.06607312]
[1.7980922, 0.8197304, 0.9119177, 0.06644415]
[2.0896916, 1.0064726, 1.0101273, 0.07309164]
[1.9253743, 0.9285289, 0.9338239, 0.063021414]
[1.9267571, 1.0277939, 0.8355868, 0.06337643]
[1.8438697, 0.8479703, 0.9363045, 0.059594832]
[2.0725315, 0.8917059, 1.1137357, 0.06708978]
[1.8590703, 0.9559463, 0.84507036, 0.05805365]
[2.0104737, 0.96373165, 0.98341703, 0.06332496]
[1.9862169, 1.1163168, 0.81015444, 0.059745703]
[1.7382265, 0.68692636, 0.9905138, 0.06078636]
[1.8954334, 1.00216, 0.8264721, 0.06680128]
[1.9442554, 0.91398823, 0.96306527, 0.0672018]
[1.9159458, 0.9869576, 0.86406016, 0.064928085]
[1.7242247, 0.9088843, 0.74897885, 0.06636159]
[1.97136, 1.0255342, 0.87461376, 0.07121205]
[1.9104505, 0.9119498, 0.9335627, 0.06493795]
[1.9389836, 1.0834111, 0.7880124, 0.067560025]
[1.9199917, 1.0236994, 0.8217797, 0.074512586]
[1.9174042, 0.9333663, 0.9092733, 0.07476446]
[1.7916813, 0.8771851, 0.8466768, 0.06781934]
[1.8384182, 0.8202134, 0.9458262, 0.07237865]
[2.0201735, 1.0455658, 0.9105615, 0.0640461]
[2.0886936, 1.077101, 0.9437511, 0.067841575]
[1.8678063, 0.82027495, 0.980989, 0.06654234]
[1.9794776, 0.9269062, 0.98875284, 0.06381857]
[1.8128916, 0.8583688, 0.8914771, 0.06304561]
[1.9237468, 0.9943261, 0.8622887, 0.06713198]
[2.1494927, 1.0092566, 1.0740273, 0.06620872]
[1.8857466, 0.7734418, 1.0489874, 0.06331744]
[1.869872, 0.8172012, 0.9916703, 0.061000504]
[1.9232004, 0.87066716, 0.9901936, 0.06233959]
[1.8366266, 0.77652645, 0.99821115, 0.061889]
[2.0351605, 1.0408752, 0.9358798, 0.058405444]
[1.9058193, 0.9168146, 0.93183583, 0.05716884]
[1.8352886, 0.8687728, 0.9118518, 0.05466397]
[1.7733773, 0.9945799, 0.7155637, 0.06323376]
[1.8545324, 0.85062695, 0.9311955, 0.07270995]
[1.8044419, 0.6904316, 1.0415063, 0.07250405]
[1.7516932, 0.8220064, 0.8609623, 0.06872461]
[1.7603534, 0.95346665, 0.7151846, 0.09170209]
[1.6487565, 0.71131384, 0.85529864, 0.08214403]
[2.0390067, 0.95781326, 0.9964411, 0.084752336]
[2.0032532, 0.87762177, 1.0457962, 0.07983539]
[1.931467, 0.8678475, 0.9758181, 0.08780148]
[2.0125017, 0.92474467, 1.0026519, 0.08510506]
[1.944529, 1.0025718, 0.862862, 0.079095274]
[1.8648746, 0.83386827, 0.9534775, 0.07752888]
[1.8654584, 0.9405579, 0.85066134, 0.07423909]
[1.6959125, 0.8365295, 0.7765998, 0.08278315]
[1.9875966, 1.1617589, 0.7434468, 0.08239092]
[1.6970855, 0.78886104, 0.83337, 0.07485448]
[1.8609257, 0.84134406, 0.9399077, 0.0796739]
[1.8257852, 0.7297432, 1.0182428, 0.07779908]
[1.8523511, 1.0355186, 0.7282382, 0.08859415]
[2.048984, 0.8834386, 1.0813832, 0.084162354]
[1.9072593, 0.934205, 0.89221454, 0.08083972]
[2.0794976, 1.1343825, 0.8667009, 0.07841428]
[2.130146, 0.99242145, 1.0610071, 0.07671739]
[1.8872863, 0.8989673, 0.9163791, 0.07193984]
[1.9846879, 0.9957092, 0.92379427, 0.06518449]
[1.8755279, 0.9980242, 0.81285685, 0.06464672]
[1.9888519, 0.8609037, 1.0613259, 0.06662233]
[1.9606107, 0.94560754, 0.94505876, 0.06994446]
[1.86495, 0.93139637, 0.8686143, 0.06493929]
[2.0436761, 0.7994021, 1.1760955, 0.06817862]
[1.9404674, 1.0226779, 0.8514892, 0.06630023]
[1.9176778, 0.9296032, 0.92659485, 0.061479695]
[1.8376938, 0.9403852, 0.8372003, 0.060108352]
[1.8620358, 0.81995535, 0.9782338, 0.06384661]
[1.9947683, 1.1140045, 0.81019264, 0.070571065]
[1.9003043, 0.9479644, 0.8915316, 0.060808405]
[1.8670388, 0.91957545, 0.87960273, 0.06786067]
[1.9222777, 0.8324687, 1.0215616, 0.06824734]
[1.8047991, 1.0881627, 0.64991826, 0.06671809]
[2.0169487, 0.9309283, 1.0104685, 0.075551994]
[1.9882532, 0.9639599, 0.95317304, 0.07112038]
[1.7922524, 0.8025163, 0.92417043, 0.06556575]
[1.8358426, 0.7891973, 0.9705953, 0.07605]
[1.8647385, 0.91005397, 0.8756558, 0.07902877]
[1.8629723, 0.81566215, 0.97019225, 0.07711795]
[1.9614109, 1.1896019, 0.69963884, 0.07217014]
[1.98929, 0.6848428, 1.2359706, 0.06847654]
[1.9336054, 0.922995, 0.9380674, 0.07254316]
[1.75849, 0.84067845, 0.84363675, 0.07417471]
[1.8314116, 0.7402489, 1.0046791, 0.08648361]
[1.8802274, 0.99673957, 0.7979086, 0.08557924]
[2.093171, 1.0529792, 0.95732176, 0.08286969]
[1.9251378, 0.8574451, 0.98693025, 0.08076234]
[1.8896673, 1.1187553, 0.6998669, 0.07104505]
[1.9488163, 0.81133795, 1.0561541, 0.081324175]
[1.9241201, 0.950486, 0.89741457, 0.076219395]
[1.8687233, 0.88940006, 0.89964354, 0.07967966]
[1.7596843, 0.6565944, 1.0357301, 0.06735979]
[1.9008379, 1.0264962, 0.7984818, 0.075859874]
[1.8818114, 0.7885167, 1.0128675, 0.080427155]
[1.9836385, 1.0852032, 0.81586695, 0.08256838]
[1.8977413, 0.9108598, 0.9154134, 0.071468174]
[1.9802169, 0.9384939, 0.96549916, 0.07622371]
[1.8959147, 0.8576392, 0.9683246, 0.06995092]
[1.8713632, 0.9142023, 0.8855196, 0.071641244]
[2.0640073, 1.3277098, 0.66720283, 0.069094725]
[2.0350683, 0.9301507, 1.0367707, 0.06814696]
[1.9892645, 1.0092053, 0.919578, 0.06048107]
[1.9601052, 0.9718832, 0.92942315, 0.05879877]
[1.8968767, 0.76474094, 1.0708656, 0.061270107]
[1.9402006, 0.8529519, 1.0258886, 0.061360113]
[1.8090379, 0.8534235, 0.899824, 0.05579046]
[1.9565959, 0.92697585, 0.96891636, 0.06070379]
[1.8911816, 0.86079633, 0.97144127, 0.05894404]
[1.8577831, 0.9932301, 0.80309904, 0.061453924]
[1.893122, 0.8904489, 0.9410015, 0.06167146]
[1.9327563, 0.9601679, 0.9072153, 0.06537306]
[1.9603428, 0.9327925, 0.9644933, 0.06305705]
[1.7867036, 0.8020462, 0.9166925, 0.06796485]
[2.0396724, 1.0501789, 0.9219794, 0.06751411]
[1.9358814, 0.97631556, 0.90928304, 0.050282657]
[1.8471279, 0.867199, 0.92161214, 0.058316715]
[1.8251407, 0.9957225, 0.7678717, 0.061546616]
[1.9457992, 0.9492669, 0.93335855, 0.063173756]
[1.9401513, 0.7896301, 1.0843289, 0.066192254]
[1.9199656, 0.8566647, 1.0068036, 0.056497246]
[1.8820633, 0.98223585, 0.8325058, 0.06732161]
[1.9537289, 0.89533526, 0.99430346, 0.06409028]
[1.9061666, 0.8602488, 0.9880208, 0.057896927]
[1.9521079, 0.93040204, 0.9574457, 0.064260304]
[2.0211666, 0.9261638, 1.0377938, 0.05720911]
[1.9162375, 0.897173, 0.96119535, 0.057869073]
[1.9344777, 0.95699275, 0.92136145, 0.05612354]
[1.9324192, 0.8516629, 1.018312, 0.062444363]
[1.9323395, 0.94504094, 0.9314891, 0.055809505]
[1.8488393, 0.8434332, 0.9477836, 0.057622448]
[1.9292648, 0.7547583, 1.1144292, 0.060077235]
[1.9681953, 1.0127274, 0.89253384, 0.06293404]
[2.0125144, 0.93255675, 1.0180591, 0.06189836]
[1.8944259, 0.86383146, 0.97161484, 0.05897948]
[1.8974495, 0.97053945, 0.86939836, 0.057511747]
[1.8675551, 0.8005861, 1.0068413, 0.060127698]
[1.8576686, 1.0116851, 0.78334415, 0.06263934]
[1.944215, 0.87578666, 1.0029335, 0.065494895]
[1.9526684, 0.90454507, 0.9866866, 0.06143677]
[2.0142548, 1.033242, 0.92506707, 0.055945747]
[1.7564658, 0.97532463, 0.728945, 0.05219619]
[1.7756023, 0.8761557, 0.83847934, 0.06096736]
[1.7618723, 0.91483355, 0.7803292, 0.06670946]
[1.8095515, 0.88471615, 0.85160375, 0.07323161]
[2.0059495, 1.0801764, 0.85310626, 0.07266697]
[1.8422992, 0.8543451, 0.91144544, 0.07650871]
[1.8692974, 0.93071216, 0.86800903, 0.070576176]
[1.7533444, 1.0266514, 0.6482625, 0.07843051]
[2.015761, 0.9953877, 0.9351174, 0.08525585]
[1.8761164, 0.9782821, 0.8186637, 0.07917054]
[1.8666295, 0.83953035, 0.95151037, 0.07558887]
[2.0741773, 1.1745797, 0.81651115, 0.08308628]
[2.019777, 0.94646555, 0.9979852, 0.07532628]
[2.038451, 0.9153786, 1.0589546, 0.06411773]
[1.8850843, 0.97610295, 0.84501785, 0.06396358]
[2.067811, 1.1566525, 0.8500001, 0.0611584]
[1.9491166, 1.0263455, 0.86638224, 0.05638891]
[1.92696, 0.87059915, 0.99638027, 0.059980623]
[2.0173562, 0.8257985, 1.1369114, 0.054646354]
[1.8090076, 1.0409428, 0.7053022, 0.062762685]
[1.8379881, 0.79857075, 0.9784354, 0.06098202]
[1.9175835, 0.8231357, 1.0342735, 0.060174216]
[1.9399763, 0.920947, 0.95424247, 0.06478682]
[1.9613252, 0.88753605, 1.0130596, 0.06072952]
[1.9962403, 0.99362916, 0.9482138, 0.054397255]
[1.962615, 0.9910886, 0.9119506, 0.059575826]
[1.8885628, 0.90288246, 0.92973125, 0.055949137]
[1.8080527, 0.68546456, 1.0640309, 0.058557108]
[1.8659403, 0.9846678, 0.8205975, 0.060675003]
[2.0005379, 0.8600738, 1.0754867, 0.06497753]
[1.8895689, 1.0306652, 0.79508626, 0.063817464]
[2.0506217, 0.91078687, 1.0825505, 0.057284355]
[1.777575, 0.93182814, 0.7857729, 0.059974007]
[2.010245, 0.9643819, 0.9826095, 0.063253604]
[1.8853211, 0.97120327, 0.8549, 0.059217926]
[1.9848832, 1.0011638, 0.9237312, 0.05998818]
[1.9305469, 0.8393034, 1.0335497, 0.05769383]
[1.8134503, 0.9481666, 0.8048234, 0.060460385]
[1.7971092, 0.91961706, 0.82059425, 0.05689799]
[1.9245003, 0.89799905, 0.9638883, 0.06261299]
[1.7678019, 0.8211807, 0.8758148, 0.070806414]
[1.9664899, 1.0294526, 0.8743618, 0.06267558]
[1.8598588, 0.89569336, 0.90022874, 0.06393677]
[1.8853976, 0.89277923, 0.9204203, 0.07219808]
[1.8981934, 1.0673332, 0.75755286, 0.07330729]
[1.8656962, 0.76969206, 1.0244185, 0.07158564]
[1.8971705, 1.0164356, 0.80488646, 0.0758485]
[1.7916431, 0.697332, 1.0266488, 0.06766238]
[2.019314, 1.1367828, 0.8049359, 0.07759543]
[1.9370539, 0.8303621, 1.0279416, 0.07875031]
[1.9802036, 1.022681, 0.8878216, 0.06970097]
[1.7834101, 0.74489856, 0.9750649, 0.06344664]
[1.9191347, 0.8948469, 0.95557606, 0.068711765]
[1.7611963, 0.8410846, 0.8492143, 0.070897356]
[1.9388945, 0.8640655, 0.99793804, 0.07689093]
[1.9778585, 1.0227365, 0.87683165, 0.07829033]
[1.879972, 0.7186533, 1.0813904, 0.07992823]
[1.8074236, 0.85877836, 0.8767154, 0.07192987]
[1.7622004, 0.9665219, 0.71829593, 0.077382594]
[1.982947, 0.912232, 0.99094915, 0.07976596]
[1.8675518, 1.0626123, 0.7333733, 0.07156618]
[1.84182, 0.72889, 1.0339037, 0.07902619]
[1.9875454, 1.0947847, 0.81486154, 0.077899046]
[1.9116743, 0.96776265, 0.8710918, 0.072819814]
[1.793467, 0.7933607, 0.9226253, 0.077481]
[2.020361, 1.1619405, 0.78596914, 0.07245141]
[2.3424385, 0.886251, 1.380484, 0.07570337]
[1.968384, 1.2625546, 0.6413416, 0.06448768]
[1.9852988, 0.83316994, 1.0951488, 0.05698006]
[2.0055394, 1.0573558, 0.8911435, 0.057040256]
[1.8156211, 0.81288093, 0.9502878, 0.052452296]
[2.023301, 1.0299041, 0.9366868, 0.056709986]
[1.8848882, 0.9695724, 0.8615912, 0.05372457]
[1.8237523, 0.88785076, 0.8838529, 0.05204855]
[1.8803816, 0.92378503, 0.89203805, 0.06455849]
[1.7746817, 0.8758827, 0.83536077, 0.063438326]
[2.0942345, 0.9979601, 1.0325112, 0.06376305]
[1.9425474, 0.9205873, 0.96379054, 0.058169615]
[1.8981096, 0.8679427, 0.9678287, 0.06233821]
[1.7856591, 0.79375, 0.93026936, 0.06163975]
[2.099446, 0.98053956, 1.0554647, 0.06344177]
[1.8817514, 0.8730061, 0.95407933, 0.054665875]
[1.9451092, 0.8791696, 1.0063078, 0.059631858]
[1.8991938, 0.8295084, 1.0132444, 0.056440927]
[1.9828702, 1.0070589, 0.91313964, 0.06267175]
[1.7563165, 0.95965016, 0.7375543, 0.05911208]
[2.0480492, 0.95997554, 1.0277779, 0.060295846]
[1.904253, 0.9607775, 0.87832654, 0.065148935]
[1.7452431, 0.9085809, 0.7739098, 0.062752426]
[1.8115946, 0.78453887, 0.9606473, 0.06640856]
[1.8903695, 0.97725385, 0.8455099, 0.06760585]
[1.885548, 0.9232889, 0.88134634, 0.080912694]
[1.9101315, 0.98968434, 0.84256184, 0.07788532]
[1.8642671, 0.902651, 0.8860297, 0.075586274]
[1.8940084, 0.98241365, 0.84061825, 0.07097647]
[1.9938707, 0.9786868, 0.9348965, 0.08028744]
[1.6559311, 0.74979645, 0.8353013, 0.07083328]
[1.7787805, 0.82554215, 0.8659787, 0.08725958]
[1.9362644, 0.9825138, 0.86712664, 0.08662399]
[1.9748592, 0.8072112, 1.0865561, 0.08109191]
[1.9975641, 1.1605778, 0.76382565, 0.07316068]
[1.8240764, 0.8158084, 0.93558586, 0.07268215]
[1.9450428, 1.0871334, 0.7822894, 0.075619996]
[1.8123518, 0.8795335, 0.85414124, 0.07867709]
[1.9613149, 0.9852038, 0.89627844, 0.079832636]
[1.8526514, 0.8580246, 0.9159881, 0.078638636]
[1.8355049, 0.9338443, 0.82401717, 0.077643394]
[1.938414, 0.85259235, 1.0101755, 0.07564621]
[1.8930106, 0.8769491, 0.93525404, 0.080807425]
[1.8020518, 0.82478786, 0.9028201, 0.0744438]
[1.9593515, 0.96251774, 0.913489, 0.08334484]
[1.973851, 0.7843729, 1.1262627, 0.06321543]
[1.9476254, 0.99992746, 0.8759543, 0.07174379]
[1.9091251, 0.8008095, 1.0401344, 0.06818121]
[1.883499, 0.7844243, 1.028167, 0.07090775]
[2.0431721, 1.0669117, 0.9063728, 0.06988761]
[1.9717607, 0.9862827, 0.91416895, 0.0713091]
[1.6559365, 0.8342864, 0.7505457, 0.071104385]
[1.9509705, 0.8398529, 1.034889, 0.07622862]
[1.8777088, 0.91061485, 0.8865303, 0.08056366]
[2.103834, 0.87458825, 1.1557992, 0.07344651]
[1.9077612, 0.94441926, 0.896263, 0.067078985]
[1.9213955, 0.7853372, 1.0707299, 0.065328464]
[2.0041032, 0.937595, 1.0022817, 0.06422639]
[1.7711568, 0.8031242, 0.90641594, 0.061616603]
[1.8305395, 0.7417966, 1.0214516, 0.067291215]
[1.7893431, 0.9704597, 0.7533299, 0.06555353]
[1.9204067, 1.0472775, 0.8008168, 0.07231246]
[1.6433704, 0.663249, 0.90711343, 0.07300795]
[1.7375565, 0.9990592, 0.6683487, 0.07014853]
[2.0753965, 0.8595996, 1.1326056, 0.08319128]
[1.8470194, 1.1321614, 0.637391, 0.07746705]
[1.7427546, 0.8514868, 0.80927914, 0.08198869]
[1.8972608, 0.8872458, 0.9179421, 0.092072815]
[2.0159469, 0.90361387, 1.029345, 0.082988076]
[1.9861339, 0.951053, 0.9587146, 0.076366276]
[1.8481102, 0.8940398, 0.8758974, 0.078172944]
[2.010856, 0.9545096, 0.98241735, 0.073929]
[2.004611, 0.814379, 1.1140201, 0.076211974]
[1.7410178, 0.85914636, 0.8101814, 0.07169009]
[1.8301342, 0.7981295, 0.9636556, 0.06834917]
[1.8020465, 0.69774425, 1.0297084, 0.074593894]
[1.9302341, 1.0953593, 0.7595638, 0.075310946]
[2.1227763, 0.84197414, 1.2027748, 0.07802758]
[1.8708209, 0.9854689, 0.8074508, 0.0779012]
[1.8004023, 0.96522474, 0.7623157, 0.072861835]
[1.7642475, 0.77040696, 0.9236374, 0.07020314]
[1.7256012, 0.8324941, 0.81389844, 0.079208605]
[1.7718396, 0.71038246, 0.9836997, 0.07775749]
[1.8633642, 1.0805933, 0.7016225, 0.08114833]
[1.9057509, 0.83541155, 0.9886748, 0.08166444]
[1.8635926, 0.88732386, 0.89725876, 0.07901]
[1.8788782, 0.82581216, 0.96029156, 0.09277448]
[1.7901847, 0.8819294, 0.82057714, 0.08767825]
[1.8540822, 0.9204171, 0.842588, 0.09107719]
[2.0352883, 0.8858042, 1.0572248, 0.092259504]
[1.9917828, 0.9750475, 0.9290836, 0.08765162]
[1.9130675, 1.0000825, 0.8263768, 0.08660819]
[1.9208986, 0.86798894, 0.9749123, 0.0779973]
[1.9669198, 0.9977416, 0.8881409, 0.08103728]
[1.9607456, 0.97437197, 0.9110678, 0.07530585]
[1.945763, 0.9985476, 0.8757377, 0.07147762]
[1.983341, 0.86928177, 1.0328513, 0.08120788]
[1.8655741, 1.0721824, 0.71614504, 0.077246636]
[1.9154036, 0.961751, 0.88166356, 0.0719891]
[1.8872714, 0.9305066, 0.8783544, 0.078410365]
[2.1042209, 1.0565648, 0.96532124, 0.08233481]
[1.8667428, 0.8913215, 0.9044166, 0.07100475]
[1.803009, 0.9519713, 0.7814083, 0.069629446]
[2.042231, 0.9866854, 0.97918975, 0.07635602]
[2.0688975, 1.0506291, 0.94476223, 0.07350618]
[1.985719, 0.929292, 0.9944201, 0.062006783]
[1.95865, 0.8857225, 1.0052975, 0.06762991]
[1.9087749, 0.8889899, 0.96265125, 0.057133645]
[2.0912623, 1.0569363, 0.9715346, 0.06279146]
[1.8252218, 0.9487814, 0.8146034, 0.06183695]
[1.9285777, 0.9578834, 0.9120393, 0.058655083]
[1.8815058, 0.87757313, 0.9451544, 0.058778323]
[2.082075, 0.96226406, 1.0570295, 0.06278157]
[1.911041, 1.003427, 0.8486178, 0.05899618]
[1.9952928, 0.8613311, 1.078311, 0.05565074]
[1.9536376, 1.0083034, 0.89147866, 0.05385548]
[1.8765099, 0.77033055, 1.0540531, 0.052126348]
[1.7998587, 1.0046624, 0.7372146, 0.057981625]
[1.9531176, 1.0232369, 0.8728695, 0.057011202]
[1.8422165, 0.9380678, 0.8456346, 0.05851415]
[1.9809395, 1.0350013, 0.8795738, 0.06636439]
[2.055509, 0.97643536, 1.0198056, 0.05926824]
[1.782523, 0.95275676, 0.7657467, 0.06401959]
[1.9571443, 0.97835076, 0.92330015, 0.05549336]
[1.973236, 0.9587376, 0.95611566, 0.058382608]
[1.948834, 0.9653517, 0.92497057, 0.05851171]
[1.8294003, 0.83398867, 0.94122195, 0.05418972]
[1.900828, 0.95833445, 0.8874125, 0.055081062]
[1.892656, 0.84227777, 0.991129, 0.059249282]
[1.9290993, 1.0597689, 0.8061987, 0.06313166]
[1.822728, 0.8638607, 0.89847624, 0.060391076]
[1.960907, 1.1538382, 0.7402271, 0.06684174]
[1.8297778, 0.7097895, 1.0636399, 0.056348413]
[1.8366213, 1.0146632, 0.747184, 0.07477406]
[1.836167, 0.83958787, 0.93294275, 0.06363637]
[1.9234043, 0.848156, 1.003458, 0.07179033]
[1.8349069, 0.84304905, 0.9257039, 0.06615397]
[1.8662782, 1.0337856, 0.76139116, 0.0711014]
[1.8857999, 0.77458185, 1.045545, 0.06567311]
[1.8830206, 0.9080523, 0.897184, 0.07778426]
[1.7141516, 0.8112825, 0.82862437, 0.0742448]
[1.9068303, 0.88886815, 0.94093215, 0.07702995]
[1.924372, 0.69991297, 1.1514934, 0.07296559]
[1.7223579, 0.75964457, 0.88835996, 0.07435337]
[1.8605978, 0.7937433, 0.98410344, 0.082751036]
[1.8362687, 1.0292964, 0.7165264, 0.09044587]
[1.9267668, 0.7816396, 1.06129, 0.0838372]
[1.8006568, 0.9653445, 0.74870306, 0.086609274]
[1.7958174, 0.6684445, 1.038088, 0.089284845]
[1.9844692, 0.9583186, 0.9324645, 0.09368616]
[1.9010075, 0.8690852, 0.9373214, 0.094600946]
[1.7868221, 0.9328841, 0.76450706, 0.08943093]
[1.9623016, 0.7623924, 1.1121018, 0.08780746]
[1.8323115, 0.9002235, 0.84422874, 0.08785927]
[1.8740878, 0.8402785, 0.95021915, 0.083590105]
[1.7769302, 0.8065566, 0.8925785, 0.077795155]
[2.0642154, 0.9643587, 1.0109887, 0.08886796]
[1.914472, 1.1018442, 0.7305659, 0.0820619]
[1.7608846, 0.7902788, 0.89455426, 0.07605155]
[1.8272285, 0.858942, 0.88130724, 0.086979404]
[1.8759685, 0.92640495, 0.86773086, 0.08183267]
[1.9945631, 0.63366526, 1.2774657, 0.08343218]
[1.845299, 1.0856901, 0.6698603, 0.08974868]
[1.9285852, 0.8364918, 1.0018929, 0.09020038]
[1.8396947, 0.8643315, 0.89120793, 0.08415531]
[1.660559, 0.7919373, 0.78665817, 0.08196369]
[2.1259804, 1.0555952, 0.98312354, 0.087261766]
[1.9195789, 1.0276698, 0.80312806, 0.08878103]
[1.8886082, 0.90031874, 0.8999946, 0.08829485]
[2.0128624, 0.98434055, 0.94048774, 0.08803423]
[2.0203776, 1.0251281, 0.912542, 0.0827076]
[1.934892, 0.8898603, 0.9641403, 0.080891535]
[1.8829489, 0.9251225, 0.8817559, 0.07607056]
[1.7705705, 0.8218391, 0.8736416, 0.07508976]
[1.7909112, 0.8178846, 0.8917884, 0.081238136]
[2.01784, 1.1570218, 0.7695236, 0.0912945]
[1.8525391, 0.8459428, 0.92410165, 0.08249457]
[1.8888139, 0.76596785, 1.039701, 0.08314501]
[1.9972786, 1.0472856, 0.86422604, 0.08576695]
[1.8069879, 0.6806269, 1.0450888, 0.08127226]
[1.8362694, 1.040587, 0.7114574, 0.08422504]
[1.9261609, 0.802054, 1.0431337, 0.08097325]
[1.694905, 0.8913772, 0.71508235, 0.08844537]
[1.8381344, 0.94764215, 0.79922813, 0.09126413]
[2.037119, 0.90427285, 1.0282397, 0.1046063]
[1.9389839, 1.0317929, 0.8112452, 0.09594578]
[1.8302723, 0.90456545, 0.8385955, 0.087111354]
[1.8822504, 1.0521753, 0.7395415, 0.090533584]
[1.9098198, 0.82057726, 0.9883398, 0.10090275]
[2.0927517, 1.3911496, 0.61289907, 0.08870302]
[1.7924743, 0.68901974, 1.026461, 0.076993495]
[1.961404, 1.0273312, 0.85780776, 0.07626493]
[1.8859087, 0.81678176, 0.98450863, 0.08461828]
[1.8781987, 1.0869288, 0.7095916, 0.081678286]
[1.877477, 0.952441, 0.84883624, 0.076199844]
[2.0896578, 0.8414153, 1.1647248, 0.083517455]
[1.9009864, 0.84037924, 0.99071014, 0.069896996]
[1.8964506, 0.9350741, 0.88835955, 0.073016964]
[2.0902145, 0.862158, 1.1505538, 0.07750282]
[1.9269946, 0.88665104, 0.9768597, 0.063483834]
[1.8577962, 0.82368094, 0.9689655, 0.06514978]
[1.8527583, 0.9399215, 0.83868796, 0.07414876]
[1.8630468, 0.86058533, 0.9354098, 0.06705165]
[1.9789624, 1.0892934, 0.8112898, 0.07837927]
[1.9214118, 0.76007676, 1.0978258, 0.06350927]
[1.8884466, 1.0017658, 0.8162327, 0.07044806]
[1.9910119, 0.7894389, 1.126626, 0.07494688]
[1.8431904, 0.8702624, 0.90801704, 0.06491098]
[2.0322564, 0.8935809, 1.0669127, 0.07176285]
[1.9054861, 0.7889437, 1.0510254, 0.06551699]
[1.6843514, 0.7312145, 0.88480705, 0.06832982]
[1.7848967, 0.83409214, 0.8767202, 0.0740844]
[1.9707521, 1.0400939, 0.8593639, 0.07129428]
[2.0787354, 0.9600508, 1.0420078, 0.07667683]
[2.0048244, 1.0072086, 0.9333486, 0.064267054]
[1.8148894, 0.9622687, 0.78558993, 0.067030825]
[1.9201663, 0.9740186, 0.87623775, 0.069909945]
[1.9586232, 0.9760284, 0.90504134, 0.077553555]
[1.7669591, 0.99745244, 0.7035841, 0.06592264]
[1.8749394, 0.807685, 0.9881054, 0.079148985]
[1.9481921, 0.8714074, 1.0068862, 0.069898464]
[1.8560369, 1.1224194, 0.66459936, 0.069018185]
[1.8724756, 0.86228895, 0.9411915, 0.06899524]
[1.8748357, 0.8234701, 0.9863426, 0.06502294]
[1.9211524, 0.9534757, 0.8975635, 0.07011317]
[1.8191171, 0.842392, 0.9101757, 0.06654932]
[1.8518499, 0.6448629, 1.1310835, 0.07590348]
[1.9459039, 0.98845166, 0.88129646, 0.07615574]
[2.0457237, 1.0089542, 0.9659843, 0.070785314]
[1.8932627, 0.85147125, 0.9718224, 0.069969006]
[1.9111623, 0.9678236, 0.85896885, 0.08436976]
[2.0434475, 0.9218569, 1.0434291, 0.07816148]
[1.8161794, 0.83552486, 0.90658283, 0.07407174]
[1.824702, 0.8384869, 0.9170988, 0.06911631]
[1.8166068, 0.8640361, 0.87649274, 0.07607789]
[1.7891595, 0.8218157, 0.88567984, 0.08166397]
[2.0787737, 0.9324999, 1.0596362, 0.08663768]
[1.8827043, 0.94826394, 0.86204123, 0.07239911]
[1.7985564, 0.7447387, 0.9690216, 0.084796086]
[1.9400717, 0.88490844, 0.9714658, 0.08369743]
[1.9212068, 0.8406507, 0.9982531, 0.08230305]
[2.0435514, 0.84417474, 1.1127086, 0.08666808]
[1.8441385, 1.0197526, 0.7506796, 0.07370622]
[1.7866219, 0.8389895, 0.867079, 0.08055346]
[1.9074533, 0.8521519, 0.97500455, 0.0802969]
[2.1938381, 1.2844725, 0.8236905, 0.085675165]
[1.9878705, 0.88262933, 1.0298336, 0.07540753]
[1.8607302, 1.1251522, 0.6634836, 0.07209431]
[1.9065267, 0.90254563, 0.92785704, 0.07612412]
[1.7749137, 0.85862774, 0.8413669, 0.07491909]
[1.8762969, 0.79976964, 1.0044978, 0.07202946]
[1.8386582, 0.9696995, 0.78897893, 0.079979815]
[1.8438109, 0.9976351, 0.76404727, 0.08212852]
[1.7244017, 0.98604053, 0.6583189, 0.08004232]
[1.7279387, 0.80262756, 0.8405288, 0.08478241]
[1.9642451, 1.0839984, 0.78807634, 0.09217027]
[1.805906, 0.6048412, 1.119895, 0.08116979]
[2.0464263, 1.3325797, 0.6260251, 0.08782138]
[2.0318108, 0.6802077, 1.273824, 0.077778935]
[1.9717734, 1.2050583, 0.6859868, 0.08072823]
[1.9829686, 0.9189255, 0.9919404, 0.072102726]
[1.8998668, 1.071037, 0.75973725, 0.06909245]
[1.8396623, 0.79480886, 0.97121453, 0.07363891]
[1.9208145, 0.9630475, 0.89241326, 0.06535374]
[1.8497021, 0.91708875, 0.86256164, 0.070051655]
[1.9256401, 0.9118525, 0.94731593, 0.066471696]
[1.9721713, 1.0669873, 0.8336972, 0.071486786]
[1.9973545, 1.2173756, 0.7140309, 0.06594796]
[1.9117564, 0.86326957, 0.97914624, 0.06934059]
[2.0037277, 1.0176785, 0.9239975, 0.06205173]
[1.7909706, 0.8191378, 0.9105523, 0.06128053]
[1.8382223, 0.94396955, 0.8325366, 0.061716095]
[2.0484428, 0.9587982, 1.0214225, 0.06822205]
[1.9366452, 1.0077157, 0.8639052, 0.06502421]
[1.900947, 0.93334615, 0.90714985, 0.06045094]
[2.090651, 1.0269444, 1.0032105, 0.060496118]
[1.882239, 0.8944838, 0.9240969, 0.06365839]
[2.0621507, 0.8948673, 1.1056776, 0.061605755]
[2.0965545, 1.1219995, 0.92179835, 0.052756574]
[2.0323174, 1.0358808, 0.94775677, 0.04867994]
[1.8876818, 0.8406193, 0.99756885, 0.04949365]
[1.9104165, 0.9712697, 0.8926568, 0.04648994]
[1.9100808, 0.844703, 1.0128353, 0.052542556]
[1.8891617, 0.80182993, 1.0387845, 0.04854729]
[1.9635972, 0.93574595, 0.9744581, 0.053393096]
[1.8856149, 0.87597096, 0.9606368, 0.049007155]
[1.94917, 0.8176657, 1.0834376, 0.048066773]
[2.0181553, 0.88912535, 1.076891, 0.052138977]
[1.8261232, 0.84175926, 0.9338254, 0.050538577]
[1.8749619, 1.0249906, 0.80130696, 0.04866427]
[1.9189086, 0.9022738, 0.96569955, 0.050935324]
[1.9952513, 0.9746504, 0.96995676, 0.050644174]
[1.8319576, 0.87342525, 0.90557575, 0.05295653]
[1.8876721, 0.91354185, 0.9202816, 0.053848572]
[1.8734214, 0.9321949, 0.889809, 0.051417574]
[1.9448836, 0.9756286, 0.91824627, 0.05100872]
[2.0823658, 0.9796905, 1.0461776, 0.056497656]
[1.9713014, 0.8974924, 1.0212106, 0.0525985]
[1.9608741, 1.0230654, 0.88320863, 0.05460003]
[1.9780737, 1.0675787, 0.8609894, 0.049505576]
[1.8131768, 0.8179862, 0.9472959, 0.047894567]
[1.720352, 0.85744405, 0.8100957, 0.052812163]
[1.912672, 0.9479229, 0.9107617, 0.053987548]
[1.8762128, 0.89646935, 0.9182763, 0.061467223]
[1.9310703, 0.90476924, 0.9615288, 0.06477236]
[1.8855656, 0.8968732, 0.9255234, 0.06316909]
[1.8811159, 0.97064465, 0.8451958, 0.06527542]
[2.0203516, 0.8942406, 1.0602095, 0.06590146]
[1.9199313, 0.96539646, 0.8886443, 0.06589059]
[1.8257709, 0.86370814, 0.898865, 0.06319772]
[1.8464142, 0.81956565, 0.95749223, 0.06935636]
[1.8384669, 0.84618694, 0.92106164, 0.0712182]
[1.8151002, 1.0149783, 0.7294085, 0.07071334]
[2.0087452, 0.87840986, 1.0600909, 0.070244506]
[2.0181801, 0.966539, 0.9825832, 0.06905785]
[1.8342123, 0.81420493, 0.9516374, 0.068369955]
[1.935224, 0.9950994, 0.87239397, 0.06773068]
[1.9802303, 0.8972118, 1.0209506, 0.062067993]
[1.9085187, 0.90441746, 0.9385874, 0.06551375]
[1.8218347, 0.89447373, 0.85959965, 0.0677613]
[1.9924915, 0.8936254, 1.0273844, 0.071481735]
[1.981322, 1.0500107, 0.8559437, 0.07536765]
[1.8960158, 0.8153013, 1.0148737, 0.06584072]
[1.9273808, 0.97201633, 0.88598, 0.06938441]
[1.9494765, 0.87247336, 1.0119063, 0.06509685]
[1.939132, 1.0524507, 0.81443053, 0.072250806]
[1.9394456, 0.8851504, 0.98836374, 0.065931424]
[1.8835919, 1.0024052, 0.8102778, 0.07090892]
[1.9943824, 0.90705884, 1.0197955, 0.067528024]
[1.9952203, 0.9422623, 0.9901042, 0.062853776]
[1.901193, 0.9534285, 0.87691015, 0.070854336]
[1.8507285, 0.82335365, 0.95693797, 0.070437]
[2.0101151, 0.930171, 1.0132122, 0.06673205]
[1.9074175, 1.0107261, 0.83148426, 0.06520729]
[1.9974484, 0.940844, 0.99653673, 0.060067594]
[2.1212387, 0.9396372, 1.1220443, 0.059557125]
[1.9766331, 0.9988229, 0.9222405, 0.05556964]
[1.8882283, 1.0734565, 0.75718796, 0.057583816]
[1.7763731, 0.9490839, 0.7745213, 0.05276803]
[1.8966192, 0.82916516, 1.0123315, 0.055122454]
[1.9354855, 0.9347105, 0.9381125, 0.062662505]
[1.9127477, 0.94771147, 0.9102731, 0.054763198]
[1.836987, 0.9189081, 0.85894084, 0.059138007]
[1.9311548, 1.0319681, 0.8423741, 0.056812696]
[1.9327115, 0.8331305, 1.0416858, 0.057895195]
[1.8407078, 0.89533025, 0.8873618, 0.058015753]
[1.8399673, 0.8604446, 0.91985095, 0.0596717]
[1.8049623, 0.9347858, 0.80922157, 0.06095494]
[1.9836904, 0.9710634, 0.9490247, 0.06360236]
[1.96907, 1.006603, 0.896926, 0.065541044]
[1.9529718, 1.0186312, 0.87325215, 0.06108845]
[1.8086065, 0.7854159, 0.9632746, 0.059916064]
[2.012375, 0.9912299, 0.95009446, 0.07105069]
[1.8180268, 0.8199577, 0.92872536, 0.069343865]
[1.9134206, 0.85732746, 0.9909357, 0.06515738]
[1.8034911, 0.9248279, 0.8163257, 0.062337495]
[1.935234, 0.853642, 1.0079488, 0.0736432]
[1.8954175, 0.9167082, 0.9143786, 0.06433071]
[1.999331, 0.88296014, 1.049283, 0.067087926]
[1.7514489, 0.7077199, 0.9740752, 0.069653794]
[1.8771958, 0.86670494, 0.93667126, 0.07381968]
[1.9051955, 0.78417194, 1.0454181, 0.075605445]
[1.8061224, 0.82060355, 0.91213834, 0.07338056]
[2.0266907, 0.73123765, 1.2049806, 0.09047236]
[1.8951753, 1.016835, 0.8015255, 0.07681484]
[1.9579576, 0.84209, 1.0475643, 0.0683033]
[1.6722825, 0.7083669, 0.89511836, 0.06879724]
[1.9628029, 1.0236168, 0.85457474, 0.08461141]
[1.962945, 0.8753896, 1.0009127, 0.086642735]
[1.887199, 0.8851857, 0.9168804, 0.08513298]
[1.6960908, 0.6995373, 0.9164474, 0.080106184]
[1.867239, 0.9472605, 0.83351994, 0.086458504]
[1.8083327, 0.793903, 0.9305793, 0.08385037]
[1.879795, 1.0793158, 0.7151387, 0.08534047]
[1.9330827, 0.72989, 1.1114979, 0.091694884]
[1.9730227, 1.1457887, 0.7412398, 0.08599422]
[1.7649164, 0.81220204, 0.86878693, 0.08392736]
[1.7537963, 0.75956976, 0.92079186, 0.07343476]
[1.9579301, 1.1763718, 0.69436413, 0.08719425]
[2.135085, 0.97246563, 1.0736213, 0.08899842]
[2.0163946, 1.0682993, 0.86720246, 0.08089289]
[1.8386121, 0.9939332, 0.76814675, 0.076532125]
[1.8989806, 1.0257604, 0.7919719, 0.08124831]
[1.7640791, 0.87764025, 0.81446725, 0.071971714]
[2.048234, 1.1101452, 0.8546971, 0.083391786]
[1.9307656, 0.8421822, 1.0205842, 0.067999065]
[2.1622953, 0.965421, 1.122117, 0.07475734]
[1.9323788, 0.98767143, 0.8827839, 0.06192345]
[2.1055098, 1.0951037, 0.94677746, 0.0636286]
[1.9419725, 1.1154004, 0.7699096, 0.056662396]
[1.8147509, 0.84240687, 0.9138285, 0.058515586]
[1.9107853, 0.97717583, 0.87333554, 0.06027396]
[1.8548489, 0.894385, 0.89827144, 0.062192466]
[1.866808, 0.7748171, 1.0337789, 0.05821202]
[1.8031317, 1.022397, 0.71356165, 0.06717295]
[1.9637415, 0.9635078, 0.9326328, 0.067600906]
[1.8538152, 0.8032718, 0.9817635, 0.068779975]
[1.907124, 0.90809274, 0.9250528, 0.07397838]
[2.016669, 0.8083439, 1.1408696, 0.06745559]
[1.7603214, 0.96452683, 0.7264378, 0.06935668]
[1.7813103, 0.85940087, 0.8388109, 0.083098546]
[1.7610513, 0.83724254, 0.8491928, 0.07461599]
[1.833122, 0.8316008, 0.91636807, 0.08515306]
[1.8627256, 0.8600117, 0.9211668, 0.0815471]
[1.9124124, 1.0194882, 0.8056222, 0.087302]
[1.7718209, 0.758965, 0.9291601, 0.0836958]
[2.0259397, 0.9816109, 0.956245, 0.08808378]
[1.812518, 0.77286375, 0.9515501, 0.0881041]
[1.8188081, 0.7849219, 0.9424377, 0.09144859]
[1.8732514, 0.91420805, 0.867437, 0.09160641]
[1.941294, 1.0045991, 0.8470019, 0.0896929]
[1.9372662, 0.8938074, 0.95022154, 0.093237236]
[1.9850242, 0.91709936, 0.98582387, 0.08210097]
[1.8886194, 0.72587675, 1.0848637, 0.07787897]
[1.885051, 0.9788945, 0.82240444, 0.08375211]
[1.9138643, 0.943923, 0.88337034, 0.08657083]
[2.0322688, 0.95154905, 0.9995628, 0.081157036]
[1.8172884, 1.0768187, 0.6579391, 0.08253062]
[1.8952944, 0.807096, 1.0112267, 0.0769718]
[1.9790506, 1.0024514, 0.8976177, 0.07898149]
[2.0613713, 0.9417945, 1.0458142, 0.07376273]
[2.0524902, 0.93146396, 1.0499136, 0.071112745]
[1.7141087, 0.7561896, 0.89083225, 0.06708698]
[1.8517923, 1.0860035, 0.6904776, 0.075311236]
[1.8689225, 0.8773079, 0.917702, 0.073912665]
[1.8864988, 0.6972051, 1.1156528, 0.07364093]
[1.8858699, 0.89359534, 0.916227, 0.076047555]
[1.8885047, 0.86131096, 0.956773, 0.07042079]
[2.0143626, 0.81850654, 1.1244905, 0.07136549]
[2.029436, 1.0044646, 0.9532624, 0.071709074]
[1.7933372, 0.85025454, 0.8831147, 0.05996801]
[1.8684332, 0.91099775, 0.894929, 0.06250647]
[2.0295715, 0.8708619, 1.0890104, 0.06969917]
[1.8975852, 0.9191021, 0.9086196, 0.06986351]
[1.9997271, 1.0241005, 0.91301966, 0.06260695]
[1.8253202, 0.8827181, 0.87137973, 0.071222484]
[1.8029717, 0.9242469, 0.81001836, 0.06870635]
[1.6429276, 0.72886854, 0.8407563, 0.07330275]
[1.7158443, 0.8942393, 0.7373736, 0.08423136]
[1.7373255, 0.7828413, 0.8771541, 0.07733016]
[1.9143454, 0.8978295, 0.9262012, 0.090314746]
[1.7722859, 0.97256327, 0.7069737, 0.09274906]
[1.9546204, 0.9189428, 0.9370299, 0.098647565]
[1.999086, 0.81882524, 1.0896629, 0.09059784]
[1.9829787, 1.0410855, 0.8616314, 0.08026187]
[1.9057792, 0.88107085, 0.93571556, 0.08899285]
[2.0118437, 1.1441709, 0.7797152, 0.0879575]
[2.0244968, 0.750659, 1.1954021, 0.078435555]
[1.876797, 0.89642525, 0.9109633, 0.06940839]
[2.0066044, 1.0810959, 0.84893453, 0.07657405]
[1.768291, 0.9345397, 0.7636137, 0.07013759]
[1.9351708, 1.0500245, 0.8068703, 0.078276046]
[1.715649, 0.7468871, 0.8960172, 0.07274473]
[2.0297058, 1.1464448, 0.80523205, 0.07802898]
[1.8095759, 0.7264166, 1.0000076, 0.08315169]
[1.9285225, 0.8544519, 1.000353, 0.073717624]
[1.8385077, 0.800195, 0.9653691, 0.07294355]
[1.8065704, 1.0336335, 0.69168353, 0.08125342]
[1.7550982, 0.8431159, 0.8250613, 0.08692099]
[1.9438753, 0.995054, 0.8658049, 0.083016336]
[2.002156, 0.83583915, 1.0749304, 0.091386355]
[2.0416617, 0.96696544, 0.9967563, 0.07793988]
[1.9293219, 0.9387308, 0.9215463, 0.069044806]
[1.8786327, 0.9004671, 0.8975026, 0.08066295]
[1.8107342, 0.76037574, 0.97568154, 0.07467687]
[1.9247406, 0.95296377, 0.8916897, 0.08008702]
[2.16435, 1.0399456, 1.0445375, 0.07986677]
[2.0016313, 1.0229552, 0.9015127, 0.07716357]
[2.042693, 0.90055484, 1.0721263, 0.07001193]
[1.8312999, 0.83500767, 0.92708695, 0.06920524]
[2.0160089, 1.086089, 0.8626628, 0.06725705]
[1.9450313, 0.8454367, 1.0367895, 0.062805094]
[2.0140152, 0.9438931, 1.0046993, 0.06542266]
[1.8178401, 0.8819951, 0.8719089, 0.06393615]
[1.9765595, 0.9699727, 0.9397166, 0.06687017]
[1.9049288, 0.87329745, 0.966949, 0.06468238]
[1.9960465, 0.9532962, 0.98120916, 0.0615412]
[1.9419359, 0.9730804, 0.9056195, 0.063235946]
[1.916038, 1.0597546, 0.7973052, 0.058978252]
[1.9157268, 0.96638596, 0.8877256, 0.061615236]
[1.9158036, 0.90931165, 0.94151676, 0.0649751]
[1.8454802, 0.9137397, 0.8751234, 0.05661716]
[1.8440431, 0.67851967, 1.1086917, 0.056831762]
[1.8597416, 0.87064797, 0.9241247, 0.06496893]
[1.9305159, 0.8822899, 0.9820493, 0.06617682]
[1.8953456, 0.9138315, 0.9192382, 0.06227584]
[1.9221822, 0.91848683, 0.93272203, 0.070973255]
[1.845723, 0.92197204, 0.8554385, 0.06831253]
[1.8730246, 0.8833902, 0.91793776, 0.07169667]
[1.9296546, 0.9530156, 0.904922, 0.07171704]
[1.9582108, 0.84668463, 1.0433192, 0.068206854]
[2.0530329, 1.0992601, 0.8862084, 0.06756426]
[1.9432551, 0.90369403, 0.97577006, 0.06379092]
[1.8262507, 0.94712806, 0.8155049, 0.0636177]
[1.926595, 0.92870224, 0.93199563, 0.06589706]
[2.0071313, 0.9419153, 0.99505174, 0.07016437]
[2.0427365, 1.1159866, 0.86568797, 0.061062012]
[1.9396197, 0.8181765, 1.0610273, 0.060415834]
[1.8572744, 0.87516385, 0.9194587, 0.06265184]
[1.9003274, 0.9846638, 0.85141885, 0.06424469]
[2.0525582, 0.93220085, 1.0601256, 0.06023173]
[1.8910211, 0.8931407, 0.9352288, 0.06265167]
[1.9699382, 0.93994975, 0.9748264, 0.055162035]
[1.9401162, 0.9058854, 0.97597635, 0.058254443]
[1.9006456, 0.86492234, 0.9763802, 0.059342995]
[1.8993499, 0.9914382, 0.8470993, 0.060812414]
[1.8357681, 0.94426125, 0.8292691, 0.062237762]
[1.9369037, 0.7854256, 1.091984, 0.059494063]
[1.8238239, 0.74946094, 1.0116656, 0.06269737]
[1.8254254, 0.91983795, 0.8469386, 0.058648884]
[1.8437376, 0.9166983, 0.8649267, 0.062112607]
[1.9793638, 0.9096966, 1.0056868, 0.06398044]
[1.9363124, 0.9984148, 0.87288725, 0.065010294]
[2.0490441, 0.92638147, 1.0560642, 0.066598535]
[1.8697197, 0.87643695, 0.9359752, 0.05730766]
[1.8517648, 0.7834206, 1.0093924, 0.058951706]
[1.9952209, 0.97470134, 0.9594099, 0.06110961]
[1.9192683, 0.878752, 0.9860081, 0.05450812]
[1.8087226, 0.77709115, 0.97123694, 0.06039448]
[2.0386133, 1.1239853, 0.8501437, 0.06448442]
[1.7977489, 0.88340676, 0.86065763, 0.053684637]
[2.1212907, 1.0753422, 0.9889269, 0.057021722]
[1.9026028, 1.0786772, 0.7651525, 0.058773108]
[1.8829236, 0.89489925, 0.926751, 0.06127333]
[1.9090115, 0.9349242, 0.9206734, 0.053413972]
[1.9057335, 1.0137105, 0.8310278, 0.06099525]
[1.8900371, 1.0279504, 0.7987585, 0.06332809]
[1.9752592, 0.95951176, 0.9540951, 0.061652254]
[1.8996854, 0.9990448, 0.83574104, 0.06489954]
[1.939809, 1.0528767, 0.82141495, 0.06551728]
[1.9644175, 1.1092142, 0.79311514, 0.062088095]
[1.6977866, 0.74297637, 0.89547646, 0.05933378]
[1.8478194, 1.0359352, 0.7439171, 0.06796722]
[2.0671022, 1.0383918, 0.9583227, 0.07038766]
[2.0058897, 0.9171546, 1.0267475, 0.061987568]
[2.0476105, 1.0153562, 0.97130346, 0.060950927]
[1.9158095, 0.8478792, 1.010188, 0.05774232]
[1.8268048, 0.8913582, 0.8839817, 0.051464938]
[2.0150144, 1.0030787, 0.95128876, 0.060647104]
[1.7040586, 0.7471561, 0.89832807, 0.05857447]
[1.8811448, 0.7968004, 1.0268211, 0.05752328]
[1.9106375, 0.8872222, 0.9622589, 0.0611564]
[1.9336184, 0.9264482, 0.94954985, 0.057620365]
[1.9751781, 0.9308231, 0.9825409, 0.061814234]
[1.8764337, 0.798519, 1.018456, 0.05945871]
[1.8030345, 0.9999051, 0.73820776, 0.06492159]
[2.0020273, 0.994491, 0.94032514, 0.06721112]
[1.9244298, 0.8646902, 0.9960369, 0.063702755]
[1.9547385, 0.8728031, 1.0206208, 0.061314598]
[1.8450172, 1.0004213, 0.77420735, 0.070388526]
[1.8897115, 0.91929895, 0.90009093, 0.0703217]
[1.9528965, 0.8980092, 0.97346264, 0.08142464]
[1.9569395, 1.0613096, 0.82419235, 0.07143756]
[1.893969, 0.86978245, 0.95719427, 0.06699228]
[2.021438, 0.8792214, 1.0803213, 0.06189502]
[1.9025398, 0.9245697, 0.90948606, 0.068484075]
[1.9935004, 0.9634882, 0.96542704, 0.0645851]
[2.098408, 1.0466402, 0.9900538, 0.061713897]
[1.9970427, 1.0199155, 0.9115405, 0.06558673]
[1.992122, 0.89267176, 1.0471781, 0.052272215]
[1.8759693, 0.97614646, 0.8456826, 0.054140225]
[1.9079411, 0.8782231, 0.97273856, 0.056979407]
[1.9754907, 1.0537583, 0.86090374, 0.060828663]
[1.9495522, 0.97059906, 0.92418605, 0.054766994]
[1.9258932, 0.8342695, 1.0373156, 0.054308087]
[1.828304, 0.8379502, 0.9343897, 0.055964097]
[1.8919609, 0.8894601, 0.9444941, 0.058006607]
[2.0496936, 0.9370396, 1.0611906, 0.05146329]
[2.0189717, 1.0309885, 0.93670785, 0.05127541]
[1.930424, 0.8831545, 1.0019011, 0.045368277]
[2.003377, 0.92946935, 1.0210543, 0.0528534]
[1.9291062, 0.97987604, 0.89917, 0.050060235]
[1.9667691, 0.93794477, 0.97714525, 0.05167897]
[1.955042, 1.0440468, 0.8638459, 0.047149256]
[1.8561783, 0.81940067, 0.9901773, 0.046600364]
[1.875924, 0.9025891, 0.9242742, 0.04906071]
[2.0048444, 1.0128052, 0.94074506, 0.05129414]
[1.9210722, 0.8861712, 0.9832191, 0.051681943]
[1.9304391, 1.0045667, 0.87158215, 0.054290265]
[1.8441452, 0.8638538, 0.92935747, 0.05093392]
[1.8129995, 0.981374, 0.7781603, 0.05346511]
[1.9658469, 0.9184315, 0.98560536, 0.061810043]
[1.910063, 0.96141696, 0.8915374, 0.057108585]
[1.8180673, 0.8043114, 0.9599659, 0.053790074]
[1.8795067, 0.9080583, 0.91094685, 0.060501523]
[1.9155985, 0.8088894, 1.0383497, 0.068359375]
[1.8660471, 0.88991797, 0.9104684, 0.065660775]
[2.056478, 1.1547163, 0.83350676, 0.06825483]
[2.06963, 0.8717592, 1.1363078, 0.061562814]
[1.9523077, 0.88304913, 1.0104718, 0.05878677]
[1.9379162, 1.115875, 0.7587041, 0.06333697]
[1.929348, 0.8595692, 1.0110787, 0.05870013]
[1.955881, 0.9771657, 0.9261589, 0.05255644]
[1.7222438, 0.8364414, 0.8227928, 0.063009456]
[2.010138, 1.0230788, 0.9185308, 0.0685284]
[1.885966, 1.0254205, 0.79628754, 0.06425791]
[1.9857937, 0.9604989, 0.9661886, 0.059106283]
[2.0180836, 0.9968248, 0.9545431, 0.06671575]
[1.891471, 0.9504874, 0.8826612, 0.058322467]
[1.9080781, 0.99647987, 0.8528203, 0.058777917]
[1.8088661, 0.9404621, 0.8124832, 0.05592084]
[1.9164408, 0.9015343, 0.9551101, 0.059796475]
[1.9050555, 0.9304774, 0.91215336, 0.06242474]
[1.8642302, 0.8642491, 0.93801236, 0.061968736]
[1.8043032, 0.949416, 0.7974546, 0.057432648]
[2.0385308, 0.94635713, 1.026525, 0.065648794]
[1.7996578, 0.89334065, 0.83739436, 0.0689227]
[1.8879318, 1.0408666, 0.7836653, 0.06339996]
[1.8269767, 0.9046662, 0.85811, 0.064200476]
[1.9981498, 0.742075, 1.1852043, 0.07087052]
[1.7904665, 0.9755564, 0.74934083, 0.06556936]
[1.9623542, 0.9330371, 0.9616153, 0.06770185]
[1.7560908, 0.8448032, 0.84445184, 0.066835776]
[1.920688, 0.8534714, 0.9989857, 0.06823104]
[1.8598508, 0.8376385, 0.9481516, 0.074060656]
[1.9036417, 0.8786455, 0.9513558, 0.07364035]
[1.8882531, 0.9440336, 0.8757605, 0.06845897]
[1.9242783, 0.90652806, 0.94136083, 0.076389305]
[1.9684948, 0.7825451, 1.1158869, 0.07006279]
[1.8929081, 1.1480756, 0.6704395, 0.07439302]
[1.8840046, 0.81973326, 0.99715745, 0.06711392]
[1.8246274, 0.9290108, 0.82767785, 0.067938775]
[2.0133634, 0.8754178, 1.0688633, 0.069082156]
[1.9784976, 1.0502369, 0.8518288, 0.07643182]
[1.982168, 0.9349711, 0.9771793, 0.070017524]
[1.8759001, 0.938444, 0.8729588, 0.06449732]
[1.832778, 0.8417136, 0.92354834, 0.06751607]
[1.9669578, 0.94506633, 0.95454276, 0.067348704]
[1.9241238, 0.97907805, 0.87615925, 0.06888647]
[1.9137776, 0.7897296, 1.0503033, 0.07374464]
[1.8857981, 1.099714, 0.7116147, 0.07446931]
[1.8818624, 0.991989, 0.81741446, 0.072459]
[1.9571205, 0.8939195, 0.98477906, 0.07842198]
[1.9545872, 0.8817464, 0.9946781, 0.07816267]
[1.8423474, 0.7882477, 0.98031074, 0.073788926]
[1.8763748, 0.96578634, 0.8323157, 0.07827279]
[1.9817811, 0.96955246, 0.9345862, 0.07764244]
[1.8344082, 0.73967206, 1.0230347, 0.071701355]
[1.9738661, 1.070001, 0.82956827, 0.07429688]
[1.9137632, 0.8843017, 0.95589507, 0.07356633]
[1.8034511, 0.9776418, 0.75754327, 0.068265945]
[1.9051756, 0.79861975, 1.0356735, 0.070882365]
[1.9256378, 0.80552864, 1.0464482, 0.07366102]
[1.9195328, 0.949988, 0.90078264, 0.068762064]
[1.8827504, 0.82447505, 0.98757267, 0.07070266]
[1.8555026, 0.9826383, 0.8031664, 0.06969783]
[1.9573519, 0.8031326, 1.077812, 0.076407485]
[1.9212871, 0.90792245, 0.9485897, 0.06477493]
[1.8451269, 0.96074575, 0.8156446, 0.06873656]
[2.0693808, 0.8910824, 1.1035842, 0.0747143]
[1.8120009, 1.1065834, 0.6419838, 0.063433796]
[1.8424644, 0.670079, 1.0966008, 0.0757847]
[1.8131131, 0.93527704, 0.80625576, 0.07158029]
[1.9004384, 0.8391664, 0.987943, 0.073329076]
[1.8662231, 0.8638083, 0.9299164, 0.07249844]
[1.87957, 0.92408586, 0.87281245, 0.08267159]
[1.9454682, 0.9181037, 0.9491822, 0.07818219]
[1.7514081, 0.87845814, 0.7924746, 0.08047531]
[1.838737, 0.8754604, 0.8852575, 0.078019135]
[1.9590391, 0.9609067, 0.91322654, 0.08490581]
[1.8391802, 0.9589642, 0.79714334, 0.0830726]
[1.9267886, 0.8062034, 1.0348866, 0.08569866]
[2.0532012, 1.042379, 0.92997396, 0.08084831]
[1.7176753, 0.7903248, 0.8558878, 0.071462736]
[1.943523, 0.89878833, 0.96023023, 0.084504455]
[1.944181, 0.91867685, 0.94197047, 0.08353369]
[1.8176898, 0.9137143, 0.82409847, 0.07987699]
[1.9543624, 0.98444104, 0.88657236, 0.083349004]
[1.8546835, 0.74569046, 1.0319629, 0.077030234]
[1.8264958, 1.0754261, 0.67561555, 0.07545415]
[1.8277982, 0.84609383, 0.9074954, 0.074209064]
[2.0691273, 0.7904231, 1.1946756, 0.08402873]
[1.768292, 0.9858181, 0.7041612, 0.07831259]
[2.061655, 0.94943774, 1.0307465, 0.08147074]
[1.9244436, 0.9132092, 0.9367121, 0.074522376]
[1.9264637, 0.8079118, 1.045258, 0.07329386]
[1.8329219, 0.90205026, 0.86409354, 0.06677808]
[1.9546393, 0.8122891, 1.0669351, 0.075415164]
[1.9128745, 0.8431877, 0.9979943, 0.07169251]
[1.7806206, 0.83227193, 0.8751859, 0.07316278]
[1.831041, 0.9736589, 0.7861538, 0.07122824]
[2.0157645, 0.93620884, 1.0052013, 0.07435431]
[1.9173787, 0.89840186, 0.942574, 0.076402836]
[1.9834844, 1.0261198, 0.88811886, 0.069245726]
[2.164685, 1.0549664, 1.0420632, 0.06765524]
[2.0244834, 0.9872714, 0.98170453, 0.055507474]
[1.8582718, 1.0426836, 0.75609803, 0.05949021]
[2.0044782, 1.0090878, 0.9438038, 0.051586658]
[1.8424033, 0.84153414, 0.9467963, 0.054072805]
[1.8794662, 0.88069, 0.94076, 0.058016185]
[1.763959, 0.82489413, 0.8767773, 0.062287673]
[1.8980405, 0.86993754, 0.96798444, 0.06011856]
[1.8386753, 0.81226885, 0.955788, 0.07061835]
[1.7759991, 0.9406483, 0.76711535, 0.06823538]
[1.9470457, 0.95517284, 0.92158246, 0.07029041]
[1.9715495, 0.92658544, 0.9727391, 0.072225004]
[1.9151368, 1.0616043, 0.78593266, 0.06759983]
[1.858201, 0.91729265, 0.8694955, 0.07141277]
[2.0256033, 1.0545928, 0.90823543, 0.0627749]
[2.1233788, 1.17921, 0.8869778, 0.057190917]
[1.8090733, 0.66811264, 1.0892146, 0.05174616]
[1.8419563, 0.97681475, 0.7964655, 0.068675965]
[1.8641716, 1.0142357, 0.78241813, 0.06751778]
[1.9444406, 0.99165606, 0.8885596, 0.06422498]
[1.8036509, 0.9846153, 0.75249434, 0.066541135]
[1.9128888, 0.82103074, 1.0295546, 0.06230338]
[1.8807511, 0.85547143, 0.95277584, 0.072503805]
[1.971952, 0.85160655, 1.0424073, 0.077938065]
[1.859812, 0.9425772, 0.8569733, 0.06026147]
[1.9448122, 1.0491657, 0.8243933, 0.071253136]
[2.0236466, 0.9431115, 1.0146066, 0.065928355]
[1.8751793, 0.9271233, 0.8840858, 0.06397015]
[1.8118736, 0.87972534, 0.868399, 0.06374914]
[1.8652097, 0.9070804, 0.8898312, 0.068298146]
[1.9747963, 1.0249655, 0.8817057, 0.06812495]
[1.8993614, 0.96125585, 0.8721235, 0.06598212]
[1.9980763, 0.88643456, 1.0408986, 0.07074316]
[1.9437313, 0.950418, 0.92784107, 0.0654723]
[1.9712595, 0.82825, 1.0756855, 0.067324065]
[1.8840911, 0.96883047, 0.8507405, 0.0645201]
[1.9289945, 0.9379292, 0.926969, 0.06409633]
[1.8661869, 0.89255035, 0.9107639, 0.0628727]
[1.8298616, 0.8497143, 0.9211262, 0.059021257]
[1.9302841, 0.906188, 0.9620687, 0.062027432]
[1.942386, 1.0130049, 0.8580093, 0.0713719]
[1.9676986, 0.7778275, 1.1235094, 0.0663617]
[1.9485279, 0.9643141, 0.92345756, 0.06075628]
[1.8630247, 0.83258003, 0.9686446, 0.06180002]
[1.8722246, 0.89667964, 0.9091643, 0.06638058]
[2.1073022, 0.9909215, 1.0573446, 0.05903636]
[2.0027757, 0.8269353, 1.1177263, 0.05811409]
[1.9509959, 1.1226228, 0.76032245, 0.06805059]
[1.9028289, 0.6998905, 1.1388397, 0.06409874]
[1.8912259, 0.9096768, 0.925362, 0.056187183]
[1.832663, 0.9388951, 0.8303962, 0.063371725]
[1.9775012, 0.88185453, 1.0295799, 0.06606679]
[1.9370819, 1.0012883, 0.87898004, 0.056813568]
[1.9241123, 0.93761486, 0.92812467, 0.058372676]
[1.8788475, 1.0386364, 0.7766273, 0.06358376]
[1.9449339, 0.9110755, 0.969231, 0.06462743]
[1.8075712, 0.92653483, 0.82039034, 0.060646035]
[1.8976817, 0.75418186, 1.0791409, 0.06435893]
[1.9128878, 1.1075877, 0.73345524, 0.07184484]
[1.8471878, 0.7470299, 1.0273491, 0.07280873]
[2.0245245, 0.84442925, 1.107618, 0.07247711]
[1.872944, 0.9032921, 0.9052365, 0.064415306]
[1.966114, 1.0394793, 0.85265785, 0.07397702]
[1.956333, 0.7909619, 1.0974853, 0.06788576]
[1.9992822, 0.9383344, 0.9970306, 0.0639173]
[1.9580066, 1.1774048, 0.72086, 0.059741896]
[1.9491261, 0.6990664, 1.1896245, 0.06043514]
[1.9783001, 1.1750438, 0.7442597, 0.058996618]
[1.9139131, 0.9079562, 0.9488541, 0.05710277]
[1.8964615, 1.0026158, 0.8354225, 0.05842319]
