[1.160077, 1.1025031] 
[1.1003287, 1.1151929] 
[1.3251389, 1.0932841] 
[1.293929, 1.1635394] 
[0.94917506, 0.9966403] 
[0.95548594, 0.88956404] 
[1.0561361, 0.93573785] 
[1.1125448, 1.0107603] 
[1.1202865, 0.98214823] 
[1.1815705, 1.077968] 
[1.0624751, 1.0622877] 
[1.0198362, 0.9986476] 
[1.0727141, 1.0239497] 
[1.0452042, 1.0255792] 
[1.1586709, 1.1148663] 
[1.1217351, 0.9856501] 
[1.0540578, 0.9438489] 
[1.0787966, 0.99522257] 
[1.1911192, 1.0893276] 
[0.9827752, 0.9012125] 
[1.1130646, 1.2042465] 
[1.0266807, 1.0668015] 
[1.1571708, 1.2039481] 
[1.2156029, 1.0602506] 
[1.146072, 1.1416159] 
[1.2904937, 1.1210711] 
[1.1946969, 1.0582991] 
[1.154072, 1.0218127] 
[1.0864338, 0.93380725] 
[1.1796933, 0.98715115] 
[1.2885295, 1.216242] 
[1.2615044, 1.1794286] 
[1.2170869, 1.170371] 
[1.0286832, 1.0128601] 
[1.1297722, 1.152291] 
[1.1894811, 1.0109138] 
[1.0645692, 0.92617846] 
[0.90912414, 0.7554263] 
[1.2068421, 1.0744894] 
[1.0002699, 0.8882649] 
[1.2978156, 1.231815] 
[1.0483922, 1.001341] 
[1.0468174, 1.0912665] 
[0.93888396, 1.2162944] 
[0.9752203, 1.0556365] 
[1.0874445, 0.88730633] 
[1.0204226, 0.8521309] 
[1.3216594, 1.1188126] 
[1.1758485, 0.98066974] 
[1.1783571, 0.9857707] 
[1.2406739, 1.2158974] 
[1.0367086, 1.0830238] 
[1.0882677, 1.2120018] 
[1.0015388, 1.0048262] 
[1.1987288, 1.1555549] 
[1.1941884, 0.9662498] 
[1.1291586, 0.9773183] 
[1.2225573, 1.0802357] 
[1.3024819, 1.1177619] 
[1.4213504, 1.2393131] 
[0.99603856, 0.9187319] 
[1.0220724, 1.0115576] 
[1.3500249, 1.2012496] 
[1.1470871, 1.0643047] 
[1.0943398, 0.9317203] 
[1.0842533, 0.96918285] 
[1.1199799, 1.0180373] 
[1.0654777, 0.90476525] 
[1.024615, 0.9335046] 
[1.1435652, 1.025532] 
[1.1279497, 1.0450329] 
[1.0324597, 1.0581529] 
[1.0443113, 1.0008531] 
[0.99783045, 1.0091896] 
[1.142808, 1.1567416] 
[1.008337, 0.8626402] 
[1.1343207, 0.9407232] 
[1.0576327, 0.88299024] 
[1.1273124, 1.0009148] 
[1.1120421, 0.9835579] 
[0.9190738, 0.96580404] 
[1.2805207, 1.2630031] 
[1.1187379, 1.1313314] 
[1.1073284, 1.0864432] 
[1.2179701, 1.0943658] 
[1.2058377, 1.0114748] 
[1.1197069, 0.998156] 
[1.0876343, 0.9775656] 
[1.186368, 1.0539776] 
[1.0672487, 0.92321485] 
[1.1262267, 1.1165824] 
[1.0828538, 0.9990139] 
[1.1146312, 1.0280766] 
[1.0286756, 1.1834894] 
[1.1904857, 1.1809297] 
[1.2636507, 1.0385951] 
[1.0965096, 0.9597092] 
[1.1037182, 0.90351623] 
[0.9482962, 0.85622406] 
[1.172148, 0.99905956] 
[1.0289693, 1.1981344] 
[0.9668187, 0.96007055] 
[1.304874, 1.1882005] 
[1.0252916, 1.0065835] 
[1.1550002, 1.1614757] 
[1.1412485, 0.9769819] 
[0.9267928, 0.8207085] 
[1.2870239, 1.0493042] 
[1.1600746, 1.0075423] 
[0.96618336, 0.8084992] 
[1.2999024, 1.1656917] 
[1.1065896, 1.1364361] 
[1.1057401, 1.1222208] 
[0.96507156, 0.76798373] 
[1.151444, 1.4768544] 
[0.8828132, 0.81761014] 
[1.0880142, 0.95182127] 
[1.2026088, 1.045284] 
[1.2632761, 1.1393653] 
[0.89342576, 0.78908616] 
[1.0493535, 1.1159112] 
[1.0091584, 1.1399348] 
[1.169674, 1.061981] 
[1.4345806, 1.2103697] 
[1.2379085, 1.2175094] 
[1.0851607, 0.9546226] 
[1.0131292, 0.8608315] 
[1.0956562, 0.9491321] 
[1.1719928, 1.0270013] 
[1.3154812, 1.1449562] 
[0.9150207, 0.9854267] 
[0.959628, 0.98806864] 
[1.2763264, 1.3049847] 
[1.1857009, 1.158891] 
[0.9145199, 1.0251358] 
[1.0663093, 0.8988367] 
[1.188835, 1.0322407] 
[1.2106261, 1.06114] 
[1.0751746, 0.90948737] 
[1.0992887, 0.9762739] 
[0.9821209, 0.91387826] 
[1.0343299, 1.3189431] 
[1.043179, 0.9626747] 
[1.1964725, 1.1484303] 
[1.1316738, 1.1562306] 
[1.073844, 0.95968175] 
[1.1314753, 0.98874533] 
[1.2320273, 1.1165167] 
[1.0693964, 0.97925395] 
[0.9648183, 0.8206123] 
[1.0911094, 1.0218307] 
[1.036037, 1.2468572] 
[1.1331671, 1.1442271] 
[1.133126, 0.9606556] 
[1.0738983, 1.091902] 
[1.2963897, 1.1672761] 
[1.1712356, 1.078761] 
[1.1753362, 1.0615191] 
[1.2995424, 1.1294754] 
[0.83649015, 0.7290457] 
[1.1081231, 1.1164479] 
[0.9827116, 0.98413587] 
[0.9017462, 0.93599474] 
[1.1379986, 1.179263] 
[1.1908544, 1.2532847] 
[1.1159317, 0.9894534] 
[1.0619676, 0.9426464] 
[1.238259, 1.0828648] 
[0.9989896, 0.8445151] 
[1.1576505, 0.9640647] 
[1.0742481, 1.1175027] 
[1.2004318, 1.0608771] 
[0.9547095, 1.013738] 
[1.0900183, 0.9607711] 
[1.0128824, 0.9988123] 
[1.2419987, 0.9843998] 
[1.1671121, 0.9235065] 
[0.9047289, 0.72808766] 
[1.1662016, 0.99290246] 
[1.0997996, 0.89280516] 
[0.87161547, 1.0202892] 
[1.2138938, 0.97412485] 
[1.3995049, 1.248812] 
[1.0522001, 1.0299008] 
[1.1470013, 1.1723828] 
[1.0810097, 0.9622963] 
[1.2379954, 1.0800508] 
[1.1037838, 0.91342854] 
[1.0012956, 0.84702575] 
[1.248463, 1.1159389] 
[1.3429668, 1.3940598] 
[1.1818441, 1.1063228] 
[1.0650609, 1.0429168] 
[1.0484251, 1.0210671] 
[1.0974002, 1.1332419] 
[1.2313905, 1.0988446] 
[1.0838969, 0.95817757] 
[1.1471504, 1.0133536] 
[1.0363417, 0.9384701] 
[1.1330659, 1.0263743] 
[1.1406097, 1.1405473] 
[1.103449, 1.15636] 
[1.1605966, 1.0778489] 
[1.1262414, 1.0599344] 
[1.1480415, 1.1411461] 
[1.0388983, 0.92499] 
[1.064381, 0.93222535] 
[0.9972265, 0.8765067] 
[1.0509906, 0.9241133] 
[1.1969228, 1.0646677] 
[0.98996836, 1.099395] 
[1.0514045, 1.0443463] 
[0.97854304, 0.8399283] 
[1.1220573, 1.269257] 
[1.1477509, 1.1794785] 
[1.0987759, 0.9743314] 
[1.1704375, 0.951908] 
[0.9754313, 0.84102] 
[1.073168, 0.8555009] 
[1.0631889, 0.86512685] 
[1.1335304, 1.1885723] 
[1.2448673, 1.3362664] 
[1.092849, 1.1444894] 
[1.1908283, 1.1537172] 
[1.101406, 1.0437403] 
[1.2385778, 1.1057628] 
[1.0024835, 0.86348873] 
[1.2263987, 1.072743] 
[1.0594995, 0.9268207] 
[0.9818082, 0.883543] 
[0.9876229, 1.0354731] 
[1.2188447, 1.1361934] 
[1.1273122, 1.1565421] 
[0.9548723, 1.0587178] 
[1.065823, 1.0193547] 
[1.2032144, 1.0495169] 
[1.027431, 0.921528] 
[0.9835626, 0.8999001] 
[1.0648814, 0.9589422] 
[1.0790762, 0.96559846] 
[1.2060788, 1.1134176] 
[1.0298998, 0.96982294] 
[1.1159251, 1.0251093] 
[1.0840342, 1.002732] 
[1.0743077, 1.1299307] 
[1.122129, 1.0127754] 
[1.1261262, 1.020816] 
[1.0887551, 0.925191] 
[1.2268126, 1.1444187] 
[1.2179813, 1.0824008] 
[1.0332105, 0.9932098] 
[1.0487121, 0.92379737] 
[1.0369927, 1.1483197] 
[1.0336381, 1.094464] 
[1.155714, 1.0471895] 
[1.3039714, 1.134536] 
[1.1065552, 0.9876766] 
[1.0838337, 0.9465014] 
[1.1944745, 1.1157176] 
[1.0575736, 0.9036349] 
[1.1299038, 1.0230407] 
[1.1875763, 1.0543889] 
[1.2230314, 1.2780064] 
[1.1273569, 1.0706787] 
[1.0385389, 1.0197908] 
[1.0608605, 0.9700934] 
[1.0629354, 0.9778131] 
[1.1371895, 1.0452936] 
[1.045501, 0.8729687] 
[1.235688, 1.1057881] 
[1.058332, 1.1677899] 
[1.0638688, 1.051099] 
[1.1806891, 1.0803462] 
[1.2271068, 1.2407851] 
[0.907743, 0.9914776] 
[1.3541532, 1.1184776] 
[1.0597095, 0.9426834] 
[1.1594721, 0.955619] 
[1.1319022, 0.96677876] 
[1.1818554, 0.9797779] 
[0.8944019, 0.9040606] 
[1.1882019, 1.0470908] 
[1.0777887, 1.1091347] 
[1.2160133, 1.1454546] 
[1.2229457, 1.2592862] 
[0.92568564, 0.7609732] 
[1.3112137, 1.1296258] 
[1.2845974, 1.1040816] 
[1.052465, 0.87740827] 
[1.4016904, 1.221997] 
[1.1296623, 0.9953533] 
[1.0917097, 1.1388853] 
[1.1556864, 1.1057222] 
[1.153549, 1.1530662] 
[1.0994358, 1.1024032] 
[1.3512719, 1.2081788] 
[1.1058897, 0.9613049] 
[1.1263134, 0.99946785] 
[1.2132413, 1.0728191] 
[0.9245914, 0.79910684] 
[0.99620175, 1.1861067] 
[1.224962, 1.2193183] 
[1.1610988, 1.1988286] 
[1.2137157, 1.0342901] 
[0.9267491, 0.98965716] 
[1.0325811, 0.9490919] 
[1.2478303, 1.0956237] 
[1.1742588, 1.0609192] 
[1.0268086, 0.91447544] 
[1.1085751, 0.96969676] 
[1.1329919, 1.0572491] 
[1.018367, 0.906616] 
[1.0236914, 0.95684385] 
[1.0320019, 1.0867989] 
[1.0399873, 1.1422327] 
[1.0969629, 0.97113734] 
[1.1021777, 0.9246133] 
[1.0806129, 0.8929629] 
[1.0807562, 0.9274287] 
[1.1170142, 1.0079212] 
[1.0915115, 1.0438031] 
[1.0990627, 1.1160734] 
[1.063854, 0.99354434] 
[0.9517987, 1.1619043] 
[1.0702287, 1.0410817] 
[1.2462101, 1.0880454] 
[1.2349908, 1.0737895] 
[1.0417812, 0.92212605] 
[1.1541243, 1.0150394] 
[1.0293331, 0.88066065] 
[1.260889, 1.1025469] 
[1.1683084, 1.1639116] 
[1.0616304, 1.0751188] 
[1.1067767, 1.069809] 
[1.2988403, 1.2054152] 
[1.1187496, 0.9829724] 
[0.8560393, 0.74558306] 
[1.1550393, 0.9814248] 
[1.074543, 0.87780505] 
[1.0849118, 0.9140654] 
[1.1773525, 1.1205525] 
[1.0309963, 1.0363331] 
[1.0157557, 1.1041901] 
[1.2386799, 1.3268397] 
[1.1656218, 1.0462087] 
[1.1816145, 1.0472883] 
[1.1238397, 0.99355876] 
[1.1791012, 1.0453482] 
[1.092509, 0.95332634] 
[1.1194708, 0.9935604] 
[1.1251832, 1.0889013] 
[1.0497454, 1.1331054] 
[1.0394679, 1.125396] 
[1.1130834, 1.072253] 
[1.20591, 1.1205553] 
[0.9915783, 0.8369141] 
[1.2142947, 1.1152598] 
[0.88788563, 0.7730473] 
[1.151695, 1.0257298] 
[1.1706926, 1.049376] 
[1.043466, 1.1073396] 
[1.4799887, 1.3827038] 
[1.3631265, 1.2504784] 
[1.0142461, 1.0863688] 
[1.0611548, 1.1185586] 
[1.2549213, 1.0719193] 
[1.1376606, 0.9950547] 
[1.2437454, 1.0593605] 
[0.99154234, 0.89115494] 
[1.2389076, 1.0436165] 
[1.0271555, 1.1257995] 
[1.0602193, 1.1132488] 
[1.1124725, 0.9705517] 
[1.026366, 0.9160989] 
[1.0484064, 1.0142791] 
[1.0959722, 1.0144536] 
[0.9706423, 0.9179341] 
[1.1520615, 1.0566735] 
[1.2132273, 1.0813638] 
[1.0616205, 0.9070033] 
[1.1921933, 1.1310799] 
[1.0353876, 1.1141363] 
[1.0995159, 1.0944153] 
[1.1315589, 1.0886854] 
[0.9526831, 1.0814584] 
[1.2018123, 1.07336] 
[0.96485615, 0.8429204] 
[1.080642, 0.9617851] 
[1.1627407, 1.0745503] 
[1.0421898, 0.9273766] 
[0.95287144, 1.0154856] 
[1.0804043, 1.0443847] 
[1.0945175, 1.1549239] 
[1.3659706, 1.3832316] 
[1.1018919, 1.0459954] 
[1.126626, 0.9833951] 
[1.3407556, 1.1984333] 
[1.1390179, 0.97068524] 
[1.0566838, 0.90323997] 
[0.8620831, 0.75156283] 
[1.1307805, 1.0480558] 
[1.0245202, 0.9850017] 
[1.0701255, 1.0345027] 
[1.1378797, 1.0460945] 
[1.229326, 1.1915383] 
[1.131052, 1.0466498] 
[1.1351242, 1.0143359] 
[0.9585707, 0.8321964] 
[1.1402705, 1.0402262] 
[1.1647753, 1.0374131] 
[0.9369466, 0.99709845] 
[1.0097786, 0.9449055] 
[1.2593637, 1.3132801] 
[1.0526075, 1.0749136] 
[1.1365798, 0.98982173] 
[1.0596724, 0.9417436] 
[1.171041, 1.0464025] 
[1.1050756, 0.97712404] 
[1.0137911, 0.8863579] 
[1.1209588, 0.9769405] 
[0.90896535, 0.9702805] 
[1.2149905, 1.1450038] 
[0.9914924, 1.0026528] 
[1.0370624, 1.0675051] 
[0.8748238, 1.0017068] 
[1.1382128, 0.9583655] 
[1.0609785, 0.90512216] 
[1.4524846, 1.1786666] 
[1.1735034, 1.0118417] 
[1.2261002, 0.97682154] 
[1.1468792, 1.0353278] 
[1.2737685, 1.3263257] 
[1.0306388, 0.9403607] 
[1.3285375, 1.4050314] 
[1.1654161, 1.1993604] 
[1.2521582, 1.0285685] 
[1.1602618, 0.9369487] 
[1.0151323, 0.860211] 
[1.1752312, 0.9622867] 
[1.0442429, 0.868358] 
[1.0825677, 1.0548844] 
[1.081259, 1.0256451] 
[1.1788769, 1.1795007] 
[1.1709875, 1.2850338] 
[1.150486, 1.1728059] 
[1.4178449, 1.1959057] 
[1.1905272, 1.0152156] 
[1.1325248, 0.9991577] 
[1.3739989, 1.2141645] 
[1.2253287, 1.1053333] 
[1.0386329, 1.056453] 
[1.2051136, 1.1139137] 
[1.0246825, 0.92347926] 
[1.0474039, 0.9833818] 
[1.0700042, 1.0789448] 
[1.3363651, 1.1323166] 
[1.0845867, 0.990567] 
[1.0153346, 0.9102694] 
[0.98250806, 0.82266855] 
[1.0878851, 0.98641187] 
[0.938664, 1.0709097] 
[1.22035, 1.1555912] 
[1.0776882, 0.9473487] 
[1.120326, 1.1316015] 
[1.09272, 1.1660049] 
[1.1271003, 1.003833] 
[1.2681196, 1.1503632] 
[1.1146172, 0.9501122] 
[1.3109896, 1.1720736] 
[1.193001, 1.0365441] 
[1.092279, 1.1464512] 
[1.091452, 1.1303357] 
[1.0922642, 1.1077905] 
[1.1640624, 1.0702542] 
[1.0440704, 1.0953689] 
[1.015343, 0.89011544] 
[1.0756141, 0.95880175] 
[1.1180649, 0.98312396] 
[1.0240042, 0.8821125] 
[1.1796623, 0.99806577] 
[1.1051669, 0.98601323] 
[1.1596475, 1.1698985] 
[1.1717942, 1.2922497] 
[1.0004882, 1.0879945] 
[1.0940206, 1.1793387] 
[1.1651568, 1.0128026] 
[0.9287042, 0.79003084] 
[1.1372473, 0.97771174] 
[1.2253306, 1.0483427] 
[1.3970549, 1.1860689] 
[1.2336304, 1.2470975] 
[0.9047704, 0.86472857] 
[1.0045549, 1.0307177] 
[1.0292392, 1.0726652] 
[1.0062737, 0.98036116] 
[1.0155003, 0.88948315] 
[1.1488948, 0.9868942] 
[1.302016, 1.1630166] 
[0.88736093, 0.7585062] 
[1.1641521, 0.99009013] 
[1.1954458, 1.3054194] 
[1.2495694, 1.3884945] 
[1.0255346, 0.9764837] 
[1.1125689, 1.0621239] 
[1.0292311, 0.9604355] 
[1.22195, 1.0778017] 
[1.1332743, 0.9906874] 
[1.0657659, 0.95488155] 
[1.0405344, 0.9127295] 
[1.0210116, 0.9346891] 
[1.1024435, 0.9396753] 
[1.2178078, 1.0755484] 
[1.0097226, 0.93214875] 
[1.3085544, 1.361854] 
[1.2026947, 1.1295] 
[0.7756592, 0.62577295] 
[1.3375859, 1.1168021] 
[1.1211152, 0.94323754] 
[1.3144007, 1.0387022] 
[1.1833808, 1.011483] 
[1.2035568, 1.2126522] 
[1.115155, 1.211473] 
[1.0135114, 0.9334451] 
[1.1847584, 1.0249246] 
[1.132807, 1.1329725] 
[1.3163172, 1.1207606] 
[1.0537276, 0.8979255] 
[1.324193, 1.1020973] 
[0.9085352, 0.73623466] 
[1.3380821, 1.0661223] 
[1.2415782, 1.2784053] 
[0.99764496, 1.0384898] 
[1.0135138, 0.9163114] 
[1.1228245, 0.9862726] 
[1.0094607, 1.0868274] 
[1.1279356, 0.9613831] 
[1.016852, 0.9134156] 
[1.3504642, 1.1672924] 
[0.9579867, 0.8114003] 
[1.2107465, 0.9844432] 
[0.98255223, 1.0709566] 
[1.278204, 1.3011417] 
[1.1737297, 1.01388] 
[0.99653417, 0.98310083] 
[1.2247972, 1.1367352] 
[1.1786761, 1.0492749] 
[1.1813222, 1.0482187] 
[1.0347878, 0.90380275] 
[1.3402358, 1.1884271] 
[0.97414327, 0.9113426] 
[1.4407272, 1.1477466] 
[1.0581318, 0.8950884] 
[1.2776556, 1.124486] 
[1.2661898, 1.2272674] 
[1.2698988, 1.2763481] 
[1.2669859, 1.111129] 
[1.5159817, 1.3487854] 
[0.9293789, 0.82307523] 
[1.233767, 1.1275711] 
[1.2768736, 1.1377492] 
[1.1620653, 1.2788084] 
[1.1326524, 1.1547456] 
[1.159642, 0.94691384] 
[1.2315173, 1.2134686] 
[1.116682, 1.1582352] 
[0.97983587, 0.8484206] 
[1.1671457, 1.0494581] 
[0.98537934, 0.92487687] 
[0.92685485, 0.79132247] 
[1.198816, 1.0751692] 
[0.9081348, 0.9482609] 
[1.2318916, 1.3772445] 
[1.0974499, 1.0814773] 
[1.2630689, 1.2323302] 
[1.191107, 1.1000612] 
[1.1698735, 1.0402524] 
[1.1586347, 1.0055122] 
[1.374618, 1.1936791] 
[1.1004529, 0.8930036] 
[1.1124337, 0.9460639] 
[1.24143, 1.1099083] 
[1.1793973, 1.1512351] 
[1.1100361, 1.1279259] 
[1.1697289, 1.0688548] 
[1.0211072, 0.94344723] 
[1.0251997, 0.88795805] 
[1.087245, 0.94046855] 
[1.091989, 0.96092284] 
[1.0880882, 0.9673097] 
[0.9340967, 0.8145238] 
[0.9994496, 1.0838821] 
[0.9940562, 1.0626903] 
[1.0692792, 1.0554609] 
[0.8269286, 0.8021085] 
[1.1346178, 1.0403297] 
[1.1675302, 0.97348166] 
[1.0612509, 0.92567676] 
[1.242126, 1.0945452] 
[0.85749936, 0.70762265] 
[1.0296125, 0.93251765] 
[0.9803487, 0.99158984] 
[1.4640193, 1.1830825] 
[1.0121737, 1.052779] 
[1.1258621, 0.92966896] 
[1.2171584, 0.9818592] 
[1.1823626, 1.0510798] 
[0.8032731, 0.6795547] 
[1.2382405, 1.042269] 
[1.0404005, 0.9238656] 
[0.9871217, 0.8672036] 
[0.95797634, 0.9194091] 
[0.9408525, 0.86812365] 
[1.1353176, 0.983931] 
[1.1070453, 1.0357556] 
[1.0632908, 1.0786971] 
[1.0586287, 0.93928504] 
[1.2057008, 1.0874445] 
[1.15922, 0.99090016] 
[1.3039804, 1.133179] 
[1.1144274, 0.9797133] 
[1.0451953, 1.131645] 
[1.0260427, 0.9732746] 
[1.0915203, 1.0728022] 
[1.1792225, 1.255039] 
[1.1197348, 1.1574183] 
[1.0115268, 0.8416568] 
[1.3507216, 1.1187657] 
[1.1629827, 1.0087553] 
[1.1358889, 1.022312] 
[1.0613654, 0.9107047] 
[1.0256859, 1.2313441] 
[1.0919907, 1.1535654] 
[1.0513332, 1.0213606] 
[0.9717712, 0.9584428] 
[0.9261242, 1.1213915] 
[1.23559, 1.0755348] 
[1.0985296, 0.98621726] 
[1.0426916, 0.9274814] 
[1.1653224, 1.017755] 
[1.2302303, 1.0758746] 
[1.0501093, 1.1160021] 
[0.92461723, 1.1436535] 
[1.3686616, 1.212268] 
[1.1177654, 1.1331441] 
[1.0754431, 1.0055416] 
[1.0224694, 0.90817916] 
[1.2126701, 1.0442026] 
[1.1567082, 1.0157399] 
[1.0660534, 0.9697381] 
[1.1548785, 1.0152017] 
[1.1805606, 1.1261411] 
[0.9811466, 0.9616736] 
[0.976503, 1.0001235] 
[1.1188115, 1.0451] 
[1.045723, 0.9758339] 
[1.023237, 0.95576084] 
[1.0195675, 0.8918297] 
[1.0762959, 0.9752852] 
[1.1054642, 0.9823297] 
[1.1097124, 0.97576404] 
[0.9575622, 0.98525035] 
[1.2273419, 1.1906868] 
[1.1514165, 1.1718047] 
[1.1825094, 1.1159828] 
[1.0899507, 1.0689244] 
[0.9473754, 0.86296487] 
[1.1244079, 1.0464675] 
[1.0337616, 0.93549633] 
[0.98232794, 0.88366914] 
[1.0539042, 0.9111551] 
[1.1941818, 1.10711] 
[1.13994, 1.0489752] 
[1.069344, 1.0836166] 
[1.0688246, 1.0600069] 
[1.2600753, 1.2401454] 
[1.1161809, 0.96513116] 
[1.1975167, 1.0351372] 
[1.1252762, 0.94811296] 
[1.2163732, 1.0846276] 
[1.2553215, 1.0531235] 
[1.2343456, 1.3583274] 
[1.0888709, 1.0236074] 
[1.0463462, 1.2105191] 
[1.1748197, 1.1753011] 
[1.1351504, 1.2213442] 
[1.1538758, 0.9785195] 
[1.194782, 1.0263875] 
[1.1244597, 0.98323363] 
[1.0106225, 0.88506824] 
[1.1071085, 0.95877093] 
[1.1869639, 1.0610459] 
[1.1051965, 1.1053014] 
[1.1976054, 1.2512021] 
[1.0614748, 1.0366342] 
[1.1085614, 1.0352857] 
[1.0066216, 0.8994007] 
[1.1101247, 0.93695545] 
[1.1839218, 1.0277659] 
[1.139185, 1.0092394] 
[1.237978, 1.1080954] 
[1.0591385, 1.2032123] 
[1.0899991, 0.9428158] 
[1.1162841, 1.1079315] 
[1.1536273, 1.0658637] 
[1.2000575, 1.1410663] 
[1.0402851, 0.92038393] 
[1.1114181, 0.95261675] 
[1.0561986, 0.91053665] 
[1.1213938, 0.97123986] 
[1.0960613, 0.9231918] 
[1.2867845, 1.3475252] 
[1.2458229, 1.1050975] 
[1.2755823, 1.1572843] 
[0.97221255, 1.0241451] 
[1.0908958, 1.1524291] 
[1.0975137, 0.94995743] 
[1.113981, 0.9525169] 
[1.274457, 1.0441748] 
[1.23595, 1.0169249] 
[1.1555474, 1.0110493] 
[1.0570831, 1.0612247] 
[1.1323271, 1.0915363] 
[1.2573863, 1.2105497] 
[1.2510662, 1.1154088] 
[1.1514833, 1.1555988] 
[1.2729765, 1.0292741] 
[1.1113969, 0.9721769] 
[1.0429556, 0.86871576] 
[1.0633204, 0.9125756] 
[1.0648162, 0.9276005] 
[1.1847715, 1.1578509] 
[1.1097512, 1.0144097] 
[1.1512015, 1.1265438] 
[1.1770452, 1.1527759] 
[1.0884972, 1.0931439] 
[1.1228536, 0.8946046] 
[1.2121044, 0.9740108] 
[0.90873134, 0.7950472] 
[1.1655097, 0.98117834] 
[1.0768328, 0.8983087] 
[1.0968208, 1.0700233] 
[1.0753092, 1.1272913] 
[1.1490669, 1.1956763] 
[1.0169876, 1.0564983] 
[0.97137874, 1.0279245] 
[1.0496075, 0.9024663] 
[1.192266, 0.97829175] 
[0.9924518, 0.87953544] 
[1.0573215, 0.9220234] 
[1.3133974, 1.1722748] 
[1.0515509, 0.99225444] 
[1.0805745, 1.0853863] 
[1.2097464, 1.0191555] 
[1.1967474, 1.130373] 
[1.0465426, 1.100111] 
[1.0847943, 0.9268042] 
[1.180973, 1.0340904] 
[0.9692161, 0.8667058] 
[1.3261614, 1.1894596] 
[1.216189, 1.0504313] 
[1.2243512, 1.1805507] 
[1.1383656, 1.0891124] 
[1.097708, 1.0294523] 
[1.1189153, 1.0483825] 
[1.0888436, 1.0530676] 
[1.1567881, 0.98344266] 
[1.032326, 0.92374295] 
[1.1840135, 1.0418615] 
[1.2095509, 1.0638622] 
[1.0869541, 0.9532209] 
[1.0218518, 1.1185471] 
[0.9857322, 0.9592212] 
[1.1246359, 0.95504713] 
[1.2730007, 1.1666944] 
[1.1366701, 1.0282832] 
[1.1895752, 1.0232599] 
[1.1317186, 0.98434865] 
[1.1198791, 0.98865676] 
[1.0194567, 0.87041306] 
[1.1362381, 0.9881419] 
[1.1549294, 0.9647645] 
[1.065912, 1.0736581] 
[1.0743058, 1.2087951] 
[1.1057553, 1.2138346] 
[1.2586558, 1.351681] 
[1.0323049, 0.9191044] 
[1.282903, 1.1504099] 
[1.1820652, 1.0507634] 
[1.2178864, 1.0746825] 
[0.77365255, 0.71680886] 
[1.2613282, 1.3527496] 
[1.082968, 1.0818151] 
[1.1362321, 1.0861113] 
[1.079566, 0.91764086] 
[1.1422511, 1.1560569] 
[1.1526433, 1.0175376] 
[1.2362341, 1.0874057] 
[1.1460307, 0.99355173] 
[0.99268174, 0.89226437] 
[1.306614, 1.1713393] 
[1.0354323, 0.979282] 
[1.1011982, 1.2351861] 
[1.1566894, 1.2546412] 
[1.1024263, 1.172687] 
[1.2224923, 1.1024451] 
[1.10741, 1.0105548] 
[0.96766365, 0.90638113] 
[1.039491, 0.93570375] 
[1.0950272, 0.96626925] 
[1.0272963, 0.90559614] 
[0.9473412, 0.9766456] 
[0.95447385, 0.99559253] 
[1.0421708, 0.94073457] 
[0.87797266, 0.9501257] 
[1.044774, 1.0379649] 
[1.2729053, 1.1602659] 
[1.0505636, 0.9285344] 
[1.0103545, 0.8898953] 
[1.1664586, 0.9821762] 
[1.2088178, 1.0674834] 
[1.1387384, 1.1133854] 
[0.8539233, 0.8383998] 
[1.10951, 1.0649357] 
[1.1970824, 1.0998037] 
[1.2468964, 1.1159546] 
[1.2051673, 1.0420668] 
[1.1413743, 0.9891867] 
[1.1192684, 0.99752235] 
[1.2269998, 1.0845611] 
[1.2107465, 1.0187458] 
[1.230737, 1.1430273] 
[1.2311056, 1.4322639] 
[1.0820907, 1.0967484] 
[1.1552036, 1.0888755] 
[1.245268, 1.1497225] 
[1.0285007, 0.85878897] 
[1.214508, 1.0124397] 
[1.0008434, 0.8568517] 
[0.9890326, 0.8603367] 
[1.0823872, 0.9547485] 
[1.0271248, 1.053939] 
[1.1211231, 0.95600426] 
[1.1633177, 1.3033702] 
[1.1397152, 1.1512918] 
[1.0443728, 1.0368407] 
[1.1201653, 0.9790771] 
[1.0720723, 0.9472751] 
[1.1178203, 1.0120903] 
[1.0112473, 0.90846324] 
[1.0903268, 0.97408366] 
[1.1101243, 0.918732] 
[1.1169075, 1.0001577] 
[1.0417831, 1.1196003] 
[1.051743, 1.0686729] 
[1.180908, 1.1342834] 
[1.2210357, 1.0482656] 
[1.372159, 1.0962969] 
[1.1983995, 0.92991996] 
[1.2676868, 1.0798466] 
[1.1723101, 1.0292288] 
[1.2601979, 1.308019] 
[1.0519869, 1.0353172] 
[0.91259086, 1.0704201] 
[1.2805647, 1.3861754] 
[0.9859031, 0.94690686] 
[1.1994903, 1.0543993] 
[1.0636455, 0.9474828] 
[1.265306, 1.146383] 
[1.1398103, 0.9444931] 
[1.047979, 0.9217852] 
[1.1231924, 1.1274364] 
[1.1450164, 1.011628] 
[1.0198946, 1.1604874] 
[1.1769724, 1.164203] 
[1.194314, 1.0397251] 
[0.9964344, 0.8757105] 
[0.95897835, 0.8466836] 
[1.1734794, 1.0394449] 
[1.1427084, 0.9354232] 
[1.437989, 1.2025726] 
[1.0034776, 0.9353459] 
[0.95564353, 0.93269473] 
[1.1188087, 1.1952641] 
[1.0718598, 1.0081394] 
[1.0612111, 1.0002099] 
[1.2459505, 1.0977905] 
[1.060981, 0.92791384] 
[1.1096838, 0.95255315] 
[1.097133, 0.90704393] 
[1.0255098, 0.85788953] 
[0.93881893, 1.0371362] 
[1.1460154, 1.219813] 
[1.0430307, 1.0650016] 
[1.087042, 1.1929297] 
[1.3279506, 1.2673113] 
[1.1059431, 0.9607615] 
[0.92647845, 0.80596095] 
[1.1739535, 0.9907927] 
[1.272058, 1.1446154] 
[1.0728252, 0.95018566] 
[1.0300546, 0.9867427] 
[1.1450564, 1.016881] 
[1.0695038, 1.0175815] 
[1.2347746, 1.1673625] 
[1.0959709, 0.94934064] 
[1.113203, 1.0361902] 
[0.9005643, 0.7907586] 
[1.2225116, 1.1278448] 
[1.1467823, 1.022661] 
[0.9425456, 0.8477368] 
[1.3270704, 1.2323382] 
[1.1267011, 1.049156] 
[1.185015, 1.1682833] 
[0.837062, 0.9156995] 
[1.0048709, 0.90691423] 
[1.3146408, 1.1689836] 
[1.1106486, 0.9731365] 
[1.132428, 0.99295807] 
[0.94920576, 0.8289926] 
[1.248853, 1.0697055] 
[1.2150127, 1.2038637] 
[1.086057, 1.0379094] 
[1.1215044, 1.0968676] 
[0.96154404, 1.0193057] 
[1.1891952, 1.2381189] 
[1.1355491, 0.95458937] 
[0.97832364, 0.8509921] 
[1.1437981, 0.9955111] 
[1.087599, 0.93587625] 
[1.1618749, 1.0579381] 
[1.0870982, 1.0302155] 
[0.97401565, 1.0452402] 
[0.9790158, 1.0746025] 
[1.1259859, 1.0976026] 
[1.0921682, 1.0460443] 
[1.0138955, 0.9358893] 
[1.1122047, 0.97551644] 
[0.9884, 0.89908636] 
[1.0904562, 0.9575939] 
[1.0368559, 0.89536536] 
[1.0225106, 1.0913407] 
[0.9874068, 0.9732682] 
[1.2863204, 1.2514603] 
[1.2998085, 1.1995251] 
[1.1435953, 1.0165789] 
[1.071692, 0.9868587] 
[1.140178, 1.0077344] 
[1.1178877, 0.9991145] 
[0.9611978, 0.8480394] 
[1.3040435, 1.1071236] 
[1.183286, 1.1536982] 
[1.0852467, 1.001473] 
[1.0205661, 0.9777945] 
[1.1174887, 1.1811831] 
[1.1164017, 1.1034613] 
[1.2769632, 1.1390799] 
[1.1925509, 1.067328] 
[1.1432339, 0.98329526] 
[1.1465981, 0.98700666] 
[1.2202582, 1.0674286] 
[1.2145963, 1.2468517] 
[1.2019246, 1.2511866] 
[1.1063123, 1.1238242] 
[1.3537934, 1.2701389] 
[1.075299, 1.0820255] 
[1.270048, 1.1178851] 
[1.1901643, 0.9950465] 
[1.1080056, 0.96310675] 
[1.0213616, 0.89867824] 
[1.1842147, 1.0347235] 
[0.97126347, 0.8499416] 
[0.97684103, 1.0760882] 
[0.8752264, 0.84455466] 
[1.1858685, 1.0104847] 
[1.0233359, 1.0423982] 
[1.0499914, 0.93221855] 
[1.0634768, 0.937621] 
[1.186407, 1.0419211] 
[1.1833768, 1.0735382] 
[1.0615177, 0.9553882] 
[1.1433406, 1.1023693] 
[1.0886273, 1.0578872] 
[1.0896797, 0.9831593] 
[1.2753048, 1.1645784] 
[0.99118215, 1.0058229] 
[1.1395335, 1.0050093] 
[0.96866834, 0.80628103] 
[1.2300224, 1.1339303] 
[1.1479218, 0.9641311] 
[1.143594, 1.0206573] 
[1.0723889, 1.0807915] 
[1.1646154, 1.2254679] 
[1.1957659, 1.12257] 
[0.9503743, 0.9690113] 
[1.3345035, 1.0925865] 
[1.1576889, 1.0108432] 
[1.173452, 1.0280659] 
[1.4396815, 1.1652755] 
[1.0594624, 0.8949895] 
[1.1673168, 1.0082976] 
