[1.8602222, 0.81006217, 0.99146986, 0.058690213]
[1.8912976, 0.97017133, 0.85476553, 0.0663607]
[2.0020304, 0.9887279, 0.94305265, 0.07024978]
[1.8678479, 0.906466, 0.89519143, 0.06619049]
[1.896197, 0.85510063, 0.9675295, 0.073566794]
[1.9245284, 0.8774306, 0.97649467, 0.07060313]
[1.8171653, 0.8405168, 0.9129587, 0.06368988]
[1.9855956, 0.9821529, 0.93441725, 0.06902539]
[1.8934302, 1.0161647, 0.8142539, 0.06301162]
[1.8849552, 0.9010079, 0.9146937, 0.069253564]
[1.829064, 0.8681556, 0.8919273, 0.06898102]
[2.039322, 0.97854614, 0.99665, 0.06412572]
[2.0041738, 0.99362683, 0.94024545, 0.07030149]
[1.8641477, 1.0300238, 0.76947796, 0.064645946]
[1.8980668, 0.88829803, 0.94475347, 0.06501533]
[1.9898496, 0.92545587, 0.99196064, 0.072433025]
[1.8849531, 0.9603591, 0.8588027, 0.06579133]
[1.897547, 0.9392045, 0.88477224, 0.07357025]
[1.7791641, 0.72883296, 0.97979736, 0.07053369]
[1.911677, 0.8318494, 1.0041432, 0.07568443]
[1.8837398, 0.8926569, 0.918525, 0.07255792]
[1.7403395, 0.7381971, 0.92253363, 0.079608746]
[1.8786359, 0.9358712, 0.85503656, 0.08772811]
[1.9091558, 0.9523138, 0.8728665, 0.08397554]
[1.9861403, 0.9590694, 0.95197886, 0.07509204]
[1.884138, 0.7595244, 1.0441029, 0.08051078]
[1.7937907, 0.96544206, 0.74937284, 0.07897576]
[1.8559186, 0.80740887, 0.96782887, 0.08068089]
[1.845794, 0.8225488, 0.93869805, 0.084547065]
[1.6049312, 0.8604689, 0.65684927, 0.08761296]
[1.6651721, 0.87554204, 0.69557106, 0.09405896]
[2.1295316, 0.7970481, 1.2319305, 0.10055303]
[1.9099046, 1.107172, 0.7152214, 0.087511204]
[1.9652154, 0.91148067, 0.964914, 0.08882068]
[1.7883621, 0.97736317, 0.722355, 0.08864391]
[1.9447606, 0.9908443, 0.8645102, 0.089405954]
[2.076037, 0.75475025, 1.2376715, 0.083615184]
[1.8739297, 1.0495174, 0.74134547, 0.083066925]
[1.6767342, 0.7113853, 0.8837411, 0.08160776]
[1.860704, 0.91494185, 0.8542956, 0.09146637]
[1.8787351, 0.85152245, 0.939662, 0.0875506]
[1.8852762, 1.0452901, 0.75233346, 0.08765261]
[1.9751076, 0.8681275, 1.0162855, 0.0906945]
[1.8942436, 0.9811857, 0.828421, 0.08463691]
[2.0254533, 0.9854457, 0.9612974, 0.07871024]
[1.7968836, 0.7871443, 0.9290637, 0.08067564]
[1.7386055, 0.8026526, 0.8543339, 0.08161904]
[2.0045905, 1.0268193, 0.8906482, 0.08712283]
[1.9836216, 0.8202776, 1.0734398, 0.08990421]
[1.8465225, 0.86909664, 0.90303373, 0.074392036]
[2.0286613, 1.021265, 0.9375606, 0.06983572]
[1.7691851, 0.5950668, 1.0972736, 0.07684471]
[1.8264188, 0.9497576, 0.79605156, 0.080609724]
[1.9204434, 0.8106344, 1.0265856, 0.08322342]
[2.039713, 0.9637916, 0.9961544, 0.07976684]
[1.8692958, 0.967953, 0.829315, 0.07202786]
[2.0990646, 1.0108187, 1.0095797, 0.07866629]
[1.8523588, 0.9682745, 0.8178484, 0.06623606]
[1.7768573, 0.88776886, 0.8088355, 0.080252856]
[2.0534647, 1.1230509, 0.8559141, 0.07449952]
[2.0412517, 0.86175984, 1.1069547, 0.072537094]
[1.9840233, 0.97320116, 0.93725, 0.0735722]
[1.9690398, 0.9020219, 0.99572456, 0.07129334]
[1.8226008, 0.8786781, 0.8697729, 0.07414985]
[2.0736833, 1.062283, 0.9403641, 0.071036205]
[1.8678335, 0.9225918, 0.8748217, 0.070419915]
[1.9882253, 1.0196388, 0.90851367, 0.060072854]
[1.886304, 1.0600904, 0.7581068, 0.068106756]
[1.8360345, 0.92297554, 0.8465928, 0.06646624]
[1.7855595, 1.0025865, 0.71519095, 0.0677821]
[1.9853997, 0.99668056, 0.91536194, 0.07335724]
[1.9342935, 0.99982476, 0.8512049, 0.08326385]
[1.8252752, 0.901787, 0.84651625, 0.07697205]
[1.9008961, 1.0231968, 0.7957438, 0.08195539]
[1.7683797, 0.79935014, 0.89762, 0.071409464]
[1.7757163, 0.8198362, 0.8707922, 0.085087925]
[1.743192, 0.8223487, 0.83464783, 0.08619541]
[1.884928, 0.9014094, 0.8966467, 0.086871855]
[1.8077096, 0.86243796, 0.8588376, 0.08643404]
[1.8634895, 0.85288846, 0.91290545, 0.09769557]
[1.9249408, 0.7213093, 1.117342, 0.08628952]
[1.9512631, 0.93701047, 0.92797196, 0.0862807]
[1.882194, 0.87017655, 0.91990954, 0.092108056]
[1.7885723, 0.9180743, 0.77867603, 0.09182197]
[1.8961147, 0.8813677, 0.9306072, 0.08413986]
[1.8181995, 0.7541089, 0.9748804, 0.08921014]
[1.8484167, 0.7640811, 0.99858177, 0.08575379]
[1.8455027, 0.927957, 0.8269841, 0.09056161]
[2.036939, 1.0707774, 0.8779315, 0.08822997]
[1.8642662, 0.79823875, 0.9866331, 0.07939439]
[2.1613486, 0.95143324, 1.1160548, 0.093860686]
[1.9294511, 0.9675848, 0.86982477, 0.09204163]
[1.7663757, 0.79809666, 0.8929246, 0.07535444]
[1.8601575, 0.7300077, 1.0469314, 0.08321829]
[2.0012875, 1.1246729, 0.795473, 0.08114152]
[1.9134576, 0.7885102, 1.0486507, 0.07629667]
[1.9989334, 1.07075, 0.8468752, 0.08130828]
[1.9328786, 0.89936554, 0.95564187, 0.07787119]
[1.9239062, 0.98655105, 0.8655264, 0.07182868]
[1.9621432, 0.9726609, 0.92080796, 0.06867427]
[1.8870064, 1.0134041, 0.8002338, 0.07336841]
[1.8494343, 0.965189, 0.81218135, 0.07206388]
[1.976366, 0.9896121, 0.9118568, 0.0748972]
[1.7410482, 0.7205812, 0.94944954, 0.071017504]
[1.8931247, 1.0437546, 0.76829815, 0.08107201]
[2.0385594, 0.98273534, 0.9840702, 0.071754076]
[1.8567225, 0.9173801, 0.869902, 0.06944032]
[1.8130302, 0.7999904, 0.9380748, 0.074964955]
[1.9273524, 1.0537431, 0.7994176, 0.074191645]
[1.9410301, 0.93491143, 0.92675, 0.07936875]
[1.8643119, 0.8835525, 0.9138172, 0.06694221]
[1.8832886, 1.1655226, 0.6402004, 0.07756567]
[2.048776, 0.819617, 1.1578951, 0.071263865]
[1.8461447, 0.84789205, 0.9380442, 0.060208432]
[1.9124898, 0.85357493, 0.98690104, 0.07201375]
[1.8470409, 0.8828906, 0.894399, 0.069751225]
[1.8739303, 0.64087534, 1.1611779, 0.0718771]
[1.913886, 1.0495038, 0.7835945, 0.08078765]
[1.79656, 0.87063265, 0.8533188, 0.07260856]
[1.7981801, 0.75715005, 0.97406393, 0.066966]
[1.9338813, 0.9171809, 0.9428253, 0.073875085]
[1.8121225, 0.82222134, 0.9121926, 0.07770863]
[1.9254415, 0.8826848, 0.96401644, 0.0787403]
[1.9590474, 0.8485157, 1.032332, 0.078199744]
[1.7255484, 0.7336714, 0.9152335, 0.07664351]
[1.9710228, 0.8223657, 1.0742209, 0.07443625]
[1.972987, 0.9811516, 0.9126651, 0.079170346]
[2.0821304, 0.84806883, 1.1577698, 0.07629171]
[1.8786871, 1.016854, 0.7929994, 0.068833694]
[2.0541437, 0.914978, 1.0693929, 0.06977277]
[1.8541223, 0.9966819, 0.7947836, 0.0626568]
[1.9470063, 1.0439186, 0.83142257, 0.07166521]
[1.9749266, 0.8668467, 1.0441447, 0.063935146]
[1.9313333, 0.87385267, 0.98838085, 0.06909978]
[1.9428352, 0.92490315, 0.95606685, 0.061865184]
[1.9283521, 1.0018075, 0.8637229, 0.062821805]
[1.9048427, 0.9908244, 0.84051, 0.0735084]
[1.9579226, 0.9181837, 0.97728515, 0.062453754]
[2.1087587, 1.2272184, 0.82417727, 0.057362966]
[1.8502083, 1.0322361, 0.76726127, 0.050710864]
[1.8423537, 0.87589437, 0.9052563, 0.0612031]
[1.8260715, 0.97271645, 0.79653883, 0.05681625]
[1.8419437, 0.9406047, 0.84172237, 0.059616745]
[1.7849953, 0.8374351, 0.8834388, 0.06412141]
[1.9546456, 0.942996, 0.94067377, 0.07097584]
[2.0875802, 0.98988986, 1.0293866, 0.068303615]
[1.8579524, 1.1114354, 0.67528176, 0.07123521]
[1.9168595, 1.013196, 0.8445709, 0.059092663]
[1.917412, 1.0339227, 0.8220584, 0.06143094]
[1.9490739, 0.9228616, 0.9667947, 0.05941758]
[1.8072019, 0.86259836, 0.8863734, 0.058230214]
[1.9018955, 0.9624477, 0.8813206, 0.058127217]
[2.148693, 0.9102709, 1.1761842, 0.06223803]
[1.9127011, 0.9546331, 0.890468, 0.06759998]
[1.8709531, 0.8936257, 0.9162662, 0.06106118]
[1.936057, 0.94044405, 0.92910874, 0.06650408]
[1.8811746, 1.0653087, 0.7508283, 0.065037474]
[1.7294612, 0.7812973, 0.8832222, 0.064941585]
[1.7657992, 0.79798293, 0.9021117, 0.06570442]
[1.8692738, 0.920752, 0.87734574, 0.07117606]
[1.945109, 0.8212464, 1.0447787, 0.07908392]
[1.8797123, 0.995295, 0.8110459, 0.07337141]
[1.9226959, 0.8210742, 1.0216814, 0.079940364]
[1.9821461, 0.9636518, 0.93879336, 0.07970102]
[1.8862293, 0.8140695, 0.99384594, 0.07831384]
[1.8511045, 0.8592402, 0.91843235, 0.07343195]
[1.9248188, 1.057332, 0.79356337, 0.073923394]
[1.7604878, 0.7596203, 0.9223803, 0.07848715]
[1.9601707, 0.90408957, 0.9752495, 0.08083166]
[1.726758, 0.76892734, 0.8843075, 0.073523104]
[1.9866403, 0.9681114, 0.9330683, 0.085460685]
[1.8736227, 0.8737408, 0.91441613, 0.08546563]
[1.8673952, 0.85492826, 0.93860346, 0.07386351]
[1.9235122, 1.0573943, 0.7819599, 0.08415801]
[1.7810637, 0.73466265, 0.96493113, 0.081469886]
[1.9808928, 0.9191774, 0.9787543, 0.0829611]
[1.9299133, 0.8859568, 0.9634461, 0.08051032]
[1.7484403, 0.8400967, 0.8245592, 0.08378437]
[1.652114, 0.7478695, 0.8202151, 0.08402945]
[1.9273919, 0.9474088, 0.8840153, 0.09596772]
[1.9575052, 0.65214324, 1.2149872, 0.09037487]
[1.8671899, 1.0797353, 0.69796723, 0.08948734]
[1.9664885, 1.0513561, 0.82363975, 0.09149265]
[1.8533791, 0.93141115, 0.83528614, 0.08668185]
[1.9083301, 0.90452915, 0.9094168, 0.09438413]
[1.8510758, 0.85012245, 0.9100964, 0.09085695]
[1.9309188, 0.9695419, 0.8685874, 0.092789486]
[1.8637904, 0.8948684, 0.8887002, 0.08022177]
[1.7551762, 0.8615408, 0.8091223, 0.0845131]
[1.9895195, 1.0668615, 0.8232825, 0.099375494]
[1.8855968, 0.73572874, 1.070456, 0.079411924]
[1.9259117, 0.96647555, 0.86987317, 0.08956286]
[1.8168297, 0.845152, 0.8806666, 0.091011]
[1.8711995, 0.93991613, 0.842813, 0.088470384]
[1.8322132, 0.9084307, 0.8248164, 0.09896612]
[1.9309062, 0.98043704, 0.8512483, 0.09922084]
[1.9281882, 0.8791923, 0.9594317, 0.089564174]
[1.8964516, 0.87893, 0.9326947, 0.08482694]
[2.0490954, 0.8803307, 1.0761824, 0.09258233]
[1.9917618, 1.015409, 0.8902131, 0.08613978]
[2.029806, 0.97269964, 0.97675186, 0.080354474]
[1.9254093, 0.919686, 0.9269903, 0.07873298]
[1.980277, 0.93981266, 0.9668555, 0.073608726]
[1.9953662, 0.8707348, 1.0397441, 0.08488726]
[2.0385125, 0.9011912, 1.0648109, 0.07251045]
[1.8122422, 0.8326419, 0.9184142, 0.061186053]
[1.9973655, 0.9237292, 1.0099803, 0.06365597]
[1.8260782, 0.86760193, 0.89648575, 0.061990462]
[1.9179788, 0.79818165, 1.0501913, 0.069605775]
[1.9757074, 0.93707556, 0.9723129, 0.06631884]
[1.9140366, 0.85714304, 0.99094415, 0.065949425]
[1.9392068, 0.96179175, 0.90539455, 0.07202053]
[2.061881, 0.97083074, 1.0249045, 0.06614585]
[1.9002167, 0.9205184, 0.9174915, 0.0622069]
[1.7956125, 0.81522584, 0.9128977, 0.067488864]
[1.8065063, 0.9934855, 0.7388905, 0.074130215]
[1.9745196, 0.9546277, 0.95493543, 0.06495659]
[1.8826735, 0.95815307, 0.8534961, 0.07102446]
[1.9810507, 0.89021516, 1.0275795, 0.06325602]
[2.0587227, 1.0644615, 0.9294176, 0.06484373]
[1.9563193, 0.8963898, 0.9958173, 0.06411218]
[1.8845567, 0.87722576, 0.9440235, 0.06330739]
[1.9086426, 1.0593653, 0.7886963, 0.060581032]
[1.8597753, 0.78352165, 1.0181168, 0.05813683]
[1.890639, 0.9142119, 0.9120873, 0.06433973]
[1.9357846, 0.9555899, 0.91672146, 0.06347325]
[1.9064509, 0.86148506, 0.9827331, 0.062232748]
[1.7976906, 0.7382318, 1.0005172, 0.05894155]
[2.0000436, 1.1380291, 0.7992889, 0.06272548]
[1.9206642, 0.95393604, 0.90332687, 0.06340131]
[1.8803372, 0.8476114, 0.96268225, 0.07004359]
[1.8803344, 0.8636335, 0.95568407, 0.061016813]
[1.8297863, 0.8812866, 0.8851969, 0.06330277]
[1.9720706, 1.1539614, 0.75387263, 0.064236484]
[2.0628614, 0.9025284, 1.0969063, 0.06342666]
[1.7258486, 0.8730377, 0.7924019, 0.060408957]
[2.0009954, 0.9975021, 0.9408452, 0.062648]
[1.8905869, 0.8631853, 0.9653377, 0.062063977]
[1.8074714, 0.8254783, 0.9146209, 0.06737225]
[1.9671804, 0.90203696, 0.99714375, 0.06799972]
[1.7329936, 0.81490725, 0.85618967, 0.06189666]
[1.9269098, 0.9722924, 0.8826014, 0.072016045]
[1.9659026, 0.9895405, 0.90619886, 0.070163265]
[1.7735115, 0.64486885, 1.0617511, 0.06689151]
[1.9049587, 0.8606339, 0.96322095, 0.08110375]
[1.878782, 0.79289603, 1.0069207, 0.078965284]
[1.9406843, 1.0371714, 0.83067846, 0.07283451]
[1.7751367, 0.8832402, 0.82177806, 0.07011839]
[2.020207, 0.9821045, 0.96174884, 0.07635343]
[1.9321045, 0.9670328, 0.8920574, 0.07301423]
[1.7750955, 0.91388935, 0.79418224, 0.06702381]
[1.827035, 0.8110638, 0.94162965, 0.074341565]
[2.0150154, 0.9966466, 0.94161737, 0.07675147]
[1.9223554, 0.9247204, 0.9179875, 0.07964757]
[1.9744823, 0.9433055, 0.96451116, 0.06666563]
[1.964878, 1.1234133, 0.77894264, 0.06252207]
[1.7788856, 0.8965386, 0.81516874, 0.0671782]
[1.9066501, 0.9624147, 0.87075615, 0.073479116]
[1.9031708, 0.7922915, 1.038201, 0.07267838]
[1.7217075, 0.84121966, 0.8031766, 0.0773112]
[1.9360374, 0.82325625, 1.0350637, 0.077717446]
[1.9586798, 0.8251036, 1.0591818, 0.0743944]
[1.9104279, 1.0084783, 0.81909186, 0.08285778]
[1.9303437, 0.9401555, 0.91350967, 0.07667865]
[2.047537, 0.8970134, 1.0819311, 0.06859262]
[1.9203284, 1.0117588, 0.8302015, 0.07836808]
[1.955492, 0.860693, 1.0266981, 0.06810093]
[1.8145458, 0.9332931, 0.81499314, 0.06625953]
[1.8746462, 0.94733477, 0.85269225, 0.07461915]
[2.1102855, 0.8184257, 1.2120583, 0.079801604]
[1.7573521, 0.88815236, 0.80641866, 0.062781096]
[1.9251939, 0.9451094, 0.9056574, 0.07442696]
[1.8780893, 0.9408324, 0.8671021, 0.07015477]
[1.9308146, 1.1264248, 0.73749834, 0.06689155]
[1.867982, 0.9982226, 0.7983364, 0.07142304]
[1.7403744, 0.87175834, 0.7902198, 0.07839628]
[1.8020698, 0.9335685, 0.79130006, 0.07720122]
[1.744426, 0.8288112, 0.8327825, 0.08283228]
[1.8295366, 0.9811473, 0.7555027, 0.09288656]
[1.8769115, 0.86666965, 0.9229295, 0.08731234]
[1.9344432, 0.84385735, 1.0041691, 0.08641678]
[1.9175504, 0.976565, 0.8483063, 0.09267918]
[1.7830824, 0.840206, 0.8548589, 0.088017516]
[1.835821, 0.93318385, 0.8150502, 0.08758703]
[1.8733778, 0.9622398, 0.8239218, 0.087216176]
[2.0103433, 0.8811407, 1.0395404, 0.089662224]
[1.8990239, 0.86360145, 0.9495528, 0.085869655]
[1.9452435, 0.9061043, 0.9489169, 0.090222254]
[1.9376364, 1.1119509, 0.74404514, 0.08164041]
[1.864183, 0.88234425, 0.9055015, 0.07633717]
[1.6418225, 0.7078078, 0.854779, 0.07923564]
[1.8647864, 0.8594573, 0.9118128, 0.09351641]
[1.8090978, 0.84635633, 0.8706422, 0.092099205]
[2.053673, 0.9701457, 0.98487186, 0.09865541]
[2.0282924, 0.8754951, 1.0665584, 0.086238876]
[2.038713, 1.0570781, 0.8920537, 0.0895811]
[1.7856905, 0.81182146, 0.89640105, 0.0774681]
[2.045708, 0.9048505, 1.057848, 0.08300947]
[1.7432039, 0.8498077, 0.82148266, 0.071913466]
[1.8709104, 1.0239011, 0.7725928, 0.07441653]
[1.9536861, 0.88167715, 0.98867214, 0.08333679]
[1.6966653, 0.8110032, 0.80862105, 0.077041075]
[1.9472066, 1.0016423, 0.8614291, 0.084135175]
[1.8658866, 0.9000998, 0.88341975, 0.08236705]
[1.9567384, 1.0673119, 0.80423975, 0.085186675]
[1.9224463, 0.88994724, 0.9474902, 0.08500883]
[2.015737, 0.97356874, 0.9519212, 0.090247214]
[1.9050492, 0.92782843, 0.8954207, 0.08180006]
[1.9679496, 0.9653021, 0.90808344, 0.094564095]
[1.90108, 0.7751342, 1.0498945, 0.07605133]
[1.9558291, 1.2767458, 0.6104593, 0.06862398]
[1.9300486, 0.86114204, 0.9930163, 0.07589023]
[2.0023344, 1.1445284, 0.78581226, 0.07199379]
[1.8275126, 0.7518282, 1.0072477, 0.06843679]
[1.9811667, 0.9668406, 0.93777144, 0.07655469]
[1.7462374, 0.9577853, 0.7179164, 0.07053563]
[1.9298638, 1.0855176, 0.7693334, 0.07501282]
[1.8402208, 0.7500051, 1.0110023, 0.07921335]
[1.9474149, 1.0416641, 0.82818496, 0.07756584]
[1.8944105, 0.91962427, 0.90429205, 0.07049412]
[1.911745, 0.940945, 0.8955773, 0.07522257]
[2.025188, 1.0301764, 0.9172972, 0.07771452]
[1.8803003, 0.9644219, 0.8434057, 0.072472565]
[1.8570862, 0.86069274, 0.92662126, 0.06977229]
[1.8747257, 1.1000504, 0.700525, 0.07415019]
[1.839671, 0.77906287, 0.98728913, 0.07331909]
[1.9024138, 0.8354528, 0.99219376, 0.074767396]
[1.7712685, 0.8457379, 0.8509769, 0.074553765]
[1.8300972, 0.9597235, 0.7902942, 0.08007954]
[1.8690885, 0.78083396, 1.0090686, 0.07918593]
[1.8393364, 0.8294713, 0.92683506, 0.083029926]
[1.8747984, 0.9934448, 0.792589, 0.08876457]
[1.9377314, 0.91533256, 0.9420591, 0.08033975]
[1.7299849, 0.7496097, 0.9054979, 0.07487728]
[1.9228516, 0.78433776, 1.049558, 0.088955805]
[1.82479, 1.0679533, 0.66458404, 0.09225266]
[1.964832, 0.6937327, 1.1908013, 0.080298096]
[1.9543282, 1.1242385, 0.7389481, 0.091141626]
[1.9274899, 0.7832674, 1.0579319, 0.086290605]
[2.0262294, 1.0054879, 0.94457823, 0.07616331]
[1.8620429, 0.8722733, 0.90740454, 0.08236508]
[1.8529067, 0.8527986, 0.92322457, 0.07688354]
[2.0824294, 0.8512691, 1.1486659, 0.08249447]
[1.8472573, 0.93703735, 0.82681465, 0.083405286]
[1.7097478, 0.7038301, 0.9309789, 0.07493883]
[1.9265403, 0.91751355, 0.92151964, 0.087507084]
[2.0231633, 0.9741827, 0.96456516, 0.08441553]
[1.8119762, 0.87915677, 0.85196507, 0.08085442]
[1.8291526, 0.9594565, 0.7937703, 0.07592583]
[1.8769971, 0.91076905, 0.88444877, 0.08177937]
[2.1551545, 1.0710657, 0.9997684, 0.08432027]
[1.8991355, 0.9224992, 0.90873045, 0.067905754]
[1.9663402, 0.9415915, 0.9561148, 0.06863387]
[1.8472863, 0.8305108, 0.94446826, 0.0723072]
[2.0898151, 1.0114548, 1.0025566, 0.07580379]
[1.7950274, 0.97489655, 0.75028324, 0.06984754]
[1.9459385, 0.89796776, 0.98066914, 0.067301586]
[1.8855492, 0.97327375, 0.8386278, 0.07364767]
[1.9243013, 0.88951284, 0.96288425, 0.0719042]
[1.9225639, 0.91083837, 0.94258, 0.06914555]
[1.7942694, 0.7751279, 0.94278336, 0.076358184]
[2.020047, 0.88142526, 1.0699184, 0.06870335]
[1.7667243, 0.8580065, 0.837247, 0.07147084]
[1.8269086, 0.95783186, 0.79035103, 0.07872571]
[1.838848, 0.75169814, 1.009642, 0.07750786]
[1.8274193, 1.0485845, 0.69367146, 0.08516337]
[1.8715599, 0.9793135, 0.81724775, 0.07499861]
[1.8666693, 0.914772, 0.86853015, 0.08336718]
[1.8890704, 0.91457033, 0.8946094, 0.07989064]
[1.9115585, 1.0581398, 0.77450234, 0.07891646]
[1.9550005, 0.9520276, 0.924542, 0.078430936]
[1.8406669, 0.86433315, 0.90146506, 0.07486873]
[1.7828882, 0.896686, 0.80597234, 0.08022972]
[2.0729926, 1.010851, 0.969155, 0.0929865]
[1.8617257, 0.97657835, 0.803032, 0.08211525]
[1.8079697, 0.8925205, 0.8302695, 0.08517964]
[1.8934194, 0.964656, 0.8400935, 0.0886699]
[2.008797, 0.909618, 1.0174401, 0.08173878]
[1.928577, 0.9585118, 0.88819647, 0.08186861]
[1.7180934, 0.69950974, 0.94062424, 0.07795936]
[1.8406758, 0.96447027, 0.792694, 0.083511546]
[1.8103014, 0.81104285, 0.91556597, 0.08369267]
[1.8780226, 0.862981, 0.92304593, 0.0919956]
[1.9414983, 0.7958342, 1.0539804, 0.091683775]
[1.920115, 0.9906987, 0.8324044, 0.097011946]
[1.8635174, 0.8345412, 0.94004154, 0.08893466]
[1.8672792, 0.8725832, 0.8976221, 0.09707393]
[1.8459111, 0.93694437, 0.8142538, 0.09471302]
[1.8312964, 0.76810026, 0.96425545, 0.09894078]
[1.8592366, 0.95434433, 0.8136101, 0.09128222]
[2.019499, 0.9191587, 1.0036933, 0.09664705]
[1.8735389, 1.0638454, 0.71474934, 0.094944105]
[1.9967148, 0.667703, 1.245051, 0.08396074]
[1.8541917, 1.1568885, 0.61941886, 0.077884346]
[1.869253, 0.8148467, 0.9803656, 0.07404077]
[1.9172221, 1.0210165, 0.814268, 0.081937715]
[1.8547161, 0.7568947, 1.020742, 0.07707931]
[1.8803825, 1.0495065, 0.744665, 0.08621098]
[1.9858909, 0.97263074, 0.92740893, 0.08585115]
[1.9305247, 0.90486085, 0.9420949, 0.08356891]
[1.8872147, 0.89532727, 0.91205716, 0.079830214]
[1.8397111, 0.91515297, 0.8448348, 0.07972324]
[1.7308856, 0.7299303, 0.91927576, 0.081679635]
[1.8679149, 0.8938473, 0.889065, 0.08500269]
[1.8770792, 0.8549219, 0.94095707, 0.08120042]
[1.9659181, 1.0543644, 0.82038474, 0.09116887]
[1.7672027, 0.7870657, 0.89968926, 0.080447786]
[1.8715562, 0.7767838, 1.0079815, 0.08679076]
[2.1077936, 1.0700679, 0.95128155, 0.08644406]
[1.8187691, 0.87056166, 0.8679621, 0.08024542]
[2.004425, 0.9750968, 0.93906546, 0.09026271]
[1.696557, 0.8699019, 0.74935555, 0.07729955]
[1.8275058, 0.9679385, 0.77029204, 0.08927535]
[1.929003, 0.8025088, 1.0413775, 0.085116565]
[1.9306775, 0.97201383, 0.8679476, 0.09071617]
[1.8967248, 0.9336778, 0.8777826, 0.085264474]
[1.9133217, 0.8711576, 0.95734614, 0.08481803]
[2.0046587, 0.93857515, 0.98183745, 0.08424626]
[1.7954553, 0.7944167, 0.92610615, 0.07493241]
[1.826232, 0.986015, 0.75395477, 0.086262174]
[1.8725677, 0.96127784, 0.82817554, 0.08311427]
[1.6981401, 0.72445816, 0.88979346, 0.08388859]
[1.7975084, 0.9385022, 0.7635722, 0.09543392]
[2.036248, 0.8836254, 1.0553429, 0.097279646]
[1.871945, 0.8508079, 0.92522967, 0.09590742]
[1.7313508, 0.7543976, 0.8800584, 0.09689489]
[2.0357752, 1.0324695, 0.9140997, 0.08920603]
[2.0072646, 0.84003836, 1.0775692, 0.08965702]
[1.936849, 0.9732085, 0.8861657, 0.07747479]
[1.7883296, 0.7977793, 0.91575265, 0.0747976]
[2.0220475, 1.1018295, 0.8372818, 0.08293623]
[2.0771403, 0.71283257, 1.2827854, 0.08152242]
[1.8964138, 0.9666431, 0.851789, 0.077981755]
[1.7166218, 0.5467656, 1.0967336, 0.073122606]
[1.8910094, 0.98378015, 0.83021355, 0.07701578]
[1.9167625, 0.8189608, 1.0197743, 0.07802737]
[1.8019985, 0.9329162, 0.7971529, 0.071929306]
[1.7736902, 0.6081796, 1.0779905, 0.08752017]
[2.0109499, 1.03144, 0.89493734, 0.08457254]
[1.8709085, 0.9695248, 0.81442225, 0.08696155]
[1.9349009, 1.099169, 0.7606524, 0.07507944]
[1.9884108, 0.8081066, 1.108418, 0.07188613]
[2.063463, 0.9662089, 1.0239753, 0.07327896]
[1.941953, 0.98197055, 0.888301, 0.07168134]
[2.0726886, 1.070873, 0.9357945, 0.066020876]
[1.8404659, 0.9059604, 0.8728916, 0.061613943]
[1.882248, 0.908457, 0.9036263, 0.070164844]
[1.8769264, 0.87610316, 0.9286609, 0.0721624]
[1.8141434, 0.7558891, 0.99480027, 0.06345403]
[1.6872046, 0.81995624, 0.7916595, 0.07558892]
[1.892894, 0.9677094, 0.8352607, 0.08992389]
[1.6759596, 0.7864294, 0.80397654, 0.08555359]
[1.8147466, 0.7445563, 0.98338425, 0.086806044]
[1.896659, 0.9718322, 0.8337991, 0.09102757]
[1.780058, 0.6969429, 0.9968581, 0.08625697]
[1.908955, 0.9248855, 0.895453, 0.08861648]
[1.8452018, 0.72820807, 1.0362837, 0.08071005]
[1.7292414, 0.8589089, 0.78080773, 0.089524716]
[1.805003, 0.8271876, 0.88567233, 0.09214315]
[1.9507154, 1.0167644, 0.83724546, 0.09670554]
[2.0331144, 0.92535526, 1.0190027, 0.088756554]
[1.941621, 0.9218327, 0.93247247, 0.08731581]
[1.9618491, 0.93389714, 0.94547606, 0.08247587]
[1.8744881, 0.9237746, 0.87185264, 0.07886088]
[2.037014, 1.0746381, 0.8805167, 0.08185902]
[1.9452596, 0.9008993, 0.9738195, 0.07054083]
[1.8889832, 1.0459788, 0.7703998, 0.07260465]
[1.8511124, 0.8657799, 0.91382337, 0.07150915]
[1.823676, 0.9114728, 0.83319944, 0.07900371]
[1.9252814, 0.8872654, 0.96192294, 0.07609303]
[1.7848908, 0.87439847, 0.8346138, 0.075878456]
[1.9419571, 0.99334264, 0.8759379, 0.072676525]
[1.8476919, 0.97669625, 0.7987138, 0.07228181]
[1.8597925, 0.8404684, 0.9385253, 0.080798775]
[1.8692089, 0.85559565, 0.93494403, 0.078669205]
[1.7914426, 0.82292414, 0.89250547, 0.07601308]
[1.8939797, 1.0197048, 0.78732985, 0.08694491]
[1.9845736, 1.044666, 0.86474013, 0.07516745]
[1.9263755, 0.93859196, 0.91139716, 0.07638638]
[1.8632303, 0.8229126, 0.9581554, 0.0821624]
[1.9355096, 0.9483876, 0.90566975, 0.081452206]
[1.9699446, 0.9294251, 0.95871866, 0.081800774]
[1.9493163, 1.0541148, 0.82440543, 0.07079607]
[2.0985484, 0.92301166, 1.0994835, 0.07605322]
[1.8599535, 0.763931, 1.0179349, 0.078087665]
[1.8931262, 0.9209163, 0.9043768, 0.067833245]
[1.9381764, 0.9838056, 0.8821559, 0.07221481]
[1.876506, 0.9212997, 0.88356537, 0.071640804]
[1.8300626, 0.77768904, 0.97874224, 0.07363132]
[1.9501743, 1.0532944, 0.8193401, 0.077539764]
[1.7938719, 0.9101517, 0.80680704, 0.07691318]
[1.9152166, 0.98500293, 0.8484432, 0.081770435]
[1.7554822, 0.83780265, 0.83607256, 0.08160694]
[1.8875574, 0.791835, 1.0084352, 0.087287106]
[2.0116117, 1.06394, 0.8564192, 0.09125234]
[1.9152224, 0.89286417, 0.93956137, 0.08279676]
[1.8109938, 0.87601984, 0.84855324, 0.08642068]
[1.9003161, 0.7747316, 1.0514356, 0.074149]
[1.8818247, 1.0701324, 0.723464, 0.0882283]
[1.8867105, 0.75092256, 1.0599434, 0.07584456]
[1.9025564, 0.81138885, 1.0136285, 0.07753906]
[1.9924556, 1.1279981, 0.788187, 0.076270476]
[1.9480475, 1.0416172, 0.82985675, 0.07657366]
[1.8958358, 0.9146944, 0.90232646, 0.078814894]
[1.9741144, 0.9754416, 0.9218514, 0.07682146]
[1.9115361, 0.8962406, 0.9445268, 0.07076873]
[1.9374422, 0.818056, 1.0465381, 0.07284805]
[1.9320692, 1.0710104, 0.79218066, 0.068878226]
[1.890565, 0.9190388, 0.900602, 0.07092424]
[1.9162195, 1.0078503, 0.83835095, 0.07001823]
[2.0461583, 0.784019, 1.1890692, 0.07307008]
[1.973118, 1.0606251, 0.84800655, 0.064486414]
[1.9324338, 0.9198332, 0.94687355, 0.065727174]
[1.8138496, 0.8188451, 0.9323156, 0.0626889]
[1.9680451, 0.93491113, 0.9631955, 0.06993852]
[1.9114804, 0.7994449, 1.0392342, 0.07280129]
[1.8742726, 0.79074466, 1.012274, 0.07125393]
[1.8567266, 0.88204753, 0.9077527, 0.06692648]
[1.9073666, 1.1952306, 0.64093065, 0.07120533]
[1.872985, 1.0144138, 0.7821784, 0.076392785]
[1.8465288, 0.8750853, 0.9032431, 0.06820037]
[1.7958071, 1.0376158, 0.68561316, 0.072578184]
[1.8233503, 0.81880784, 0.9303593, 0.07418306]
[1.9258949, 0.760435, 1.0921886, 0.07327122]
[1.9490098, 0.91519725, 0.953192, 0.08062051]
[1.8898082, 0.9900893, 0.81783104, 0.08188782]
[1.8833098, 0.87040627, 0.94342244, 0.069481194]
[1.9629797, 0.8828411, 1.0057981, 0.07434049]
[1.7588154, 0.865275, 0.8146819, 0.07885848]
[1.9832587, 0.95738274, 0.94565773, 0.08021827]
[1.9163437, 0.8303119, 1.0076212, 0.07841068]
[1.7684875, 0.8403315, 0.8508307, 0.07732539]
[1.905646, 0.7897021, 1.0333817, 0.082562074]
[1.9026151, 0.934736, 0.88667655, 0.08120255]
[1.9012486, 0.92078984, 0.8995903, 0.08086836]
[1.8610812, 0.88205284, 0.89917994, 0.07984844]
[1.9340961, 0.9536851, 0.8984939, 0.08191702]
[1.9418417, 0.9421683, 0.9196147, 0.08005868]
[1.7124833, 0.7979299, 0.84636873, 0.068184696]
[1.9288576, 0.87705433, 0.96929014, 0.08251315]
[1.8441595, 0.90325415, 0.8581418, 0.08276354]
[1.6757154, 0.78036755, 0.80513096, 0.09021687]
[1.8350605, 0.92615205, 0.8196672, 0.08924113]
[2.064746, 1.1139357, 0.8576025, 0.09320763]
[1.8450817, 0.9497194, 0.8077726, 0.08758958]
[1.8409655, 1.0151585, 0.7384935, 0.087313354]
[1.9399482, 0.70288277, 1.1618474, 0.07521804]
[1.9170563, 1.1249526, 0.71694016, 0.07516366]
[1.9427183, 1.0542365, 0.803936, 0.08454573]
[1.7513208, 0.72046506, 0.94755346, 0.083302274]
[1.9404532, 1.1163218, 0.7415221, 0.08260926]
[1.795974, 0.87302375, 0.84018815, 0.08276218]
[1.9734126, 1.0497177, 0.8417021, 0.081992894]
[1.8740536, 0.7739314, 1.0091558, 0.09096643]
[2.0262268, 1.1652243, 0.7719747, 0.08902775]
[1.8851911, 0.8534863, 0.94348717, 0.088217646]
[1.9590067, 0.9588769, 0.9250761, 0.07505356]
[2.0960922, 0.94099224, 1.085212, 0.069888055]
[1.7989929, 0.99199855, 0.7380944, 0.068899915]
[1.7289287, 0.864596, 0.7844839, 0.07984881]
[2.0661182, 0.8848437, 1.0987649, 0.082509734]
[2.0669804, 1.0303695, 0.95506424, 0.081546485]
[1.9281514, 0.86945534, 0.9828634, 0.07583259]
[1.9320939, 0.9082582, 0.9505168, 0.07331887]
[1.9268241, 1.0476356, 0.7989315, 0.080257006]
[2.0225341, 0.8687129, 1.0876303, 0.06619091]
[1.9601085, 0.9096584, 0.9852437, 0.06520654]
[2.0745785, 1.0599277, 0.9508232, 0.06382769]
[1.8704693, 0.87964165, 0.92959315, 0.061234485]
[1.9273361, 0.94605756, 0.9193721, 0.061906427]
[2.1297102, 1.0023835, 1.0628822, 0.0644446]
[1.8245918, 0.8175258, 0.9508102, 0.05625569]
[1.8573933, 0.7762176, 1.0241789, 0.05699687]
[1.8622454, 0.87793714, 0.9223527, 0.061955538]
[1.8354235, 0.7757292, 0.991862, 0.067832254]
[1.8439891, 0.9522872, 0.83148015, 0.060221754]
[1.7940129, 0.6958301, 1.0412279, 0.05695486]
[1.7607043, 0.8584457, 0.8306841, 0.07157439]
[1.8285432, 0.774455, 0.98259914, 0.07148906]
[1.7293631, 0.81330913, 0.8381457, 0.07790823]
[1.9285325, 0.9186604, 0.92839956, 0.08147257]
[1.9356673, 0.80582404, 1.0557852, 0.074057996]
[1.8470955, 1.0289154, 0.74219966, 0.07598044]
[1.9213766, 0.7557772, 1.0929265, 0.072672985]
[1.9232004, 1.0637283, 0.7820275, 0.07744454]
[1.6623728, 0.83185035, 0.75893056, 0.07159185]
[1.7801716, 0.9899068, 0.7126278, 0.07763696]
[2.1685386, 0.9029707, 1.1834655, 0.082102306]
[2.0008295, 1.0783421, 0.8408323, 0.08165501]
[2.032376, 0.85942364, 1.0984515, 0.07450103]
[1.845763, 0.75851536, 1.0186498, 0.068597846]
[2.1547337, 1.0369202, 1.0370407, 0.0807729]
[1.8844336, 1.1117313, 0.70419073, 0.068511575]
[1.9066546, 0.9139222, 0.92843175, 0.064300664]
[1.6883717, 0.7815325, 0.8324247, 0.07441443]
[1.9006935, 0.8783497, 0.9461474, 0.07619643]
[2.0587556, 1.1343359, 0.84819746, 0.076222375]
[1.7666757, 0.8635818, 0.83480084, 0.068293035]
[2.0206552, 1.0938749, 0.8546282, 0.072152115]
[1.8497998, 0.88400745, 0.9005805, 0.06521182]
[1.9147109, 0.8130872, 1.0278312, 0.07379251]
[1.7556531, 1.0648053, 0.6149079, 0.07593988]
[1.9340233, 1.0221314, 0.8385562, 0.07333562]
[1.9495009, 1.0548831, 0.8163968, 0.07822098]
[1.7771132, 0.86843586, 0.83747864, 0.07119866]
[1.8810002, 0.90090907, 0.9016943, 0.07839678]
[1.82325, 0.8224008, 0.9186164, 0.0822328]
[1.8312292, 0.9982822, 0.7464881, 0.08645898]
[1.9473077, 0.9614285, 0.9003477, 0.08553152]
[1.902944, 0.9314664, 0.88648045, 0.08499701]
[1.8546985, 0.85209954, 0.91421723, 0.08838173]
[1.793451, 0.87665975, 0.8374216, 0.079369664]
[1.7157077, 0.7393821, 0.8892617, 0.0870639]
[1.8346771, 0.94172776, 0.8033064, 0.089642935]
[1.9786254, 0.84916615, 1.034283, 0.095176235]
[1.8805115, 0.970628, 0.8209386, 0.088944934]
[1.8169141, 0.93516105, 0.7907313, 0.09102173]
[1.978214, 0.9205597, 0.96888816, 0.08876607]
[1.8186067, 0.97482395, 0.7580577, 0.085725084]
[1.844217, 0.88816714, 0.8666189, 0.0894309]
[1.8298812, 0.9520763, 0.7752673, 0.102537654]
[1.8300923, 0.7702733, 0.96157223, 0.098246664]
[1.8132792, 0.7528898, 0.958929, 0.10146035]
[1.712902, 0.78787076, 0.82713556, 0.09789565]
[1.9410877, 0.70419014, 1.1281452, 0.108752415]
[1.9198232, 1.0812532, 0.7393975, 0.09917241]
[1.9788731, 0.82486814, 1.055725, 0.09828006]
[1.872344, 0.88503444, 0.8995613, 0.08774832]
[1.9915112, 0.9233086, 0.96967125, 0.09853131]
[1.827124, 0.9382047, 0.7964779, 0.0924414]
[1.6716516, 0.77930546, 0.7953119, 0.09703416]
[1.7858617, 0.79748553, 0.877457, 0.11091928]
[1.867073, 0.8834784, 0.8738725, 0.109722175]
[2.0661716, 1.1235503, 0.8505063, 0.09211503]
[1.966645, 0.7305865, 1.1451259, 0.090932555]
[1.9949622, 1.1164448, 0.78248787, 0.096029535]
[2.2046003, 0.7359824, 1.3778491, 0.090768754]
[2.0039966, 1.1793524, 0.7460648, 0.078579396]
[1.8261733, 0.813165, 0.93573284, 0.07727551]
[1.8942262, 0.96009964, 0.8618655, 0.07226093]
[1.8976258, 0.91878206, 0.90169775, 0.077145904]
[1.8067505, 0.7926098, 0.92797107, 0.08616978]
[1.919159, 0.90636456, 0.93188745, 0.08090696]
[1.8438255, 0.7449626, 1.0191274, 0.07973549]
[1.7331443, 0.81442094, 0.8436013, 0.075122096]
[1.7699405, 0.85325646, 0.83018506, 0.086499006]
[2.144677, 1.1744117, 0.87737006, 0.0928953]
[1.7675153, 0.91303325, 0.77144015, 0.08304192]
[1.8946146, 0.98731065, 0.82994723, 0.07735667]
[1.6964436, 0.7746932, 0.8370055, 0.084744915]
[1.8534051, 0.7900696, 0.97325206, 0.09008347]
[1.9650738, 1.0659769, 0.81687236, 0.08222456]
[2.066701, 0.9166874, 1.0607148, 0.08929872]
[1.9282492, 0.9019994, 0.9490682, 0.07718167]
[1.8092303, 0.84468883, 0.8808396, 0.083701864]
[1.9275863, 0.9756431, 0.863631, 0.08831221]
[1.9377272, 0.8275637, 1.0287726, 0.08139082]
[2.0033448, 0.95127714, 0.96605885, 0.08600882]
[2.033304, 1.0357845, 0.9197842, 0.07773535]
[1.8612678, 0.8897819, 0.90574336, 0.06574245]
[1.9113696, 0.90220577, 0.9302682, 0.078895584]
[1.9858816, 0.83204645, 1.0763907, 0.07744437]
[1.8381014, 0.8098426, 0.95243967, 0.07581909]
[1.8343351, 0.8906466, 0.86613184, 0.07755655]
[1.8073307, 0.81029373, 0.9182049, 0.078832075]
[1.8030123, 0.8425451, 0.8905139, 0.06995337]
[1.8115199, 0.9117638, 0.815973, 0.08378321]
[1.8064098, 0.757558, 0.9575567, 0.09129512]
[1.9891672, 0.9897886, 0.91276467, 0.08661395]
[1.8981557, 0.9770582, 0.8452168, 0.07588078]
[1.9030446, 0.94732803, 0.87491214, 0.0808045]
[1.7877827, 0.78460735, 0.91618794, 0.08698743]
[1.9397534, 1.172957, 0.68471193, 0.08208451]
[1.9180366, 0.7362895, 1.1059964, 0.075750746]
[1.9310989, 1.1886694, 0.6631536, 0.07927587]
[1.8795401, 0.8225635, 0.97471654, 0.082260035]
[1.9172444, 0.91791445, 0.9181979, 0.08113221]
[1.9647659, 0.9904107, 0.899297, 0.07505822]
[1.8941047, 0.8915915, 0.9243907, 0.078122556]
[2.1220207, 0.94366014, 1.0974147, 0.08094601]
[2.037294, 1.0222831, 0.9422623, 0.07274853]
[1.9662272, 1.0433452, 0.8474095, 0.075472474]
[1.859806, 0.8542188, 0.93720996, 0.06837717]
[1.8944147, 0.8566282, 0.9597748, 0.07801178]
[2.008081, 1.0017292, 0.934592, 0.071759626]
[1.9238348, 0.9322829, 0.92306936, 0.06848258]
[1.891392, 0.9336391, 0.8926624, 0.065090425]
[1.9966316, 1.0728748, 0.8590425, 0.06471435]
[1.8973095, 0.90145093, 0.932224, 0.06363465]
[1.8818431, 0.9296936, 0.89351356, 0.058636002]
[1.8867137, 0.9426459, 0.8776239, 0.06644394]
[2.0808203, 1.0599138, 0.95079505, 0.070111446]
[1.9293747, 0.9257325, 0.9373449, 0.06629725]
[1.8032684, 0.9506682, 0.7944477, 0.058152385]
[1.861, 0.9963943, 0.8035902, 0.061015476]
[1.9044507, 0.77641153, 1.0614115, 0.06662767]
[1.8999809, 1.0666789, 0.7684629, 0.06483908]
[1.8996449, 0.927908, 0.89957833, 0.07215862]
[1.7901541, 0.84356844, 0.87729514, 0.06929049]
[1.9338115, 0.8957933, 0.96288925, 0.07512895]
[2.066934, 1.1996114, 0.7906029, 0.07671965]
[1.8952758, 0.8098192, 1.0192351, 0.06622146]
[1.8796705, 0.9234607, 0.8914739, 0.064735875]
[1.9755722, 0.8089751, 1.096683, 0.06991408]
[1.8291072, 0.8896479, 0.87273026, 0.06672899]
[1.8986286, 1.0392966, 0.79304963, 0.06628238]
[1.8485587, 0.8254411, 0.955938, 0.06717959]
[1.8400017, 0.9470745, 0.8277265, 0.065200716]
[1.9590108, 0.9113843, 0.97516507, 0.07246153]
[1.9889019, 0.8736212, 1.036338, 0.07894267]
[1.7877285, 0.91190094, 0.8095076, 0.066319995]
[1.8698202, 0.95045626, 0.84652096, 0.07284296]
[1.9562918, 0.9609633, 0.93067825, 0.06465015]
[2.0413527, 0.9209523, 1.0489889, 0.07141143]
[1.7071457, 0.7619144, 0.88022494, 0.065006375]
[1.7384189, 0.90309286, 0.7583096, 0.07701647]
[1.7835817, 0.83115965, 0.869395, 0.083027095]
[1.9040132, 0.9626508, 0.85686773, 0.08449458]
[1.8937699, 0.97110677, 0.83784306, 0.08482002]
[1.7643161, 0.82823217, 0.85113984, 0.08494395]
[1.8332005, 0.83392686, 0.9109079, 0.08836566]
[1.756111, 0.7686056, 0.9011266, 0.08637878]
[1.9127206, 0.81848323, 0.9888948, 0.105342485]
[1.9916414, 0.9219253, 0.981518, 0.088198036]
[2.075852, 1.139041, 0.84800005, 0.088810936]
[1.7990307, 0.8482462, 0.87015146, 0.08063303]
[1.892942, 0.8682424, 0.9393333, 0.08536625]
[1.8794302, 0.96458673, 0.82772654, 0.08711682]
[2.0259926, 0.79577297, 1.1441548, 0.08606492]
[1.897789, 0.94054025, 0.8780943, 0.07915448]
[1.9128679, 0.9380675, 0.8858856, 0.08891471]
[1.8278359, 0.85452366, 0.8860775, 0.08723479]
[1.7524271, 0.82850236, 0.8487414, 0.07518345]
[2.120182, 1.1966399, 0.84031945, 0.08322268]
[1.9398966, 0.9042913, 0.95829064, 0.07731457]
[1.935706, 0.9977346, 0.85949636, 0.078475155]
[1.8551958, 0.70055485, 1.0794365, 0.07520431]
[1.796646, 0.96339524, 0.7542334, 0.07901726]
[1.8921506, 0.9958844, 0.80769557, 0.088570535]
[1.9838538, 0.9255124, 0.9813827, 0.07695866]
[1.7397715, 0.73646414, 0.9194288, 0.08387855]
[1.744411, 0.71768206, 0.9428349, 0.08389403]
[1.9137357, 0.8258187, 1.0035783, 0.08433877]
[1.8757843, 0.960817, 0.8170686, 0.09789868]
[1.8334092, 0.85799396, 0.8883549, 0.08706035]
[1.7742612, 0.81838995, 0.8610774, 0.09479381]
[1.971219, 0.8883034, 0.9901553, 0.09276019]
[1.7780768, 0.7642006, 0.9347102, 0.07916598]
[1.7419105, 0.792511, 0.8624296, 0.08696979]
[1.809713, 0.90636206, 0.8118412, 0.091509715]
[1.929395, 0.82224894, 1.012904, 0.094242]
[1.7424048, 0.9908967, 0.65160924, 0.099898934]
[1.7196354, 0.6696928, 0.9447772, 0.10516541]
[2.0024862, 1.0838766, 0.81329757, 0.10531215]
[2.0559683, 0.72951365, 1.2269737, 0.09948094]
[1.9438794, 1.1067104, 0.7506449, 0.08652395]
[1.9435998, 1.1220567, 0.7366411, 0.08490189]
[1.9024062, 0.936724, 0.87878656, 0.086895734]
[1.8933975, 0.96831906, 0.8341131, 0.09096529]
[1.8497926, 0.9513416, 0.815871, 0.08257994]
[1.9290153, 1.0141792, 0.82618403, 0.08865206]
[1.7488868, 0.86727786, 0.7961603, 0.08544879]
[2.0079994, 1.0510015, 0.8701482, 0.0868497]
[1.9410805, 0.8480633, 1.0097086, 0.08330856]
[2.019784, 1.0325027, 0.90914, 0.07814121]
[1.9690814, 0.93929136, 0.94776386, 0.08202619]
[1.8554798, 1.0975502, 0.6821679, 0.075761765]
[1.9539618, 0.9088532, 0.96647763, 0.07863101]
[1.7932595, 0.8857231, 0.82655126, 0.080985196]
[1.8800718, 0.83635664, 0.963626, 0.08008905]
[1.842885, 0.92048395, 0.83942634, 0.082974635]
[1.9539146, 0.9438361, 0.93585443, 0.0742241]
[1.9431646, 0.91367495, 0.9493006, 0.08018902]
[1.9638623, 0.9116732, 0.9735867, 0.07860239]
[1.9415376, 0.8225819, 1.0404018, 0.07855396]
[1.8487716, 0.85098565, 0.91757065, 0.08021521]
[2.0766258, 1.0683451, 0.92553043, 0.08275039]
[1.8985908, 0.829547, 0.9909184, 0.07812554]
[1.9118843, 0.9344895, 0.8984818, 0.07891303]
[1.94883, 0.8145491, 1.058428, 0.07585284]
[1.8800724, 0.7983922, 1.0062871, 0.07539306]
[1.9481868, 0.9096312, 0.96225864, 0.0762969]
[2.0452588, 1.0072773, 0.96638244, 0.07159901]
[1.910083, 0.80951214, 1.0300899, 0.0704811]
[1.912805, 0.97446, 0.85785615, 0.08048877]
[1.8790962, 0.9572783, 0.8500331, 0.07178477]
[1.8812491, 0.92544955, 0.88606715, 0.06973228]
[1.924605, 0.893036, 0.9511979, 0.08037104]
[1.857867, 0.9207846, 0.8631012, 0.073981255]
[1.8989024, 0.76538604, 1.0555923, 0.07792407]
[1.8992109, 0.9169917, 0.9084803, 0.07373899]
[1.741708, 0.8434196, 0.8184861, 0.079802334]
[1.8205944, 0.72267234, 1.0142885, 0.083633505]
[1.8923564, 0.9400129, 0.8708154, 0.081528194]
[1.9986275, 1.0564129, 0.8604244, 0.08179021]
[1.9972211, 0.870666, 1.0508397, 0.07571539]
[1.9858578, 0.984309, 0.9214646, 0.08008422]
[1.939608, 1.0128932, 0.8586026, 0.0681122]
[1.729067, 0.8468333, 0.81244814, 0.06978553]
[1.7701441, 0.7404269, 0.95501006, 0.074707106]
[2.0108342, 1.0261745, 0.9068113, 0.077848315]
[2.0658283, 0.9372357, 1.0593364, 0.06925623]
[1.8571273, 0.9395224, 0.84677255, 0.070832334]
[2.0016246, 0.95796144, 0.9697983, 0.07386491]
[2.0870707, 0.96542203, 1.0520971, 0.06955171]
[1.9560113, 1.1764275, 0.71310264, 0.06648107]
[1.8905368, 0.88908756, 0.9404827, 0.06096647]
[1.8502907, 0.8257702, 0.961627, 0.06289355]
[1.9677294, 0.9559028, 0.94487, 0.06695664]
[1.8565847, 1.0525885, 0.74169576, 0.06230045]
[2.0117786, 0.9665146, 0.97654724, 0.06871674]
[1.9140949, 0.9439206, 0.90676486, 0.06340943]
[1.95672, 0.9880392, 0.9035102, 0.06517069]
[1.9019952, 0.88851845, 0.94690305, 0.066573665]
[1.9457409, 0.8206308, 1.0654119, 0.059698276]
[1.8412185, 0.9374678, 0.8445925, 0.059158057]
[1.9013319, 0.99074894, 0.8441318, 0.06645108]
[1.9724437, 0.9056435, 1.0016743, 0.065125875]
[1.8639607, 0.92095256, 0.8775705, 0.065437734]
[1.9358977, 0.87128043, 1.001075, 0.0635422]
[1.8900094, 0.9928359, 0.841355, 0.0558185]
[1.9667256, 0.94077814, 0.9638842, 0.062063195]
[2.0383632, 0.779817, 1.1938759, 0.064670354]
[1.9695295, 1.0849798, 0.8253956, 0.059154138]
[1.8961014, 0.7615407, 1.0711242, 0.06343634]
[1.8629452, 1.0633531, 0.7434716, 0.05612053]
[1.8631133, 0.9101247, 0.8897908, 0.06319771]
[1.7768632, 0.87489533, 0.8388763, 0.06309168]
[1.8310145, 0.7499634, 1.0072393, 0.07381176]
[1.9912393, 1.0429075, 0.87653047, 0.071801394]
[1.9097376, 0.80063736, 1.0415848, 0.06751538]
[2.0324888, 0.9816206, 0.9803532, 0.07051514]
[1.9487062, 1.0279021, 0.8557688, 0.065035164]
[2.1096442, 0.99009293, 1.0551366, 0.064414725]
[1.9228195, 0.947753, 0.9156653, 0.05940113]
[1.8071914, 0.9113355, 0.83470714, 0.061148636]
[1.7739769, 0.9062099, 0.8026696, 0.065097496]
[2.0718799, 1.133531, 0.8643968, 0.073952116]
[1.998915, 0.99573123, 0.93589896, 0.06728476]
[1.8699515, 0.8963115, 0.9100591, 0.06358089]
[2.001145, 0.9371685, 0.99421185, 0.069764495]
[1.9255162, 0.77371764, 1.0839739, 0.06782477]
[1.9370334, 0.9250417, 0.951359, 0.06063275]
[1.9469042, 0.9684583, 0.9238632, 0.0545827]
[1.8633204, 1.0250708, 0.7744516, 0.063797906]
[2.0278432, 0.9159934, 1.0437696, 0.06808014]
[1.931039, 1.034518, 0.8339315, 0.0625895]
[1.921336, 0.8784536, 0.9854889, 0.05739351]
[1.8813466, 0.9578927, 0.85962784, 0.063825935]
[1.8856792, 0.6854042, 1.1441425, 0.05613251]
[1.9735296, 0.96499056, 0.9480704, 0.060468733]
[2.0028894, 0.8597292, 1.0813298, 0.061830312]
[1.6648318, 0.7597678, 0.84845924, 0.056604717]
[1.997242, 1.05437, 0.87375784, 0.06911406]
[1.8729006, 0.90638614, 0.9020387, 0.064475745]
[1.9557652, 0.8842894, 1.0073086, 0.06416722]
[1.9750284, 0.9088603, 1.0087621, 0.057405945]
[1.8635916, 0.97822714, 0.8219172, 0.06344722]
[1.8124613, 0.9791105, 0.7714904, 0.0618604]
[2.0268424, 0.9526806, 1.011653, 0.06250884]
[1.9587604, 0.9118107, 0.98601, 0.060939685]
[1.8815801, 0.9292955, 0.89250195, 0.059782777]
[1.9270723, 0.87562275, 0.98806584, 0.06338367]
[1.8763657, 1.0104935, 0.80553824, 0.060334023]
[1.8790996, 0.9632397, 0.86071026, 0.055149503]
[1.8600544, 0.9605695, 0.8326155, 0.06686938]
[1.6856427, 0.9718551, 0.6446767, 0.06911088]
[1.9220569, 0.97796506, 0.8716166, 0.07247516]
[1.9516933, 0.87025595, 1.0111096, 0.0703278]
[1.7620039, 1.0571561, 0.6351371, 0.06971067]
[1.807354, 0.9223418, 0.8095248, 0.07548732]
[1.7933695, 0.9659368, 0.75651884, 0.070913956]
[2.0583105, 0.8277174, 1.15289, 0.07770312]
[2.0833387, 1.1465666, 0.86417025, 0.07260168]
[1.9696349, 0.78123397, 1.1148679, 0.07353294]
[1.8849069, 1.0006874, 0.8154192, 0.06880033]
[1.8197589, 0.99395156, 0.75123906, 0.0745683]
[1.9173743, 1.0110164, 0.82653093, 0.07982695]
[1.795742, 0.9643843, 0.7606238, 0.07073389]
[1.6984253, 0.8794442, 0.7514074, 0.067573756]
[1.8771182, 0.9414423, 0.85504884, 0.080627084]
[1.9732934, 0.9912705, 0.90751314, 0.07450971]
[1.9813257, 0.9756698, 0.93269134, 0.072964534]
[1.8912774, 0.84959203, 0.97117144, 0.070514016]
[1.8445828, 0.9278997, 0.8467628, 0.06992032]
[1.9319365, 1.0524569, 0.8056414, 0.073838234]
[1.8168496, 0.6456959, 1.105755, 0.06539871]
[1.8963404, 0.96313775, 0.8547267, 0.07847597]
[1.7337725, 0.6963516, 0.96555465, 0.071866214]
[1.9388528, 0.9367067, 0.9193189, 0.082827106]
[1.8873165, 0.6332273, 1.1794825, 0.07460666]
[1.7739472, 0.8918272, 0.8089136, 0.073206395]
[1.8846875, 0.8529669, 0.9537228, 0.07799779]
[1.9224683, 1.003588, 0.8304106, 0.08846977]
[1.9409012, 0.84316987, 1.0163468, 0.08138459]
[1.7766476, 0.89897287, 0.7880143, 0.089660436]
[1.8660687, 0.8272859, 0.95870346, 0.08007941]
[2.061925, 0.8985952, 1.0706247, 0.09270492]
[1.9155356, 0.8192749, 1.0157721, 0.08048856]
[2.2167344, 1.0682569, 1.073107, 0.07537043]
[1.8501964, 0.9563334, 0.8255937, 0.06826924]
[1.7389147, 0.7652718, 0.9056929, 0.06795004]
[1.7803719, 0.7996665, 0.90084577, 0.079859674]
[1.9518161, 0.9530514, 0.91344166, 0.08532314]
[1.8072116, 0.9403589, 0.7895029, 0.077349916]
[1.9597856, 0.86189306, 1.0147862, 0.08310629]
[1.9983219, 1.0101762, 0.9023105, 0.08583522]
[1.8520904, 0.91220224, 0.8552931, 0.08459494]
[1.8865107, 0.8311436, 0.9789536, 0.076413505]
[1.8940182, 1.0705836, 0.7446045, 0.078829944]
[2.0684824, 0.89531827, 1.0955929, 0.07757126]
[1.7843814, 0.8403597, 0.8681098, 0.075911894]
[1.774476, 0.9296125, 0.7605578, 0.08430573]
[1.8505933, 0.79683256, 0.96887326, 0.08488752]
[2.015592, 1.0182148, 0.9060802, 0.09129709]
[2.1231415, 0.9430218, 1.1017196, 0.07840005]
[1.8909309, 0.95122385, 0.8711562, 0.068550766]
[2.0438662, 0.8568682, 1.1072602, 0.07973772]
[1.9144815, 0.99840677, 0.8517408, 0.064334035]
[1.7977417, 0.81197894, 0.9157157, 0.070046976]
[1.9710426, 0.8265332, 1.0695254, 0.07498405]
[1.9282924, 0.8877239, 0.9700438, 0.0705247]
[2.0080085, 0.98507565, 0.95446575, 0.06846714]
[1.8164406, 0.8232117, 0.92904454, 0.064184316]
[1.7545475, 0.91213655, 0.77578855, 0.06662235]
[1.9074882, 0.9901681, 0.840312, 0.0770081]
[1.9391469, 0.8835083, 0.9792187, 0.07641984]
[1.7643766, 0.78120565, 0.91145587, 0.07171516]
[1.8439683, 0.7542454, 1.0153553, 0.074367516]
[1.8328952, 1.1687996, 0.58534294, 0.07875263]
[1.8903973, 0.83778775, 0.9735443, 0.0790653]
[1.8255827, 1.0682106, 0.66428995, 0.09308224]
[1.8486552, 0.7139727, 1.0451037, 0.08957887]
[2.1224604, 1.1636174, 0.87132394, 0.08751927]
[1.9087105, 0.8026786, 1.0309846, 0.075047284]
[1.8478273, 0.8260561, 0.9506569, 0.07111428]
[1.8271749, 0.8750684, 0.8724703, 0.07963608]
[1.9057407, 1.0792897, 0.7427964, 0.08365461]
[1.8840357, 0.8926699, 0.9082469, 0.08311887]
[1.942205, 0.8156193, 1.0421419, 0.08444381]
[1.8360026, 0.9632616, 0.79857385, 0.07416719]
[1.9463414, 0.93751305, 0.92485535, 0.08397308]
[1.9685316, 0.8867768, 0.99723434, 0.084520414]
[1.7569739, 0.82658756, 0.85267293, 0.07771335]
[2.06275, 0.99011564, 0.9948648, 0.07776967]
[1.9020677, 0.8950938, 0.92903197, 0.07794194]
[1.932996, 0.95517135, 0.89708215, 0.08074258]
[2.0053625, 1.1451108, 0.7900779, 0.070173725]
[2.0130134, 0.90175843, 1.0348077, 0.07644715]
[1.8109143, 0.7726163, 0.9714354, 0.06686261]
[1.964764, 0.9853669, 0.9095092, 0.069887996]
[1.9585567, 0.87023664, 1.0138216, 0.074498475]
[1.9133784, 0.8809469, 0.9579905, 0.074440904]
[1.7973108, 0.84442663, 0.88011926, 0.07276486]
[1.8158939, 0.9274969, 0.81393015, 0.074466765]
[1.9032611, 0.81944346, 1.0039313, 0.07988636]
[1.8221253, 0.89454514, 0.8476192, 0.07996093]
[1.743293, 0.7762444, 0.8904141, 0.07663449]
[1.8684552, 0.96056724, 0.8241174, 0.0837705]
[1.9440879, 0.89778805, 0.9567692, 0.089530535]
[2.0061243, 0.8031347, 1.119498, 0.083491534]
[1.7978525, 0.82054543, 0.89769137, 0.07961573]
[1.8411497, 1.0105474, 0.754048, 0.07655431]
[2.0539315, 1.0433768, 0.9283637, 0.082191035]
[2.125741, 0.9950457, 1.0493141, 0.08138104]
[1.649617, 0.7500361, 0.8253716, 0.07420923]
[1.9866277, 1.0205593, 0.88950753, 0.0765609]
[1.9607323, 0.98229337, 0.91029567, 0.06814328]
[1.8609835, 0.80939674, 0.98092175, 0.07066504]
[1.900621, 0.91276586, 0.9071646, 0.08069058]
[1.9410336, 1.0430654, 0.8271608, 0.07080751]
[1.9462149, 1.0664605, 0.8095371, 0.07021731]
[1.8183671, 0.78186923, 0.9678025, 0.068695456]
[1.995446, 0.99848497, 0.9259994, 0.07096158]
[2.004747, 0.9924355, 0.9456395, 0.06667188]
[1.8704221, 1.1156293, 0.68457097, 0.07022196]
[1.7583373, 0.6822662, 1.0048623, 0.071208656]
[1.8305176, 0.8642254, 0.8918631, 0.074429184]
[1.9842641, 1.078543, 0.8365754, 0.06914574]
[1.8411245, 0.8709198, 0.8937613, 0.07644344]
[1.9178941, 0.9044223, 0.9342585, 0.07921336]
[1.9663281, 0.94399107, 0.9510372, 0.07129983]
[1.8488224, 0.8471308, 0.9280292, 0.073662356]
[1.9940062, 0.78332555, 1.1388061, 0.07187453]
[1.9317904, 1.0660022, 0.78861797, 0.07717009]
[1.8277274, 0.72420776, 1.0377018, 0.0658178]
[1.8339043, 0.7916769, 0.9667866, 0.075440705]
[1.9077475, 0.9921689, 0.8414453, 0.07413323]
[1.7895844, 0.7256337, 0.9811502, 0.08280054]
[2.0819838, 0.91780794, 1.0790713, 0.08510467]
[1.7831416, 0.84726363, 0.86815447, 0.06772346]
[1.82041, 0.9106257, 0.83282477, 0.07695958]
[1.9796566, 0.8699951, 1.0305722, 0.079089284]
[1.8735806, 0.9330883, 0.8648784, 0.07561385]
[1.8589373, 0.7522544, 1.0276148, 0.07906792]
[1.7925704, 0.9231218, 0.7886443, 0.0808042]
[1.8305948, 0.95328957, 0.79587674, 0.08142853]
[1.9565985, 0.95797896, 0.921756, 0.07686352]
[1.8721423, 0.8690463, 0.91923654, 0.08385947]
[1.7966888, 0.7969636, 0.9246578, 0.075067446]
