[2.022886, 1.1885884, 0.8058027, 0.028495029]
[2.04858, 0.84680873, 1.1750954, 0.026675602]
[2.0086446, 1.0796539, 0.90542626, 0.023564454]
[1.9621335, 0.9476435, 0.99167454, 0.022815468]
[1.9930456, 1.069815, 0.9024906, 0.020739889]
[1.9250867, 0.94113374, 0.9611715, 0.022781476]
[1.9566733, 1.0158501, 0.9203472, 0.020476036]
[1.9940932, 0.9666429, 1.002221, 0.02522925]
[1.9193529, 0.97270834, 0.92358124, 0.023063326]
[1.9081508, 1.0120924, 0.8740864, 0.021972075]
[1.9972366, 0.8349422, 1.1375488, 0.024745584]
[1.8787563, 1.0286708, 0.82879376, 0.021291673]
[1.917996, 0.8527794, 1.0350637, 0.030152919]
[1.9622431, 1.0654811, 0.8661921, 0.030569907]
[2.1779683, 1.0003239, 1.1439872, 0.033657312]
[1.9569721, 1.147963, 0.7832017, 0.025807435]
[1.9719963, 0.9519774, 0.9924344, 0.027584525]
[1.9518439, 0.8731451, 1.0483005, 0.030398287]
[1.9328665, 1.0355182, 0.867944, 0.029404256]
[2.031791, 0.93233895, 1.0724552, 0.026996829]
[1.852554, 0.97891015, 0.8445361, 0.02910772]
[1.9110218, 0.9151355, 0.9664868, 0.029399507]
[1.898862, 0.8453865, 1.0241432, 0.029332237]
[2.0951107, 1.2547038, 0.81091785, 0.029489016]
[2.060746, 0.8818927, 1.147765, 0.03108818]
[1.8953927, 1.0536249, 0.81503856, 0.026729224]
[1.9760044, 0.9660498, 0.9834206, 0.026533976]
[1.8994659, 0.99277794, 0.87918127, 0.027506765]
[1.9765047, 0.9245491, 1.0222331, 0.029722434]
[1.9198419, 0.9672844, 0.9251441, 0.027413517]
[1.996966, 1.0974423, 0.86967415, 0.029849598]
[1.9528879, 0.81129384, 1.1128808, 0.028713197]
[2.2044957, 1.3464637, 0.830676, 0.027355812]
[2.0196018, 0.8119019, 1.1840751, 0.023624752]
[2.060501, 1.1799061, 0.8594793, 0.021115866]
[1.9912673, 0.82054037, 1.1505384, 0.020188432]
[1.8936737, 0.96906865, 0.9058661, 0.018739]
[2.0434794, 0.87995404, 1.1429514, 0.020574149]
[2.0202308, 1.0775754, 0.92025524, 0.022400163]
[1.8935386, 0.9363527, 0.9351573, 0.022028524]
[1.9948999, 0.963812, 1.0079814, 0.023106508]
[1.9906881, 0.91735303, 1.0517197, 0.02161543]
[1.9367764, 1.0011435, 0.910704, 0.024928898]
[1.984088, 0.9386186, 1.0189147, 0.026554532]
[2.0182009, 1.0696605, 0.92290294, 0.025637392]
[2.0497997, 1.0009283, 1.0213621, 0.027509416]
[1.9109827, 1.0323335, 0.8563446, 0.022304676]
[2.0037673, 0.99190915, 0.98992574, 0.021932445]
[1.9892068, 1.0013484, 0.9620475, 0.02581094]
[1.9522717, 0.91775644, 1.0119443, 0.022571024]
[2.0050519, 0.92126775, 1.0566615, 0.027122721]
[2.0612004, 1.0499847, 0.9888046, 0.02241112]
[1.9896524, 0.9172793, 1.0499514, 0.02242155]
[2.0017512, 0.98318416, 0.99428767, 0.024279434]
[1.9885066, 1.0534362, 0.91362274, 0.021447685]
[1.9509262, 0.9241993, 1.0070574, 0.01966946]
[1.9752544, 1.0196476, 0.933243, 0.02236381]
[1.97028, 0.92274785, 1.022755, 0.024777122]
[1.9871742, 0.9703407, 0.993049, 0.023784399]
[2.014489, 0.9936676, 0.9956311, 0.025190279]
[1.9625419, 1.0092827, 0.93307126, 0.02018803]
[1.9802628, 1.0376368, 0.9206622, 0.021963893]
[1.9416173, 0.898218, 1.019506, 0.023893297]
[1.8856, 0.8992053, 0.96235, 0.024044689]
[1.910936, 0.89976984, 0.9826019, 0.028564379]
[1.925672, 0.9583081, 0.94085675, 0.02650711]
[1.969258, 0.9728844, 0.96992767, 0.026445862]
[1.9381853, 0.934126, 0.97330445, 0.030754955]
[2.015915, 1.0909818, 0.8957319, 0.029201174]
[1.9996033, 0.95828444, 1.0123631, 0.028955681]
[2.0439768, 1.0340066, 0.98343617, 0.026534026]
[1.9667478, 0.9039473, 1.0357769, 0.027023569]
[2.0068984, 1.0948768, 0.8841418, 0.027879773]
[1.966288, 0.8676451, 1.0690877, 0.02955517]
[1.9905714, 1.0306239, 0.9309472, 0.029000267]
[1.8601315, 0.80699915, 1.0243101, 0.028822144]
[1.9123914, 0.99286276, 0.89063704, 0.028891575]
[1.9022188, 0.87627494, 0.9978825, 0.028061364]
[2.0042083, 1.0778613, 0.89098233, 0.03536473]
[2.0024095, 0.99351656, 0.97814953, 0.030743476]
[1.9478893, 1.0555103, 0.8616133, 0.030765822]
[2.0561292, 0.78899467, 1.2386873, 0.028447326]
[2.0072057, 1.2018616, 0.7807925, 0.024551602]
[2.0007756, 0.8450313, 1.1304083, 0.025336057]
[1.951088, 1.1653473, 0.7609507, 0.024789946]
[2.1091018, 0.8099013, 1.2718772, 0.027323233]
[1.9650246, 1.1440866, 0.7943263, 0.026611634]
[1.9589335, 0.9795833, 0.9543055, 0.025044505]
[2.0030313, 1.0361683, 0.94051385, 0.026348958]
[2.0020325, 1.0396053, 0.93593264, 0.026494578]
[1.9824332, 0.8603699, 1.0963969, 0.025666382]
[1.9280981, 1.0058143, 0.89888823, 0.023395503]
[1.9841607, 1.0171845, 0.9411173, 0.025858827]
[1.9306747, 0.9799199, 0.91958374, 0.031170921]
[1.9133848, 0.98082364, 0.9043282, 0.02823292]
[1.8970035, 1.0150838, 0.853878, 0.028041739]
[1.9509838, 0.9164251, 1.0009193, 0.033639304]
[2.1963775, 1.2378951, 0.92617655, 0.03230591]
[2.0052803, 0.92272246, 1.058792, 0.023765774]
[1.9171112, 0.9108297, 0.9830477, 0.023233633]
[1.943183, 0.95739627, 0.9633186, 0.022468051]
[1.8927567, 1.0046444, 0.8606323, 0.027479976]
[1.9015164, 0.7798629, 1.0934627, 0.02819087]
[1.9542042, 1.1044297, 0.8220577, 0.027716767]
[1.9782013, 0.85819316, 1.0912073, 0.028800823]
[2.0022113, 0.8834048, 1.0933691, 0.02543725]
[1.9938785, 1.0771475, 0.8910627, 0.025668226]
[1.9579389, 0.94896483, 0.9819815, 0.026992517]
[1.9558043, 0.9936799, 0.93564224, 0.026482273]
[1.946756, 0.91942894, 0.99975073, 0.027576337]
[2.0725374, 1.1144348, 0.9315646, 0.026537986]
[2.0988588, 0.9840128, 1.0884534, 0.026392672]
[1.996603, 1.058688, 0.9130416, 0.02487335]
[1.9612451, 0.9235439, 1.0138814, 0.023819696]
[1.9026563, 0.9301647, 0.950871, 0.021620613]
[1.9375052, 0.99288154, 0.9202769, 0.02434684]
[1.9148685, 0.9273601, 0.9613384, 0.02616984]
[1.9514197, 0.918257, 1.0049925, 0.028170202]
[1.9661129, 0.98698825, 0.95066905, 0.028455442]
[1.9598482, 1.0499725, 0.8836422, 0.026233383]
[1.9138653, 0.9226232, 0.96294725, 0.028294798]
[2.0164075, 1.0558243, 0.9295316, 0.031051522]
[1.9743247, 1.0028789, 0.94186366, 0.02958218]
[2.042741, 0.9813955, 1.0301011, 0.03124463]
[1.8678395, 0.87007535, 0.96972567, 0.028038392]
[1.8995202, 0.94755363, 0.9177165, 0.03425003]
[1.9965024, 1.0317914, 0.92907757, 0.035633266]
[2.0139635, 0.92725754, 1.05566, 0.031045837]
[1.9556205, 1.1346445, 0.7915163, 0.029459693]
[1.9776592, 0.8939642, 1.0532647, 0.030430298]
[1.9892147, 1.0190825, 0.93869287, 0.031439245]
[1.917627, 1.003234, 0.8850566, 0.029336302]
[1.980787, 0.8734439, 1.0768424, 0.030500665]
[1.9687028, 1.0111439, 0.92772615, 0.02983271]
[2.0122924, 0.9176277, 1.0686903, 0.025974482]
[2.0317364, 1.068088, 0.9377626, 0.025885649]
[1.9500523, 0.91034657, 1.0172095, 0.022496182]
[1.9886597, 1.0292518, 0.93685746, 0.02255049]
[1.9821593, 0.9611609, 0.9948443, 0.02615409]
[1.9414805, 1.0057331, 0.90827656, 0.027470829]
[1.9358838, 0.8968404, 1.0123062, 0.026737226]
[1.9024999, 0.9718263, 0.9002569, 0.030416787]
[1.970654, 0.81427383, 1.1193974, 0.036982823]
[1.923892, 1.0962156, 0.7906813, 0.036995165]
[1.9479758, 0.72778416, 1.182518, 0.037673645]
[1.8703873, 1.0715532, 0.7620064, 0.036827676]
[1.900603, 0.82050717, 1.0458372, 0.03425877]
[1.9785529, 1.0368853, 0.90900075, 0.03266689]
[1.9633441, 0.8873034, 1.0368409, 0.03919983]
[2.0607195, 1.194381, 0.8340335, 0.03230494]
[2.0306647, 0.71309525, 1.2851095, 0.03245987]
[1.9531199, 1.161669, 0.7640866, 0.027364276]
[1.9629512, 0.89998674, 1.0357702, 0.027194224]
[1.885677, 0.970411, 0.8887604, 0.026505575]
[1.9181, 0.8771826, 1.0115225, 0.029394891]
[1.9395424, 0.9097402, 1.00003, 0.0297722]
[2.0091686, 1.0900565, 0.88483804, 0.03427401]
[1.9993695, 0.83073616, 1.1382306, 0.030402813]
[2.0079641, 1.0022672, 0.9783251, 0.027371718]
[1.9269526, 0.893178, 1.0042855, 0.029489163]
[1.8865352, 0.982535, 0.87250423, 0.03149587]
[2.0064106, 0.69958496, 1.2742724, 0.03255313]
[2.1452215, 1.4367352, 0.6784129, 0.030073442]
[2.0384398, 0.9042161, 1.1066144, 0.02760942]
[1.9455569, 1.0152197, 0.90525436, 0.025082786]
[1.9270034, 0.8881978, 1.0128138, 0.025991818]
[1.9379663, 0.9609486, 0.94919336, 0.027824396]
[2.0730708, 0.99445707, 1.0559678, 0.022646]
[1.8909755, 1.0153925, 0.84826523, 0.027317725]
[1.9328362, 0.9940872, 0.91092956, 0.027819373]
[1.9890069, 0.85463, 1.1080825, 0.02629433]
[1.9152523, 0.9922274, 0.89452827, 0.02849666]
[1.9230006, 0.9358001, 0.9568834, 0.03031711]
[2.0000708, 1.0181978, 0.94964033, 0.032232754]
[2.0263877, 0.9062381, 1.0858946, 0.03425508]
[1.984569, 1.0316468, 0.9249588, 0.027963325]
[2.0022855, 0.82506883, 1.1497581, 0.027458541]
[1.9722967, 1.000664, 0.9437442, 0.027888596]
[1.9675243, 0.9981854, 0.94342005, 0.025918797]
[1.9703308, 1.026933, 0.91638976, 0.027008135]
[2.043838, 1.0246041, 0.99347436, 0.025759658]
[1.9313226, 0.89930993, 1.0002911, 0.03172159]
[1.9598082, 1.081083, 0.8531896, 0.025535574]
[2.0215883, 1.0345902, 0.96052504, 0.026473029]
[1.9783548, 0.9495735, 1.0002227, 0.02855856]
[1.9592963, 0.9668119, 0.9669812, 0.025503244]
[1.9795531, 0.9374815, 1.0120616, 0.030009966]
[2.0233083, 1.024326, 0.9734957, 0.025486596]
[2.0085676, 0.83685714, 1.1435995, 0.028110879]
[1.919368, 1.0817639, 0.8121004, 0.02550375]
[1.9946299, 0.950424, 1.0142604, 0.029945398]
[2.041952, 1.074971, 0.9424064, 0.024574602]
[1.877012, 0.8185889, 1.0318288, 0.026594419]
[1.9350436, 0.9630575, 0.94116795, 0.030818066]
[1.9945678, 0.9630786, 1.0023572, 0.029131852]
[1.9482342, 1.0021313, 0.9196156, 0.026487207]
[1.9756548, 0.89202106, 1.0555402, 0.02809361]
[1.9860363, 1.17839, 0.7786969, 0.028949387]
[1.970281, 0.9829906, 0.95484215, 0.03244813]
[2.0034642, 0.93640935, 1.0376681, 0.029386668]
[1.9543189, 1.0380822, 0.88903356, 0.0272031]
[2.0364177, 0.94076574, 1.0687773, 0.026874684]
[1.949753, 1.0139875, 0.9093226, 0.026442904]
[1.9604778, 0.96777046, 0.9648845, 0.027822897]
[1.8698211, 0.7881634, 1.0528507, 0.028806888]
[1.9154484, 1.1036808, 0.78244054, 0.029327076]
[1.9867843, 0.86366963, 1.0929141, 0.030200642]
[2.0132418, 0.9817482, 1.0039167, 0.02757683]
[1.8643725, 1.0330665, 0.80095655, 0.030349491]
[1.9789563, 0.94214404, 1.007911, 0.02890129]
[2.0056438, 0.96607304, 1.0108702, 0.028700609]
[1.991287, 1.0507209, 0.91232324, 0.028242826]
[2.025523, 0.9586332, 1.0388582, 0.02803149]
[1.987806, 0.9582839, 1.0014579, 0.02806415]
[1.9276823, 1.0089676, 0.89207983, 0.026634816]
[2.0351775, 1.0100318, 0.99697447, 0.028171372]
[2.0308337, 0.94585633, 1.0551711, 0.029806158]
[1.8904755, 0.91339225, 0.95146364, 0.0256196]
[1.9185675, 0.9061325, 0.98356414, 0.02887099]
[1.9969587, 1.0336589, 0.93103683, 0.032263026]
[1.9590887, 0.9803794, 0.9490515, 0.029657736]
[2.0339918, 0.9592188, 1.0448688, 0.029904049]
[1.9796052, 1.095809, 0.8567166, 0.02707959]
[1.9404911, 0.8979182, 1.010678, 0.031894796]
[2.0452979, 1.0572108, 0.9587774, 0.029309455]
[1.997289, 0.9399382, 1.0299635, 0.027387284]
[1.9108285, 1.003051, 0.8803666, 0.027410815]
[1.8531437, 0.9405215, 0.8822204, 0.03040181]
[2.173222, 1.0899068, 1.0521463, 0.031168932]
[1.9711877, 0.9992204, 0.9439914, 0.027975973]
[2.0555592, 1.0310767, 0.99891293, 0.025569467]
[2.0047414, 1.0262463, 0.95108956, 0.0274055]
[1.969173, 0.960835, 0.9809488, 0.02738918]
[2.0110052, 1.0132747, 0.97077703, 0.026953533]
[1.9450749, 0.97828424, 0.9406061, 0.02618454]
[1.9578607, 0.9356532, 0.99353623, 0.028671265]
[1.934393, 1.0491726, 0.858793, 0.026427358]
[1.9728473, 0.9566412, 0.99215907, 0.024047]
[1.9665555, 0.95072067, 0.989174, 0.026660766]
[1.8942575, 0.91722983, 0.9499593, 0.027068391]
[1.9798328, 1.0002054, 0.9518371, 0.027790163]
[1.9410186, 0.96390355, 0.9412245, 0.0358906]
[2.036426, 1.0644648, 0.944391, 0.027570345]
[2.0211737, 0.93573195, 1.0542732, 0.031168446]
[2.0948966, 1.1683263, 0.90045905, 0.026111439]
[1.9812362, 0.93307924, 1.0226463, 0.025510706]
[1.928859, 0.8896768, 1.0148718, 0.024310388]
[1.9091393, 1.0218674, 0.8637799, 0.023491967]
[2.0248384, 0.9320941, 1.0683844, 0.02436002]
[1.9615072, 1.0565737, 0.8815577, 0.02337571]
[1.8841529, 0.8618437, 1.0000708, 0.02223833]
[2.0779853, 0.99583894, 1.05554, 0.026606418]
[1.9911263, 0.992938, 0.9761943, 0.02199405]
[1.9731268, 0.86950636, 1.0813758, 0.022244569]
[1.92417, 0.9154222, 0.98633116, 0.022416573]
[1.8355856, 0.90774477, 0.90098906, 0.026851742]
[1.8795419, 0.88009244, 0.9710318, 0.02841758]
[1.9072983, 0.90513206, 0.9713641, 0.030802289]
[1.9343736, 0.9437728, 0.9597429, 0.030857978]
[2.0021603, 1.0032488, 0.9655613, 0.033350315]
[2.0604682, 0.9398781, 1.09186, 0.02872983]
[2.066457, 1.0614192, 0.97449356, 0.030544268]
[1.9468762, 0.92820233, 0.99352056, 0.02515325]
[2.0205085, 1.1039165, 0.8871703, 0.029421683]
[2.0649836, 0.96082896, 1.0794578, 0.02469691]
[1.9560555, 0.964874, 0.96852183, 0.022659663]
[2.0111458, 1.0442753, 0.9404112, 0.026459256]
[1.8978243, 1.0257105, 0.84791243, 0.024201445]
[1.9295007, 0.86639345, 1.0343748, 0.028732415]
[1.997423, 0.98441356, 0.9840165, 0.02899297]
[1.91786, 0.9931181, 0.8981923, 0.026549576]
[1.9355787, 0.94416714, 0.96512294, 0.026288677]
[1.9520649, 0.9320102, 0.98950136, 0.030553307]
[2.0309632, 0.98688924, 1.0174847, 0.026589118]
[1.8704997, 1.0356374, 0.8034069, 0.03145537]
[1.927523, 0.9790902, 0.9169804, 0.031452417]
[1.9129591, 0.86917806, 1.0120208, 0.03176019]
[1.8271363, 0.9778094, 0.8154433, 0.033883568]
[1.9181222, 1.0392153, 0.84044266, 0.038464144]
[2.0833895, 1.0413237, 1.0078199, 0.034246013]
[1.8628585, 0.9906856, 0.8384247, 0.03374823]
[2.1460593, 0.96029556, 1.1550553, 0.030708611]
[2.0110815, 1.0548618, 0.930188, 0.026031675]
[2.071985, 1.0804746, 0.96651673, 0.02499374]
[1.9666109, 1.0075476, 0.9356036, 0.023459729]
[1.961902, 1.0022717, 0.93527156, 0.02435889]
[1.9792683, 0.86874056, 1.0879939, 0.022533944]
[1.9125719, 0.9402893, 0.94997007, 0.022312578]
[1.960707, 0.8301099, 1.1074333, 0.023163756]
[2.019444, 1.2220228, 0.7721906, 0.02523055]
[1.8753668, 0.7173616, 1.139475, 0.018530237]
[2.0268943, 1.0883977, 0.9154913, 0.023005337]
[1.9165299, 1.0354567, 0.8567545, 0.02431869]
[2.0494652, 0.8246154, 1.1980067, 0.026843127]
[2.0353136, 1.0196865, 0.9891256, 0.026501577]
[2.0442986, 1.0722895, 0.94897664, 0.02303265]
[2.02888, 1.0331094, 0.97010297, 0.025667533]
[1.974092, 0.9836801, 0.9674618, 0.022950063]
[2.0595975, 1.0391465, 0.9991758, 0.02127509]
[1.9176248, 0.9255201, 0.9702744, 0.021830302]
[1.905782, 0.9517505, 0.92959857, 0.024432864]
[1.993883, 1.0062385, 0.95877606, 0.028868519]
[1.943411, 1.0040883, 0.91251516, 0.02680755]
[1.8852959, 0.8451454, 1.0131866, 0.026963979]
[1.915615, 0.9068925, 0.9805361, 0.028186448]
[1.8458867, 0.9403189, 0.87199616, 0.033571765]
[1.985123, 0.8988698, 1.0528741, 0.033379197]
[1.9145914, 1.1027482, 0.77959585, 0.032247465]
[1.9762102, 0.8524618, 1.08864, 0.035108417]
[1.9723663, 1.0893512, 0.85103935, 0.031975765]
[1.9117451, 0.86252964, 1.0152693, 0.03394615]
[1.9985647, 0.90650195, 1.05343, 0.03863286]
[2.006097, 1.0007354, 0.9733193, 0.032042477]
[1.939334, 0.8717684, 1.0344281, 0.033137478]
[2.0521717, 0.897488, 1.1210825, 0.033601284]
[1.999945, 1.0475707, 0.9182117, 0.03416262]
[2.0208087, 0.8093858, 1.1783003, 0.033122603]
[1.9752073, 1.1372616, 0.80720115, 0.03074456]
[1.9153888, 0.9067129, 0.9767635, 0.031912506]
[1.8718053, 0.8962897, 0.9444337, 0.031081887]
[2.0540993, 0.9251634, 1.0960157, 0.03292001]
[2.005118, 0.967294, 1.0045016, 0.03332238]
[2.0503666, 1.2118343, 0.81167316, 0.026859153]
[1.9320611, 0.8234289, 1.0815176, 0.027114458]
[1.9389962, 0.9874616, 0.92468727, 0.026847187]
[1.9404881, 0.9015169, 1.0098159, 0.029155247]
[1.911433, 1.0887381, 0.79458314, 0.028111722]
[2.0332599, 0.89713013, 1.106398, 0.029731695]
[1.933316, 0.94646883, 0.9588275, 0.028019648]
[1.9823611, 0.9049623, 1.0496931, 0.02770567]
[1.8262002, 0.96537495, 0.8360555, 0.02476973]
[1.9561282, 0.86889905, 1.0557815, 0.031447772]
[2.0913084, 1.0610087, 0.998085, 0.03221467]
[1.9270566, 0.9018699, 0.9936633, 0.03152333]
[2.085834, 1.049675, 1.0067863, 0.029372778]
[1.9582802, 1.0129284, 0.918652, 0.026699878]
[1.9472837, 0.92390287, 0.9922103, 0.031170607]
[2.041538, 1.1168439, 0.8937437, 0.03095024]
[1.997393, 0.9401703, 1.0305207, 0.026702069]
[1.953093, 1.0147965, 0.90841293, 0.029883672]
[2.0688658, 0.9822502, 1.0578187, 0.028797027]
[1.9870087, 0.9793371, 0.97969604, 0.027975608]
[1.9341902, 0.95613277, 0.95224094, 0.025816437]
[2.0420644, 0.9895146, 1.0251821, 0.027367808]
[1.9571183, 1.0502303, 0.8796185, 0.027269477]
[1.9364256, 0.93018985, 0.9819001, 0.024335664]
[1.9352254, 0.97046566, 0.9386201, 0.026139561]
[1.9795864, 1.0106936, 0.94127035, 0.027622495]
[1.9128791, 0.91737825, 0.9685899, 0.026910951]
[1.9384954, 0.8042753, 1.1061201, 0.028100058]
[1.9277717, 0.99017406, 0.907392, 0.030205566]
[2.0607796, 1.0447383, 0.98444724, 0.031593986]
[1.9813312, 0.97903514, 0.96875215, 0.03354399]
[1.9140853, 0.8466816, 1.0374497, 0.02995392]
[1.9991243, 1.086052, 0.885054, 0.028018303]
[1.9597062, 0.83701956, 1.0921407, 0.030545892]
[1.9532404, 0.9624504, 0.96164346, 0.029146522]
[1.9790562, 1.0281216, 0.92171186, 0.029222878]
[1.944682, 0.9426785, 0.97035336, 0.03165013]
[2.0411272, 0.8412404, 1.1656687, 0.034218177]
[1.9976128, 1.2787058, 0.68799657, 0.030910324]
[1.9876653, 0.7758417, 1.1806507, 0.031172879]
[1.9158084, 1.0978258, 0.7897568, 0.028225882]
[2.0169344, 0.83928335, 1.1521602, 0.02549076]
[1.9756746, 1.104926, 0.84410787, 0.026640745]
[1.9357415, 0.8674613, 1.0434092, 0.024871048]
[1.9618222, 0.8960909, 1.0403851, 0.025346162]
[2.0190804, 0.9783823, 1.0122855, 0.028412623]
[1.8836195, 0.82104814, 1.034401, 0.02817031]
[2.0639303, 0.98930883, 1.0416427, 0.032978836]
[2.009552, 1.0495311, 0.9336101, 0.026410721]
[1.9904592, 0.92481214, 1.0384624, 0.027184766]
[1.8898766, 0.9961461, 0.86958164, 0.024148967]
[1.9502885, 0.89147645, 1.0324799, 0.026332146]
[2.0204618, 1.0615637, 0.9335938, 0.025304262]
[1.9919918, 0.8716316, 1.0937473, 0.02661287]
[1.9213336, 0.94926417, 0.94706637, 0.025003012]
[1.8790148, 0.9482786, 0.9060502, 0.024685966]
[1.9937302, 0.93561506, 1.0292442, 0.028870966]
[1.8634479, 0.9486126, 0.889572, 0.025263347]
[1.9401208, 0.8726008, 1.03823, 0.02929011]
[1.9214232, 0.9829581, 0.9094057, 0.02905939]
[1.9789268, 0.93525946, 1.0060291, 0.03763818]
[2.007995, 0.99709237, 0.9782012, 0.03270115]
[2.0681653, 1.095567, 0.94158787, 0.031010488]
[1.9068675, 0.8998889, 0.979902, 0.027076662]
[1.9559679, 1.0968094, 0.8291269, 0.030031703]
[1.9553016, 0.82635534, 1.0973179, 0.0316284]
[1.9875879, 0.96392083, 0.9937711, 0.02989605]
[1.982653, 0.9678425, 0.98324955, 0.03156107]
[2.0306897, 0.95834696, 1.0417302, 0.030612573]
[2.0717797, 1.0604278, 0.9808204, 0.03053137]
[2.0233016, 1.0546591, 0.94351846, 0.025124144]
[2.1118624, 1.2399392, 0.84857756, 0.023345793]
[1.9063004, 0.91964686, 0.9675892, 0.019064307]
[1.8359083, 0.970173, 0.8435141, 0.022221241]
[1.8889841, 1.0020963, 0.860492, 0.026395839]
[1.9013772, 0.885424, 0.99005914, 0.025894105]
[1.9178876, 0.99396443, 0.8956282, 0.028294953]
[1.8697076, 0.67049176, 1.1702427, 0.028973097]
[2.0650544, 1.2935808, 0.73812944, 0.03334419]
[2.147076, 0.7389513, 1.3784757, 0.029648922]
[2.034579, 1.2953765, 0.7135023, 0.025700374]
[1.9669185, 1.0124141, 0.92793024, 0.026574189]
[1.99506, 1.0166526, 0.9556581, 0.022749316]
[1.9724473, 0.9799062, 0.9699534, 0.022587605]
[1.9630058, 0.93987304, 0.9978645, 0.025268342]
[2.0469196, 1.0096037, 1.0145452, 0.022770695]
[1.8905253, 0.8767384, 0.9901478, 0.023639034]
[1.8901864, 0.9479265, 0.91681975, 0.025440097]
[1.964505, 0.9241693, 1.0115714, 0.028764294]
[1.9896445, 1.0040127, 0.9603104, 0.025321446]
[1.8798543, 0.98346156, 0.87186426, 0.024528455]
[1.9226207, 0.9084748, 0.9850513, 0.029094558]
[1.9272083, 0.9609419, 0.93244624, 0.03382019]
[1.9079909, 0.9198475, 0.95918155, 0.028961908]
[1.9674675, 0.9562371, 0.9773292, 0.033901222]
[1.9828417, 1.0162351, 0.9370009, 0.02960574]
[2.0577986, 0.9991003, 1.0259051, 0.03279335]
[2.0823855, 1.0897133, 0.9616523, 0.031019982]
[2.0266194, 0.9567806, 1.0414184, 0.0284204]
[1.9665545, 0.98761064, 0.9536835, 0.02526036]
[2.0094824, 0.9689197, 1.0135527, 0.027010012]
[1.9815406, 0.9671, 0.9868474, 0.027593084]
[1.9358104, 0.9378439, 0.96983194, 0.028134538]
[2.017875, 0.979716, 1.0113043, 0.026854653]
[1.8695897, 0.93723756, 0.90549606, 0.026856024]
[1.983933, 0.9200073, 1.035752, 0.028173741]
[2.0059736, 1.0676243, 0.9093997, 0.028949399]
[1.992031, 0.81833875, 1.1469585, 0.026733771]
[2.0669403, 1.2163608, 0.8254248, 0.025154661]
[1.9225447, 0.8543551, 1.0436025, 0.024587147]
[1.968637, 1.0203396, 0.9253646, 0.022932768]
[1.9536896, 0.9389423, 0.98702645, 0.027720768]
[2.0157442, 1.066858, 0.9169781, 0.03190806]
[2.0091407, 0.977804, 1.0055854, 0.025751365]
[2.020592, 0.9574351, 1.0353177, 0.027839191]
[2.0194485, 0.93577814, 1.0594064, 0.024263881]
[1.8795329, 1.0191494, 0.8352858, 0.025097754]
[1.9398435, 0.8231723, 1.0905137, 0.026157487]
[1.962276, 0.9859414, 0.9473426, 0.02899196]
[2.0047967, 0.9764454, 1.0012978, 0.027053641]
[1.9577203, 0.94020694, 0.99015796, 0.027355403]
[1.9499251, 1.1333035, 0.7915061, 0.025115367]
[1.9267393, 0.8022363, 1.0977596, 0.026743442]
[2.0072653, 0.91692877, 1.061685, 0.028651496]
[1.9719573, 0.90943366, 1.038628, 0.023895614]
[1.988861, 0.9827899, 0.979802, 0.026269034]
[1.9300295, 0.872445, 1.0298983, 0.027686194]
[1.9971644, 0.922307, 1.0451148, 0.029742625]
[2.0003657, 1.0503743, 0.91934717, 0.030644406]
[1.9938855, 0.93157226, 1.0371346, 0.025178654]
[2.0058208, 0.9419093, 1.0349008, 0.029010579]
[1.9373167, 0.9792249, 0.92977786, 0.02831383]
[1.9755123, 0.9826566, 0.96678674, 0.026068902]
[2.0597696, 0.9727741, 1.0593865, 0.027609212]
[1.9973155, 1.0849054, 0.8892915, 0.023118606]
[2.0479083, 1.0547732, 0.9730935, 0.020041524]
[1.9716506, 1.039371, 0.913349, 0.018930653]
[1.9577335, 1.0260347, 0.9120861, 0.019612705]
[1.9556571, 1.0568511, 0.88009334, 0.018712651]
[1.9661158, 0.9023868, 1.04425, 0.01947906]
[2.0010455, 1.1067709, 0.87562525, 0.01864931]
[1.9281403, 0.8841659, 1.0251292, 0.018845148]
[2.015723, 1.0337932, 0.96366584, 0.018263876]
[1.9871453, 0.9704069, 0.99997115, 0.016767316]
[1.9210386, 0.96503216, 0.93921864, 0.01678782]
[2.0098968, 1.0169227, 0.97575897, 0.017214969]
[1.9247885, 0.95194834, 0.95238495, 0.020455109]
[1.9337546, 0.98021185, 0.93615913, 0.01738354]
[1.8929647, 0.8997171, 0.97177684, 0.02147073]
[1.9727236, 1.0037322, 0.94755685, 0.02143459]
[1.9339694, 0.9316018, 0.978529, 0.023838595]
[1.9883101, 1.1045516, 0.8617055, 0.022053044]
[2.00409, 0.7616949, 1.2174633, 0.024932005]
[1.9444019, 1.2283673, 0.6959803, 0.020054178]
[2.0720978, 0.89138806, 1.1587901, 0.021919813]
[1.8940312, 0.8997595, 0.97414464, 0.020127002]
[2.0156605, 1.0606259, 0.9317831, 0.023251481]
[1.9533064, 0.853075, 1.0789431, 0.021288333]
[1.9974605, 0.95609844, 1.0191319, 0.022230119]
[1.902751, 0.92377234, 0.95783156, 0.021147002]
[1.9504219, 0.85784566, 1.071054, 0.021522319]
[1.9087338, 0.86767125, 1.020949, 0.020113647]
[1.9965451, 0.94664896, 1.0269543, 0.022941798]
[1.9254837, 0.9845054, 0.9184826, 0.022495743]
[2.036311, 0.8401561, 1.1707321, 0.025422884]
[1.9950162, 1.1533345, 0.81785274, 0.023829006]
[1.9633257, 0.9122555, 1.0306067, 0.02046345]
[1.9133365, 0.9507536, 0.94033396, 0.022248939]
[2.0480523, 1.0050173, 1.0176553, 0.025379635]
[1.9801044, 1.021709, 0.9367526, 0.021642908]
[2.005821, 1.0593014, 0.92616475, 0.020354833]
[2.0174181, 0.9222549, 1.0775745, 0.01758873]
[1.979087, 0.98402023, 0.9758097, 0.01925704]
[1.960662, 0.93903327, 1.0026014, 0.019027334]
[1.9876586, 1.0181347, 0.9491376, 0.020386392]
[1.9644803, 0.89871097, 1.0453699, 0.020399466]
[2.016101, 1.0019822, 0.99480784, 0.01931085]
[1.9089698, 0.8980535, 0.9926883, 0.018227905]
[1.9926565, 1.0401766, 0.93080366, 0.02167615]
[1.9169085, 0.8537652, 1.0443976, 0.018745616]
[2.0088017, 1.0299118, 0.95472246, 0.024167562]
[2.0256011, 0.9504161, 1.0540287, 0.02115621]
[1.9266164, 0.91211104, 0.99108833, 0.023417033]
[1.994042, 0.9714079, 1.0005436, 0.022090606]
[1.9714499, 0.8987186, 1.0477102, 0.025021072]
[1.9330702, 0.86445487, 1.047454, 0.021161266]
[2.0237966, 1.123435, 0.8793606, 0.021000773]
[2.036475, 0.9297349, 1.0828449, 0.023895174]
[1.9704331, 0.93372434, 1.0140775, 0.022631306]
[1.9539336, 0.919614, 1.0125965, 0.021723196]
[1.9825236, 0.99345875, 0.96619844, 0.022866394]
[2.0246854, 1.0849617, 0.9183113, 0.021412296]
[1.9237632, 0.996011, 0.90556264, 0.02218953]
[2.0241323, 1.0166523, 0.9850641, 0.022415936]
[1.9799453, 0.99428195, 0.96258265, 0.02308075]
[1.9794465, 1.0628138, 0.89336884, 0.023263944]
[1.9056498, 0.8230861, 1.0605954, 0.0219683]
[2.0160933, 1.1279567, 0.8627074, 0.02542916]
[1.9106977, 0.9236994, 0.9618877, 0.025110655]
[2.0858717, 1.0005597, 1.05812, 0.027192138]
[1.937817, 1.0257381, 0.8896153, 0.022463571]
[1.965059, 0.9015385, 1.03802, 0.025500583]
[2.030626, 0.9833657, 1.0236715, 0.023588866]
[1.9510419, 1.0206741, 0.90768325, 0.022684556]
[2.0494635, 1.0197628, 1.0080175, 0.02168321]
[1.9362277, 0.9006469, 1.0142777, 0.0213031]
[1.9831833, 1.0640403, 0.89637804, 0.022764882]
[1.9428116, 0.9801358, 0.9425645, 0.02011134]
[1.9921705, 1.0246766, 0.94443536, 0.023058591]
[1.9385147, 0.9106289, 1.0042437, 0.02364206]
[1.9507891, 1.0031648, 0.9240984, 0.0235259]
[1.9258767, 0.84902763, 1.0527849, 0.024064131]
[1.9829899, 0.95249724, 1.0024832, 0.028009458]
[1.9722396, 1.0090381, 0.9393413, 0.023860168]
[2.0263202, 1.0322969, 0.9715796, 0.022443855]
[1.9893132, 1.0043017, 0.9638975, 0.021113947]
[1.967498, 1.0174716, 0.92793596, 0.022090487]
[1.9839388, 0.9619111, 0.9999942, 0.02203358]
[2.0144281, 1.0874189, 0.90022975, 0.026779437]
[2.0206995, 0.99173033, 1.004525, 0.024444154]
[1.9217191, 0.97937673, 0.91796064, 0.024381647]
[1.9705894, 1.0830858, 0.8630147, 0.024488915]
[2.0738316, 0.8717011, 1.1776489, 0.02448146]
[1.958254, 1.10848, 0.82501596, 0.024758]
[1.9783249, 0.8664739, 1.0875545, 0.02429658]
[1.9282131, 0.9906783, 0.91432756, 0.023207191]
[1.9431188, 0.82201684, 1.0960953, 0.025006661]
[1.967272, 1.1329653, 0.80609596, 0.028210752]
[2.0542912, 0.8896493, 1.1385852, 0.02605668]
[1.9796072, 0.995751, 0.9591713, 0.024684908]
[1.9856573, 0.88031965, 1.081481, 0.023856737]
[2.0139956, 1.0344915, 0.9607147, 0.018789383]
[1.9806118, 0.97720313, 0.981372, 0.022036668]
[1.9453841, 0.9441397, 0.9824221, 0.01882232]
[1.899915, 0.94492155, 0.93219554, 0.022797853]
[1.9873515, 0.8721576, 1.090445, 0.024748977]
[1.8972502, 1.0419972, 0.83085716, 0.024395877]
[1.9433788, 1.008145, 0.9125484, 0.02268543]
[1.938028, 0.8492195, 1.0629684, 0.025840186]
[2.052247, 1.1206985, 0.9069159, 0.024632651]
[2.050467, 0.90253603, 1.1235406, 0.02439031]
[1.9649624, 1.0127147, 0.9278913, 0.024356294]
[1.9974059, 0.9776948, 0.9972008, 0.022510286]
[1.8689384, 0.91197693, 0.9319482, 0.025013268]
[2.041406, 0.9930685, 1.0280769, 0.020260487]
[1.8898731, 0.82616127, 1.0416191, 0.02209285]
[2.0012958, 1.0669615, 0.9121437, 0.022190511]
[2.0327573, 1.1148244, 0.8914112, 0.026521679]
[2.0306768, 0.884642, 1.1198103, 0.026224509]
[1.957984, 1.0411513, 0.8945759, 0.022256866]
[1.873085, 0.88641137, 0.9638924, 0.02278121]
[2.0547469, 1.0189404, 1.0082238, 0.02758275]
[1.9231387, 0.8921598, 1.0046582, 0.026320731]
[1.9893504, 0.8667401, 1.0961046, 0.026505725]
[1.934312, 1.055185, 0.8521854, 0.026941683]
[2.0217392, 0.7269703, 1.2683563, 0.026412617]
[2.0164914, 1.228801, 0.7635052, 0.024185061]
[1.9393075, 0.85769385, 1.0577054, 0.023908127]
[1.9573985, 1.0210361, 0.909203, 0.027159348]
[2.0789557, 0.87151134, 1.1839846, 0.023459725]
[1.988934, 1.1305494, 0.8341801, 0.024204513]
[1.9586684, 0.9078878, 1.0274415, 0.023339042]
[1.9728811, 0.9886681, 0.96068096, 0.023532027]
[1.9573077, 1.0395058, 0.89428484, 0.023517013]
[1.8714063, 0.9752341, 0.8703363, 0.025836043]
[1.8710735, 0.7964794, 1.0486355, 0.025958506]
[2.0063264, 1.1213274, 0.85785055, 0.027148485]
[1.9330667, 0.9138424, 0.9903439, 0.028880527]
[2.0347416, 0.91550833, 1.0938835, 0.02534987]
[1.9436432, 0.87426436, 1.044106, 0.025272893]
[2.1206195, 1.1070704, 0.98560345, 0.027945668]
[1.9568286, 0.9679731, 0.96387357, 0.024982026]
[2.0261416, 1.0961616, 0.9034329, 0.026547182]
[1.9557819, 0.96336734, 0.96998274, 0.022431899]
[2.0522058, 1.2506166, 0.7768469, 0.024742294]
[2.0375354, 0.848874, 1.1651605, 0.023500977]
[1.9637029, 1.1628196, 0.7812516, 0.019631647]
[1.965673, 0.90298986, 1.0411322, 0.02155086]
[1.9305593, 0.90341705, 1.0034343, 0.023708005]
[2.0360692, 1.0943469, 0.9195655, 0.022156782]
[1.8666009, 0.90846837, 0.9351392, 0.0229933]
[1.8991933, 0.9365554, 0.93775463, 0.024883296]
[1.9768493, 1.0737593, 0.8770886, 0.026001494]
[1.9672867, 0.8331438, 1.108, 0.02614295]
[1.8805679, 0.95192754, 0.90241235, 0.026228039]
[1.951949, 1.0032713, 0.92156863, 0.027108986]
[2.058979, 0.9504353, 1.0785034, 0.030040182]
[1.9552729, 0.9491272, 0.97696066, 0.029185006]
[2.0069962, 1.012016, 0.96787345, 0.027106708]
[1.9721423, 0.9629975, 0.97799134, 0.031153608]
[2.017883, 1.129689, 0.8636409, 0.024553094]
[1.9798927, 0.86603236, 1.0875155, 0.026344929]
[1.9505787, 1.0186658, 0.90212333, 0.029789627]
[1.9847797, 0.9233107, 1.0365033, 0.024965664]
[1.9090856, 0.9567175, 0.9250339, 0.027334247]
[1.9696814, 0.8544713, 1.0857451, 0.029464945]
[1.9832305, 1.106357, 0.8500689, 0.02680454]
[1.9773357, 0.921491, 1.0282215, 0.027623227]
[1.9006562, 0.991256, 0.87900656, 0.030393634]
[1.9450251, 0.8505714, 1.0614736, 0.03298011]
[2.007926, 1.043857, 0.9326108, 0.03145806]
[1.9367076, 0.7778082, 1.1264408, 0.0324587]
[2.0984359, 1.246033, 0.8205873, 0.031815585]
[1.9404639, 0.88574684, 1.0250309, 0.029686261]
[2.0973175, 1.0270057, 1.0407858, 0.029525919]
[2.033347, 0.9806158, 1.0262465, 0.026484542]
[2.017614, 1.083571, 0.9096221, 0.024420805]
[1.9920249, 0.91182727, 1.0552461, 0.024951506]
[1.961171, 1.0963514, 0.84361666, 0.0212029]
[1.9786713, 0.9377564, 1.0175155, 0.023399394]
[1.989053, 0.9486525, 1.0146258, 0.025774725]
[2.0579762, 1.0594785, 0.9743488, 0.024148963]
[1.9740691, 0.8750385, 1.0750952, 0.023935465]
[1.9368308, 1.0790431, 0.83727175, 0.020515975]
[1.9220784, 0.99685377, 0.90363157, 0.02159312]
[2.082557, 1.1004143, 0.95945543, 0.0226872]
[2.0005903, 0.8904394, 1.0858761, 0.024274878]
[1.9204172, 0.96771884, 0.92963946, 0.02305888]
[1.9395399, 0.94793284, 0.96792954, 0.023677541]
[1.965283, 1.0457087, 0.8907609, 0.028813507]
[1.9209559, 0.9670556, 0.92694515, 0.02695509]
[1.8735092, 0.9511665, 0.8930501, 0.029292576]
[2.0156786, 0.8792708, 1.1022413, 0.03416653]
[1.940157, 1.0220869, 0.89034975, 0.027720422]
[2.0681853, 1.0175374, 1.0244722, 0.026175672]
[1.904428, 0.925264, 0.9568873, 0.022276629]
[1.9917853, 0.9465691, 1.0174809, 0.027735315]
[1.9967176, 1.0534766, 0.92045593, 0.02278503]
[1.910237, 0.84976757, 1.0386088, 0.021860573]
[1.9120772, 0.9278973, 0.95858645, 0.025593538]
[1.9575045, 0.9543071, 0.97657084, 0.026626643]
[2.078783, 1.125591, 0.9277413, 0.02545074]
[2.0580611, 0.84159565, 1.1930625, 0.023402952]
[1.9379702, 0.98920965, 0.92416376, 0.024596661]
[2.003159, 0.872923, 1.1057754, 0.024460744]
[2.0034854, 1.0543469, 0.92618, 0.022958426]
[2.0707202, 0.8290177, 1.2165165, 0.025185958]
[1.9686177, 1.0558108, 0.88708854, 0.025718363]
[1.9352406, 0.9789636, 0.9326271, 0.02364995]
[1.9545552, 0.9227662, 1.0056946, 0.026094358]
[1.9761606, 0.91840464, 1.034446, 0.023310103]
[1.9027303, 0.9868482, 0.8933356, 0.022546688]
[1.9620978, 0.99850607, 0.9365004, 0.02709134]
[2.097062, 0.9969466, 1.0730944, 0.027021226]
[1.9855108, 1.0404015, 0.91821027, 0.026899073]
[1.940401, 1.0772195, 0.83706194, 0.026119642]
[1.9991542, 0.8093009, 1.1626983, 0.02715509]
[2.0097353, 1.1466471, 0.83796346, 0.0251248]
[2.1042173, 0.936133, 1.1453109, 0.022773415]
[2.009919, 1.0358272, 0.9511653, 0.022926454]
[1.9318316, 0.836668, 1.0742056, 0.020957898]
[1.980759, 1.0191061, 0.93806964, 0.023583237]
[1.8995304, 0.9151462, 0.9611005, 0.023283739]
[1.9554702, 1.0293235, 0.90327865, 0.022867998]
[1.9935865, 0.95944285, 1.0102267, 0.02391698]
[1.9776633, 1.0087805, 0.9440979, 0.024784923]
[2.0102038, 1.0145257, 0.97121507, 0.0244632]
[1.9044182, 0.9087362, 0.9744652, 0.021216901]
[2.0311935, 0.9673661, 1.0387933, 0.025034145]
[1.9864364, 1.1675612, 0.7948509, 0.024024256]
[1.9980935, 0.9415072, 1.0318146, 0.024771664]
[1.915542, 0.9616673, 0.9299474, 0.023927368]
[1.9405446, 1.0066143, 0.90870446, 0.025225934]
[1.9669513, 0.96916294, 0.9695228, 0.028265554]
[1.8746092, 0.89765716, 0.9483019, 0.028650144]
[1.911742, 1.0212929, 0.86029446, 0.03015453]
[2.0078886, 0.84504735, 1.1295242, 0.033317015]
[1.9674613, 1.1212468, 0.8168097, 0.029404908]
[1.9612185, 0.7380407, 1.1902552, 0.032922603]
[1.9061215, 1.035641, 0.8423753, 0.02810524]
[1.8408697, 0.75146127, 1.0582244, 0.031183906]
[1.9048084, 1.0034325, 0.86872804, 0.032647874]
[1.9567654, 0.7880983, 1.1399825, 0.028684642]
[2.0239236, 1.1531695, 0.84124243, 0.0295117]
[2.0238926, 0.7600733, 1.2345067, 0.029312678]
[2.1028216, 1.2431215, 0.8302672, 0.029432982]
[1.977225, 0.8504679, 1.1041546, 0.022602411]
[1.9767784, 1.0647178, 0.8865228, 0.025537848]
[1.9225698, 0.86814606, 1.0323987, 0.022024931]
[1.9519612, 0.9945357, 0.93158853, 0.025836997]
[1.9256141, 0.95489633, 0.9467447, 0.023973076]
[2.0578616, 1.0390862, 0.994043, 0.024732422]
[1.943586, 0.9879931, 0.92968404, 0.025908858]
[1.929249, 0.9385876, 0.9636047, 0.027056694]
[1.9395503, 0.9593983, 0.95010173, 0.030050196]
[1.993516, 1.0950263, 0.8692417, 0.029248005]
[1.8860394, 0.9037956, 0.9523523, 0.029891528]
[1.971648, 1.0530975, 0.8895085, 0.029042039]
[2.0404902, 0.8871492, 1.1209314, 0.03240966]
[2.1431549, 1.2144113, 0.90284693, 0.0258969]
[1.9884435, 0.88623136, 1.0765107, 0.025701381]
[1.861932, 0.93691415, 0.89727503, 0.027742863]
[1.996174, 1.0408007, 0.92952436, 0.025848977]
[1.907174, 0.89058733, 0.9887057, 0.027880996]
[1.9175614, 0.98721516, 0.9032267, 0.027119532]
[1.9932488, 0.98436886, 0.981665, 0.027214838]
[1.858849, 0.8100848, 1.0234909, 0.025273308]
[2.0405145, 0.9069425, 1.103899, 0.029673034]
[2.0055475, 0.9490099, 1.0262618, 0.030275721]
[2.0389104, 1.0975935, 0.9135554, 0.027761426]
[1.996988, 0.9908072, 0.9813109, 0.024869911]
[2.0269365, 0.9342027, 1.0680737, 0.024660189]
[1.9708818, 1.0174882, 0.929247, 0.024146557]
[2.0160604, 0.95894945, 1.0327208, 0.024390051]
[2.020198, 1.0703881, 0.9268744, 0.022935528]
[2.027217, 0.8263513, 1.1794863, 0.021379419]
[2.051365, 1.2033212, 0.82756096, 0.020482719]
[1.9829547, 1.039906, 0.92148507, 0.021563675]
[1.9507816, 0.91772366, 1.0125356, 0.020522349]
[2.0152853, 0.9209019, 1.0722339, 0.022149429]
[1.9885969, 0.94358075, 1.0259573, 0.019058784]
[1.9472473, 0.9874349, 0.938332, 0.021480363]
[1.9381504, 0.94183135, 0.9746938, 0.021625299]
[2.0703468, 1.0572876, 0.98725694, 0.025802284]
[1.9657159, 0.9715756, 0.97210664, 0.022033632]
[1.8949621, 1.0115838, 0.8608534, 0.022524882]
[1.9828051, 1.0794463, 0.8792316, 0.02412721]
[1.8877169, 0.9066879, 0.9547117, 0.026317243]
[1.9200014, 0.9866109, 0.9062041, 0.027186405]
[1.9692959, 0.93602324, 1.0048614, 0.028411288]
[1.9495702, 1.016606, 0.9041399, 0.02882429]
[1.9812499, 1.0398338, 0.9111136, 0.030302474]
[1.9291745, 0.85827154, 1.0407104, 0.030192543]
[2.0209913, 1.1475265, 0.842209, 0.03125594]
[2.0931368, 0.8667603, 1.1953037, 0.031072853]
[2.0315166, 1.0415562, 0.9643625, 0.025597788]
[2.023046, 1.0528662, 0.94578147, 0.02439833]
[1.9422001, 0.9368602, 0.9809681, 0.024371723]
[1.921625, 0.953462, 0.9422559, 0.025907125]
[1.9624387, 0.9059157, 1.0284925, 0.028030468]
[2.0359, 1.0696561, 0.9414867, 0.024757331]
[1.9909638, 0.98229146, 0.9827285, 0.02594385]
[1.9262793, 0.9023324, 0.99739635, 0.026550509]
[1.9366752, 0.98636603, 0.9256308, 0.024678314]
[1.9672738, 0.99337256, 0.94714856, 0.026752684]
[1.9613636, 0.9105217, 1.0208225, 0.030019268]
[1.9213481, 1.0154479, 0.87549305, 0.030407216]
[1.965082, 0.98136973, 0.9537798, 0.029932471]
[2.00242, 0.93272996, 1.0437949, 0.02589515]
[1.9996343, 1.0277689, 0.9414116, 0.030453844]
[2.0171702, 0.8912945, 1.0948746, 0.031001192]
[2.1187325, 1.1432947, 0.9517684, 0.02366934]
[1.9612843, 1.0232918, 0.9156992, 0.022293258]
[1.904443, 0.8423726, 1.0384432, 0.023627304]
[1.8384608, 1.0196714, 0.7939579, 0.024831451]
[2.0952845, 0.82521695, 1.2426543, 0.027413238]
[1.9065785, 1.0290644, 0.8565037, 0.021010457]
[2.1265213, 1.0654039, 1.0349565, 0.026160998]
[1.958389, 0.90646863, 1.0342152, 0.017705142]
[1.9162204, 0.9265485, 0.9730456, 0.016626336]
[1.98826, 0.99976885, 0.96933746, 0.019153768]
[1.9699807, 0.9730722, 0.97765243, 0.019256152]
[1.9567322, 0.93433666, 1.005534, 0.016861433]
[1.9754145, 0.9468297, 1.010744, 0.017840818]
[2.0130556, 1.0117991, 0.9835999, 0.01765661]
[1.9732643, 1.0371349, 0.9188273, 0.01730219]
[2.0098755, 0.9094711, 1.0811002, 0.019304158]
[1.8981974, 0.9678085, 0.91218805, 0.018200837]
[2.0426812, 1.0118315, 1.0122808, 0.018568953]
[1.9955255, 0.92910546, 1.0498683, 0.016551616]
[1.9471527, 1.0644755, 0.8639084, 0.018768828]
[1.9764771, 0.9608364, 0.99559486, 0.020045895]
[1.956762, 0.9442671, 0.9951535, 0.017341416]
[1.9880286, 1.0548187, 0.91476417, 0.018445753]
[1.9117279, 0.97089756, 0.92348534, 0.017344981]
[1.9447011, 0.9612458, 0.96422064, 0.019234695]
[1.8813974, 0.8549539, 1.0080315, 0.018411987]
[1.8746423, 0.98265433, 0.8713901, 0.020597853]
[1.9332857, 0.8956809, 1.0158906, 0.02171421]
[2.021991, 1.080774, 0.9193027, 0.021914322]
[1.9475653, 0.8326453, 1.0923581, 0.022561878]
[1.9161471, 0.96640956, 0.92653966, 0.023197915]
[1.9412488, 0.9203466, 0.99680525, 0.024096841]
[1.8965799, 0.8800478, 0.98802817, 0.028503945]
[1.9322265, 1.051136, 0.8472993, 0.033791143]
[2.01343, 0.8700882, 1.108866, 0.03447581]
[2.0718863, 0.96811163, 1.0688541, 0.034920376]
[1.937265, 0.9073505, 0.9982957, 0.03161887]
[2.026897, 1.0563142, 0.93752944, 0.03305322]
[1.9614911, 0.9848772, 0.94779825, 0.028815687]
[2.0112996, 0.99345, 0.99091333, 0.026936263]
[1.9936088, 0.9552378, 1.008194, 0.03017694]
[2.0412188, 1.0140587, 0.99819547, 0.028964436]
[1.977638, 0.9429791, 1.0084486, 0.02621026]
[1.966392, 1.1157396, 0.82587713, 0.02477527]
[2.0130346, 0.80324906, 1.1827171, 0.027068365]
[1.9575518, 1.016675, 0.91771555, 0.023161259]
[1.9506413, 0.9073732, 1.0201141, 0.023154076]
[2.0425134, 1.0159168, 1.0013856, 0.025210828]
[1.923259, 0.9322561, 0.9681076, 0.022895316]
[1.8960916, 0.94010514, 0.93258756, 0.023398826]
[1.926764, 0.9196581, 0.9839592, 0.023146626]
[1.9625587, 0.8118707, 1.1251922, 0.025495844]
[1.963329, 1.098774, 0.83614755, 0.028407443]
[2.0163074, 0.804757, 1.1823204, 0.029229995]
[1.9625181, 1.116213, 0.81928724, 0.027017958]
[1.9505597, 0.89351785, 1.031915, 0.025126986]
[2.0024939, 1.0463324, 0.92811, 0.028051421]
[2.0039566, 0.92282367, 1.0524222, 0.028710704]
[1.9722569, 1.0563698, 0.8887392, 0.027147919]
[2.11087, 1.224196, 0.8635289, 0.023144994]
[1.9796193, 0.94503653, 1.0133002, 0.02128252]
[1.9414885, 0.97980976, 0.9401536, 0.021525096]
[2.0148914, 1.0357507, 0.95914584, 0.019994635]
[1.9153211, 0.9549081, 0.9389485, 0.021464642]
[1.9714614, 0.998196, 0.95254046, 0.0207249]
[1.9837394, 0.9861479, 0.977364, 0.020227386]
[1.9916275, 0.9787765, 0.9924428, 0.020408204]
[1.934726, 1.0223063, 0.88822174, 0.024197983]
[1.9064597, 0.9444984, 0.93731916, 0.024642069]
[1.9153917, 0.9603493, 0.9283905, 0.026651844]
[2.0175781, 0.9839324, 1.0010666, 0.032579236]
[2.0078354, 1.1749222, 0.80213547, 0.030777693]
[1.997667, 0.76659524, 1.2004826, 0.03058914]
[1.98873, 1.0482279, 0.91092145, 0.029580627]
[2.0023782, 0.8106063, 1.1619674, 0.029804355]
[1.917847, 1.1075497, 0.78106356, 0.029233798]
[1.922192, 0.8079008, 1.0847485, 0.029542636]
[2.0439253, 1.0892189, 0.9214184, 0.033287957]
[1.9421529, 1.0387911, 0.8739718, 0.029390028]
[1.9211367, 0.96143067, 0.9274745, 0.032231558]
[2.0267334, 0.87211704, 1.1194499, 0.03516642]
[2.023514, 1.1432551, 0.8514179, 0.028841062]
[1.9718027, 0.86969143, 1.0746803, 0.027431]
[1.9629179, 0.9384725, 0.9957464, 0.028699078]
[1.9264687, 0.9044206, 0.99246097, 0.029587097]
[1.9151373, 0.9893249, 0.8926087, 0.033203576]
[1.9858711, 0.83843696, 1.1146373, 0.03279691]
[1.9967558, 1.2551702, 0.71284777, 0.028737795]
[1.998051, 0.5929454, 1.3784188, 0.02668684]
[1.9399257, 1.1500508, 0.76552397, 0.02435093]
[1.9744182, 0.78494275, 1.1600705, 0.029404875]
[2.0075545, 1.1077605, 0.8744454, 0.02534866]
[1.9244395, 0.9023608, 0.9939881, 0.028090559]
[1.9827303, 0.9749377, 0.9804779, 0.027314706]
[2.004648, 1.0599473, 0.9194565, 0.025244154]
[2.0236394, 0.95982814, 1.0408144, 0.022996914]
[1.9303771, 0.94882905, 0.9537877, 0.027760386]
[1.9602567, 0.83834094, 1.0913692, 0.03054658]
[1.9506209, 1.0743023, 0.8499514, 0.02636721]
[1.9564077, 0.89498675, 1.0309389, 0.030482013]
[1.9509141, 1.0472473, 0.87550336, 0.028163448]
[1.9038807, 0.8347415, 1.0368351, 0.032304198]
[1.9055778, 0.9061606, 0.9665133, 0.032903872]
[1.961602, 0.8811002, 1.0437121, 0.036789678]
[1.9851414, 1.191356, 0.7593229, 0.03446259]
[2.0167863, 0.79226255, 1.1881807, 0.036343098]
[2.0101304, 1.1938361, 0.78114676, 0.035147637]
[2.006623, 0.870525, 1.105253, 0.030845]
[1.9976907, 1.2149241, 0.75479776, 0.027968926]
[1.8797553, 0.8075924, 1.0436022, 0.028560687]
[2.0004587, 1.1694412, 0.7985745, 0.032443035]
[2.0175912, 0.76804173, 1.2167001, 0.032849334]
[2.0030885, 1.2167612, 0.75540715, 0.030920051]
[1.9730159, 0.9235319, 1.0226644, 0.02681953]
[2.009365, 1.0176933, 0.9617429, 0.029928837]
[2.0330033, 0.9363289, 1.0674152, 0.029259289]
[2.030504, 0.93124855, 1.0730128, 0.026242418]
[1.9235955, 0.97388303, 0.93005955, 0.019653017]
[1.9724474, 0.94226015, 1.0061171, 0.0240702]
[2.073852, 1.0222731, 1.0240824, 0.027496472]
[1.9792504, 1.0766797, 0.87797225, 0.02459846]
[2.0085936, 1.0068337, 0.97581184, 0.0259481]
[2.0299811, 1.005087, 0.9997923, 0.025101814]
[1.9428087, 1.0414283, 0.8807032, 0.020677224]
[1.9056586, 1.0625619, 0.81796646, 0.025130326]
[1.8375113, 0.95592445, 0.8538503, 0.02773657]
[1.9291816, 0.9114188, 0.98813266, 0.02963015]
[1.8732866, 0.9159504, 0.92306244, 0.03427371]
[1.8644165, 1.0183583, 0.8140443, 0.032013804]
[1.9221556, 0.77109253, 1.1179011, 0.03316204]
[1.9737785, 1.150386, 0.7883058, 0.035086676]
[1.9914246, 0.6714352, 1.2845163, 0.03547312]
[2.0310047, 1.3690594, 0.6258565, 0.036088802]
[2.0548549, 0.7172536, 1.3073919, 0.030209213]
[1.9462445, 1.1239169, 0.7916546, 0.030673005]
[1.9117272, 0.8628586, 1.016095, 0.03277347]
[1.979164, 0.98092175, 0.96401095, 0.034231268]
[1.958173, 0.8960878, 1.0285201, 0.033565074]
[1.9735782, 1.0371495, 0.9017894, 0.034639254]
[1.9616479, 0.9257535, 1.0008637, 0.035030723]
[1.9462754, 0.9394518, 0.9750598, 0.031763703]
[1.9965684, 0.9578438, 1.0056852, 0.03303945]
[1.9254682, 0.9923973, 0.90087485, 0.03219601]
[1.9018215, 0.76677513, 1.1006757, 0.034370717]
[1.9732406, 1.0620567, 0.8752903, 0.035893686]
[1.9889061, 0.9094731, 1.0433276, 0.03610534]
[2.0998623, 1.1484883, 0.9196019, 0.03177224]
[1.9270306, 0.7779622, 1.1192021, 0.02986627]
[1.9436675, 0.99141383, 0.92110807, 0.03114571]
[1.9762881, 1.024606, 0.9269705, 0.024711616]
[1.9072579, 0.8975176, 0.9854928, 0.024247553]
[1.8956198, 0.9910549, 0.87446296, 0.03010195]
[2.1332393, 0.90836203, 1.189234, 0.03564314]
[1.9584333, 1.0904045, 0.84061456, 0.027414214]
[1.8998413, 0.8186537, 1.0534692, 0.027718373]
[1.9974648, 1.0720171, 0.8935051, 0.031942647]
[2.0357347, 1.0430534, 0.9599748, 0.032706514]
[1.9079244, 1.0519989, 0.82929283, 0.02663277]
[2.0591588, 0.91607666, 1.1155689, 0.027513284]
[1.9600955, 1.1709801, 0.7618306, 0.027284782]
[1.9484898, 0.7927949, 1.1282697, 0.027425135]
[1.8657606, 1.0211285, 0.815137, 0.029494982]
[1.9490008, 0.98510814, 0.9346053, 0.029287364]
[1.9719373, 0.9383509, 1.0074539, 0.02613246]
[1.8919446, 0.87418103, 0.9865777, 0.03118581]
[1.9883571, 1.0024832, 0.9553436, 0.030530162]
[1.9776248, 0.9676627, 0.97880507, 0.031157069]
[2.0115697, 1.0392101, 0.94326293, 0.029096808]
[1.9828519, 0.9892896, 0.96402436, 0.029537901]
[1.9650704, 1.0316709, 0.9061161, 0.027283309]
[1.9187809, 0.905336, 0.97917783, 0.034267068]
[1.9049065, 1.0327039, 0.84187007, 0.03033251]
[1.9538755, 0.82606226, 1.099155, 0.028658405]
[2.076147, 1.1212304, 0.9236209, 0.03129578]
[1.9498631, 0.96740514, 0.9519374, 0.030520577]
[1.9915582, 0.95775723, 1.0040956, 0.029705435]
[1.9637593, 1.0609772, 0.8723409, 0.03044113]
[1.9162452, 0.8360994, 1.0467403, 0.033405542]
[2.008286, 1.0919657, 0.8840447, 0.032275613]
[1.9978694, 0.921329, 1.0450954, 0.031444915]
[2.0346255, 1.1287239, 0.8764707, 0.029430892]
[1.9356173, 0.82245827, 1.0813756, 0.031783517]
[2.0812328, 0.968362, 1.0816891, 0.031181626]
[1.8930591, 1.0062801, 0.85798895, 0.028790068]
[1.961084, 0.9626738, 0.9690627, 0.029347591]
[1.9253892, 0.988322, 0.9028782, 0.03418881]
[1.9151776, 0.8853489, 0.9964127, 0.033416055]
[1.9699727, 1.1129614, 0.8220587, 0.03495269]
[1.9377264, 0.8696236, 1.0300734, 0.03802934]
[1.9945621, 1.1304942, 0.8273446, 0.036723323]
[2.02337, 0.882644, 1.107447, 0.033278834]
[2.0535095, 1.2189473, 0.8038241, 0.030738203]
[1.9571362, 0.8475044, 1.0823581, 0.027273621]
[1.9814382, 1.1062121, 0.84568214, 0.029543856]
[1.986051, 0.9714347, 0.988153, 0.026463248]
[1.9292344, 0.9050969, 0.99505395, 0.029083632]
[2.0271204, 0.9772804, 1.0219357, 0.02790419]
[2.0020027, 0.97755945, 0.9965875, 0.027855758]
[1.9571209, 0.989919, 0.9400499, 0.027152117]
[1.986968, 0.95317566, 1.0059197, 0.027872626]
[1.9790243, 0.93766326, 1.0138144, 0.027546544]
[1.9851084, 0.87402153, 1.0859424, 0.025144426]
[1.9516968, 0.9614042, 0.96511126, 0.025181264]
[1.9483045, 0.988555, 0.93115306, 0.028596472]
[1.9211522, 0.89180994, 1.0024121, 0.026930258]
[1.9563468, 0.98847675, 0.93500817, 0.032861814]
[1.8691399, 0.89739823, 0.94117516, 0.030566465]
[1.9973509, 0.914232, 1.0500292, 0.033089757]
[1.9781034, 0.7470782, 1.1967115, 0.0343137]
[1.97832, 1.1017005, 0.8493624, 0.02725704]
[1.9785023, 0.80794466, 1.1414998, 0.029057816]
[2.0690029, 1.0999827, 0.94369555, 0.025324542]
[1.9776413, 0.93372136, 1.0187218, 0.025198173]
[1.9463191, 1.069364, 0.84982365, 0.02713155]
[1.9907669, 0.9936895, 0.9702233, 0.02685415]
[2.0650415, 0.9592293, 1.0795014, 0.026310945]
[2.022611, 1.0309725, 0.9648317, 0.0268066]
[1.9967552, 0.9942501, 0.9782592, 0.02424587]
[1.9546258, 0.9327719, 0.99577105, 0.02608284]
[2.018012, 1.0565748, 0.93306994, 0.0283674]
[1.9591745, 1.0325134, 0.90171075, 0.024950387]
[1.9916027, 1.0656455, 0.90341127, 0.022545893]
[1.9658506, 0.84289086, 1.1010945, 0.021865286]
[2.032301, 1.0453086, 0.96403825, 0.02295402]
[1.9840668, 1.0736921, 0.8884224, 0.021952221]
[1.9704956, 1.0637524, 0.8832632, 0.02348005]
[1.9515078, 0.99803543, 0.930192, 0.023280326]
[1.9504235, 0.9247608, 1.0010438, 0.0246189]
[1.8893393, 0.89318466, 0.97366667, 0.022487994]
[1.9643394, 1.0082196, 0.93211067, 0.024009097]
[1.9458946, 0.7707654, 1.150125, 0.025004182]
[1.9172238, 1.0382191, 0.8537185, 0.025286255]
[1.9470943, 0.93384254, 0.98556733, 0.027684426]
[1.9053036, 0.84072495, 1.0346729, 0.029905804]
[2.0035005, 0.9359693, 1.0393567, 0.02817449]
[1.9524179, 1.0569739, 0.86838627, 0.027057651]
[1.8649652, 0.7960293, 1.0391455, 0.029790357]
