[1.983164, 1.0501158, 0.9031109, 0.029937102]
[1.9778292, 0.9914683, 0.95725787, 0.029103098]
[1.9743171, 0.8789116, 1.0693189, 0.026086569]
[1.9373847, 0.9892335, 0.922297, 0.02585421]
[1.9602419, 0.9327338, 1.0015547, 0.025953457]
[2.0082045, 0.91554785, 1.0651078, 0.027548864]
[1.9570088, 0.9936939, 0.93572074, 0.027594265]
[1.9863104, 0.9005579, 1.0571017, 0.028650748]
[1.8562942, 0.98016584, 0.84914327, 0.026985025]
[1.9130533, 0.7778068, 1.1048723, 0.030374]
[1.999504, 0.91288793, 1.0571964, 0.029419625]
[2.0345736, 1.0712621, 0.9370227, 0.02628864]
[1.9395769, 0.9577175, 0.95142794, 0.030431513]
[1.993304, 0.97282207, 0.9898134, 0.030668508]
[1.9426838, 1.0138519, 0.89871085, 0.030121062]
[1.8777763, 0.81782967, 1.0277725, 0.03217397]
[1.8955097, 1.0746624, 0.7859541, 0.034893192]
[1.9390781, 0.8689949, 1.036518, 0.03356524]
[2.050479, 0.9895364, 1.026725, 0.034217298]
[1.9977484, 0.95978, 1.0054784, 0.032489955]
[2.0381286, 0.98285747, 1.0233026, 0.031968623]
[2.0080907, 1.0875505, 0.8905151, 0.030025125]
[2.0046115, 0.8542988, 1.1191041, 0.0312085]
[1.9707569, 1.0628887, 0.87938046, 0.028487703]
[2.0507307, 0.9596441, 1.0619689, 0.02911767]
[2.0248008, 1.0738738, 0.9213375, 0.029589653]
[2.0593636, 0.9732053, 1.0581974, 0.027961055]
[2.0267518, 1.2245696, 0.77737844, 0.024803817]
[1.964324, 0.92897165, 1.008816, 0.02653633]
[1.9743311, 0.9763335, 0.97291434, 0.02508328]
[1.9364365, 1.0640302, 0.84408593, 0.028320456]
[2.0132036, 0.84418213, 1.1403803, 0.028641155]
[1.9164815, 1.0093349, 0.8778657, 0.02928096]
[1.9623727, 0.8819396, 1.0508738, 0.029559307]
[2.0374024, 0.9813067, 1.0268588, 0.029237121]
[2.0072608, 1.0328128, 0.95147395, 0.02297392]
[1.9051249, 1.0706013, 0.8113854, 0.023138117]
[1.9688857, 0.96513504, 0.9789336, 0.024816956]
[2.0026581, 0.9668735, 1.0084723, 0.027312204]
[1.8851352, 0.9573933, 0.90420246, 0.023539368]
[1.9689544, 0.9825119, 0.9565044, 0.029938074]
[1.9794686, 1.0228654, 0.92705786, 0.029545316]
[1.9286834, 0.94998085, 0.95158494, 0.027117604]
[2.0340047, 0.9212533, 1.0834723, 0.029279135]
[2.013806, 0.9628175, 1.0254576, 0.02553104]
[1.9605675, 0.95285106, 0.9836351, 0.02408126]
[1.986685, 0.9694238, 0.9923196, 0.024941713]
[1.8934907, 0.89729446, 0.97517896, 0.021017175]
[1.98211, 1.0400184, 0.9155444, 0.026547149]
[1.8148196, 0.6547682, 1.1389885, 0.021062877]
[1.9124439, 1.1730855, 0.71315646, 0.026201915]
[1.9888283, 0.91505593, 1.0414847, 0.03228774]
[1.8261756, 0.80901855, 0.98785716, 0.029299844]
[2.028617, 0.80025864, 1.1983849, 0.029973445]
[2.117004, 1.3592393, 0.7300565, 0.02770811]
[2.0136535, 0.8486023, 1.1391745, 0.025876818]
[1.9262657, 1.0070035, 0.89707375, 0.022188473]
[1.8757956, 0.7979974, 1.05306, 0.024738055]
[1.8778952, 0.910504, 0.9411932, 0.02619806]
[1.8189995, 0.845989, 0.94390786, 0.029102731]
[1.959092, 1.0217884, 0.90877986, 0.028523766]
[2.015282, 1.1288316, 0.85690194, 0.02954841]
[2.0128202, 0.76269424, 1.2206295, 0.029496554]
[1.9652768, 1.2146682, 0.7251731, 0.02543561]
[2.0494912, 0.95773447, 1.0615926, 0.030164026]
[1.8733896, 0.94248253, 0.9049055, 0.026001614]
[2.0209856, 0.93264914, 1.0601873, 0.028149178]
[1.8231705, 0.9454263, 0.85078835, 0.026956001]
[2.0177996, 1.1296751, 0.8569875, 0.03113706]
[1.9400891, 0.7846745, 1.1286511, 0.026763422]
[2.0297935, 1.1825999, 0.81922185, 0.027971756]
[2.0118973, 0.87117124, 1.113276, 0.027450193]
[2.035603, 1.1768461, 0.83638704, 0.022369837]
[1.8949723, 0.8236817, 1.044708, 0.026582602]
[2.0174515, 0.96692663, 1.0257728, 0.024752151]
[2.0006442, 1.0814178, 0.8934765, 0.025749946]
[1.8940173, 0.88922673, 0.979218, 0.02557271]
[1.9437028, 0.9690196, 0.9443048, 0.030378494]
[1.9615397, 1.0365738, 0.8970022, 0.027963813]
[1.950644, 0.90990525, 1.0098464, 0.030892354]
[1.970704, 1.0660377, 0.8754492, 0.02921715]
[1.9132262, 0.8903696, 0.99425685, 0.028599823]
[1.9026402, 0.96618587, 0.90701985, 0.029434618]
[1.8910966, 0.9264705, 0.9350679, 0.029558174]
[1.856751, 0.9416456, 0.88793427, 0.027171127]
[2.0794451, 0.93279624, 1.1134481, 0.03320074]
[1.9957522, 1.2267799, 0.7363521, 0.032620136]
[2.0495546, 0.7104325, 1.3061354, 0.03298657]
[2.042613, 1.2179022, 0.79241765, 0.032293238]
[1.939404, 0.75451076, 1.1570597, 0.02783354]
[1.9111906, 0.9347918, 0.95047104, 0.02592774]
[1.9034021, 0.7826612, 1.0954925, 0.025248438]
[1.9040369, 0.95410675, 0.9214281, 0.028502142]
[2.1050606, 0.80270875, 1.2704066, 0.031945128]
[1.9477749, 1.08689, 0.83604157, 0.024843387]
[2.1893005, 1.0378678, 1.1233348, 0.028098058]
[1.9409, 1.002325, 0.9138175, 0.024757408]
[1.9236093, 0.9243132, 0.9728927, 0.026403377]
[1.959488, 1.0189681, 0.9137101, 0.026809847]
[1.8656293, 0.8298938, 1.0060596, 0.029675882]
[1.8974367, 0.9277712, 0.93850183, 0.031163726]
[1.9600053, 0.93061733, 0.99532294, 0.034065034]
[1.8747939, 1.0247011, 0.81821513, 0.03187766]
[2.0025275, 0.84136367, 1.1213019, 0.039861865]
[1.9728274, 1.1210732, 0.8188677, 0.032886487]
[1.9920951, 0.83802146, 1.1205976, 0.03347594]
[2.1031437, 1.2906852, 0.7776606, 0.034797937]
[2.0678341, 0.8249321, 1.2152349, 0.02766722]
[2.0714598, 1.1738789, 0.8751962, 0.02238467]
[1.9374661, 0.9384301, 0.9809963, 0.01803971]
[1.9557402, 0.94524914, 0.989252, 0.021239024]
[1.9919293, 0.9440984, 1.0269736, 0.020857338]
[1.9007144, 0.88702095, 0.9915282, 0.022165276]
[1.8845191, 0.977046, 0.8811859, 0.026287138]
[1.9536273, 0.84769046, 1.0817734, 0.024163464]
[1.980483, 1.1178377, 0.83424425, 0.02840119]
[2.0288348, 0.9090098, 1.0897467, 0.03007831]
[1.9424582, 1.0792887, 0.8369415, 0.02622793]
[1.9725258, 0.91587293, 1.0307784, 0.025874544]
[1.9551617, 0.87204623, 1.0565987, 0.026516803]
[2.0388434, 0.9732095, 1.0330758, 0.032558266]
[2.0081127, 0.98759264, 0.9930277, 0.027492197]
[1.9259773, 0.862947, 1.0327652, 0.030265221]
[1.9201455, 1.03666, 0.8522247, 0.031260893]
[2.0671778, 0.98679334, 1.0478171, 0.03256718]
[1.9727601, 0.9583523, 0.9846221, 0.029785663]
[1.8459454, 0.90077513, 0.91546106, 0.029709142]
[1.9237325, 0.93391633, 0.95755774, 0.032258537]
[2.1320307, 1.1239281, 0.9750928, 0.033009727]
[1.9920083, 0.7906126, 1.1736553, 0.027740464]
[1.9272116, 1.0854452, 0.81500345, 0.026763055]
[1.9856765, 0.8409264, 1.1141536, 0.030596472]
[2.0172894, 1.1252519, 0.8637744, 0.02826304]
[2.016014, 0.8678449, 1.1214235, 0.026745902]
[1.9312398, 0.9669721, 0.93848807, 0.025779758]
[1.9962727, 0.92315876, 1.043964, 0.029149901]
[1.896568, 0.94145715, 0.925945, 0.029165812]
[1.9108721, 0.85311794, 1.0259037, 0.031850502]
[2.013166, 0.96879816, 1.0146909, 0.029676909]
[1.8903425, 0.9707967, 0.88871384, 0.030831957]
[1.9205004, 0.93403995, 0.9555093, 0.030951194]
[2.096281, 1.002362, 1.059836, 0.034082994]
[1.869977, 0.9718076, 0.86492366, 0.03324584]
[1.935977, 0.90747136, 0.99394965, 0.034555852]
[1.9730737, 0.99424076, 0.94101465, 0.037818253]
[1.9334266, 0.9510642, 0.95111656, 0.031245813]
[1.9366558, 1.0639673, 0.83902895, 0.033659443]
[1.9972303, 0.6919519, 1.2696095, 0.035668988]
[1.9815788, 1.3906325, 0.56441164, 0.026534721]
[1.9777329, 0.90817916, 1.0411202, 0.028433554]
[2.0245392, 1.0526628, 0.94070363, 0.03117276]
[2.0071893, 0.9712773, 1.0051268, 0.030785155]
[1.9319551, 0.91673917, 0.9860674, 0.02914859]
[2.055632, 1.0383244, 0.98669606, 0.030611858]
[1.9947234, 0.9769498, 0.98960114, 0.02817252]
[1.9737823, 0.8738652, 1.0717742, 0.028142896]
[1.9934521, 1.0607057, 0.9035932, 0.029153194]
[1.9349055, 0.9538766, 0.9519913, 0.029037543]
[1.9733764, 0.9541615, 0.99131083, 0.02790406]
[1.9031242, 1.0084672, 0.8659742, 0.028682806]
[2.0633438, 0.9680206, 1.0675256, 0.027797349]
[1.9092656, 0.9706193, 0.9114634, 0.02718288]
[1.9602538, 1.0031037, 0.9271534, 0.029996768]
[1.9684336, 0.8798363, 1.0602936, 0.02830376]
[1.9355991, 0.9748924, 0.9329096, 0.027797118]
[1.9473327, 0.913878, 1.0052855, 0.0281693]
[1.9029781, 1.019973, 0.85318583, 0.029819151]
[1.9652548, 0.85316473, 1.0831051, 0.028985001]
[1.9038371, 0.9966113, 0.87883747, 0.028388344]
[1.9721099, 0.91481364, 1.0231866, 0.034109715]
[1.8960923, 0.872581, 0.9906187, 0.032892633]
[1.9601394, 0.8431562, 1.0803964, 0.036586754]
[2.1357963, 1.1882627, 0.9101354, 0.03739799]
[2.068042, 0.9031961, 1.1343894, 0.030456547]
[1.9996142, 0.97533214, 1.0026361, 0.021646071]
[1.9369872, 1.0106401, 0.905036, 0.0213111]
[1.9617258, 0.9299308, 1.0087144, 0.023080554]
[1.974313, 1.110544, 0.83960795, 0.024161108]
[1.965389, 0.90174544, 1.0381222, 0.025521379]
[1.9991903, 0.99564904, 0.98238355, 0.021157773]
[1.944625, 0.9534377, 0.9701013, 0.021086155]
[1.9488007, 0.98169154, 0.9443327, 0.022776525]
[1.9836504, 0.9940132, 0.96302754, 0.026609708]
[1.952118, 0.99039596, 0.93640983, 0.025312357]
[1.9871731, 0.94002485, 1.02038, 0.026768167]
[1.9401442, 0.91887194, 0.9919343, 0.029338038]
[1.9825196, 0.90657854, 1.0504612, 0.025479956]
[2.0199847, 0.94202363, 1.0518538, 0.02610724]
[2.0313098, 1.1414068, 0.8670447, 0.022858273]
[1.8971188, 0.8719218, 1.0007547, 0.0244423]
[2.0187054, 1.0241873, 0.9683771, 0.026140843]
[1.8705058, 0.9904229, 0.85563767, 0.02444525]
[1.9545122, 0.9675691, 0.960588, 0.02635518]
[1.9667344, 1.0165468, 0.923102, 0.027085539]
[1.9326572, 0.93322825, 0.97619736, 0.023231583]
[2.1102378, 0.99263656, 1.0929697, 0.0246317]
[1.9517002, 1.0257981, 0.90361214, 0.022289932]
[1.8857249, 0.9005344, 0.96106064, 0.024129879]
[1.9290409, 0.9245638, 0.98006904, 0.024408042]
[2.0296245, 0.919266, 1.0853347, 0.0250239]
[1.9501971, 1.0057362, 0.92038894, 0.024071928]
[1.9601891, 0.9471768, 0.9875362, 0.025476146]
[2.021405, 0.9643147, 1.0322341, 0.024856165]
[1.972737, 0.93107677, 1.0181211, 0.023539064]
[1.9831719, 0.9781623, 0.9797032, 0.02530643]
[2.0390189, 1.0286589, 0.9879638, 0.022396317]
[2.0003319, 1.0343714, 0.9418394, 0.024121022]
[2.0111582, 0.9003422, 1.0858401, 0.024975806]
[2.119575, 1.0870888, 1.00948, 0.023006221]
[1.9332409, 0.9703882, 0.9426906, 0.020162076]
[1.9854561, 0.9975797, 0.9658897, 0.021986775]
[1.9327159, 0.926959, 0.9852048, 0.020552117]
[1.8705975, 0.8490338, 0.9983297, 0.023234004]
[1.8716681, 0.88415945, 0.96176654, 0.025742045]
[2.0580864, 0.8767448, 1.1512241, 0.03011743]
[1.9643242, 1.0772908, 0.85964835, 0.027385153]
[1.9688337, 0.9484464, 0.9987501, 0.021637175]
[1.9910481, 0.97818995, 0.98473525, 0.02812292]
[1.9924355, 1.0850743, 0.881106, 0.026255094]
[1.9779456, 0.9897465, 0.9600111, 0.02818799]
[1.9046085, 0.8775612, 1.0003748, 0.026672501]
[1.9615006, 0.98237044, 0.9536636, 0.025466666]
[1.9750609, 0.96270806, 0.9853033, 0.02704957]
[1.977642, 0.9227519, 1.029537, 0.025353162]
[1.9841219, 1.0276208, 0.93097675, 0.025524367]
[1.8996861, 0.8873266, 0.98418623, 0.028173191]
[1.9254925, 0.9517931, 0.94794714, 0.025752261]
[1.9378744, 0.8472965, 1.0596894, 0.030888509]
[1.9046156, 0.91422635, 0.96455145, 0.025837896]
[1.9331537, 0.90276057, 0.99965596, 0.030737301]
[1.9789258, 0.96909714, 0.98217297, 0.02765571]
[1.9976137, 1.0379028, 0.9285778, 0.0311331]
[2.0961328, 0.96290565, 1.1029532, 0.030273806]
[2.0371912, 1.2465456, 0.7635913, 0.027054338]
[2.0613997, 0.8783692, 1.1546481, 0.028382435]
[2.0290556, 1.0691918, 0.93534005, 0.024523769]
[1.9693234, 1.049506, 0.8981848, 0.021632656]
[2.02755, 1.1316438, 0.8766432, 0.019262977]
[1.9167354, 0.9887178, 0.9091059, 0.018911753]
[1.9616734, 1.0386615, 0.90186834, 0.02114353]
[1.9554554, 1.0167657, 0.91610444, 0.022585312]
[2.0640996, 0.98828435, 1.0521245, 0.02369076]
[1.9695307, 0.9478817, 0.99774086, 0.023908164]
[1.8763534, 0.95522857, 0.9006228, 0.02050196]
[1.9320774, 0.9967657, 0.9125135, 0.022798307]
[1.9197041, 0.94673145, 0.94511557, 0.027857065]
[1.9004067, 0.8642627, 1.0089343, 0.02720981]
[1.9306831, 0.94780475, 0.95485675, 0.02802163]
[1.9753844, 0.91688955, 1.028277, 0.03021778]
[2.0063403, 1.1271056, 0.8498575, 0.029377133]
[1.9563742, 0.87503123, 1.0492909, 0.032052055]
[1.9681895, 0.98802423, 0.9541549, 0.026010243]
[1.9880986, 1.0349438, 0.92193866, 0.03121616]
[2.0448475, 1.0649819, 0.9520037, 0.027861845]
[1.974196, 0.8609265, 1.0873029, 0.025966493]
[1.9072068, 1.0181354, 0.85948706, 0.029584348]
[1.9237194, 0.8924116, 1.0017495, 0.029558271]
[1.9699054, 1.0270536, 0.91123533, 0.03161651]
[1.9479634, 0.84216547, 1.0755038, 0.030294083]
[2.0149658, 1.2217228, 0.7619046, 0.03133834]
[1.9642509, 0.7065233, 1.2312982, 0.026429404]
[1.9405457, 1.0647004, 0.847557, 0.02828819]
[1.9595381, 0.86875874, 1.0590426, 0.03173668]
[1.987669, 0.9811735, 0.9761974, 0.030297995]
[2.0507438, 0.98405254, 1.0323312, 0.03436009]
[2.0282815, 1.1282191, 0.8724427, 0.027619531]
[2.0363183, 0.9576212, 1.0478729, 0.030824084]
[2.0364556, 1.1305168, 0.8760084, 0.029930543]
[2.0964227, 0.92052984, 1.1473911, 0.028501738]
[2.0081303, 1.0436839, 0.9405314, 0.023915002]
[1.9384166, 0.94606143, 0.9702451, 0.022110105]
[1.9512931, 0.8950041, 1.0301983, 0.026090771]
[1.9353971, 0.9608997, 0.9503426, 0.024154857]
[2.0362961, 1.0006888, 1.0071014, 0.028505988]
[2.0475252, 0.98636913, 1.0328183, 0.02833782]
[1.9578322, 1.145608, 0.78194475, 0.030279499]
[2.0240939, 0.9337261, 1.0622598, 0.028107936]
[1.9666796, 1.050647, 0.88843024, 0.027602267]
[2.006619, 0.97535884, 1.0058857, 0.025374368]
[1.9455737, 0.98651445, 0.9336829, 0.025376298]
[1.8869244, 0.97235984, 0.89026976, 0.024294782]
[1.9449155, 1.082664, 0.8334802, 0.028771369]
[1.8991994, 0.86339825, 1.0073578, 0.028443273]
[1.8919957, 1.0119973, 0.85009396, 0.0299044]
[1.8535502, 0.88312995, 0.9415472, 0.02887302]
[1.9306281, 1.1104648, 0.7828218, 0.03734153]
[1.9518236, 0.860112, 1.0533681, 0.038343523]
[1.9130578, 1.0044883, 0.8743966, 0.03417281]
[1.9553277, 0.9211263, 0.99901956, 0.03518191]
[1.9642811, 0.94545156, 0.9832357, 0.035593756]
[1.9534645, 1.0149399, 0.9043046, 0.03422003]
[1.9999952, 0.9304072, 1.0352867, 0.034301255]
[2.012952, 0.9770068, 1.0036451, 0.032300156]
[1.9969552, 0.8906614, 1.0784076, 0.027886199]
[1.9699374, 0.96509457, 0.97562695, 0.029215984]
[2.033648, 0.9199275, 1.0867537, 0.026966859]
[2.000344, 0.99869096, 0.97657883, 0.02507419]
[1.9994559, 0.94679874, 1.0285367, 0.024120517]
[1.8888327, 0.92978907, 0.9355534, 0.023490295]
[1.8406708, 0.88039947, 0.9327133, 0.02755803]
[1.8837112, 0.9096152, 0.9438368, 0.030259226]
[2.0446572, 1.0705452, 0.93996, 0.03415207]
[2.047331, 1.0564294, 0.9589216, 0.03198014]
[2.032663, 0.98749006, 1.0162523, 0.028921]
[2.0420723, 1.0462531, 0.966079, 0.029740267]
[2.0697534, 1.1038066, 0.9376502, 0.028296743]
[2.1054583, 0.9677886, 1.109607, 0.028062753]
[1.9864758, 1.1304255, 0.83182883, 0.024221573]
[1.9560754, 0.9800104, 0.9503956, 0.025669489]
[1.9645488, 0.9269247, 1.0122272, 0.02539691]
[2.0010974, 0.98016626, 0.9994871, 0.021443982]
[1.981337, 0.89218104, 1.0662768, 0.022879083]
[1.9547901, 1.050518, 0.8848574, 0.01941472]
[1.9005688, 0.90337336, 0.9751055, 0.02208991]
[1.9194795, 0.8889403, 1.0075227, 0.023016587]
[2.0468104, 0.97283053, 1.0482569, 0.025722869]
[2.0658073, 1.1064603, 0.936111, 0.023236105]
[1.9976672, 0.9517287, 1.0227345, 0.02320392]
[1.9480748, 0.8825769, 1.0392814, 0.02621646]
[1.9726374, 0.99005044, 0.9581119, 0.024475057]
[1.9577153, 0.97868884, 0.95094645, 0.028080001]
[1.9170293, 0.86701083, 1.0232264, 0.026792053]
[1.951127, 1.0374242, 0.88668996, 0.027012847]
[1.9929549, 0.9388177, 1.0255312, 0.028606042]
[1.9282553, 0.9818667, 0.9174377, 0.028950958]
[1.964, 0.95935726, 0.9750742, 0.029568536]
[1.9071342, 0.9193053, 0.95317256, 0.0346563]
[1.9234535, 0.94963413, 0.9393604, 0.03445903]
[1.8019269, 0.7896819, 0.9777108, 0.034534246]
[2.0568137, 0.9661868, 1.0493917, 0.04123532]
[2.073182, 1.1629279, 0.8726766, 0.037577644]
[2.1510727, 1.0856066, 1.0383737, 0.027092347]
[2.074864, 1.1670251, 0.8852449, 0.02259402]
[1.9850906, 0.95198995, 1.011606, 0.021494696]
[1.9206237, 1.0389483, 0.86103827, 0.02063712]
[1.949006, 0.988165, 0.93877435, 0.022066623]
[1.952895, 0.9097167, 1.0162566, 0.026921747]
[1.9799527, 0.9956198, 0.95596015, 0.028372789]
[1.9469234, 1.0046492, 0.9155952, 0.026678998]
[2.0544899, 0.87877613, 1.1483157, 0.027398206]
[1.9658041, 1.0843657, 0.85600376, 0.025434557]
[1.8701725, 0.87430614, 0.96877444, 0.027091948]
[1.884881, 0.83307487, 1.027081, 0.024725148]
[1.9077657, 0.9272424, 0.95114577, 0.029377617]
[1.9882593, 0.9300061, 1.0296979, 0.02855539]
[1.9323928, 0.9774684, 0.9253023, 0.0296221]
[2.0086398, 1.0512143, 0.92936516, 0.028060205]
[1.9069093, 0.90170693, 0.98001814, 0.025184318]
[1.9543198, 0.89255035, 1.035198, 0.026571553]
[1.805092, 0.8874761, 0.89034283, 0.027273104]
[2.0578518, 1.0228877, 1.0034318, 0.031532206]
[1.9334991, 0.9048919, 0.9988228, 0.029784393]
[1.8968801, 0.8968859, 0.96852016, 0.031474136]
[1.8958821, 0.9584243, 0.9078146, 0.029643167]
[2.0308578, 0.8003129, 1.1965721, 0.033972964]
[2.1138992, 1.1759312, 0.90318406, 0.034783766]
[2.0660796, 1.171502, 0.86961627, 0.024961455]
[2.1143553, 1.0435479, 1.0456524, 0.025155183]
[2.0000536, 1.1102344, 0.8668468, 0.022972412]
[1.9485317, 0.9472831, 0.97830784, 0.022940733]
[1.9328964, 1.0566866, 0.85325503, 0.022954676]
[1.8925569, 0.9324434, 0.9346365, 0.025477007]
[1.968184, 1.0013855, 0.94199276, 0.024805762]
[1.8445885, 0.8849344, 0.9349923, 0.024661725]
[2.0291798, 1.0871162, 0.91208315, 0.029980473]
[1.9522257, 0.8601284, 1.0631355, 0.028961785]
[1.9387337, 0.9456006, 0.9633328, 0.029800333]
[1.8530561, 0.9647318, 0.8558111, 0.03251315]
[1.9537833, 0.89984083, 1.0235187, 0.030423729]
[2.0058885, 1.0775132, 0.8971596, 0.031215731]
[2.0789466, 0.8838226, 1.1618855, 0.033238314]
[2.0432565, 1.0935042, 0.92224264, 0.02750972]
[1.9300792, 0.94174314, 0.95837486, 0.029961288]
[1.9883574, 0.97578585, 0.9851234, 0.027448168]
[1.926068, 1.0793734, 0.8179538, 0.02874077]
[2.0394704, 0.81349874, 1.198615, 0.027356861]
[1.9708703, 1.0436797, 0.89929235, 0.027898153]
[2.0225546, 0.9717717, 1.0212932, 0.02948985]
[1.9823154, 1.001388, 0.9533522, 0.027575219]
[1.9828073, 0.9066851, 1.0457008, 0.030421324]
[1.9776083, 1.0480886, 0.89900005, 0.030519735]
[1.9295105, 0.8809221, 1.0158435, 0.032744896]
[1.9974182, 0.92370534, 1.0428782, 0.030834666]
[2.0908673, 1.1249902, 0.93449175, 0.031385142]
[1.9535569, 0.94709814, 0.977507, 0.028951768]
[1.9696906, 0.924408, 1.0161002, 0.029182462]
[2.06548, 1.1371188, 0.9012183, 0.027142756]
[1.9368099, 0.89070857, 1.017454, 0.028647304]
[1.9646657, 0.98160744, 0.95371425, 0.029343966]
[1.8810468, 0.8956143, 0.9589414, 0.026491083]
[2.0495062, 0.9967858, 1.0233722, 0.029348243]
[1.9356564, 1.0941002, 0.80958986, 0.031966366]
[2.0185895, 0.9956629, 0.9940396, 0.028886918]
[1.9788566, 0.9410201, 1.0095956, 0.028240936]
[1.9409326, 1.0325286, 0.88220096, 0.026202997]
[1.9455857, 1.0377009, 0.87706566, 0.030819178]
[1.9158424, 0.8900621, 0.9974457, 0.028334588]
[1.9940904, 0.9496952, 1.0100904, 0.034304872]
[1.9387665, 0.8968979, 1.0082502, 0.03361839]
[1.9763314, 0.85599726, 1.0904139, 0.029920164]
[2.0041256, 1.1224014, 0.8499559, 0.031768344]
[2.0449173, 1.0041773, 1.0098222, 0.030917786]
[1.9597224, 0.9398036, 0.9904377, 0.029481012]
[2.001191, 1.0361223, 0.9384761, 0.026592523]
[1.9170434, 0.78135693, 1.1049016, 0.03078499]
[1.9114838, 0.879139, 1.003181, 0.029163867]
[1.9132606, 1.0327365, 0.848259, 0.032265022]
[1.9475514, 0.74699867, 1.1671727, 0.03338007]
[1.9907287, 1.1569121, 0.802104, 0.03171266]
[1.9102151, 0.9148866, 0.9635689, 0.03175965]
[1.9959949, 0.88522553, 1.0766091, 0.034160223]
[1.9148058, 1.0184683, 0.86287963, 0.033457905]
[2.0086992, 0.9473267, 1.030125, 0.031247279]
[2.1002724, 1.0507841, 1.0163686, 0.033119775]
[1.9638379, 0.99369335, 0.9444846, 0.02565987]
[1.8704313, 0.9125425, 0.93242943, 0.025459388]
[1.9859138, 1.0836421, 0.8727966, 0.029474989]
[1.9793336, 0.9255707, 1.0234958, 0.03026715]
[1.9282163, 1.0694273, 0.8268883, 0.031900745]
[1.9839495, 0.94276476, 1.0131284, 0.028056394]
[2.0630462, 1.0691693, 0.96396625, 0.029910821]
[1.9724455, 0.9912331, 0.94963205, 0.031580344]
[1.9983454, 1.0724447, 0.8969742, 0.028926462]
[1.968862, 1.0327215, 0.90873545, 0.027404966]
[1.9116769, 0.8480933, 1.0386217, 0.024961986]
[1.906356, 1.0081815, 0.8714484, 0.026726179]
[1.9798521, 0.83863163, 1.1140217, 0.027198806]
[1.989728, 1.1214868, 0.8405646, 0.027676579]
[2.0280561, 0.9365506, 1.064319, 0.027186472]
[1.9722682, 0.8881401, 1.0573555, 0.026772585]
[1.9083865, 1.0404627, 0.8429724, 0.024951363]
[1.9530996, 0.9272356, 0.9986876, 0.027176414]
[2.0333662, 0.90922964, 1.0997008, 0.02443577]
[2.0075376, 1.0871875, 0.89464927, 0.025700815]
[1.9833235, 0.932616, 1.0235356, 0.027171794]
[2.078845, 1.115176, 0.93888056, 0.024788417]
[1.9745874, 0.90516794, 1.0468137, 0.02260578]
[2.0116844, 1.1528156, 0.8341117, 0.02475717]
[1.9101958, 0.9163315, 0.96877545, 0.025088731]
[2.0323288, 0.97516274, 1.0303146, 0.026851453]
[1.9708217, 1.0227615, 0.9219477, 0.02611258]
[1.8411024, 0.9243194, 0.8908156, 0.025967378]
[2.000944, 0.94126266, 1.0289613, 0.030720003]
[1.9400086, 0.9680805, 0.9413559, 0.030572131]
[1.9520624, 0.93634176, 0.9825406, 0.033179976]
[2.057462, 0.99511355, 1.0310975, 0.03125098]
[1.9591652, 1.0201398, 0.91248536, 0.026540056]
[2.020339, 0.9705199, 1.0223393, 0.02747982]
[1.9498578, 0.94669425, 0.9756034, 0.027560107]
[1.9194047, 0.9067466, 0.9846083, 0.028049856]
[1.997205, 1.126405, 0.84062976, 0.03017016]
[1.9514484, 0.95871866, 0.96017575, 0.032553993]
[1.9635283, 0.9991196, 0.9368245, 0.027584227]
[1.9815283, 0.91660494, 1.0317912, 0.033132102]
[1.9651766, 0.9644315, 0.9693626, 0.031382494]
[1.8360181, 0.8608316, 0.9411403, 0.03404622]
[1.9665289, 0.94320965, 0.98930645, 0.034012794]
[1.9460144, 0.97538686, 0.9335901, 0.037037324]
[2.0933986, 0.9360892, 1.1233513, 0.033957936]
[2.1179974, 1.3680767, 0.7212359, 0.028684828]
[1.9930239, 0.6863162, 1.2774396, 0.029268011]
[1.978961, 1.1273739, 0.8226522, 0.02893486]
[1.9472225, 0.87516844, 1.04381, 0.028244063]
[1.958353, 0.9380325, 0.98805726, 0.03226322]
[1.9193015, 0.8817041, 1.0091586, 0.028438777]
[1.9696016, 0.9892236, 0.945871, 0.034507047]
[1.9515287, 0.9337704, 0.98449576, 0.033262536]
[2.0513685, 0.93191814, 1.0857635, 0.03368694]
[1.9534733, 1.0678196, 0.85603803, 0.029615609]
[1.970257, 0.9434862, 0.9979789, 0.028791845]
[1.8778853, 0.94946027, 0.8971281, 0.03129692]
[2.0507843, 0.88423306, 1.1358848, 0.030666608]
[1.9872427, 1.1552169, 0.80225813, 0.029767599]
[1.9822807, 0.7059679, 1.2475566, 0.028756231]
[1.9429256, 1.1533014, 0.7589772, 0.030647075]
[1.9322366, 0.7906567, 1.1138016, 0.027778253]
[1.9739115, 1.0404842, 0.90186, 0.031567357]
[1.9789971, 1.0350943, 0.9140085, 0.029894345]
[1.9667702, 0.9516325, 0.9847815, 0.030356154]
[1.9082718, 0.9880608, 0.8911946, 0.029016444]
[1.9740934, 0.9336217, 1.0095236, 0.03094821]
[1.979426, 1.0042777, 0.9485532, 0.026595088]
[2.0568888, 0.97178847, 1.0550311, 0.030069401]
[2.0025313, 1.1065956, 0.8672706, 0.028664991]
[1.945929, 0.85068756, 1.0666175, 0.028624024]
[1.991806, 0.9920186, 0.96693206, 0.03285542]
[2.032064, 1.0810052, 0.9220015, 0.029057257]
[1.9641869, 0.8994429, 1.035847, 0.028896999]
[2.0533369, 1.0877796, 0.9385989, 0.02695829]
[2.0648432, 1.0720961, 0.96744096, 0.025306225]
[1.9270802, 0.92442226, 0.97885203, 0.023805853]
[1.9732894, 1.036911, 0.90887535, 0.02750307]
[1.955766, 0.93660504, 0.99487746, 0.024283398]
[1.9899615, 0.99620736, 0.9670683, 0.026685854]
[1.9693507, 0.9383075, 1.0061175, 0.024925679]
[2.0145278, 0.9868125, 1.002381, 0.02533444]
[1.9673423, 1.0633762, 0.8782389, 0.025727192]
[2.0147543, 1.0243213, 0.96676373, 0.023669172]
[1.9258205, 0.8351294, 1.0680503, 0.02264085]
[1.9577646, 1.0279253, 0.9040189, 0.025820505]
[1.9746454, 1.0585489, 0.890246, 0.025850566]
[1.916434, 0.8658784, 1.0259069, 0.024648707]
[1.9283655, 0.97531223, 0.9275061, 0.02554717]
[1.9489458, 0.97569925, 0.9483366, 0.024909917]
[2.0669131, 0.8627018, 1.1765482, 0.02766331]
[1.9558996, 1.1655227, 0.767648, 0.022728972]
[1.9603835, 0.91244435, 1.0200438, 0.027895309]
[1.9567196, 1.0557266, 0.8735341, 0.027458899]
[2.002536, 0.93521637, 1.0369806, 0.03033911]
[1.9390582, 0.99843955, 0.9134458, 0.027172916]
[2.010623, 0.98211086, 0.99979436, 0.028717835]
[1.8902984, 0.9791634, 0.8841641, 0.026970832]
[1.9035431, 0.87197196, 1.0022299, 0.029341266]
[2.0248518, 1.0396633, 0.9564598, 0.028728781]
[1.9337447, 1.0362432, 0.86921483, 0.028286694]
[1.9011741, 0.9265505, 0.9485993, 0.026024383]
[2.0337496, 1.1006328, 0.9047094, 0.02840731]
[1.8570306, 0.7746122, 1.0515664, 0.030852126]
[1.8762873, 1.1179323, 0.7260595, 0.032295603]
[1.8908284, 0.7552961, 1.100657, 0.034875333]
[1.9111999, 1.0140903, 0.86038923, 0.03672038]
[2.014955, 0.9176569, 1.057786, 0.039512217]
[1.9753091, 0.9303492, 1.0071856, 0.037774332]
[1.9903053, 0.8928978, 1.060159, 0.037248507]
[1.911925, 0.91988134, 0.95678663, 0.035257038]
[2.0601997, 1.0007153, 1.0242852, 0.035199277]
[2.0089643, 1.0337844, 0.9439168, 0.031263154]
[1.9570136, 0.9804651, 0.9432095, 0.033339083]
[1.9947438, 0.9781727, 0.9870295, 0.029541608]
[1.9065073, 0.9641846, 0.91288286, 0.029439785]
[1.9573828, 0.9648355, 0.96152437, 0.031022923]
[2.0355585, 0.9262291, 1.0769181, 0.032411397]
[1.9286491, 1.0112315, 0.8881114, 0.029306045]
[2.038487, 0.95395106, 1.0548216, 0.029714376]
[2.055124, 1.1311158, 0.89518183, 0.028826537]
[1.9937465, 0.9623241, 1.0035028, 0.027919475]
[1.9610394, 0.9245363, 1.0112761, 0.025226917]
[1.9754748, 0.90527916, 1.0432768, 0.026918858]
[1.9608134, 0.99835986, 0.9361637, 0.026289858]
[1.9480982, 0.9158188, 1.0055434, 0.026736047]
[1.9765913, 0.8872181, 1.0640999, 0.025273355]
[2.0303204, 1.1082358, 0.89614946, 0.025935225]
[2.079504, 0.9543785, 1.0997279, 0.025397846]
[1.9388912, 1.0422041, 0.8717421, 0.024944847]
[1.9838179, 0.95973873, 0.9991718, 0.024907498]
[2.0675385, 1.1193336, 0.92275935, 0.02544552]
[1.9474958, 0.93127286, 0.9932055, 0.023017481]
[2.0386453, 0.9948494, 1.0166576, 0.027138203]
[2.016774, 1.0438536, 0.948835, 0.024085335]
[1.9288294, 0.9741831, 0.9323659, 0.02228048]
[1.9606948, 0.9214769, 1.0148921, 0.024325788]
[1.9883322, 0.97870624, 0.9816074, 0.028018542]
[1.8903573, 0.9202354, 0.94206166, 0.02806025]
[1.9612947, 0.9159233, 1.016886, 0.028485294]
[1.9551442, 1.0183835, 0.9040616, 0.03269905]
[1.9026423, 0.9172814, 0.9574398, 0.027921055]
[2.040604, 1.0182898, 0.9948638, 0.027450444]
[1.9371799, 0.9680503, 0.93989426, 0.029235348]
[2.039504, 1.099554, 0.9125004, 0.027449684]
[1.9676521, 0.93857616, 1.0006453, 0.028430682]
[1.9474881, 1.0536568, 0.8692308, 0.024600534]
[1.9313225, 0.96361375, 0.9442044, 0.023504402]
[2.0981758, 1.1122162, 0.9613558, 0.024603551]
[1.894852, 0.8029163, 1.0693934, 0.022542406]
[1.9508299, 0.9143977, 1.0109979, 0.025434215]
[1.9249289, 0.8662518, 1.0322211, 0.026455998]
[1.8862613, 0.92498356, 0.93605244, 0.025225293]
[1.9776051, 0.9767565, 0.9709996, 0.029849045]
[2.1332467, 1.1039968, 1.0018741, 0.027375888]
[1.9219987, 0.8215684, 1.0732666, 0.027163716]
[2.0150213, 0.9834547, 1.0031319, 0.028434774]
[1.9488819, 0.9276575, 0.99325264, 0.027971692]
[2.0105402, 0.868428, 1.1126305, 0.029481675]
[2.0150452, 1.0842739, 0.9049711, 0.025800038]
[1.9867433, 0.92441225, 1.0367811, 0.025549978]
[1.9886935, 1.0009866, 0.960625, 0.027081909]
[2.0607584, 1.0046389, 1.0283375, 0.027781911]
[1.9636227, 1.0068549, 0.93079805, 0.0259698]
[1.9880934, 0.994856, 0.97174776, 0.021489669]
[1.8874872, 0.93833584, 0.92348033, 0.025670975]
[1.9632235, 0.9543072, 0.9812784, 0.027637854]
[1.9573268, 0.98242736, 0.9490844, 0.025815045]
[1.9502766, 0.9085052, 1.0143025, 0.02746893]
[2.0664568, 0.9714552, 1.0664217, 0.028579809]
[1.984121, 0.91520566, 1.0451936, 0.023721758]
[1.9809848, 0.95756775, 0.99914837, 0.024268724]
[1.9615669, 0.9807252, 0.9576813, 0.023160435]
[1.9500186, 0.88919973, 1.0373712, 0.023447802]
[1.8996068, 0.91328883, 0.96097326, 0.025344677]
[1.9184895, 0.9829893, 0.9077115, 0.027788669]
[2.0530074, 1.0080495, 1.0143361, 0.030621823]
[1.9361296, 0.96298456, 0.9451294, 0.028015606]
[1.9976213, 0.9126576, 1.0541823, 0.030781373]
[1.9903328, 1.089016, 0.8702276, 0.031089354]
[1.9042004, 0.92384434, 0.95281976, 0.027536318]
[1.9452173, 0.92962027, 0.984056, 0.03154097]
[1.9524798, 1.0898194, 0.83094716, 0.031713188]
[2.0349672, 0.8034617, 1.2020724, 0.029433122]
[1.9368037, 1.0518646, 0.8592092, 0.025729882]
[1.8794591, 0.8631536, 0.98357093, 0.032734588]
[1.9283483, 0.90103006, 0.99210334, 0.03521493]
[1.9412037, 0.8740507, 1.0329828, 0.034170236]
[1.9822147, 0.95190525, 0.99989504, 0.030414335]
[1.9310558, 0.81213546, 1.0861664, 0.0327539]
[1.8841406, 1.039895, 0.8116042, 0.03264133]
[2.0368924, 0.946779, 1.0539953, 0.036118094]
[1.97878, 1.0281146, 0.9201342, 0.030531313]
[2.1562057, 1.0624899, 1.063047, 0.030668765]
[2.0108716, 0.9337829, 1.0490482, 0.02804055]
[1.9347084, 1.0218074, 0.8832931, 0.02960781]
[1.9597418, 0.8773649, 1.0520859, 0.030291054]
[2.0222712, 1.167279, 0.8243107, 0.03068146]
[1.9833983, 0.77478004, 1.1782138, 0.030404417]
[2.079727, 1.2893374, 0.76276195, 0.027627613]
[2.0569103, 0.89314497, 1.1364894, 0.027275791]
[2.0112324, 1.0681192, 0.9202424, 0.02287071]
[1.9781389, 0.99338126, 0.95971143, 0.025046222]
[1.9215717, 0.93288964, 0.96503884, 0.023643259]
[1.906173, 0.93419373, 0.9446102, 0.027369045]
[1.8719934, 0.884425, 0.9601799, 0.02738849]
[1.9383656, 0.857136, 1.0520884, 0.029141143]
[1.9732908, 1.0636075, 0.88037145, 0.029311921]
[1.9494096, 0.9338733, 0.981987, 0.03354936]
[1.9311962, 1.018759, 0.8815129, 0.030924328]
[2.0362203, 0.9405812, 1.066366, 0.029273327]
[1.9810199, 1.0462567, 0.9084587, 0.02630454]
[1.9963096, 0.8997128, 1.0722984, 0.024298446]
[2.056299, 1.0048054, 1.0262003, 0.025293183]
[1.9037676, 0.92097545, 0.958981, 0.023811046]
[2.0758886, 1.0693297, 0.98580694, 0.020751901]
[1.9910458, 1.0425934, 0.9258439, 0.022608675]
[1.9913709, 1.0132048, 0.958697, 0.019469043]
[1.9571662, 1.0078452, 0.92812645, 0.021194518]
[1.9688025, 1.039158, 0.90961766, 0.020026777]
[2.0139065, 1.0251399, 0.9702281, 0.018538509]
[1.9051925, 0.9269538, 0.9591521, 0.019086584]
[2.0221806, 1.0533171, 0.9465528, 0.022310738]
[1.8966933, 0.95571446, 0.92254794, 0.018430972]
[1.9072477, 0.98257595, 0.9040064, 0.020665254]
[1.9954898, 1.010781, 0.9603734, 0.024335418]
[1.9150712, 0.9165097, 0.9775299, 0.02103158]
[1.9360771, 0.9952758, 0.9206654, 0.020135922]
[2.0068555, 0.9938178, 0.9920752, 0.020962398]
[1.9483159, 0.8633773, 1.059649, 0.02528958]
[2.0359159, 1.1539271, 0.8545265, 0.027462346]
[1.9577577, 0.7389112, 1.1919377, 0.026908886]
[1.937867, 0.9118184, 1.0008156, 0.025233086]
[1.906135, 0.99346024, 0.88208044, 0.030594267]
[1.9850531, 0.7687999, 1.1865206, 0.029732559]
[1.9538673, 1.1702598, 0.7567174, 0.026890188]
[1.9549853, 0.7135227, 1.2130973, 0.028365236]
[1.8768502, 1.0467049, 0.8007301, 0.02941525]
[1.986555, 0.9234705, 1.0290442, 0.034040377]
[1.9894812, 0.963467, 0.9898381, 0.036176063]
[2.0754008, 1.0158057, 1.0273857, 0.032209344]
[2.0943444, 1.1999645, 0.87143135, 0.02294855]
[2.0637887, 0.87698036, 1.1659799, 0.02082857]
[2.000929, 1.1950924, 0.78442895, 0.021407811]
[1.9807036, 0.9452046, 1.0157267, 0.019772252]
[1.95237, 1.0286161, 0.90145266, 0.022301296]
[2.0400224, 1.1335402, 0.88106984, 0.025412273]
[1.9207727, 0.9637643, 0.9338237, 0.023184706]
[1.9704269, 1.0517825, 0.8947751, 0.023869356]
[1.9848523, 0.9074316, 1.052979, 0.024441753]
[2.006472, 1.0603809, 0.92099345, 0.025097663]
[1.9665293, 0.9719039, 0.9713278, 0.0232975]
[1.9857258, 1.0355622, 0.92501926, 0.02514438]
[1.9291883, 0.94700176, 0.95421857, 0.027967902]
[1.9847736, 0.98580015, 0.96947455, 0.029498957]
[1.9529957, 0.9903185, 0.9366428, 0.026034411]
[2.0311186, 0.97281146, 1.0298755, 0.028431635]
[2.0028086, 0.98148584, 0.9944091, 0.0269137]
[2.0245674, 0.86949474, 1.1335628, 0.021509944]
[2.0188842, 1.0845208, 0.91090477, 0.023458634]
[1.9735949, 0.9157635, 1.0365574, 0.021273952]
[1.909187, 0.98628294, 0.897908, 0.024996053]
[1.961686, 0.881119, 1.0547642, 0.025802892]
[1.9501326, 1.0019102, 0.9212547, 0.0269678]
[1.9193972, 0.8588052, 1.0346488, 0.025943335]
[1.9648803, 0.97867894, 0.95748955, 0.028711874]
[1.9135243, 0.9264703, 0.9592819, 0.027772097]
[1.9735987, 0.8759741, 1.0588081, 0.03881649]
[1.9509473, 1.0370045, 0.8834423, 0.030500574]
[2.0207207, 0.9516833, 1.0395944, 0.02944304]
[1.9456049, 1.1257648, 0.7918645, 0.027975615]
[1.9568483, 0.85149276, 1.0713606, 0.033994958]
[1.9367572, 1.0065782, 0.8980413, 0.032137726]
[1.9916054, 1.1357408, 0.8277259, 0.02813873]
[1.994989, 0.7575406, 1.2055722, 0.03187617]
[1.9630812, 1.0823113, 0.8538737, 0.026896216]
[1.9029984, 0.9015329, 0.9687357, 0.03272982]
[2.0634956, 0.96455276, 1.0651428, 0.033800095]
[1.9017593, 0.9013182, 0.97009075, 0.030350365]
[2.0604093, 0.9977673, 1.0304488, 0.032193284]
[2.0365982, 1.1777658, 0.82598406, 0.032848425]
[1.9741943, 0.86491567, 1.0847708, 0.024507776]
[1.9072874, 1.1128418, 0.76583666, 0.028608743]
[1.9807181, 0.9377116, 1.0136511, 0.029355463]
[1.9553167, 1.0664289, 0.8615646, 0.027323114]
[1.9188772, 0.85940397, 1.0272378, 0.032235526]
[1.8896505, 1.0348198, 0.825657, 0.029173594]
[1.9834481, 0.8178139, 1.1357261, 0.029908122]
[1.9539455, 1.280422, 0.6405905, 0.03293309]
[1.9821836, 0.6996942, 1.2587614, 0.023728043]
[2.1414573, 1.4175987, 0.6935976, 0.030261032]
[2.0332801, 0.84348977, 1.1665819, 0.023208318]
[1.9678763, 0.9918972, 0.9567727, 0.019206397]
[1.9683037, 0.9126531, 1.0353125, 0.02033811]
[2.0108235, 0.95788777, 1.0301133, 0.022822447]
[1.9395683, 0.91474426, 1.0039533, 0.020870741]
[1.9624312, 0.90784204, 1.0283389, 0.026250236]
[1.9901378, 0.952165, 1.0129576, 0.025015179]
[1.9253702, 1.0100572, 0.88925767, 0.026055384]
[1.9712883, 0.9451577, 1.0028782, 0.023252329]
[1.8932801, 0.85279, 1.0144277, 0.026062487]
[1.9448264, 0.89140195, 1.0241497, 0.029274661]
[1.9700245, 0.9896298, 0.95146406, 0.028930545]
[1.9706324, 0.97451586, 0.96721005, 0.028906513]
[1.8735509, 0.9689035, 0.8781582, 0.026489228]
[2.031813, 1.0364319, 0.9680526, 0.027328203]
[1.9841739, 1.0131603, 0.943082, 0.027931629]
[1.9175893, 0.93193454, 0.95894, 0.026714638]
[1.9125501, 0.9745839, 0.9082438, 0.029722327]
[1.9296532, 0.9240862, 0.97413415, 0.03143283]
[1.9384167, 0.99493134, 0.9126775, 0.030807812]
[1.8582393, 0.8729544, 0.9551146, 0.030170366]
[1.976828, 0.98684025, 0.95779717, 0.032190554]
[1.9524418, 0.97465163, 0.9398029, 0.037987396]
[1.915821, 0.98113227, 0.8956665, 0.039022256]
[1.9868628, 0.9194844, 1.027543, 0.03983549]
[1.9964278, 0.87527776, 1.0828228, 0.038327157]
[1.9440876, 1.131687, 0.7789926, 0.033408098]
[2.0051632, 0.7172934, 1.2557118, 0.03215806]
[1.9798131, 1.1518545, 0.79815465, 0.029803999]
[1.9795873, 0.787653, 1.1578429, 0.034091443]
[1.9582522, 1.0557516, 0.8689877, 0.033512965]
[2.0579576, 1.0031135, 1.0230869, 0.031757414]
[1.946908, 1.0044341, 0.91325396, 0.029219836]
[1.9980891, 0.99309075, 0.9728575, 0.032140885]
[1.9417014, 0.9494878, 0.9651647, 0.027048882]
[1.9850329, 1.0231477, 0.92996144, 0.0319238]
[2.0268147, 1.0739884, 0.92671067, 0.026115563]
[2.0575376, 1.006151, 1.0272688, 0.024117865]
[1.9864448, 0.9541786, 1.0072558, 0.025010427]
[1.9562017, 0.9586122, 0.97477186, 0.02281756]
[2.004904, 0.98073435, 0.99959755, 0.024572214]
[1.9924313, 1.0395708, 0.9264207, 0.026439782]
[1.8737783, 0.8898699, 0.9615209, 0.022387452]
[2.0499277, 0.94128096, 1.0810351, 0.027611809]
[1.9429781, 1.0062535, 0.9140971, 0.022627568]
[1.9196404, 0.86904246, 1.0248543, 0.025743589]
[1.9778532, 0.9690548, 0.9824121, 0.026386257]
[1.9274346, 1.0199168, 0.8843626, 0.023155194]
[2.0317771, 0.82011235, 1.1833322, 0.028332558]
[2.0584984, 1.1683452, 0.8681953, 0.021957967]
[1.9304144, 0.9705753, 0.934859, 0.024980167]
[1.991248, 1.0133448, 0.95207936, 0.025823899]
[1.9394495, 1.0024776, 0.90876245, 0.028209455]
[2.008522, 0.9215754, 1.0591378, 0.027808875]
[1.9325273, 1.0743806, 0.83056843, 0.027578233]
[1.9829673, 0.94888115, 1.0054345, 0.028651636]
[2.0214138, 0.9539485, 1.0372883, 0.03017699]
[1.934265, 1.0145297, 0.89250684, 0.027228437]
[1.8850044, 0.8342471, 1.0215528, 0.029204447]
[1.9375753, 0.9586545, 0.94858646, 0.030334335]
[1.9472246, 0.99576604, 0.92018056, 0.031277996]
[1.916037, 0.85477805, 1.030636, 0.030622985]
[1.9690909, 0.9518156, 0.9858541, 0.031421166]
[1.9760164, 0.9788091, 0.97191405, 0.025293218]
[1.8712729, 0.7606762, 1.077472, 0.033124775]
[2.073823, 1.118003, 0.91938764, 0.036432296]
[1.9048501, 0.9064834, 0.9647811, 0.033585675]
[2.0152652, 0.889928, 1.0958457, 0.029491559]
[1.9782865, 1.1522435, 0.7952615, 0.030781545]
[1.8986473, 0.87157327, 0.99590826, 0.031165786]
[2.042075, 0.9266628, 1.085537, 0.029875005]
[1.9580835, 1.0737514, 0.8550461, 0.029286]
[1.9311324, 0.90420866, 0.99840933, 0.02851456]
[2.033121, 0.8910413, 1.1146929, 0.02738699]
[2.0035267, 0.9965403, 0.97933275, 0.027653793]
[2.046849, 1.0141071, 1.0053668, 0.027374867]
[1.9369841, 0.96685237, 0.9457152, 0.02441648]
[1.950852, 0.95636255, 0.97114974, 0.02333979]
[2.0550687, 1.0992723, 0.9312177, 0.024578797]
[1.91018, 0.90598106, 0.98300445, 0.021194402]
[1.9865376, 0.96768844, 0.99413764, 0.024711464]
[1.9114021, 0.96638477, 0.9213541, 0.023663158]
[1.9200368, 0.99805176, 0.8947395, 0.027245548]
[1.9733424, 0.9582854, 0.9894448, 0.025612205]
[1.9949125, 1.0207102, 0.94768834, 0.026513891]
[1.9630463, 0.98881686, 0.94998246, 0.024246968]
[1.9427896, 1.0309975, 0.88937974, 0.022412255]
[1.9964448, 0.9469601, 1.0267147, 0.022770047]
[1.9413178, 1.0596789, 0.8580643, 0.023574533]
[1.982443, 0.8571482, 1.1021049, 0.023189941]
[1.9807178, 1.0548139, 0.89927596, 0.026627872]
[1.9471489, 0.9475516, 0.9748087, 0.024788588]
[1.8518989, 1.0284156, 0.79711163, 0.026371697]
[1.9961674, 0.9775766, 0.99191225, 0.026678571]
[1.9311723, 0.9542532, 0.94860613, 0.028312873]
[1.8899735, 0.89070094, 0.96744007, 0.031832546]
[1.9558731, 0.92171586, 1.0015168, 0.032640494]
[1.9147303, 0.97686195, 0.9082061, 0.02966223]
[1.9350824, 0.8574392, 1.0444057, 0.033237517]
[2.0209074, 1.1855977, 0.80200213, 0.033307478]
[1.9296347, 0.573842, 1.3261071, 0.029685585]
[2.1547484, 1.4605498, 0.6584461, 0.035752483]
[1.9738144, 0.693056, 1.2530438, 0.027714632]
[2.0013223, 0.9758095, 1.0000732, 0.025439385]
[1.9156983, 0.87041336, 1.0175903, 0.027694672]
[1.953038, 0.90544593, 1.0193264, 0.028265616]
[1.9626226, 0.96569365, 0.9675504, 0.02937863]
[2.0020072, 0.94007325, 1.0294945, 0.03243944]
[1.9539965, 1.0360706, 0.89441866, 0.023507206]
[2.0601246, 0.92413425, 1.1111624, 0.02482792]
[1.9328734, 1.0733488, 0.83767855, 0.021846049]
[1.984416, 1.0217333, 0.9388474, 0.023835314]
[1.9825251, 0.9926211, 0.9640735, 0.025830548]
[1.9811987, 0.9833407, 0.97172713, 0.026130812]
[1.9059198, 0.8646457, 1.013035, 0.028239006]
[2.0572476, 1.0404015, 0.9863097, 0.03053645]
[1.9318485, 1.0182736, 0.88837254, 0.025202362]
[2.0119574, 1.0557327, 0.9282441, 0.027980676]
[1.969609, 1.0494361, 0.8965411, 0.023631804]
[1.9509571, 1.0399456, 0.88573027, 0.02528116]
[2.0448403, 0.95479405, 1.0627561, 0.027290327]
[1.8689882, 0.9883679, 0.8561944, 0.02442592]
[1.9938396, 0.815559, 1.1518196, 0.026461026]
[1.89336, 0.991503, 0.87488246, 0.02697453]
[1.9588497, 0.97031325, 0.96115655, 0.027379844]
[2.0427759, 0.9467287, 1.0702041, 0.025842927]
[2.060757, 1.1522629, 0.8805531, 0.027940888]
[2.1026502, 0.9416263, 1.132793, 0.028230812]
[2.0886884, 1.2089353, 0.8554402, 0.024312925]
[2.026746, 1.0140597, 0.9931299, 0.019556586]
[1.9568774, 0.95920753, 0.97697735, 0.020692497]
[1.9678628, 0.8970425, 1.0523319, 0.018488368]
[1.9458901, 0.9979483, 0.9281743, 0.019767381]
[2.0167344, 0.93014145, 1.0655679, 0.02102504]
[1.9305975, 0.9566593, 0.9547506, 0.01918773]
[2.0154128, 0.89618886, 1.095039, 0.024184966]
[1.9465137, 1.0438402, 0.8816161, 0.021057315]
[2.0005682, 0.9713146, 1.0070059, 0.022247635]
[1.9384905, 0.9314207, 0.9822609, 0.024808997]
[1.998959, 0.9359102, 1.0379977, 0.02505102]
[2.0109904, 1.0915215, 0.8932638, 0.026205052]
[1.9323947, 0.9716587, 0.9346965, 0.026039548]
[1.8803434, 0.9018762, 0.9536936, 0.024773562]
[1.9165796, 0.9111178, 0.9825658, 0.02289598]
[1.7994379, 0.9282863, 0.84112155, 0.030030034]
[1.8874428, 0.93873, 0.9156277, 0.03308507]
[1.9338636, 0.93064487, 0.96888614, 0.03433266]
[2.027168, 1.1039908, 0.88894165, 0.034235515]
[1.9884298, 0.7913185, 1.1631045, 0.034006786]
[2.0581808, 1.3505172, 0.6782706, 0.029393185]
[2.0395222, 0.9148463, 1.0946882, 0.02998785]
[2.020307, 1.0827924, 0.9076292, 0.02988562]
[1.9698542, 0.90665764, 1.0340984, 0.029098146]
[1.947791, 1.0049601, 0.9140452, 0.028785743]
[1.9726033, 0.8953492, 1.0495284, 0.027725723]
[1.9573807, 1.031466, 0.8986808, 0.027233781]
[1.9168543, 0.9983257, 0.8943273, 0.024201293]
[1.9539363, 0.9870932, 0.9398316, 0.027011491]
[2.0627744, 1.0216546, 1.0127062, 0.02841352]
[2.0491462, 0.96384513, 1.0569521, 0.028348839]
[1.9448239, 0.92273647, 0.9945027, 0.02758471]
[1.8759176, 0.92990685, 0.91735077, 0.028659986]
[1.9827797, 0.8644926, 1.0860531, 0.03223393]
[2.0211911, 1.2270851, 0.7653208, 0.028785162]
[1.9777945, 0.88532907, 1.0653265, 0.02713912]
[1.9977881, 1.135359, 0.8353699, 0.02705918]
[1.960617, 0.96339816, 0.97484106, 0.02237773]
[2.0267258, 0.9414089, 1.0577061, 0.027610864]
[2.065642, 1.0010992, 1.0423332, 0.0222096]
[1.975368, 1.0471423, 0.9042909, 0.023934837]
[2.0471568, 0.9817765, 1.0434742, 0.02190611]
[2.028128, 1.0457146, 0.96063685, 0.021776408]
[1.9357451, 0.91693217, 0.99776715, 0.021045811]
[1.898607, 0.97123873, 0.90471154, 0.02265662]
[1.9124068, 0.92151403, 0.96617234, 0.024720468]
[1.8940676, 0.9712941, 0.9004436, 0.022329964]
[1.924453, 0.88987684, 1.0082619, 0.026314247]
[1.9431828, 0.9569056, 0.9560499, 0.030227358]
[2.0026157, 0.9065099, 1.0676434, 0.028462436]
[1.9469547, 0.9971927, 0.9210179, 0.02874423]
[1.9490929, 0.8682273, 1.0541239, 0.026741777]
[1.9957069, 1.1014535, 0.8637043, 0.030549105]
[1.9268044, 0.89544725, 1.0015247, 0.02983248]
[1.9965448, 1.0471976, 0.92012095, 0.029226357]
[1.917314, 0.90724564, 0.97930384, 0.030764587]
[1.9897088, 0.96205395, 0.9946817, 0.032973215]
[2.016568, 1.1156746, 0.8703737, 0.030519621]
[2.0547342, 0.83187723, 1.1934898, 0.029367097]
[1.9702446, 1.1477544, 0.7944381, 0.028052095]
[1.9494702, 0.87596977, 1.0423896, 0.031110717]
[2.0801528, 1.1252811, 0.92816687, 0.026704779]
[1.9783287, 0.8995042, 1.052012, 0.026812496]
[1.9118226, 0.944345, 0.94093156, 0.026546033]
[1.917109, 0.9140512, 0.9771948, 0.025863066]
[1.9457624, 0.8446301, 1.0727589, 0.02837339]
[1.9159627, 0.9469122, 0.9403993, 0.02865122]
[1.90418, 0.76689696, 1.1102291, 0.027053952]
[1.9865271, 1.1664168, 0.7915118, 0.02859855]
[1.9859945, 0.92880845, 1.0332413, 0.02394473]
[1.9488024, 0.9733261, 0.94848746, 0.026988853]
[1.930343, 0.9801967, 0.9230741, 0.02707215]
[2.0331833, 0.89533454, 1.1140019, 0.023846794]
[1.9992673, 1.1167816, 0.8588802, 0.023605596]
[2.0191228, 0.99769056, 0.99890304, 0.022529133]
[1.9534148, 1.0481375, 0.8846303, 0.020646937]
[1.9823613, 0.9888177, 0.96790403, 0.025639515]
[2.0504777, 0.9103225, 1.119032, 0.021123081]
[2.0272446, 1.1562111, 0.8484999, 0.02253351]
[1.9569349, 0.9140841, 1.0205361, 0.0223148]
[1.983892, 0.9643309, 0.9971448, 0.022416223]
[1.9685609, 0.94030166, 1.0068164, 0.021442898]
[1.9625028, 1.028784, 0.9110174, 0.02270138]
[1.9419378, 0.98632497, 0.9306073, 0.025005408]
[1.931235, 0.9802778, 0.92166734, 0.02928985]
[1.8607574, 0.9475417, 0.88355684, 0.029658783]
[1.9535232, 1.0293218, 0.8948609, 0.029340543]
[1.9575278, 0.94616413, 0.98125815, 0.030105494]
[1.9159964, 0.9213047, 0.9575672, 0.037124474]
[1.9919024, 0.97152054, 0.9893849, 0.030996926]
[1.9292977, 0.90953255, 0.98486716, 0.03489802]
[2.009494, 1.0317953, 0.9451783, 0.03252051]
[2.0752413, 1.0327388, 1.0097625, 0.032739904]
[1.8804286, 1.0805063, 0.77173346, 0.028188728]
[1.9881841, 0.95856786, 1.0004306, 0.029185595]
[1.978183, 0.8195664, 1.1282098, 0.030406747]
[1.8748051, 0.98455656, 0.8623649, 0.027883671]
[1.9412678, 0.83231425, 1.0776725, 0.031281162]
[1.8575653, 0.9362772, 0.8860613, 0.03522665]
[2.0556648, 0.938288, 1.0863802, 0.030996632]
[1.9166085, 1.0236995, 0.86669576, 0.026213203]
[1.9887866, 0.8332721, 1.1245675, 0.030947015]
[1.9407502, 1.0486846, 0.86405706, 0.028008634]
[2.0128648, 0.9525925, 1.0275689, 0.032703415]
[1.9586139, 1.006875, 0.92019176, 0.03154707]
[2.1243997, 0.8463768, 1.2442136, 0.033809274]
[2.0555694, 1.3483875, 0.6787467, 0.028435282]
[1.870742, 0.8458895, 0.9979503, 0.026902111]
[2.0130687, 0.98762727, 0.9958178, 0.029623557]
[1.922712, 1.0550799, 0.83918107, 0.028450988]
[1.9263256, 0.90546227, 0.99170107, 0.02916217]
[1.8404759, 0.8986802, 0.91167796, 0.03011772]
[1.9426408, 1.0639503, 0.8478766, 0.03081393]
[1.8847754, 0.85736036, 0.9908463, 0.03656876]
[2.0971687, 1.1315329, 0.9341028, 0.031532966]
[1.9471809, 0.7802224, 1.1322265, 0.034731954]
[2.0010529, 1.0734323, 0.8946562, 0.032964442]
[1.9970869, 0.94699, 1.0222466, 0.027850214]
[2.0136666, 0.9986626, 0.98328173, 0.03172224]
[1.9572808, 0.92647034, 1.002634, 0.028176423]
[1.9899911, 1.001442, 0.963944, 0.024605162]
[1.967886, 0.8952247, 1.0434157, 0.029245641]
[1.8665999, 0.92404836, 0.91292655, 0.029625112]
[1.8760449, 0.92570496, 0.9193503, 0.030989584]
[2.0355346, 1.0146859, 0.98604405, 0.03480453]
[1.9203789, 0.9535103, 0.9384589, 0.028409764]
[1.9096295, 0.9795035, 0.9008905, 0.029235458]
[1.920196, 0.9790364, 0.90558547, 0.035574168]
[1.8898596, 0.8536027, 1.0031269, 0.033130005]
[2.0950885, 0.9629343, 1.0935513, 0.038602762]
[1.865922, 1.0310802, 0.8023598, 0.03248191]
[1.9112184, 0.83524454, 1.0375057, 0.03846807]
[2.0886216, 1.0303135, 1.0250567, 0.033251293]
[2.137215, 1.173695, 0.93434894, 0.029170968]
[2.017761, 1.2165618, 0.77432775, 0.026871547]
[1.9760065, 0.89996165, 1.0483098, 0.027734958]
[1.8718784, 1.0104964, 0.832039, 0.029342972]
[2.0503235, 1.0367386, 0.98861384, 0.024970911]
[1.9158013, 0.9925844, 0.8974841, 0.025732785]
[1.9510828, 1.035309, 0.88955617, 0.026217686]
[1.9772506, 0.9393121, 1.0120392, 0.025899343]
[1.8388493, 0.8149171, 0.9992951, 0.024637058]
[1.9843035, 1.0584447, 0.89574134, 0.030117337]
[1.858598, 0.8902001, 0.93600523, 0.032392725]
[1.9601461, 0.8099882, 1.1185255, 0.031632297]
[1.9538053, 1.0472133, 0.87371075, 0.032881267]
[1.9628844, 0.8708499, 1.064067, 0.027967487]
[2.018459, 0.9103339, 1.0791973, 0.028927885]
[2.0078554, 0.9000494, 1.0738149, 0.03399116]
[1.9224318, 1.0324264, 0.8636508, 0.0263547]
[1.9245204, 0.8993073, 0.9955443, 0.029668745]
[2.020341, 1.0700289, 0.91849685, 0.0318152]
[1.9466859, 0.9472343, 0.96924955, 0.03020202]
[1.9689618, 0.97309065, 0.9622449, 0.033626206]
[1.9964277, 0.98812157, 0.97318566, 0.035120405]
[1.9326103, 0.88397723, 1.016871, 0.031762164]
[1.983057, 1.1625128, 0.7936964, 0.026847888]
[1.9661503, 0.9033799, 1.0338134, 0.028956993]
[1.9845392, 1.0481496, 0.9056837, 0.030705832]
[1.8514931, 0.8825234, 0.942726, 0.026243683]
[1.9546862, 1.0364442, 0.8887249, 0.0295171]
[2.0126956, 0.96105826, 1.0237918, 0.027845565]
[2.067691, 1.0624381, 0.9763247, 0.028928366]
[2.0038354, 1.1931444, 0.783096, 0.027595092]
[1.9880259, 0.89069647, 1.0709264, 0.026402973]
[1.9310279, 0.9921036, 0.916217, 0.02270728]
