[1.8179786, 0.7014057, 1.0399907, 0.07658224]
[1.8416353, 0.87728, 0.88514006, 0.0792153]
[1.8583385, 0.8603871, 0.9157554, 0.08219604]
[1.8782561, 1.0091503, 0.78612375, 0.082982115]
[1.976832, 1.0167778, 0.87123436, 0.08881983]
[1.8862376, 0.87086, 0.93615836, 0.07921931]
[1.7957768, 0.72638774, 0.98486423, 0.08452492]
[1.8599064, 1.0276092, 0.7484266, 0.083870634]
[1.8430161, 0.8022442, 0.95873904, 0.082032956]
[1.8071802, 0.901635, 0.8202708, 0.0852744]
[2.015129, 0.8195303, 1.1034639, 0.092135]
[1.883891, 0.89631534, 0.9014926, 0.0860831]
[1.8090374, 0.7940655, 0.9218316, 0.09314036]
[1.829222, 0.9487569, 0.7935463, 0.086918846]
[1.8091751, 1.0132763, 0.70513415, 0.09076469]
[1.851338, 0.8582152, 0.89121306, 0.10190974]
[1.7889739, 0.74714065, 0.9412036, 0.10062973]
[1.9089339, 1.1341558, 0.6678706, 0.106907606]
[1.7152689, 0.7320043, 0.88658893, 0.09667562]
[1.8865979, 0.831323, 0.9527839, 0.10249089]
[1.916232, 0.9856702, 0.83083475, 0.099727064]
[1.9549717, 0.79926467, 1.0583754, 0.09733168]
[2.0197706, 1.1559455, 0.76082325, 0.10300188]
[1.8076249, 0.8243624, 0.8928062, 0.09045638]
[1.8910109, 1.0252488, 0.77330345, 0.09245866]
[1.7040389, 0.8845562, 0.7181479, 0.10133475]
[1.9368994, 0.9480216, 0.88452554, 0.10435225]
[2.033568, 1.0268145, 0.9032439, 0.10350943]
[1.8800719, 0.7729986, 1.0166357, 0.09043771]
[1.821352, 0.9953246, 0.73108804, 0.09493941]
[1.9187865, 0.7020285, 1.1164504, 0.100307606]
[2.0628946, 1.0680965, 0.90337574, 0.0914223]
[2.004459, 0.8693419, 1.0499597, 0.085157506]
[1.918138, 0.9141733, 0.9133717, 0.09059314]
[1.8171381, 0.8088082, 0.9234694, 0.084860474]
[1.797845, 0.88040644, 0.8339273, 0.08351122]
[1.941714, 0.954517, 0.9047423, 0.08245469]
[1.9597708, 0.9251878, 0.9480185, 0.08656438]
[1.7533818, 0.6893595, 0.9792373, 0.084785074]
[1.8091317, 0.77371323, 0.9543117, 0.08110683]
[1.9424293, 0.8937273, 0.958508, 0.09019393]
[1.8062587, 0.76923525, 0.9526848, 0.084338695]
[1.8903016, 0.9911234, 0.81851315, 0.080665]
[1.8640859, 0.82160723, 0.9432493, 0.09922931]
[1.7738011, 0.8750209, 0.81521106, 0.083569005]
[1.8160642, 0.9439595, 0.7805166, 0.091588154]
[1.8606075, 0.8119012, 0.9578084, 0.09089788]
[1.7637248, 0.7796871, 0.8998388, 0.08419898]
[1.9284575, 1.0695081, 0.754339, 0.10461038]
[1.8333013, 0.85593474, 0.8784729, 0.09889366]
[1.9400957, 0.9101862, 0.92673683, 0.10317261]
[2.0107424, 1.167486, 0.7533731, 0.08988323]
[1.7526015, 0.7593396, 0.90055865, 0.09270319]
[1.9459493, 0.83868694, 1.0139698, 0.093292534]
[1.717959, 0.8939751, 0.7383033, 0.08568062]
[1.7781866, 0.73277146, 0.9552306, 0.090184435]
[1.8836867, 0.93320334, 0.8495158, 0.10096753]
[1.7908642, 0.93539256, 0.76379144, 0.09168027]
[1.8201412, 0.8918741, 0.8275565, 0.100710586]
[1.793584, 0.8800309, 0.808691, 0.10486204]
[1.7820964, 0.7710625, 0.9124326, 0.09860134]
[2.0601873, 0.89017165, 1.0669762, 0.10303944]
[1.9371765, 1.18155, 0.6612824, 0.09434406]
[2.0446067, 0.89253646, 1.0634589, 0.088611394]
[1.7847719, 0.8989864, 0.78782046, 0.09796499]
[1.9344785, 0.8508194, 1.0018668, 0.08179237]
[1.8334372, 0.7536063, 0.9905232, 0.08930761]
[1.7043371, 0.73257273, 0.8831643, 0.08860016]
[2.0067742, 0.9454719, 0.96301854, 0.09828377]
[1.9402089, 0.8942021, 0.9504889, 0.095517926]
[2.002172, 0.97448176, 0.93665606, 0.091034144]
[1.9363346, 0.7512275, 1.0982485, 0.08685867]
[1.910145, 0.90065706, 0.9231107, 0.086377226]
[1.9376456, 0.83194494, 1.0297711, 0.07592955]
[1.9252687, 0.8748332, 0.9669561, 0.08347943]
[1.9210415, 1.114852, 0.73001045, 0.07617906]
[1.7129003, 0.64110476, 0.9865986, 0.08519687]
[1.9962249, 0.9592684, 0.9517957, 0.08516069]
[1.9487495, 0.86746943, 0.99931026, 0.08196981]
[1.8781095, 1.0608767, 0.7378944, 0.07933836]
[1.7420634, 0.892618, 0.7738044, 0.07564107]
[1.8618127, 0.89850384, 0.87608325, 0.087225586]
[1.8332775, 0.91845137, 0.82075703, 0.09406902]
[1.8830454, 0.9877586, 0.80337715, 0.09190971]
[1.9919727, 0.657565, 1.2381136, 0.096294105]
[1.8929312, 1.0462666, 0.75917196, 0.087492764]
[1.8439671, 0.85460246, 0.8912356, 0.098129034]
[1.9031043, 0.7347524, 1.0777389, 0.09061307]
[1.7786173, 1.0422918, 0.64993185, 0.086393766]
[1.9232799, 0.94214803, 0.88753104, 0.093600824]
[1.7577187, 0.87156916, 0.79668754, 0.0894619]
[1.9696348, 0.8905952, 0.9932089, 0.085830644]
[1.8578446, 0.893607, 0.87470174, 0.08953583]
[1.9324113, 0.8304877, 1.0051541, 0.09676946]
[1.924476, 0.91865075, 0.91599554, 0.08982985]
[1.9752333, 0.9789665, 0.90575325, 0.09051357]
[1.8735272, 1.008299, 0.77691746, 0.08831074]
[1.8652455, 0.7123277, 1.0698504, 0.08306729]
[1.9058704, 0.93266726, 0.8852053, 0.08799796]
[1.6643884, 0.75232327, 0.82809675, 0.083968446]
[1.9103664, 1.0773839, 0.741079, 0.09190357]
[1.8921448, 0.75783616, 1.0522083, 0.08210024]
[1.7689748, 1.0093566, 0.6664504, 0.09316782]
[1.9069272, 0.8754283, 0.93685925, 0.094639696]
[1.8163093, 0.8771007, 0.8435077, 0.09570083]
[2.041723, 1.0442107, 0.9056616, 0.09185079]
[1.8950688, 1.1843673, 0.6316955, 0.079005994]
[1.8643602, 0.8285537, 0.93811464, 0.09769194]
[1.7897556, 0.9334208, 0.76231205, 0.0940227]
[1.8960621, 0.9204667, 0.8910366, 0.0845587]
[1.9712862, 1.0261898, 0.8596889, 0.08540748]
[1.9822415, 0.91909397, 0.9759459, 0.087201715]
[1.7589834, 0.83779997, 0.8358651, 0.08531834]
[1.8106005, 0.868806, 0.8501135, 0.09168105]
[1.971704, 0.96245277, 0.9112678, 0.09798339]
[1.8957874, 0.89611727, 0.90331054, 0.096359596]
[1.8299104, 0.831108, 0.91251194, 0.0862905]
[1.9101764, 0.9851992, 0.82981586, 0.09516129]
[1.9325001, 0.6967591, 1.1470947, 0.08864623]
[1.7867728, 1.051235, 0.6456766, 0.08986124]
[1.9274735, 0.8567673, 0.98492515, 0.0857811]
[1.7042497, 0.7725744, 0.8402421, 0.0914332]
[2.1142068, 0.8176017, 1.1970054, 0.09959994]
[1.911816, 0.8993755, 0.9207959, 0.091644645]
[1.9364917, 0.9936426, 0.8477592, 0.09508988]
[1.9093868, 0.92706203, 0.889432, 0.092892736]
[1.7517303, 0.8341352, 0.83337545, 0.08421965]
[1.6371197, 0.77655655, 0.76538104, 0.09518205]
[1.9505707, 1.1521752, 0.70040935, 0.09798615]
[1.9300325, 0.84050596, 0.9854094, 0.10411716]
[1.7825266, 0.706421, 0.9708714, 0.10523421]
[1.9924941, 1.1100067, 0.78476775, 0.09771973]
[1.8165662, 0.7661114, 0.95717704, 0.0932778]
[1.9235307, 0.86546576, 0.96303284, 0.095032096]
[2.0467088, 0.9381655, 1.0130875, 0.09545589]
[1.7740089, 0.75670713, 0.92620796, 0.09109379]
[1.7839557, 0.82498825, 0.86738425, 0.091583185]
[1.846174, 0.8606761, 0.8844017, 0.10109618]
[2.0617285, 0.6912961, 1.2702365, 0.100195885]
[1.9548378, 1.0821576, 0.7831862, 0.08949396]
[1.9634352, 1.0021744, 0.8733727, 0.08788817]
[1.8895506, 0.77832675, 1.0251458, 0.08607809]
[2.0188727, 1.0204154, 0.9148246, 0.083632745]
[2.0042315, 0.958618, 0.9606749, 0.08493851]
[1.8054119, 0.91302234, 0.80395293, 0.08843676]
[2.0041897, 0.87263113, 1.053226, 0.07833274]
[1.7956879, 0.7687773, 0.94767743, 0.07923316]
[1.8252224, 0.9519953, 0.7948315, 0.0783955]
[2.0487921, 0.99190855, 0.97214645, 0.08473704]
[1.7302972, 0.886217, 0.7688405, 0.07523982]
[1.7691505, 0.8174356, 0.8697248, 0.08198997]
[2.0841537, 1.1306541, 0.8681226, 0.085377045]
[2.0136652, 0.995986, 0.9474166, 0.07026258]
[1.8483942, 0.8977299, 0.8753723, 0.075291954]
[1.872102, 0.87338626, 0.9266615, 0.072054245]
[1.8148844, 0.8576049, 0.88390887, 0.07337066]
[1.8151897, 0.82560056, 0.90171516, 0.087874055]
[1.8358219, 0.953217, 0.7901324, 0.09247248]
[1.8995351, 0.9351785, 0.88155, 0.08280652]
[1.774945, 1.0105238, 0.67548513, 0.08893607]
[2.0216036, 0.9021817, 1.0364854, 0.08293663]
[2.0197775, 1.0444316, 0.8857546, 0.08959142]
[1.8439744, 0.9046525, 0.8556221, 0.08369964]
[1.8846743, 0.8602021, 0.94175494, 0.08271731]
[2.0787306, 1.2436979, 0.7547621, 0.080270626]
[1.8417033, 0.8994885, 0.870196, 0.0720187]
[1.777836, 0.8501344, 0.84440184, 0.0832998]
[1.8196657, 0.7983178, 0.93787074, 0.08347719]
[1.6345121, 0.7922604, 0.75978047, 0.082471296]
[1.8288741, 0.93301487, 0.8058467, 0.0900125]
[1.9292604, 0.95082164, 0.8877963, 0.09064245]
[1.8008206, 0.9612528, 0.7479879, 0.091579884]
[1.8908818, 0.9035536, 0.89581144, 0.09151676]
[1.8411392, 0.73104334, 1.0162907, 0.09380518]
[1.9453361, 1.0337676, 0.8236933, 0.08787527]
[1.9490933, 1.0040352, 0.8521771, 0.09288091]
[1.8345429, 0.79377854, 0.94389665, 0.09686766]
[1.7523222, 0.8885224, 0.7663864, 0.09741338]
[1.824054, 0.73393774, 1.0002377, 0.08987857]
[2.0625954, 1.1335416, 0.83700657, 0.092047095]
[1.9186251, 0.9606123, 0.86966217, 0.08835061]
[1.8636452, 0.83838, 0.93165016, 0.09361503]
[1.9517288, 0.9877472, 0.87557876, 0.08840285]
[1.9776375, 0.94580925, 0.9451548, 0.08667349]
[1.7862449, 0.8225821, 0.8772657, 0.08639711]
[1.7152297, 0.8308431, 0.79751575, 0.086870916]
[1.8355663, 0.8583049, 0.88157964, 0.095681615]
[1.7610595, 0.8386782, 0.827895, 0.09448631]
[1.8196031, 0.7993713, 0.9295789, 0.09065284]
[1.8965596, 0.9143123, 0.884172, 0.09807525]
[1.7974464, 0.8104524, 0.8886527, 0.098341376]
[1.7325721, 0.76714206, 0.8607836, 0.10464639]
[1.9262235, 0.7900448, 1.0243089, 0.11186985]
[2.013888, 1.0783367, 0.836025, 0.09952626]
[1.8547839, 0.7278227, 1.0300952, 0.096866034]
[1.9230818, 0.9553603, 0.873947, 0.09377444]
[1.9245985, 0.71476924, 1.1147823, 0.09504689]
[1.8389559, 1.0010918, 0.7410089, 0.09685516]
[1.8619609, 0.9832499, 0.7886119, 0.090099126]
[1.861278, 1.009684, 0.74592614, 0.105667904]
[2.111414, 0.86230946, 1.1327453, 0.11635915]
[1.7842867, 0.9797318, 0.71173644, 0.09281847]
[1.8593456, 0.9120947, 0.8389339, 0.10831706]
[1.7285832, 0.95791495, 0.672919, 0.09774932]
[2.0754287, 0.9189006, 1.0532178, 0.10331035]
[1.7476171, 0.79651016, 0.8508487, 0.100258216]
[1.739552, 0.90177935, 0.74522007, 0.09255263]
[2.0478444, 0.8910243, 1.0591347, 0.0976854]
[1.7918462, 0.8676896, 0.8257636, 0.098392926]
[1.9104352, 0.9313908, 0.8685588, 0.11048551]
[1.7579747, 0.6815424, 0.9801805, 0.096251845]
[2.0784662, 0.84349585, 1.1225648, 0.11240554]
[2.178815, 0.9457047, 1.1333957, 0.09971441]
[1.9206883, 0.8582144, 0.9714459, 0.09102793]
[2.0624983, 0.97543764, 1.000289, 0.08677167]
[1.7768651, 0.7676928, 0.92486686, 0.08430543]
[1.8751833, 0.71324515, 1.0672712, 0.09466701]
[1.8059094, 0.9108978, 0.81243986, 0.082571715]
[1.7862481, 0.81992054, 0.8720325, 0.094295055]
[2.1797996, 0.9160753, 1.1722019, 0.091522515]
[1.951036, 0.9374659, 0.9348702, 0.07869987]
[1.9253219, 0.9158853, 0.92434204, 0.08509453]
[1.9154347, 0.8816688, 0.945649, 0.08811685]
[1.9497778, 0.92867327, 0.94213325, 0.078971386]
[1.8046356, 0.9117446, 0.8123393, 0.080551766]
[1.7826072, 0.79696757, 0.9088003, 0.07683928]
[1.8140498, 0.9146372, 0.81911397, 0.08029863]
[1.8266053, 0.92075723, 0.81727016, 0.088578016]
[1.8753111, 0.9285389, 0.86347014, 0.083301984]
[1.7576635, 0.8843123, 0.78890634, 0.08444486]
[1.9150181, 0.8917612, 0.931072, 0.09218485]
[1.8156445, 0.9019948, 0.8220532, 0.09159654]
[2.000437, 0.93429077, 0.9770335, 0.08911285]
[2.0212038, 0.9505322, 0.9757786, 0.09489304]
[1.7777677, 0.8712302, 0.81148684, 0.095050626]
[1.8256694, 0.8610853, 0.8723087, 0.09227551]
[1.7944114, 0.9394955, 0.7612298, 0.09368609]
[1.8154316, 0.7467357, 0.9678251, 0.100870855]
[2.02477, 1.0655165, 0.86718404, 0.0920694]
[2.1163082, 1.1003265, 0.93136454, 0.08461715]
[1.8154399, 0.836635, 0.89234686, 0.08645815]
[2.078924, 1.0654454, 0.92156625, 0.0919123]
[1.8539004, 0.8681941, 0.90868056, 0.0770258]
[2.0164826, 0.852559, 1.0796736, 0.08425007]
[1.8539076, 0.78067696, 0.9918585, 0.081372134]
[1.850862, 0.8013623, 0.9709959, 0.07850385]
[1.973875, 0.80483854, 1.0872297, 0.08180672]
[1.9658087, 1.0642405, 0.8269915, 0.07457678]
[1.9825395, 0.8489537, 1.0520325, 0.081553385]
[1.9515367, 1.0073581, 0.86727583, 0.07690281]
[1.787309, 0.6693679, 1.0538445, 0.064096674]
[1.8689413, 0.77706677, 1.0167855, 0.07508892]
[1.9299134, 0.98721963, 0.8709801, 0.07171367]
[1.9571211, 0.89918256, 0.9806938, 0.07724482]
[1.7908647, 0.8949286, 0.82080996, 0.07512619]
[1.9743639, 1.0479059, 0.8449373, 0.08152071]
[1.8411528, 0.82639194, 0.94679093, 0.06796987]
[1.8603747, 0.9901892, 0.793256, 0.07692958]
[1.8873835, 0.9001518, 0.9078779, 0.079353765]
[1.8474468, 1.0590007, 0.7048646, 0.08358146]
[1.8884414, 0.8269366, 0.98069626, 0.08080853]
[1.8736736, 0.9098234, 0.8837571, 0.08009304]
[1.9789655, 1.0084343, 0.889663, 0.080868274]
[1.9984249, 0.9283534, 0.9902526, 0.079818815]
[1.8574418, 0.887735, 0.8934158, 0.076290995]
[1.8024495, 0.9783137, 0.75250995, 0.07162584]
[2.0096192, 0.94290555, 0.9786215, 0.08809209]
[1.8346366, 0.8797137, 0.888188, 0.06673495]
[1.7430439, 1.0041537, 0.6640434, 0.07484679]
[1.8159462, 0.75116134, 0.9868637, 0.07792122]
[2.0145926, 0.9801444, 0.9561812, 0.078267]
[1.9101253, 0.9641541, 0.8695984, 0.07637274]
[2.0475876, 1.0475055, 0.9237238, 0.07635838]
[1.8358666, 0.8289968, 0.93073964, 0.07613013]
[2.1341753, 1.0307901, 1.0286149, 0.07477037]
[2.0793674, 0.9069598, 1.1048272, 0.06758045]
[2.0456605, 1.0030074, 0.9797232, 0.062929854]
[2.0733483, 0.9193827, 1.0951569, 0.058808535]
[1.7956389, 0.99719626, 0.7415468, 0.056895886]
[1.8165432, 0.9432624, 0.81164616, 0.06163471]
[1.8408349, 1.0383005, 0.7371725, 0.06536186]
[1.977454, 1.0288105, 0.87791187, 0.070731685]
[2.071173, 1.0088117, 1.0039139, 0.0584474]
[1.9016045, 0.8659136, 0.97402346, 0.061667413]
[1.8993063, 0.98199886, 0.8544339, 0.06287366]
[1.8587328, 0.8862963, 0.9101452, 0.06229131]
[1.9488252, 1.0338924, 0.85210824, 0.06282465]
[1.8672585, 0.85888755, 0.9502079, 0.05816313]
[1.9140986, 0.84008527, 1.0195482, 0.054465123]
[1.9281448, 1.02138, 0.8488888, 0.05787597]
[1.8494915, 0.8649589, 0.92028296, 0.064249605]
[1.7114497, 0.8099065, 0.84148365, 0.06005969]
[2.0050273, 1.0262144, 0.89783585, 0.08097716]
[1.8373206, 0.7193669, 1.0425507, 0.07540302]
[1.9202559, 0.9535432, 0.89810854, 0.068604276]
[1.686348, 0.66015244, 0.9424012, 0.08379438]
[1.7804657, 0.84075004, 0.85924196, 0.08047378]
[1.8442339, 0.7711289, 0.9878158, 0.08528912]
[1.841367, 0.92668307, 0.8203942, 0.09428983]
[1.8641772, 0.92560065, 0.847944, 0.09063262]
[1.9215214, 1.010632, 0.82208264, 0.08880675]
[1.823752, 0.8407447, 0.8900745, 0.09293278]
[1.9334271, 1.0969439, 0.74292016, 0.09356307]
[1.6578287, 0.79804105, 0.77671856, 0.08306904]
[2.0033493, 0.97519696, 0.9412718, 0.08688067]
[1.7096732, 0.83543915, 0.779286, 0.0949481]
[1.8753264, 0.8436218, 0.9314595, 0.10024518]
[1.8939364, 0.9019644, 0.8922195, 0.099752374]
[1.5806438, 0.5896139, 0.89546597, 0.09556389]
[1.7979945, 0.9598543, 0.73198724, 0.10615291]
[1.874595, 0.82318366, 0.9464996, 0.10491179]
[1.8700969, 0.9728789, 0.7944886, 0.1027295]
[1.9197274, 0.7290095, 1.0917058, 0.09901209]
[1.8990159, 1.1104662, 0.6931843, 0.0953653]
[2.108997, 0.91339725, 1.1046554, 0.09094463]
[1.6373622, 0.70950925, 0.8445119, 0.08334109]
[1.8388038, 1.0004365, 0.7445122, 0.09385499]
[1.9000663, 0.8483434, 0.9545787, 0.09714422]
[1.9679875, 1.0420741, 0.8426011, 0.08331232]
[1.8681887, 0.92110336, 0.8610508, 0.086034626]
[1.9333967, 0.74045265, 1.1036909, 0.08925318]
[1.927933, 1.0133805, 0.83299005, 0.081562445]
[1.9190476, 0.8235732, 1.0093243, 0.0861502]
[1.8671472, 0.9030457, 0.8871691, 0.076932475]
[1.8610079, 0.9407356, 0.83530825, 0.08496398]
[1.9339768, 0.9834794, 0.86129993, 0.089197494]
[1.7241626, 0.8157401, 0.82736695, 0.08105558]
[1.951329, 0.8538958, 1.0021278, 0.095305435]
[1.8289462, 0.95832384, 0.7848033, 0.085819155]
[1.7824072, 0.7262543, 0.9715786, 0.08457439]
[1.966751, 1.0642117, 0.81162333, 0.090915866]
[2.0169196, 0.868724, 1.0638299, 0.084365636]
[2.0073683, 1.0127846, 0.9104861, 0.08409773]
[1.8387836, 0.8189905, 0.93639743, 0.083395615]
[2.037304, 1.0060034, 0.94854474, 0.082755804]
[1.8724544, 0.82628715, 0.9608809, 0.08528637]
[1.8698568, 0.8224091, 0.9646144, 0.082833335]
[1.733657, 0.81861293, 0.83134294, 0.08370115]
[1.7281991, 0.77315766, 0.8767272, 0.07831419]
[1.7863039, 0.84796107, 0.84506226, 0.0932805]
[1.8347431, 0.7382393, 1.0024172, 0.094086654]
[1.9063529, 0.7608558, 1.0460826, 0.09941447]
[2.0457091, 1.0047667, 0.9459386, 0.095003866]
[2.0948176, 0.9658029, 1.0407281, 0.08828658]
[2.1434262, 0.9898788, 1.069902, 0.08364557]
[1.71713, 0.8846617, 0.7531314, 0.07933693]
[1.8090388, 0.8314682, 0.90479016, 0.07278037]
[2.0797725, 0.96798545, 1.0307019, 0.08108518]
[1.834557, 0.8624672, 0.89674044, 0.075349346]
[2.0057402, 0.9427908, 0.97928524, 0.08366423]
[1.8953421, 0.91927993, 0.904978, 0.071084306]
[1.9120588, 0.8481044, 0.9880572, 0.07589726]
[1.8407588, 0.8426976, 0.9209089, 0.07715222]
[1.869732, 0.82160413, 0.9711799, 0.076948084]
[1.8861647, 1.0765617, 0.72799444, 0.081608534]
[1.9615157, 0.87701476, 1.0005496, 0.0839513]
[1.8851002, 0.99586374, 0.80209845, 0.08713806]
[2.1349378, 0.98840624, 1.072806, 0.0737254]
[1.9551835, 0.9428247, 0.93492675, 0.07743198]
[1.7215668, 0.952808, 0.69975317, 0.06900565]
[1.9524717, 0.8177457, 1.068108, 0.06661807]
[1.8482374, 0.90133196, 0.8800162, 0.0668892]
[1.9756513, 1.0235295, 0.88139987, 0.070721835]
[1.9425504, 0.8107862, 1.0580616, 0.07370262]
[1.9393218, 0.9356555, 0.9443159, 0.05935033]
[1.780737, 0.86764646, 0.84881186, 0.064278744]
[1.7319914, 0.80285466, 0.8581649, 0.07097186]
[1.8113798, 0.9194828, 0.8127264, 0.0791706]
[1.7193063, 0.83405304, 0.80074203, 0.08451125]
[1.9855303, 0.92572504, 0.97840756, 0.08139765]
[1.7116084, 0.86573863, 0.7803305, 0.06553936]
[1.993559, 0.9868819, 0.9239396, 0.08273758]
[2.013706, 0.924561, 1.001812, 0.08733302]
[1.9606955, 0.8824848, 0.99693197, 0.08127882]
[1.892786, 1.1257563, 0.6869947, 0.08003503]
[1.6941991, 0.8368937, 0.7798284, 0.07747693]
[1.7930413, 0.8518008, 0.864058, 0.07718249]
[1.9383667, 1.0118772, 0.8344672, 0.09202227]
[1.9064047, 0.90122104, 0.91269225, 0.09249139]
[1.7245982, 0.90464675, 0.7288163, 0.09113513]
[1.860049, 0.69446075, 1.0764645, 0.08912377]
[1.857656, 0.9971373, 0.7725287, 0.08798999]
[1.9767209, 1.2040026, 0.6891754, 0.08354293]
[1.9403448, 0.84578925, 1.0129707, 0.08158493]
[1.8129412, 0.85253245, 0.88145804, 0.07895072]
[1.9209007, 1.0012915, 0.83100355, 0.088605665]
[1.9592805, 0.82262135, 1.0454965, 0.09116273]
[1.9922302, 0.93503547, 0.9808458, 0.07634896]
[1.9226861, 1.0259407, 0.8178931, 0.07885246]
[1.963714, 0.8741903, 1.0034105, 0.08611332]
[1.7412125, 0.8627254, 0.79892755, 0.079559565]
[1.8352525, 0.8707378, 0.8821119, 0.08240287]
[1.8778796, 0.8373638, 0.95169854, 0.0888173]
[2.0672138, 0.8894738, 1.0892198, 0.08852016]
[1.9384555, 0.75764537, 1.0960939, 0.084716186]
[1.6582514, 0.9262012, 0.64917547, 0.082874656]
[1.8360705, 0.7847271, 0.9616593, 0.08968413]
[1.7144735, 0.9081218, 0.7081957, 0.098155916]
[1.9623809, 0.9420834, 0.91563714, 0.10466021]
[2.0068614, 1.0979007, 0.812601, 0.09635967]
[1.9725034, 0.6968354, 1.1712341, 0.10443391]
[2.1101956, 1.0578527, 0.95942795, 0.09291506]
[1.9537542, 0.94837356, 0.9191803, 0.08620034]
[1.9191666, 0.92100585, 0.90938085, 0.08877991]
[1.9406579, 0.89847845, 0.9641087, 0.078070685]
[1.9562188, 1.0336754, 0.8438821, 0.07866131]
[1.8395834, 0.8733878, 0.8865764, 0.07961917]
[1.9182583, 0.93029034, 0.9031378, 0.08483019]
[1.8489716, 0.88323057, 0.8790593, 0.08668176]
[1.9100711, 0.83983755, 0.97642833, 0.09380536]
[1.924641, 1.0362451, 0.8055619, 0.08283398]
[1.9897169, 0.8705584, 1.0302944, 0.08886404]
[1.9232992, 0.94068444, 0.9044242, 0.078190565]
[1.9709846, 0.9122292, 0.98522556, 0.07352982]
[1.9530722, 0.99009347, 0.88664466, 0.07633415]
[2.043318, 0.9104888, 1.0585569, 0.07427247]
[1.8204217, 0.8280291, 0.9274292, 0.06496337]
[1.8834565, 0.93496513, 0.86833656, 0.08015473]
[1.9015801, 0.94046456, 0.8875576, 0.07355785]
[1.9543854, 1.1617242, 0.71155393, 0.081107214]
[1.8886535, 0.834072, 0.983646, 0.07093544]
[1.8807818, 0.9382602, 0.8766904, 0.06583117]
[1.79472, 0.78036463, 0.9368065, 0.0775489]
[1.9581804, 0.87301886, 1.0088842, 0.076277435]
[1.9201039, 0.8775346, 0.95705974, 0.08550949]
[1.8081875, 0.9064473, 0.826226, 0.07551417]
[1.9213932, 0.8080509, 1.0297066, 0.08363568]
[1.8669851, 0.9323492, 0.8509411, 0.083694726]
[1.8621136, 0.83093154, 0.9458436, 0.08533843]
[1.9479945, 0.72906446, 1.1288952, 0.0900349]
[1.9481553, 0.99925613, 0.87461406, 0.074285194]
[1.9772213, 0.9699278, 0.930829, 0.07646442]
[1.9256613, 0.8531065, 0.9912102, 0.081344545]
[1.9712747, 0.92918956, 0.96572375, 0.07636144]
[1.9349201, 0.91184497, 0.9531487, 0.06992634]
[1.8354673, 0.7955988, 0.9605515, 0.07931714]
[1.8492122, 0.8477824, 0.93003213, 0.0713976]
[2.0234237, 0.83356905, 1.1132848, 0.07656981]
[1.7505459, 0.80091816, 0.88238144, 0.06724632]
[1.7341888, 0.8115258, 0.8443253, 0.07833762]
[1.9555484, 0.98948514, 0.88365936, 0.08240388]
[2.035858, 1.1134297, 0.8438525, 0.07857576]
[1.9464408, 1.0414, 0.83347213, 0.07156868]
[1.8857462, 0.96854347, 0.844738, 0.07246474]
[1.9289736, 1.1030753, 0.7504878, 0.07541045]
[1.9085687, 0.937534, 0.8941923, 0.07684243]
[1.89411, 1.0248742, 0.8020325, 0.06720327]
[1.9829078, 0.9500318, 0.9627098, 0.07016608]
[1.877531, 0.9244024, 0.88320196, 0.06992676]
[1.7906141, 0.83299744, 0.89254665, 0.06507001]
[1.9338984, 0.92639625, 0.9264754, 0.08102683]
[1.8749003, 1.0839179, 0.7156286, 0.07535391]
[1.9501891, 0.87837464, 0.99605614, 0.07575839]
[1.9530015, 1.1005828, 0.78076106, 0.0716577]
[2.0046067, 1.0227485, 0.9174818, 0.06437637]
[1.840675, 0.93008286, 0.84271467, 0.06787741]
[1.8369766, 0.8385882, 0.9259155, 0.07247293]
[1.8546902, 0.9895713, 0.787125, 0.077993944]
[1.6997442, 0.8232508, 0.7970593, 0.0794341]
[1.8939259, 0.9525529, 0.86122394, 0.080148995]
[1.857728, 0.8232968, 0.95356405, 0.080867216]
[1.9016724, 0.9419998, 0.87489283, 0.08477972]
[1.924086, 0.80305886, 1.0399525, 0.08107464]
[1.9533608, 0.90534043, 0.96983975, 0.07818052]
[1.8879086, 1.0755439, 0.73722994, 0.0751347]
[1.856184, 0.83733475, 0.9418795, 0.0769698]
[1.9224894, 1.1095521, 0.734408, 0.078529224]
[1.7782348, 0.77514184, 0.9239205, 0.07917248]
[1.7813499, 1.023886, 0.6812349, 0.076229095]
[1.9843237, 0.9121768, 0.99316645, 0.07898046]
[1.9442903, 0.97307974, 0.8994814, 0.07172909]
[2.036585, 0.8996892, 1.0644171, 0.07247877]
[1.6916807, 0.59214747, 1.025037, 0.07449621]
[1.970756, 0.9383393, 0.9618459, 0.070571005]
[1.9218217, 0.8623439, 0.98643136, 0.07304642]
[1.9700469, 1.002032, 0.89206904, 0.07594575]
[1.8734287, 0.779148, 1.025884, 0.06839673]
[1.9155183, 0.81040215, 1.0282812, 0.07683497]
[1.9596015, 1.1010995, 0.7906952, 0.067806795]
[1.7756627, 0.6699841, 1.0388454, 0.06683314]
[1.8672441, 0.80101454, 0.99433416, 0.07189545]
[1.8636552, 0.8542413, 0.9302099, 0.07920392]
[2.0566075, 0.9295367, 1.0617368, 0.065333925]
[1.9863088, 0.9909998, 0.92228025, 0.07302874]
[2.00142, 1.0217657, 0.91169935, 0.06795511]
[1.9746705, 1.0019639, 0.9103135, 0.062393155]
[1.8396604, 0.9172635, 0.8519852, 0.07041163]
[2.001623, 0.7736416, 1.1597308, 0.06825044]
[1.8972008, 1.1057143, 0.7230501, 0.06843637]
[1.9493227, 1.019581, 0.8624855, 0.06725623]
[2.0128744, 1.0017196, 0.94591856, 0.06523629]
[1.9519306, 0.9809207, 0.8993267, 0.071683235]
[1.8209077, 0.86300635, 0.89302784, 0.064873524]
[1.9535434, 0.8198092, 1.0706639, 0.063070245]
[1.8031399, 0.7813084, 0.96145904, 0.060372412]
[1.9536089, 1.023298, 0.86609536, 0.064215496]
[1.8824766, 0.8469981, 0.9669141, 0.06856443]
[1.7735353, 0.8948102, 0.81283706, 0.06588794]
[2.0097106, 0.87650883, 1.0660498, 0.067151845]
[1.9169464, 0.98091584, 0.86641145, 0.06961915]
[1.8875643, 0.8511317, 0.9710102, 0.06542245]
[2.0371234, 0.9577232, 1.0112345, 0.068165705]
[1.8544071, 0.9692385, 0.8181666, 0.06700197]
[2.0082617, 0.94354606, 1.0000364, 0.06467922]
[1.8850629, 0.9350592, 0.88820505, 0.061798688]
[1.838827, 0.9358287, 0.842295, 0.0607034]
[1.8983132, 0.8274205, 1.0082802, 0.062612504]
[1.8234229, 1.0459033, 0.7140035, 0.063516185]
[1.8380239, 0.80761504, 0.95811653, 0.07229233]
[1.8216664, 1.0114558, 0.74051774, 0.069692835]
[1.9327693, 0.92795676, 0.93299866, 0.07181376]
[1.8940562, 0.84241897, 0.97944635, 0.07219088]
[1.9577603, 0.98172116, 0.9050258, 0.071013436]
[1.9871187, 0.8667091, 1.0467055, 0.07370409]
[1.9214556, 0.8534359, 0.9990997, 0.06892009]
[2.0662916, 0.99067205, 1.0077327, 0.0678868]
[1.9214296, 1.0183204, 0.8351965, 0.06791271]
[1.8869747, 0.9615993, 0.85631627, 0.0690591]
[1.8896356, 0.9117209, 0.91309524, 0.064819515]
[1.8585118, 0.83157134, 0.95933676, 0.06760376]
[1.8100928, 0.8963299, 0.8495456, 0.06421736]
[1.9380918, 1.0464622, 0.82277024, 0.068859324]
[1.9854598, 0.91866213, 0.99592507, 0.070872545]
[1.9565052, 0.9970719, 0.8824156, 0.07701764]
[1.8235061, 0.7418973, 1.0141076, 0.06750133]
[1.9385939, 0.9309007, 0.93307686, 0.07461634]
[1.9202776, 0.9077237, 0.9413649, 0.071188934]
[1.8395226, 0.8069202, 0.9690778, 0.063524544]
[1.9229126, 0.9454812, 0.9039556, 0.07347581]
[1.887696, 0.8902297, 0.91877866, 0.07868764]
[2.032578, 0.9396318, 1.0195562, 0.0733899]
[1.9977233, 1.0154665, 0.9171946, 0.06506232]
[1.8187056, 0.91743976, 0.8350798, 0.066185966]
[1.8394539, 0.82312286, 0.95049196, 0.06583911]
[1.8292897, 0.9349768, 0.82563007, 0.068682745]
[2.0409346, 1.0458267, 0.934564, 0.060543906]
[1.9198934, 0.94395053, 0.9051651, 0.070777774]
[1.9078716, 0.8023375, 1.0398219, 0.065712266]
[1.8035488, 1.0242634, 0.7168789, 0.062406592]
[1.8082699, 0.772852, 0.9613502, 0.07406771]
[2.0528736, 0.98432225, 0.99941975, 0.06913166]
[2.0115244, 1.0469868, 0.89576715, 0.06877052]
[1.9697168, 0.94150126, 0.96673524, 0.06148027]
[1.7849538, 0.86661595, 0.85291195, 0.065425836]
[1.7761829, 0.73749614, 0.97148293, 0.067203775]
[1.8610045, 0.8474951, 0.9398489, 0.073660545]
[1.8599515, 0.89552224, 0.89148676, 0.072942436]
[1.8897773, 1.0147585, 0.8062465, 0.06877233]
[1.987239, 0.97868955, 0.93061984, 0.07792964]
[1.8928092, 0.8792739, 0.9385451, 0.074990205]
[1.9398553, 1.1156088, 0.7563062, 0.06794036]
[1.7158624, 0.6939514, 0.94981056, 0.0721004]
[1.96673, 0.996088, 0.89247835, 0.078163594]
[1.716135, 0.8213935, 0.8181665, 0.076574996]
[1.8593197, 0.7682389, 1.0085249, 0.08255583]
[1.7835644, 0.89394045, 0.8079849, 0.081639156]
[1.6752673, 0.8642702, 0.71958256, 0.091414616]
[1.7848248, 0.8969765, 0.79539204, 0.09245637]
[1.8007089, 0.86492944, 0.8398669, 0.09591257]
[1.8591485, 0.8089128, 0.962059, 0.08817674]
[2.2308903, 1.2764174, 0.8621395, 0.09233326]
[2.0764122, 0.86278224, 1.1321278, 0.081502244]
[2.0051305, 0.90263337, 1.0192585, 0.08323857]
[1.8902962, 0.9747602, 0.8362818, 0.07925432]
[1.9077755, 0.9396056, 0.8903774, 0.07779257]
[1.8515525, 0.8198923, 0.95750874, 0.0741515]
[1.8420082, 0.8370891, 0.92592156, 0.07899746]
[1.9379771, 1.0841331, 0.77017105, 0.08367282]
[1.841733, 0.7250153, 1.039053, 0.077664755]
[2.0400853, 1.0726359, 0.879238, 0.08821144]
[1.8166243, 0.8707187, 0.8684638, 0.07744177]
[1.9017265, 0.9251274, 0.8919349, 0.08466424]
[2.0805993, 1.1081522, 0.8881475, 0.08429969]
[1.8813808, 0.65899765, 1.146079, 0.07630414]
[1.9019208, 1.0529587, 0.77236384, 0.07659822]
[1.9092629, 0.85653234, 0.97184116, 0.0808895]
[1.7758532, 0.7712277, 0.92375374, 0.080871716]
[1.8764883, 0.9521098, 0.841637, 0.0827415]
[2.0288084, 1.056269, 0.89230084, 0.08023837]
[1.9616468, 0.763232, 1.1190583, 0.07935659]
[1.916414, 0.95881474, 0.87524533, 0.082353994]
[2.0216682, 1.1989219, 0.74883497, 0.073911265]
[1.9517362, 0.8612604, 1.0207992, 0.06967668]
[2.0366268, 1.0705911, 0.8953767, 0.07065911]
[1.9306934, 0.88405323, 0.97550714, 0.071133025]
[1.9648771, 1.036278, 0.85690737, 0.07169171]
[1.8442476, 0.88742256, 0.8889925, 0.067832515]
[1.93896, 0.87236077, 0.990937, 0.0756623]
[1.7156401, 0.7752344, 0.87118065, 0.06922509]
[1.9300585, 0.943534, 0.9101708, 0.07635362]
[1.9613739, 0.8893946, 0.992381, 0.07959834]
[2.031968, 0.88062507, 1.0863627, 0.06498023]
[1.9583972, 0.9187658, 0.9665968, 0.07303457]
[2.0006552, 0.97857815, 0.9498788, 0.07219806]
[1.8495986, 0.92378384, 0.865069, 0.060745858]
[1.8710287, 0.79556024, 1.0085009, 0.06696744]
[2.021664, 0.96256244, 0.98896587, 0.07013562]
[1.7665854, 0.8774037, 0.8219348, 0.06724697]
[1.8580139, 0.8502364, 0.9373585, 0.07041894]
[1.762126, 0.8163409, 0.8702159, 0.07556917]
[1.9449883, 0.8985568, 0.9690364, 0.07739496]
[1.8500448, 0.97114253, 0.795184, 0.08371833]
[1.8930818, 0.8316053, 0.9803127, 0.08116379]
[1.8555112, 1.0178729, 0.75849575, 0.07914258]
[1.770063, 0.66095805, 1.0280626, 0.081042394]
[1.9965844, 1.1273446, 0.78243005, 0.08680971]
[1.9607939, 0.8007332, 1.076913, 0.083147615]
[2.032681, 0.87174433, 1.0835593, 0.077377304]
[1.709303, 0.7909113, 0.84274083, 0.07565082]
[2.0475624, 0.9053625, 1.0565124, 0.08568753]
[1.9089664, 1.0667078, 0.7651873, 0.077071264]
[1.8390489, 0.8721261, 0.8862217, 0.08070111]
[1.8778183, 0.80146646, 0.9938651, 0.08248693]
[1.9283719, 0.99532324, 0.859146, 0.07390262]
[1.7486297, 0.7303065, 0.9400513, 0.07827184]
[1.87824, 0.9107262, 0.89840937, 0.06910444]
[1.9650126, 0.9035748, 0.98923194, 0.07220581]
[2.0034428, 1.0257602, 0.89387083, 0.08381173]
[1.8713124, 0.8554126, 0.9454253, 0.070474565]
[1.9653331, 0.9704727, 0.92605996, 0.06880041]
[2.0066023, 0.91890526, 1.0184946, 0.06920233]
[1.8963805, 0.94934654, 0.8770588, 0.0699753]
[2.0245035, 1.0335846, 0.9245698, 0.066349044]
[2.1351726, 0.95017505, 1.1177586, 0.067238994]
[1.8870523, 1.0183027, 0.8106901, 0.058059435]
[1.899665, 1.0229225, 0.8157785, 0.060963992]
[1.8853704, 0.9641788, 0.86028063, 0.060910966]
[1.7497286, 0.91244674, 0.773205, 0.06407676]
[1.9175432, 0.99321705, 0.8555846, 0.06874153]
[1.7551425, 0.79842764, 0.8881564, 0.06855841]
[1.8181915, 0.87402844, 0.86995435, 0.074208766]
[1.9719489, 0.95226955, 0.94029367, 0.07938564]
[1.8398576, 0.9138044, 0.8541398, 0.07191333]
[1.801448, 0.8754153, 0.85352874, 0.07250397]
[1.9401255, 0.9302975, 0.93036926, 0.07945873]
[1.8554704, 0.8489683, 0.9253362, 0.08116587]
[1.9560727, 1.0386705, 0.83759594, 0.0798062]
[1.8090105, 0.86571085, 0.8704325, 0.07286717]
[1.8023909, 0.7299858, 1.0019287, 0.07047637]
[1.715892, 0.8530712, 0.7756603, 0.08716043]
[1.7057037, 0.74135756, 0.87482154, 0.08952461]
[1.7148588, 0.90321094, 0.7229929, 0.08865496]
[1.7928996, 0.68453944, 1.0104209, 0.09793921]
[2.0020812, 0.97591335, 0.9317322, 0.09443578]
[1.8138698, 0.83759224, 0.8717041, 0.10457347]
[1.9465423, 0.9014687, 0.9451306, 0.09994294]
[1.9584587, 0.85169554, 1.0093002, 0.09746289]
[1.8734742, 0.9343278, 0.8376266, 0.10151997]
[1.8809688, 0.92375386, 0.8667646, 0.09045026]
[1.9598273, 1.0630805, 0.81368715, 0.083059624]
[1.9247148, 0.6893214, 1.1414909, 0.09390245]
[1.7612135, 0.77971643, 0.88206404, 0.099433094]
[1.8316144, 0.95967376, 0.78278106, 0.08915958]
[1.8579496, 0.9280995, 0.8394095, 0.09044062]
[1.9510964, 0.7867169, 1.0685705, 0.09580909]
[1.9211218, 0.8619157, 0.9651401, 0.09406598]
[1.8933601, 1.0005584, 0.80637157, 0.086430214]
[1.777104, 0.71587807, 0.96903354, 0.09219241]
[2.07174, 1.126873, 0.8462006, 0.09866625]
[1.7755529, 0.7915573, 0.8951479, 0.08884769]
[1.8179506, 0.87215996, 0.86288834, 0.08290228]
[1.7827476, 0.87466717, 0.8022832, 0.10579715]
[1.8253679, 0.8614428, 0.87596864, 0.087956384]
[1.6882992, 0.78713566, 0.80966765, 0.09149588]
[1.8674992, 0.82703936, 0.9414333, 0.099026516]
[1.7134948, 0.7607424, 0.8576863, 0.095066085]
[1.9495581, 0.9135801, 0.9388422, 0.097135924]
[2.0359986, 0.9108845, 1.0199764, 0.10513772]
[1.8028747, 0.8710457, 0.83083594, 0.10099304]
[1.7591482, 0.7607479, 0.8919088, 0.10649146]
[1.8040453, 0.8248548, 0.8710203, 0.10817015]
[1.9086708, 0.9456782, 0.858797, 0.10419561]
[2.0791636, 0.94601834, 1.0339515, 0.09919374]
[1.9257345, 1.1757684, 0.64727134, 0.10269478]
[1.8632498, 0.767952, 0.9957331, 0.09956469]
[1.9412707, 0.9651687, 0.88010085, 0.09600119]
[2.0167503, 0.96019447, 0.95792747, 0.098628394]
[1.75513, 0.89656067, 0.7676866, 0.09088273]
[1.8598015, 0.94520485, 0.8230804, 0.09151626]
[1.8132436, 0.8266847, 0.90101284, 0.08554598]
[1.8711166, 0.8580779, 0.9153811, 0.09765771]
[2.1008122, 1.1244038, 0.87453365, 0.10187471]
[1.8846525, 0.9941083, 0.7974448, 0.0930994]
[1.808443, 0.8686781, 0.8522596, 0.0875052]
[1.9243706, 0.93325895, 0.9008385, 0.09027329]
[1.8646092, 0.9702325, 0.8022164, 0.092160314]
[1.8813775, 0.7841314, 0.99584866, 0.101397425]
[1.725033, 0.9213121, 0.7005316, 0.103189334]
[1.7638043, 0.9755961, 0.69864, 0.08956824]
[1.9419492, 0.6992536, 1.1520338, 0.090661906]
[1.8619769, 0.7493626, 1.0092447, 0.10336955]
[2.0325787, 1.0726817, 0.8613719, 0.09852511]
[1.8040884, 0.8684058, 0.8494643, 0.08621823]
[1.8695294, 0.7045915, 1.0650499, 0.09988797]
[2.116308, 1.0580686, 0.9707828, 0.087456405]
[1.8369458, 0.87324274, 0.8791473, 0.08455569]
[2.1165123, 1.0708213, 0.95930874, 0.086382285]
[1.912108, 0.9726596, 0.85552096, 0.08392744]
[2.1248112, 1.0745592, 0.97375953, 0.07649224]
[1.9276116, 0.94519997, 0.91311955, 0.06929213]
[1.9009306, 0.9184253, 0.9080013, 0.074503966]
[2.064832, 0.94971097, 1.0443707, 0.07075038]
[1.8708026, 0.82957757, 0.9734676, 0.06775744]
[1.8676573, 0.88295805, 0.9202881, 0.06441112]
[2.0161576, 0.9325424, 1.0224308, 0.061184395]
[1.7693003, 0.88951606, 0.8155801, 0.064204045]
[1.7377453, 0.785779, 0.88171256, 0.070253715]
[1.8041629, 0.8818422, 0.84519696, 0.07712371]
[1.8873848, 0.8866704, 0.9202895, 0.08042495]
[1.8929628, 0.87177753, 0.9447473, 0.07643798]
[1.8480481, 0.8872949, 0.8848327, 0.075920455]
[1.9863094, 0.8986776, 1.0116767, 0.07595514]
[1.9526225, 0.9529262, 0.9270652, 0.072631076]
[2.070097, 1.0423846, 0.9538253, 0.07388703]
[2.043213, 1.0288041, 0.942161, 0.07224764]
[1.7229307, 0.8144906, 0.84515417, 0.063285775]
[1.7470511, 0.76759446, 0.9087728, 0.070683874]
[1.769511, 0.89215446, 0.8086104, 0.06874603]
[1.9310352, 1.0493226, 0.81719595, 0.06451666]
[1.7123427, 0.8789463, 0.76321876, 0.070177644]
[1.757194, 0.8051294, 0.872151, 0.07991362]
[1.7879492, 0.88218546, 0.81353533, 0.0922284]
[1.7469058, 0.85462207, 0.8073477, 0.08493606]
[2.0915184, 0.8181217, 1.183481, 0.08991585]
[1.8819731, 0.8783059, 0.91406965, 0.089597546]
[1.867709, 1.0259216, 0.752571, 0.08921645]
[1.8585006, 0.7825892, 0.9948352, 0.08107622]
[1.8608427, 0.91164595, 0.85793275, 0.09126395]
[1.9778982, 1.0136101, 0.8663782, 0.09790991]
[1.9460588, 0.7692484, 1.0907515, 0.0860589]
[1.8901904, 0.98519254, 0.8166389, 0.088358864]
[1.917145, 0.8322641, 0.9992926, 0.085588165]
[1.8308582, 0.7932045, 0.95512265, 0.08253105]
[1.8581573, 0.90535414, 0.86766696, 0.08513616]
[1.8580325, 0.86249757, 0.9116069, 0.083927944]
[1.9618986, 0.8976953, 0.9826181, 0.08158511]
[2.1778316, 1.0271978, 1.0634168, 0.08721679]
[1.910879, 0.99569744, 0.8439412, 0.07124035]
[1.874, 0.9512473, 0.84316313, 0.07958949]
[1.8824128, 0.8917988, 0.91190785, 0.078706115]
[1.9790611, 0.9642858, 0.93328285, 0.08149247]
[1.9446379, 1.1336801, 0.74024856, 0.0707092]
[1.9251631, 0.7270563, 1.1284416, 0.06966527]
[1.8925686, 1.0287069, 0.7896926, 0.074169196]
[1.8855447, 0.8057567, 0.99709916, 0.082688764]
[1.7557129, 0.8343003, 0.8373133, 0.084099345]
[1.9934436, 1.1584536, 0.74651116, 0.088478945]
[2.0150244, 0.8017806, 1.1419894, 0.07125456]
[1.6918982, 0.67646, 0.94283795, 0.0726002]
[1.9976339, 1.0683788, 0.85096025, 0.0782949]
[1.7831361, 0.7895464, 0.9136283, 0.07996158]
[1.8560761, 0.9488969, 0.8275541, 0.07962516]
[1.9973359, 0.9837832, 0.9376861, 0.07586665]
[1.7949388, 0.8754733, 0.83522606, 0.08423949]
[1.9354358, 0.8970859, 0.9589879, 0.07936193]
[1.8656652, 0.80626196, 0.97508, 0.08432316]
[1.9162296, 0.9287013, 0.90483284, 0.08269544]
[1.9897722, 0.9839507, 0.92086244, 0.08495911]
[1.8883581, 0.8518463, 0.9551853, 0.08132653]
[1.9154887, 0.92262197, 0.91520154, 0.07766521]
[1.8467312, 0.76427567, 1.0016904, 0.08076507]
[1.8148932, 1.0839348, 0.64477134, 0.08618708]
[1.6791445, 0.71070904, 0.8829057, 0.08552973]
[1.8729066, 0.920586, 0.86834216, 0.08397846]
[1.9181451, 0.8739834, 0.95639515, 0.08776656]
[1.8535423, 1.0670311, 0.6878849, 0.09862629]
[2.00154, 0.87796134, 1.039841, 0.08373753]
[1.7607398, 0.85514, 0.8174849, 0.08811504]
[1.8301004, 0.8409407, 0.8927212, 0.096438564]
[1.7266729, 0.911641, 0.72154176, 0.09349008]
[1.8912195, 0.8891031, 0.9070399, 0.0950764]
[2.117731, 0.9631535, 1.0550104, 0.09956716]
[1.9562155, 1.0165592, 0.8513875, 0.08826871]
[2.0087476, 0.93046445, 0.9986899, 0.07959314]
[1.985126, 0.9212892, 0.98489624, 0.0789406]
[1.8961183, 1.1139219, 0.71041524, 0.07178117]
[2.1128001, 0.96723914, 1.0721631, 0.073397934]
[1.7209177, 0.8558396, 0.8032263, 0.06185174]
[1.8999155, 0.9834192, 0.84073997, 0.07575629]
[1.7481047, 0.8346427, 0.8430709, 0.07039103]
[2.026551, 1.0150039, 0.93001825, 0.08152887]
[1.9957817, 0.9183984, 1.0037435, 0.07363971]
[1.7023479, 0.8246892, 0.8002603, 0.07739841]
[1.8857794, 0.8394064, 0.9575361, 0.088836856]
[1.9233671, 0.8669439, 0.971933, 0.08449016]
[1.8009222, 0.90006155, 0.8168823, 0.083978325]
[1.8876976, 0.9419564, 0.8648869, 0.08085425]
[1.8189589, 0.8481704, 0.88282764, 0.087960824]
[1.8189869, 0.7041682, 1.0329013, 0.08191741]
[1.7626766, 0.9228536, 0.73629075, 0.10353224]
[1.8587453, 0.83366567, 0.9400587, 0.08502107]
[1.8462025, 0.7683749, 0.9828927, 0.094934866]
[1.9421868, 0.8956207, 0.95063055, 0.0959356]
[1.7219329, 0.90103626, 0.7277005, 0.09319612]
[1.9561315, 0.89734674, 0.9622084, 0.096576385]
[1.8190596, 0.9649199, 0.7442912, 0.10984847]
[2.0362625, 1.0076282, 0.9335239, 0.09511046]
[1.7698606, 0.8701707, 0.8120924, 0.087597445]
[1.7631862, 0.9073003, 0.76060134, 0.09528463]
[1.815855, 0.7827863, 0.9324951, 0.10057349]
[1.7091235, 0.75019956, 0.85693514, 0.101988785]
[1.8910037, 0.9143916, 0.8687984, 0.10781376]
[2.097722, 1.034821, 0.9632635, 0.099637456]
[1.9420708, 1.0599761, 0.78082454, 0.10127023]
[1.834531, 0.86858547, 0.87628084, 0.08966463]
[1.8126681, 0.84805685, 0.8752608, 0.08935052]
[1.8945973, 0.82335055, 0.977083, 0.094163716]
[1.8325363, 0.90288544, 0.83447444, 0.0951765]
[1.9514272, 0.8769958, 0.97261894, 0.10181247]
[1.6874886, 0.8174679, 0.772827, 0.097193554]
[2.043424, 1.1478593, 0.792942, 0.102622524]
[1.943107, 0.80962205, 1.0425682, 0.090916745]
[1.8834648, 0.6826656, 1.1080449, 0.0927544]
[2.04778, 1.0206906, 0.9415777, 0.08551177]
[1.7530316, 0.79489666, 0.87055564, 0.087579384]
[1.8291062, 0.84292006, 0.8946383, 0.0915478]
[1.7866863, 0.7867459, 0.9139018, 0.086038575]
[1.9314858, 1.0553324, 0.7847962, 0.09135711]
[1.8959665, 0.88411343, 0.9218124, 0.09004063]
[1.7077672, 0.75952125, 0.85371095, 0.09453511]
[1.7963469, 0.84814227, 0.8392098, 0.1089949]
[1.8116477, 0.71105146, 0.9914528, 0.109143436]
[2.02532, 1.0307039, 0.88565314, 0.10896289]
[1.9868894, 0.8351625, 1.047326, 0.10440087]
[2.0939655, 0.96668065, 1.0288646, 0.09842028]
[1.9065424, 0.99001265, 0.8213638, 0.09516601]
[1.8978751, 0.8144028, 0.98549724, 0.09797503]
[1.947372, 0.93915045, 0.9104698, 0.09775169]
[1.9692931, 0.9289135, 0.95384973, 0.08652996]
[1.8959169, 0.7988214, 1.0099319, 0.08716368]
[1.7995671, 0.9380324, 0.7722032, 0.08933149]
[1.8325877, 0.80919266, 0.9305493, 0.09284574]
[1.9266458, 1.1688168, 0.6717383, 0.086090595]
[1.75337, 0.71799463, 0.94392765, 0.0914478]
[1.8366215, 0.8695477, 0.87713873, 0.08993509]
[1.8696827, 1.0199926, 0.75690126, 0.09278877]
[1.9842463, 0.8627832, 1.0291713, 0.09229174]
[2.023231, 1.0302973, 0.9032749, 0.089658864]
[1.861839, 1.0415677, 0.73266006, 0.087611325]
[1.7557766, 0.76101476, 0.9103579, 0.084403984]
[1.8993448, 0.7318431, 1.08055, 0.08695169]
[1.877187, 0.9821943, 0.8041568, 0.09083593]
[1.9364998, 0.850315, 1.0100076, 0.076177254]
[1.7748499, 0.9345115, 0.7454387, 0.09489968]
[1.9628518, 0.7575498, 1.119378, 0.08592393]
[1.7375112, 0.814686, 0.83778995, 0.08503516]
[1.8639399, 0.91568995, 0.86694646, 0.08130351]
[1.9151502, 0.87621045, 0.95035994, 0.08857982]
[1.7524354, 0.8632082, 0.8028151, 0.0864122]
[1.9367144, 0.9885295, 0.84591097, 0.10227391]
[1.9041548, 0.8180865, 0.99405485, 0.09201336]
[1.8295187, 0.96614313, 0.77537113, 0.08800444]
[1.9157398, 0.86637175, 0.9579711, 0.09139691]
[1.8511899, 0.78483236, 0.97759426, 0.08876325]
[1.9343829, 1.041881, 0.800732, 0.09176993]
[1.8680385, 0.9086741, 0.8691382, 0.09022629]
[1.7861819, 0.83497024, 0.86484134, 0.08637034]
[1.776502, 0.8686738, 0.812751, 0.095077105]
[1.9358337, 1.1412649, 0.700544, 0.09402473]
[2.0240645, 0.960273, 0.9787191, 0.0850723]
[1.945556, 0.86598617, 0.98241943, 0.097150415]
[1.8271475, 0.99995613, 0.7393129, 0.087878466]
[1.9102023, 0.81941265, 0.9989331, 0.091856465]
[1.9862702, 1.0077163, 0.89193845, 0.08661542]
[1.7758206, 0.8330584, 0.85066515, 0.09209703]
[1.7492105, 0.826857, 0.8355434, 0.086810134]
[2.0271788, 0.9477237, 0.99104893, 0.08840619]
[2.0352035, 1.0105853, 0.9341543, 0.090463996]
[1.8986433, 0.78823364, 1.0236039, 0.0868057]
[1.9087865, 0.9672693, 0.85599977, 0.08551742]
[2.0517075, 1.1365755, 0.8338032, 0.08132878]
[1.8977933, 0.758561, 1.0629548, 0.07627744]
[1.8659049, 1.0091867, 0.78147286, 0.075245254]
[1.9515913, 0.89899105, 0.9811495, 0.071450755]
[1.9173847, 0.8187499, 1.0227255, 0.07590942]
[1.7994919, 0.9359711, 0.7830027, 0.08051816]
[1.8054702, 1.0004988, 0.7284927, 0.07647869]
[1.8459752, 0.8208412, 0.94517183, 0.07996215]
[1.7437124, 0.936008, 0.7308663, 0.07683812]
[1.9146078, 0.8786547, 0.9479309, 0.08802229]
[1.9425334, 0.9858596, 0.8675524, 0.089121476]
[1.8337154, 0.9647254, 0.78501, 0.08398007]
[2.0003796, 0.9351869, 0.98721147, 0.07798114]
[1.9374309, 0.927952, 0.9356704, 0.07380838]
[1.94417, 0.85629946, 1.0052528, 0.082617715]
[1.8981158, 0.9604342, 0.86720836, 0.07047319]
[1.7779316, 0.66086763, 1.0352963, 0.081767656]
[1.9554517, 0.8589692, 1.013207, 0.083275504]
[1.7646083, 0.76979935, 0.9150919, 0.079717]
[1.9456234, 0.99101555, 0.8703513, 0.084256575]
[1.8723454, 0.8378858, 0.9575075, 0.076952204]
[1.7637769, 0.78911895, 0.89226043, 0.082397595]
[1.9093659, 0.81416893, 1.0031561, 0.09204085]
[1.9222214, 0.9064528, 0.92241484, 0.09335378]
[1.8406106, 0.91162187, 0.8397856, 0.08920323]
[1.8286679, 0.7870553, 0.955165, 0.08644745]
[1.9684615, 0.9745756, 0.9071518, 0.08673407]
[1.806724, 0.9287479, 0.79615057, 0.08182554]
[1.9273407, 0.8147669, 1.0358858, 0.076688066]
[1.7089921, 0.9551847, 0.6637576, 0.09004983]
[2.0798411, 1.0373745, 0.9498755, 0.09259106]
[1.8527876, 0.8926289, 0.8827592, 0.07739951]
[2.0961127, 1.1964548, 0.81970686, 0.07995105]
[1.9419011, 0.8028436, 1.0606105, 0.07844703]
[1.9660268, 1.0393333, 0.84731126, 0.079382196]
[1.7422198, 0.9077015, 0.7631817, 0.071336575]
[1.7691389, 0.7728542, 0.90925753, 0.08702716]
[1.8543117, 0.9109635, 0.8621842, 0.081164]
[1.9188764, 0.9401893, 0.8803352, 0.09835191]
[1.814654, 0.67437446, 1.0536726, 0.08660702]
[1.9318056, 1.045331, 0.800032, 0.08644259]
[1.8901529, 0.9931385, 0.8150468, 0.08196754]
[1.8937886, 0.9601468, 0.8453281, 0.088313654]
[1.7702643, 0.8409936, 0.8468174, 0.082453325]
[1.9403608, 1.0440791, 0.8171562, 0.079125576]
[1.7994142, 0.97625655, 0.7380196, 0.0851381]
[1.8485467, 0.8726076, 0.8867444, 0.089194775]
[1.6349758, 0.83103955, 0.7017336, 0.10220268]
[1.776407, 0.7082824, 0.96571773, 0.10240687]
[1.8950839, 0.9207423, 0.87429523, 0.100046374]
[1.9068934, 0.8654231, 0.9411069, 0.10036342]
[1.7136406, 0.6007922, 1.0130318, 0.09981649]
[2.0033238, 0.9593647, 0.9423097, 0.10164942]
[1.9125031, 0.7797315, 1.0237906, 0.10898102]
[1.8506786, 0.8011183, 0.9335575, 0.11600265]
[1.5745333, 0.58219653, 0.8948126, 0.09752425]
[1.8367096, 0.6926662, 1.0311437, 0.11289975]
[1.8920289, 1.0227609, 0.7600669, 0.10920107]
[1.8402593, 0.9673783, 0.7724351, 0.10044591]
[1.7163637, 0.7597486, 0.8521511, 0.104464084]
[1.9389521, 0.9413312, 0.8842317, 0.113389105]
[1.5981601, 0.70271647, 0.79359555, 0.10184816]
[1.8183789, 0.79782784, 0.9003638, 0.12018726]
[1.7917464, 0.7200426, 0.95637894, 0.1153249]
[1.8867284, 1.0599033, 0.7111712, 0.11565387]
[1.8990878, 0.60973465, 1.1681292, 0.1212239]
[1.8572607, 1.0640752, 0.6790949, 0.11409052]
[1.9320829, 0.7308563, 1.0958157, 0.105410874]
[1.7511966, 0.99239135, 0.65317065, 0.10563475]
[2.037249, 0.89704156, 1.0301769, 0.1100306]
[1.886258, 0.90710586, 0.87936604, 0.099786125]
[2.0123534, 1.1630874, 0.75386846, 0.09539762]
[1.8735689, 0.8032657, 0.96729726, 0.103005975]
[2.0833182, 1.0272142, 0.9510588, 0.10504521]
[1.8387274, 1.0375793, 0.71626407, 0.08488406]
[1.8756748, 0.84838223, 0.9455267, 0.08176591]
[1.8105121, 1.050916, 0.66366005, 0.095936]
[1.7133346, 0.91629195, 0.70649403, 0.090548515]
[2.027266, 0.96861637, 0.9622284, 0.09642116]
[2.157165, 0.9665601, 1.1032712, 0.08733373]
[1.9073368, 0.92999685, 0.8928199, 0.08452008]
[1.90026, 0.85734665, 0.9557864, 0.087126926]
[1.9142823, 1.0280035, 0.80531275, 0.080966055]
[1.9024104, 0.82475054, 0.9897059, 0.08795391]
[1.9040878, 0.9296037, 0.89132243, 0.08316165]
[1.8970736, 1.046999, 0.7721672, 0.07790742]
[2.012416, 1.0494854, 0.87386495, 0.089065574]
[1.8783776, 0.9544512, 0.8397267, 0.08419965]
[1.8622962, 0.8593868, 0.92228484, 0.080624565]
[1.7999918, 0.94476235, 0.7779608, 0.07726876]
[2.0818968, 1.0488291, 0.95010996, 0.08295783]
[1.8458719, 0.8817911, 0.89224255, 0.07183826]
[1.8999169, 0.93699586, 0.87991416, 0.083006814]
[1.9988523, 0.82501227, 1.0967536, 0.07708648]
[1.9385214, 0.90936047, 0.9517891, 0.07737185]
[1.8451498, 0.8315355, 0.937275, 0.076339215]
[1.927083, 0.90903664, 0.93319416, 0.08485222]
[1.9440432, 1.0545937, 0.8101544, 0.0792951]
[1.8533297, 0.97355354, 0.80640316, 0.07337293]
[1.8940402, 0.9427384, 0.8800259, 0.07127586]
[1.8908036, 0.956846, 0.8596196, 0.074338004]
[1.9884443, 0.93655366, 0.9738522, 0.07803849]
[1.9346964, 0.9071897, 0.94614965, 0.081356995]
[2.0486093, 0.8547754, 1.1164556, 0.077378325]
[1.9515095, 0.902266, 0.97364515, 0.075598285]
[1.8541917, 0.9772526, 0.809898, 0.067040995]
[1.8577524, 0.7400048, 1.0495564, 0.068191245]
[1.8582134, 0.99029464, 0.79960835, 0.068310544]
[1.9704307, 0.91480184, 0.9843891, 0.071239844]
[1.8387116, 0.7423192, 1.0276186, 0.068773694]
[1.8588734, 0.9207145, 0.866562, 0.07159686]
[1.8766388, 0.74823105, 1.05395, 0.07445777]
[1.7795092, 0.9338256, 0.7707851, 0.07489848]
[1.7554722, 0.8191576, 0.8564619, 0.07985269]
[1.8717753, 0.9661254, 0.82042134, 0.0852286]
[1.8065759, 0.8128003, 0.9060917, 0.08768387]
[1.8004632, 0.9936026, 0.72731435, 0.07954615]
[2.0813985, 0.9858398, 1.0078199, 0.087738834]
[2.0451941, 0.8257898, 1.137601, 0.08180338]
[2.0085835, 1.1413245, 0.7905868, 0.07667212]
[1.766149, 0.81837565, 0.8659444, 0.0818291]
[2.0314162, 0.9950468, 0.9597124, 0.07665706]
[1.964516, 0.9110802, 0.9750773, 0.07835853]
[1.7917384, 0.89746416, 0.8136852, 0.08058902]
[1.9609337, 0.96622264, 0.92463046, 0.07008056]
[1.8613248, 0.9845345, 0.8095387, 0.06725153]
[1.7942678, 0.83991045, 0.88180983, 0.07254756]
[1.850806, 1.0319576, 0.7388905, 0.07995779]
[1.7463101, 0.9469454, 0.7225081, 0.076856606]
[1.9202526, 0.9851959, 0.855422, 0.07963461]
