[1.8899553, 0.9280206, 0.88403773, 0.07789693]
[1.8220872, 0.8444147, 0.90276515, 0.074907355]
[2.0426319, 0.9703573, 0.99872184, 0.073552676]
[1.9008259, 1.0510738, 0.78195065, 0.06780134]
[1.7979642, 0.771512, 0.95012563, 0.07632658]
[1.8509923, 0.8682234, 0.9094247, 0.07334413]
[1.9935838, 0.9521661, 0.9677043, 0.07371344]
[1.8542099, 1.070852, 0.71044177, 0.07291609]
[1.697718, 0.65432453, 0.9738888, 0.06950457]
[1.8233806, 0.77690697, 0.96900845, 0.07746518]
[1.9808272, 0.88713264, 1.0062867, 0.08740783]
[1.9034793, 0.9239746, 0.89828515, 0.08121971]
[1.9186456, 0.87064314, 0.9587457, 0.08925674]
[1.8126664, 0.9305467, 0.79706526, 0.0850544]
[1.9410578, 1.0323349, 0.8231192, 0.08560361]
[1.883442, 0.8882518, 0.9121528, 0.083037496]
[1.8319212, 0.91549295, 0.83036166, 0.08606663]
[2.0843308, 1.1137385, 0.8839636, 0.08662869]
[1.9946458, 1.1733489, 0.7355917, 0.08570529]
[1.7534415, 0.8325855, 0.8497568, 0.071099214]
[1.706333, 0.78523755, 0.83515275, 0.0859427]
[1.824899, 0.931996, 0.7924256, 0.1004775]
[2.0410893, 0.88592315, 1.0702343, 0.08493188]
[1.8582991, 0.965041, 0.80368465, 0.089573495]
[1.8303558, 0.9195403, 0.81977767, 0.09103783]
[1.9403727, 0.87188363, 0.9913239, 0.077165104]
[1.8904572, 0.93448716, 0.8684573, 0.08751276]
[1.7554493, 0.8518976, 0.81941605, 0.08413568]
[1.759511, 0.9005656, 0.77972794, 0.07921739]
[1.7205191, 0.7294213, 0.9000598, 0.091037974]
[2.1011207, 1.2222272, 0.77273285, 0.10616067]
[1.7751334, 0.60578805, 1.0663126, 0.10303278]
[1.6946869, 0.75166774, 0.85084116, 0.09217802]
[1.9722651, 0.8814912, 0.98849297, 0.102281004]
[1.9887494, 1.0050452, 0.8867942, 0.096910045]
[1.8249063, 0.64502907, 1.0923086, 0.087568626]
[1.9129738, 0.9716401, 0.85245436, 0.08887924]
[1.9464563, 1.0249151, 0.8379973, 0.0835439]
[1.7801514, 0.7939695, 0.90136003, 0.084821805]
[1.8243732, 0.9588145, 0.7757995, 0.08975926]
[1.9858848, 0.7802993, 1.1127045, 0.092880964]
[1.8411806, 0.8178178, 0.93301964, 0.09034317]
[1.7713974, 0.8450278, 0.83965075, 0.086718775]
[2.0558116, 0.9724387, 0.9896933, 0.09367958]
[1.9057152, 0.91316843, 0.90733016, 0.08521658]
[1.953787, 0.9356504, 0.924302, 0.09383455]
[1.7691187, 0.70647204, 0.9799731, 0.08267352]
[2.0861914, 0.9705188, 1.030976, 0.08469649]
[2.0226743, 0.96001303, 0.9830956, 0.0795658]
[1.8765078, 0.975802, 0.81788504, 0.0828207]
[2.0779524, 0.95348996, 1.0471754, 0.07728696]
[1.8874875, 0.968837, 0.84702194, 0.07162861]
[1.9243686, 0.9523288, 0.90081024, 0.07122958]
[1.9897516, 0.9198579, 0.995173, 0.07472058]
[1.8584452, 0.9565567, 0.83249587, 0.06939264]
[1.8107264, 0.79289174, 0.949152, 0.06868264]
[1.7809148, 0.88652897, 0.81741565, 0.07697007]
[1.8053526, 0.80252147, 0.9257964, 0.07703475]
[1.8977301, 0.9975475, 0.82347697, 0.07670571]
[1.7992978, 0.682439, 1.0446492, 0.072209544]
[1.8341576, 1.02707, 0.71947366, 0.08761394]
[1.9381119, 1.0084195, 0.85053945, 0.07915299]
[1.8151758, 0.8973416, 0.83653384, 0.081300266]
[1.777986, 0.89985, 0.7948258, 0.0833102]
[1.8319739, 0.9295563, 0.81805736, 0.08436023]
[1.7939568, 0.9164068, 0.78563225, 0.09191778]
[1.7724547, 0.73329246, 0.93561757, 0.1035447]
[1.6895629, 0.8484257, 0.74520755, 0.09592972]
[1.9724294, 1.0546963, 0.8076565, 0.110076584]
[1.6147046, 0.7943965, 0.71924245, 0.10106559]
[2.0190215, 1.0067931, 0.9123541, 0.09987428]
[1.8669453, 0.8402499, 0.9251337, 0.10156167]
[2.0139234, 0.9841834, 0.93899465, 0.090745434]
[1.9946141, 0.8963872, 1.0086156, 0.08961126]
[1.9659724, 1.0481182, 0.82587314, 0.09198101]
[1.8194087, 0.83799404, 0.8988714, 0.082543105]
[1.901902, 0.8714576, 0.93569857, 0.09474583]
[1.8447607, 0.84141386, 0.90914464, 0.094202206]
[2.0047095, 0.9339964, 0.97164494, 0.099068075]
[1.9323047, 0.936015, 0.91192424, 0.084365524]
[1.8378806, 0.83763146, 0.9161438, 0.08410533]
[1.7972376, 0.9262822, 0.775254, 0.09570142]
[1.8178545, 0.86034393, 0.86719775, 0.09031282]
[1.8231184, 0.9255122, 0.80251074, 0.09509547]
[2.0466816, 0.7875936, 1.1696852, 0.08940291]
[1.9560537, 1.0765784, 0.78940284, 0.09007253]
[1.734518, 0.82679904, 0.8090595, 0.098659456]
[1.8579723, 0.9733964, 0.78990847, 0.09466733]
[1.7581642, 0.8426071, 0.8154536, 0.100103535]
[1.815407, 0.8387294, 0.88383794, 0.09283975]
[1.7686448, 0.8598348, 0.821926, 0.08688404]
[1.7986443, 0.9725188, 0.7152975, 0.11082789]
[1.8611149, 0.8449788, 0.91377664, 0.102359444]
[1.9194648, 0.8703705, 0.9466779, 0.10241636]
[1.8089409, 0.9802676, 0.7233238, 0.10534949]
[2.00623, 1.0418421, 0.8619964, 0.10239152]
[1.9651545, 0.991261, 0.8688289, 0.105064586]
[2.064433, 0.9927653, 0.981806, 0.08986186]
[2.032791, 0.9675024, 0.9663379, 0.09895051]
[1.993356, 1.0496937, 0.8579211, 0.08574115]
[1.8351452, 0.7748662, 0.97187185, 0.088407114]
[1.883461, 0.96177495, 0.8400219, 0.0816641]
[1.7242234, 0.85667855, 0.7796414, 0.087903515]
[2.0615559, 0.91565466, 1.051555, 0.09434616]
[1.8869646, 1.0456989, 0.7528704, 0.08839537]
[1.8916584, 0.9349961, 0.86625224, 0.090410165]
[1.6760324, 0.84329534, 0.74404716, 0.088689886]
[1.8001212, 0.86888444, 0.83942866, 0.09180812]
[1.8323928, 0.75320184, 0.9756379, 0.103553064]
[1.9431448, 0.8858539, 0.9658073, 0.09148356]
[1.7003822, 0.71227205, 0.8930537, 0.09505655]
[1.9121323, 0.8449378, 0.965997, 0.10119745]
[1.9961722, 1.0600715, 0.84407085, 0.09202981]
[2.0548325, 0.8861314, 1.0816205, 0.08708065]
[1.953057, 0.87912333, 0.9884623, 0.085471384]
[1.8695948, 0.77354395, 1.0175855, 0.07846537]
[1.908173, 0.7937858, 1.0313702, 0.083017]
[2.005504, 0.97489774, 0.9390664, 0.09153983]
[1.9223704, 1.0067589, 0.8368926, 0.07871895]
[1.8419433, 0.90375215, 0.85497797, 0.083213076]
[1.8762197, 0.8414099, 0.9520694, 0.08274038]
[1.8224653, 0.934672, 0.80268675, 0.08510646]
[1.7513807, 0.6982034, 0.9752142, 0.0779631]
[1.8236241, 0.67617774, 1.0644071, 0.0830393]
[1.7321653, 0.84182125, 0.79539585, 0.0949483]
[1.9743956, 0.8157991, 1.0635791, 0.09501746]
[1.8094839, 0.91733265, 0.7944641, 0.09768708]
[1.832735, 0.8336086, 0.9106716, 0.08845477]
[1.8867233, 1.088572, 0.68797576, 0.11017552]
[1.844485, 0.8471802, 0.9011689, 0.09613598]
[1.7216301, 0.7441273, 0.88356405, 0.09393888]
[1.9184594, 1.105238, 0.72135067, 0.09187074]
[2.0235476, 0.862652, 1.0708979, 0.08999777]
[1.7058159, 0.8743559, 0.74598897, 0.08547102]
[1.9979341, 0.9014291, 0.98622435, 0.11028062]
[1.939676, 1.1924229, 0.65200454, 0.095248684]
[1.7897089, 0.64012885, 1.057317, 0.092262976]
[1.7986667, 0.7851819, 0.9203609, 0.09312393]
[1.844569, 0.91999906, 0.8240402, 0.10052973]
[1.8234091, 0.95129323, 0.77743506, 0.094680846]
[2.0176957, 0.73446214, 1.1932428, 0.089990824]
[1.9253361, 1.0437038, 0.78827477, 0.09335752]
[2.0623386, 0.95133287, 1.0086006, 0.102405146]
[2.038895, 0.9202243, 1.0343797, 0.08429092]
[1.7908039, 0.8455702, 0.8618462, 0.08338753]
[1.7873695, 0.6984433, 1.0030217, 0.08590449]
[1.9140863, 0.9456148, 0.8805734, 0.08789814]
[1.8008782, 0.8923799, 0.8290005, 0.07949782]
[1.7670323, 0.9472538, 0.72716963, 0.09260879]
[1.8202298, 0.86105007, 0.86210585, 0.09707378]
[1.9406133, 0.8590088, 0.9817013, 0.09990305]
[1.7821428, 0.6815796, 1.0062006, 0.09436267]
[1.8035922, 0.7336619, 0.9678897, 0.1020405]
[1.9347508, 0.86197007, 0.9747476, 0.09803322]
[2.1089883, 1.0857651, 0.93252146, 0.09070164]
[1.8309202, 0.81895363, 0.9103383, 0.101628244]
[1.8669527, 0.7932239, 0.97510105, 0.09862772]
[1.8783185, 0.85259986, 0.9328573, 0.09286146]
[1.8791308, 0.91365206, 0.8715543, 0.09392455]
[1.9117311, 0.9613268, 0.8641415, 0.086262874]
[1.9954299, 0.916579, 0.9871165, 0.09173429]
[1.8996571, 0.87127256, 0.9366497, 0.09173484]
[1.9537691, 0.9806238, 0.88749087, 0.08565442]
[2.1130252, 1.1867509, 0.8431877, 0.08308657]
[1.8922243, 1.026605, 0.79084283, 0.07477641]
[1.975077, 0.88855577, 1.0013099, 0.08521138]
[2.0824037, 1.0388846, 0.96306384, 0.08045538]
[1.8682029, 1.0391376, 0.7574525, 0.071612895]
[1.8910366, 0.95446444, 0.8693028, 0.0672694]
[1.867889, 0.80963737, 0.9842118, 0.07403983]
[1.7655588, 0.8426529, 0.8532473, 0.06965865]
[2.0186827, 0.81475276, 1.1324466, 0.07148333]
[2.0317905, 1.1128244, 0.84494686, 0.07401912]
[1.8657501, 0.83951336, 0.9493744, 0.07686238]
[1.9037142, 0.86818844, 0.96110904, 0.07441668]
[1.954545, 0.9938874, 0.8792987, 0.081358954]
[1.9514431, 1.0262897, 0.85558856, 0.069564864]
[1.8374326, 0.80075973, 0.9673047, 0.06936814]
[1.8000823, 0.82866466, 0.89541626, 0.076001406]
[1.9890838, 0.89404297, 1.0236951, 0.07134575]
[1.9787383, 0.97325885, 0.9356375, 0.06984201]
[1.8978387, 0.9541899, 0.86994714, 0.07370175]
[1.926894, 0.9241195, 0.9371946, 0.06557988]
[1.8607079, 0.81667477, 0.9695425, 0.07449069]
[1.815568, 1.0977292, 0.64381886, 0.074019894]
[1.9609184, 1.0590527, 0.82585627, 0.07600948]
[1.7991472, 0.78898793, 0.9362476, 0.07391174]
[1.7330899, 0.69623965, 0.95783365, 0.079016685]
[1.7129401, 0.93346006, 0.6980587, 0.08142131]
[1.7951552, 0.7071373, 1.0080732, 0.0799447]
[1.8260407, 0.93103194, 0.8056346, 0.08937417]
[1.9007926, 0.8340908, 0.98011506, 0.0865867]
[1.7652482, 0.9204408, 0.75375867, 0.09104872]
[1.7523327, 0.8186412, 0.8440328, 0.08965871]
[1.8804191, 0.7774285, 1.018977, 0.08401361]
[2.0171266, 1.1443725, 0.7713711, 0.101383075]
[1.9055238, 0.7175071, 1.1061125, 0.08190411]
[1.7264898, 0.8332727, 0.8036448, 0.089572296]
[1.8572141, 0.7200677, 1.036763, 0.1003834]
[1.7604355, 0.8747251, 0.7839296, 0.1017808]
[2.0132809, 1.0414281, 0.87112033, 0.10073243]
[1.8528249, 0.862484, 0.89067787, 0.09966305]
[1.8551853, 0.8647485, 0.90148365, 0.08895311]
[2.182048, 1.1051927, 0.97643626, 0.10041918]
[1.9395312, 0.9115917, 0.9339812, 0.09395829]
[1.8012546, 0.9928327, 0.73185563, 0.07656632]
[2.0678468, 0.81167173, 1.1724278, 0.08374727]
[1.9230525, 1.0167332, 0.83292115, 0.073398255]
[1.7390392, 0.9176687, 0.7421774, 0.079193085]
[1.8374565, 0.7867851, 0.9674021, 0.08326919]
[1.918254, 0.93981117, 0.8963159, 0.08212696]
[1.85874, 0.8750291, 0.8961935, 0.08751739]
[1.7281269, 0.7890444, 0.8447839, 0.09429857]
[2.0880468, 1.0164256, 0.9762453, 0.095375866]
[2.004491, 1.0445516, 0.87044334, 0.089496136]
[1.8416107, 0.88394535, 0.87376785, 0.083897516]
[1.7318163, 0.77302104, 0.8699151, 0.08888002]
[1.8270522, 0.81088674, 0.9252951, 0.090870366]
[1.8822166, 0.91362494, 0.87199235, 0.09659918]
[2.0593374, 0.9990278, 0.96014005, 0.10016955]
[2.1833878, 0.84066284, 1.2578255, 0.08489933]
[1.8450811, 0.9529444, 0.8127947, 0.07934204]
[1.8827293, 0.83106995, 0.9815973, 0.07006206]
[1.9379287, 0.945326, 0.91238964, 0.080213055]
[1.7741889, 0.7995433, 0.8817688, 0.09287682]
[1.7195265, 0.8079486, 0.8331635, 0.07841441]
[1.9157242, 0.87394446, 0.9507778, 0.09100188]
[2.000879, 0.917909, 0.9951559, 0.087814085]
[1.8350614, 1.0172992, 0.73480767, 0.0829545]
[2.0665224, 1.1099529, 0.87102836, 0.08554112]
[1.7962595, 0.78959733, 0.9280461, 0.07861601]
[1.9165952, 0.9791157, 0.85632217, 0.08115738]
[1.9227209, 0.85351706, 0.9858602, 0.08334357]
[1.958849, 0.8565507, 1.018039, 0.08425927]
[1.8663356, 0.9054864, 0.8738569, 0.08699232]
[1.9703757, 0.94063544, 0.94331765, 0.08642255]
[1.9700687, 0.94391525, 0.9463742, 0.07977924]
[1.8060273, 0.7928294, 0.9307111, 0.08248676]
[1.801167, 1.0218323, 0.7022221, 0.077112556]
[1.9261129, 0.9885235, 0.85551, 0.08207938]
[1.8744831, 0.8660196, 0.92659163, 0.081871875]
[1.9688615, 1.1386838, 0.7500721, 0.08010551]
[1.7700986, 0.70785356, 0.98293376, 0.07931122]
[1.9103233, 0.9910463, 0.83623135, 0.08304556]
[2.0069113, 1.045068, 0.8749933, 0.08684985]
[1.7529662, 0.81189585, 0.863698, 0.0773723]
[1.8846961, 0.9028158, 0.8890872, 0.09279315]
[1.7495536, 0.90347815, 0.7532805, 0.09279484]
[1.8824904, 0.84111357, 0.9494263, 0.091950566]
[1.8956335, 1.0090606, 0.8022253, 0.08434747]
[1.8355416, 0.8660017, 0.8870839, 0.08245599]
[1.9025965, 1.0475452, 0.774642, 0.0804093]
[1.7488961, 0.58538747, 1.0782281, 0.08528051]
[1.9670635, 1.190864, 0.6895858, 0.086613744]
[1.8301303, 0.9226718, 0.82286406, 0.08459452]
[1.7738316, 0.89671624, 0.79124486, 0.085870504]
[1.9408485, 0.89110065, 0.957961, 0.09178676]
[1.8103362, 0.8603832, 0.87041557, 0.07953752]
[2.0472405, 1.051869, 0.90282184, 0.09254946]
[1.9816352, 0.75619924, 1.1412593, 0.08417665]
[1.7868079, 0.7654432, 0.9323663, 0.0889984]
[2.066454, 1.0888993, 0.889044, 0.088510744]
[1.9964774, 0.95139986, 0.9601053, 0.084972136]
[1.6803055, 0.840119, 0.7641938, 0.07599272]
[1.9070282, 0.81508875, 1.0096598, 0.08227968]
[2.04182, 1.081556, 0.86659586, 0.09366831]
[1.8673916, 0.9170807, 0.8669151, 0.083395734]
[1.8381201, 0.8572926, 0.9011046, 0.07972283]
[1.9389936, 0.9092952, 0.9454104, 0.08428803]
[1.9735332, 0.68096465, 1.2039953, 0.08857321]
[1.8968811, 0.8878859, 0.9358617, 0.07313344]
[1.9455341, 0.9432442, 0.92683804, 0.07545182]
[1.9136597, 0.85103106, 0.9819208, 0.08070789]
[1.8418714, 0.7670369, 1.0018348, 0.07299972]
[1.8992181, 0.85524696, 0.9755758, 0.06839539]
[1.8471339, 0.7479291, 1.0251304, 0.07407437]
[2.0153074, 1.0026731, 0.9364958, 0.076138556]
[1.9787275, 0.969199, 0.9337461, 0.075782456]
[2.0025945, 0.93712246, 0.99017704, 0.07529488]
[1.9191701, 1.0071762, 0.84441173, 0.0675823]
[1.834382, 0.8686812, 0.885699, 0.08000183]
[1.7942771, 0.9118577, 0.8137815, 0.06863782]
[1.8414791, 0.6982756, 1.0676947, 0.075508825]
[1.9367092, 0.903482, 0.95312226, 0.08010477]
[1.8403475, 0.9529617, 0.80954313, 0.07784274]
[2.0442111, 1.0504692, 0.9151591, 0.07858287]
[1.883807, 0.8294002, 0.9779104, 0.076496325]
[1.8526943, 0.83356476, 0.94314414, 0.07598549]
[1.9835352, 1.0222554, 0.8817291, 0.07955061]
[1.8168492, 0.8727678, 0.8675948, 0.0764866]
[1.7789683, 0.9241806, 0.779709, 0.075078666]
[1.9686036, 0.9903072, 0.88945365, 0.088842735]
[2.0260353, 0.9646007, 0.9729055, 0.08852914]
[1.8297536, 0.9624511, 0.788015, 0.07928759]
[1.9214683, 0.85282063, 0.9938675, 0.07478008]
[1.8635324, 0.97998035, 0.80507994, 0.07847217]
[1.8896861, 0.9311246, 0.8780643, 0.080497235]
[1.7478453, 0.81879807, 0.84768957, 0.08135758]
[1.7982287, 0.86966085, 0.84075665, 0.0878112]
[1.998923, 1.04879, 0.85093176, 0.09920119]
[2.0728748, 0.8386465, 1.1476676, 0.0865608]
[1.8994936, 0.97717273, 0.84236944, 0.07995145]
[1.7488731, 0.85327685, 0.80783105, 0.08776518]
[1.8181468, 0.8570073, 0.8693474, 0.091792054]
[1.8180494, 0.86769533, 0.85782015, 0.092533916]
[1.7159462, 0.821506, 0.79830474, 0.09613535]
[1.9365488, 0.9989153, 0.8451277, 0.092505775]
[1.9143083, 0.96750796, 0.844702, 0.102098376]
[2.0650487, 0.94289213, 1.034734, 0.087422505]
[1.9265466, 0.95506084, 0.87493587, 0.09654987]
[1.8712845, 0.7848295, 1.0003932, 0.08606185]
[1.8523796, 0.93953127, 0.8308029, 0.082045324]
[2.0015059, 1.0772781, 0.83415294, 0.090074696]
[1.8535725, 0.8737436, 0.8899603, 0.08986868]
[1.7433282, 0.696653, 0.9594952, 0.08718001]
[1.7774127, 0.8339248, 0.8522556, 0.09123235]
[1.9928688, 1.0358202, 0.8629745, 0.09407405]
[1.9167814, 0.9553004, 0.8683903, 0.09309083]
[1.8420502, 0.6560968, 1.0958407, 0.090112716]
[1.723731, 0.8947431, 0.7479749, 0.08101306]
[1.8134966, 0.8781254, 0.8398106, 0.095560595]
[2.1091368, 0.7014574, 1.306883, 0.100796446]
[1.910718, 1.1448483, 0.67223495, 0.09363458]
[1.9989146, 0.94641006, 0.9711566, 0.08134793]
[1.9489833, 0.85165375, 1.0123112, 0.08501828]
[1.6861749, 0.811691, 0.7998018, 0.07468204]
[1.8334867, 0.8824303, 0.86962885, 0.08142745]
[1.915116, 1.0618213, 0.76824397, 0.08505075]
[1.8245981, 0.9112778, 0.83305264, 0.08026769]
[1.8129095, 1.0708117, 0.65299064, 0.08910718]
[1.8678666, 0.83131266, 0.947006, 0.08954795]
[1.9199457, 0.9238334, 0.90974224, 0.0863701]
[1.9939598, 0.86995625, 1.0470605, 0.07694301]
[1.8366153, 1.0038857, 0.7549025, 0.07782714]
[1.9198229, 0.97963417, 0.85879636, 0.08139242]
[1.8623782, 0.9767689, 0.79114866, 0.09446065]
[2.0281389, 1.1006745, 0.84830517, 0.07915928]
[1.9342673, 0.85711014, 0.99210817, 0.085048884]
[1.7993133, 0.7427542, 0.98293334, 0.07362577]
[1.9562941, 0.9476452, 0.92366505, 0.08498381]
[1.8403947, 0.78790814, 0.9692099, 0.083276734]
[1.9910485, 0.99005175, 0.91692704, 0.084069625]
[1.8488624, 0.8936148, 0.86804426, 0.087203294]
[1.8712581, 0.8356379, 0.9551388, 0.08048144]
[1.8668544, 0.81217635, 0.96942955, 0.08524845]
[1.7570558, 0.75073683, 0.9234318, 0.08288713]
[1.6737242, 0.8061588, 0.7847871, 0.08277826]
[2.0328493, 0.94917274, 0.99116313, 0.09251333]
[1.8156883, 0.6481116, 1.0764811, 0.09109557]
[1.9165914, 0.96279657, 0.8643166, 0.08947822]
[1.9355832, 0.9219418, 0.9275311, 0.08611028]
[1.7934998, 0.8802024, 0.8252202, 0.08807722]
[1.8195655, 0.8217969, 0.91620326, 0.08156537]
[1.732607, 0.8102261, 0.8306614, 0.09171955]
[1.769088, 0.77565134, 0.9023587, 0.091078]
[1.8069825, 0.95941067, 0.756127, 0.09144488]
[1.9168673, 0.79684556, 1.0120838, 0.10793795]
[1.6213146, 0.75711215, 0.7650964, 0.099106096]
[1.8639889, 0.9495986, 0.7989576, 0.115432695]
[1.684496, 0.68238914, 0.89359176, 0.10851514]
[1.9293052, 1.0165923, 0.7888932, 0.12381973]
[1.9141163, 0.9315615, 0.8821769, 0.10037789]
[1.8294657, 0.8251991, 0.8892095, 0.11505714]
[1.739598, 0.79623187, 0.8369434, 0.10642281]
[1.8104692, 0.8595935, 0.83041346, 0.120462194]
[1.8972137, 0.6895428, 1.10057, 0.10710102]
[1.7643795, 1.1146488, 0.5343036, 0.11542697]
[1.9828571, 0.68923, 1.1804323, 0.11319479]
[1.9086474, 1.1319858, 0.6648987, 0.111762896]
[1.854584, 0.7787473, 0.96691376, 0.10892294]
[1.8620659, 0.7849413, 0.97990334, 0.097221285]
[1.9960557, 0.849573, 1.0379496, 0.10853315]
[1.9806252, 1.1700113, 0.7129961, 0.09761779]
[1.8544899, 0.81067795, 0.9506676, 0.093144305]
[1.9378392, 0.80320555, 1.0341166, 0.10051696]
[1.8565216, 0.9990816, 0.7603341, 0.09710604]
[1.7076916, 0.6758917, 0.929638, 0.10216171]
[1.9176621, 0.94003326, 0.87540466, 0.102224216]
[1.8008417, 0.81418127, 0.89422274, 0.09243767]
[1.765285, 0.86504567, 0.8092865, 0.09095284]
[1.904108, 1.159668, 0.6410893, 0.10335078]
[1.8557086, 0.96415263, 0.78816026, 0.10339567]
[1.8619076, 0.7791431, 0.97881246, 0.103952006]
[1.819787, 0.9694458, 0.74914014, 0.101201005]
[1.7634425, 0.88261473, 0.7745724, 0.10625547]
[1.8807278, 0.95032793, 0.8208138, 0.10958602]
[1.7553339, 0.70732486, 0.9345374, 0.11347163]
[1.7683076, 0.8809337, 0.7664507, 0.12092315]
[1.8367761, 0.8363211, 0.87737846, 0.12307657]
[1.714518, 0.9257685, 0.67308027, 0.11566912]
[1.8742905, 1.0072801, 0.7575053, 0.109505005]
[1.7549857, 0.6749063, 0.97589993, 0.10417952]
[2.0410113, 0.9424985, 0.97826195, 0.12025086]
[1.8872566, 0.791867, 0.9801554, 0.11523409]
[1.884687, 0.89579, 0.8749643, 0.11393258]
[1.7585186, 0.75594807, 0.8874515, 0.115118936]
[1.8760512, 0.8466517, 0.9202949, 0.10910465]
[1.8613458, 0.83518744, 0.9019728, 0.12418558]
[2.0338607, 0.8693458, 1.0508941, 0.11362074]
[1.8561206, 0.9879734, 0.7537108, 0.11443639]
[1.8224994, 0.76868343, 0.940384, 0.11343209]
[1.7959402, 0.74985814, 0.9530524, 0.09302962]
[1.9640304, 1.0977699, 0.7637851, 0.10247538]
[2.1905968, 0.9921967, 1.1037111, 0.09468915]
[1.9062859, 1.0007919, 0.80148834, 0.10400564]
[1.894742, 1.0013008, 0.80324984, 0.09019138]
[1.7794746, 0.84557647, 0.83999246, 0.09390568]
[1.7676259, 0.85481757, 0.8098589, 0.10294946]
[1.8050854, 0.7925948, 0.9025369, 0.10995358]
[1.8105725, 0.90954316, 0.7974268, 0.10360248]
[1.9426801, 0.98280394, 0.85557437, 0.104301795]
[2.0234947, 0.9504486, 0.97463286, 0.09841323]
[1.9381775, 1.0191364, 0.8179416, 0.10109937]
[1.8557934, 0.91480374, 0.8428533, 0.09813628]
[1.8340861, 0.71672463, 1.0172122, 0.100149326]
[1.9142166, 0.86026686, 0.95924336, 0.094706446]
[1.8476592, 0.9327816, 0.8270908, 0.08778684]
[1.680561, 0.8334578, 0.75855345, 0.08854978]
[2.0138564, 1.0035839, 0.9084699, 0.10180271]
[1.8127767, 0.8383137, 0.8742653, 0.10019771]
[1.8082509, 0.76147103, 0.95475876, 0.09202108]
[1.9364251, 1.0068924, 0.82874453, 0.10078807]
[1.879389, 0.8514529, 0.9271363, 0.100799784]
[1.9402634, 1.1335464, 0.7154584, 0.091258615]
[2.0171802, 0.91333055, 1.015388, 0.08846174]
[1.9177768, 0.959606, 0.87172025, 0.08645056]
[2.0525877, 0.9435834, 1.021818, 0.08718634]
[2.0216286, 1.230684, 0.70681375, 0.084130675]
[1.8426082, 0.9180344, 0.8476716, 0.076902136]
[2.0036342, 0.9156332, 1.0095029, 0.078498095]
[1.8702536, 0.94698524, 0.8491411, 0.0741272]
[1.9732989, 0.9983263, 0.9059775, 0.06899516]
[1.943388, 0.83060336, 1.0444306, 0.06835397]
[1.8224459, 0.89019, 0.8611873, 0.07106853]
[1.8554138, 0.8431045, 0.93319464, 0.079114646]
[1.8149309, 0.98944175, 0.7490257, 0.0764634]
[2.1532862, 1.1093051, 0.95518136, 0.088799775]
[1.9861882, 0.9198298, 0.99243784, 0.07392046]
[1.8117214, 0.80741996, 0.9356662, 0.06863532]
[1.8021559, 0.8899464, 0.8423249, 0.06988455]
[1.7638345, 0.9128364, 0.77776694, 0.073231205]
[1.8104107, 0.94452643, 0.79736084, 0.06852347]
[1.8914915, 1.0500212, 0.7589792, 0.08249111]
[1.9103303, 0.8997096, 0.9293674, 0.08125332]
[1.8199716, 0.8964723, 0.83780575, 0.0856936]
[1.8469702, 0.9347773, 0.82846934, 0.08372358]
[1.9069647, 0.82031137, 0.9995025, 0.087150805]
[1.9693685, 0.85328895, 1.0359354, 0.08014417]
[1.8580097, 0.9886527, 0.78869396, 0.08066305]
[1.9337122, 0.8453982, 1.0062842, 0.08202977]
[1.9051121, 0.87309366, 0.9480999, 0.083918594]
[2.0010006, 0.9408924, 0.9809035, 0.07920483]
[1.8545803, 0.8334383, 0.94329625, 0.07784567]
[1.776745, 0.7738274, 0.921062, 0.08185565]
[1.9100223, 1.0428605, 0.7914367, 0.07572504]
[1.8032, 0.89177716, 0.83228827, 0.07913455]
[1.788731, 0.77313435, 0.9265721, 0.08902452]
[1.9117231, 0.8156102, 1.0097196, 0.08639338]
[1.8085532, 0.7864197, 0.9379244, 0.08420916]
[1.8776217, 0.8233562, 0.97068906, 0.08357648]
[1.7398741, 0.7949048, 0.85087585, 0.09409344]
[1.7436819, 0.8393247, 0.8047199, 0.09963733]
[1.7733351, 0.75391775, 0.9205079, 0.098909445]
[1.9404778, 0.8323654, 1.011931, 0.09618145]
[1.9302233, 1.1936886, 0.63211715, 0.10441759]
[2.073512, 1.0651878, 0.90892655, 0.099397704]
[1.8773487, 0.7417894, 1.0511171, 0.08444218]
[1.7699282, 0.77228045, 0.9068715, 0.09077616]
[1.9241176, 0.9804796, 0.852334, 0.091303915]
[1.7759984, 0.8048828, 0.8821421, 0.088973396]
[1.6423422, 0.87184674, 0.67393786, 0.0965576]
[1.9969002, 0.9696516, 0.92396003, 0.10328858]
[1.6891407, 0.72519374, 0.8741415, 0.08980553]
[1.7677943, 1.0102985, 0.65356827, 0.10392745]
[1.7894863, 0.8404062, 0.8485271, 0.100553036]
[1.6039494, 0.7974822, 0.701712, 0.10475528]
[1.7563627, 0.7083386, 0.9321941, 0.11582999]
[1.8966589, 1.1872518, 0.5873687, 0.1220384]
[1.8930975, 0.72452474, 1.0461335, 0.122439265]
[1.9088496, 1.0268562, 0.7707819, 0.11121149]
[1.7520334, 0.7368417, 0.90710807, 0.108083576]
[1.6918168, 0.84002376, 0.74145466, 0.110338435]
[1.9131849, 0.7302047, 1.0733719, 0.10960834]
[2.177285, 1.2131157, 0.84367085, 0.12049848]
[1.9679976, 0.9418376, 0.91472757, 0.11143227]
[2.0552793, 1.1335738, 0.8243435, 0.097362086]
[1.9715323, 0.8293287, 1.0503317, 0.09187193]
[1.8523884, 0.95331776, 0.81488407, 0.084186606]
[1.9009497, 0.873534, 0.93542856, 0.09198712]
[1.9054769, 0.89552987, 0.9169666, 0.09298054]
[1.7944033, 0.7097274, 0.98588085, 0.09879505]
[1.7897651, 0.87071043, 0.8282726, 0.09078218]
[1.9801953, 0.915274, 0.9701692, 0.09475204]
[2.0650551, 1.018817, 0.9465114, 0.099726856]
[2.0062525, 0.95636094, 0.966835, 0.08305658]
[1.770762, 0.8410907, 0.84980077, 0.0798704]
[1.7620106, 0.8696509, 0.80628, 0.08607966]
[1.7867038, 0.76413333, 0.9285223, 0.09404828]
[1.7805319, 0.7315161, 0.9508529, 0.09816288]
[2.0082595, 1.0458336, 0.86676764, 0.09565827]
[2.0101154, 1.1037135, 0.8112124, 0.095189475]
[1.9252057, 1.0467393, 0.78691834, 0.091547914]
[1.876509, 0.84515315, 0.9368596, 0.09449625]
[1.9247705, 0.88101417, 0.9589539, 0.08480242]
[1.846861, 0.9652719, 0.7940993, 0.08748983]
[1.8799263, 1.0651696, 0.73050845, 0.08424834]
[1.97675, 0.8257133, 1.0598104, 0.09122637]
[1.7240813, 0.8220914, 0.816167, 0.08582285]
[1.7110622, 0.888442, 0.7328247, 0.089795604]
[1.8908707, 0.9557923, 0.8490869, 0.08599155]
[1.9939559, 0.8644076, 1.0359111, 0.0936372]
[1.950772, 0.99647623, 0.8716597, 0.08263609]
[1.7489736, 0.870922, 0.79399747, 0.08405413]
[1.8313154, 0.7192489, 1.0124657, 0.09960074]
[1.6136795, 0.8005913, 0.7180593, 0.095028944]
[1.7162378, 0.77409136, 0.8403814, 0.10176507]
[1.8389175, 0.77839494, 0.95100856, 0.10951399]
[1.7767943, 0.88167644, 0.79738593, 0.09773198]
[1.8766989, 0.6900654, 1.0712358, 0.11539765]
[1.670395, 0.91296875, 0.66248745, 0.094938904]
[1.9049675, 0.8149258, 0.9757522, 0.11428953]
[1.7224829, 0.99043477, 0.6228263, 0.10922196]
[1.9606696, 0.74401337, 1.1153326, 0.10132376]
[1.9152633, 0.9629711, 0.8421732, 0.11011903]
[1.9690535, 0.9363487, 0.9384067, 0.094298095]
[1.7618983, 0.68864703, 0.9739767, 0.09927462]
[1.8569642, 0.8666092, 0.89661205, 0.09374296]
[1.9443113, 1.003959, 0.8406577, 0.09969465]
[1.7739758, 0.85634327, 0.81386465, 0.10376786]
[1.6588936, 0.77300537, 0.7839849, 0.101903275]
[2.0244381, 1.083915, 0.83000505, 0.11051811]
[2.0864046, 0.8958579, 1.0916362, 0.098910525]
[2.0740306, 0.9524329, 1.0299668, 0.09163104]
[1.7993212, 0.87882954, 0.8295248, 0.09096688]
[1.9549283, 1.1432782, 0.73101777, 0.08063236]
[1.7896013, 0.8610465, 0.8362155, 0.09233931]
[1.9030668, 1.0073493, 0.81031257, 0.08540497]
[1.80495, 0.83808947, 0.8727174, 0.09414312]
[1.7091424, 0.7142521, 0.9036018, 0.0912886]
[1.966005, 0.8806604, 0.9823848, 0.10295974]
[1.7143495, 0.828138, 0.78940773, 0.09680375]
[1.6013719, 0.69790685, 0.8084611, 0.09500392]
[1.7258017, 0.7657094, 0.84669995, 0.11339237]
[1.8990039, 0.97032976, 0.80680573, 0.12186837]
[2.1354926, 0.98202324, 1.0291994, 0.12426986]
[1.8455002, 1.0706215, 0.6734124, 0.10146645]
[2.0191317, 0.74488944, 1.1856372, 0.08860503]
[2.0971, 1.1913431, 0.81520575, 0.09055117]
[2.0975616, 0.8940827, 1.1115696, 0.09190914]
[1.9497424, 0.95157635, 0.9196484, 0.07851769]
[1.8220869, 0.8405626, 0.9011278, 0.08039653]
[1.8701681, 0.84511614, 0.9391602, 0.08589174]
[2.0206811, 1.034442, 0.9006763, 0.085562915]
[1.7004694, 0.7290006, 0.8926901, 0.078778595]
[1.9841801, 1.0204381, 0.88105446, 0.08268748]
[1.6988803, 0.8249762, 0.795737, 0.078167096]
[1.8634034, 0.8963077, 0.8892319, 0.07786383]
[2.1060402, 1.0033331, 1.0057921, 0.0969151]
[1.9884129, 0.9285575, 0.9731114, 0.08674389]
[1.8931562, 1.0930705, 0.7148107, 0.08527498]
[1.9909633, 0.9286752, 0.9797043, 0.082583815]
[1.757158, 0.7749139, 0.90735674, 0.074887455]
[1.7816525, 0.9597672, 0.7394935, 0.08239171]
[1.9630934, 0.9203396, 0.9532435, 0.08951035]
[1.9132018, 0.9124214, 0.91840065, 0.082379766]
[1.8031818, 0.87792426, 0.8367586, 0.088498935]
[1.7922004, 0.8730155, 0.83019495, 0.08899002]
[1.9374008, 0.97712094, 0.86856586, 0.09171407]
[1.8111427, 0.8341783, 0.8884765, 0.088487886]
[1.7900466, 0.8131558, 0.8933917, 0.083499074]
[2.073606, 0.9427176, 1.0316609, 0.09922753]
[1.7828997, 0.92740905, 0.76412004, 0.09137067]
[1.7760379, 0.86143684, 0.8243846, 0.090216376]
[1.9172257, 0.84022033, 0.98570967, 0.09129574]
[2.0275514, 1.2068751, 0.7292222, 0.09145421]
[1.9021442, 0.82575184, 0.9904262, 0.0859661]
[1.8541328, 0.8125086, 0.94670105, 0.09492317]
[1.9262625, 0.9872202, 0.8544934, 0.08454885]
[1.9690077, 0.97382784, 0.91308105, 0.0820989]
[1.9617324, 0.9352779, 0.93949366, 0.08696084]
[1.9139204, 0.97957253, 0.8576596, 0.076688245]
[1.87828, 0.8848043, 0.90745664, 0.08601921]
[2.0989532, 1.0091071, 1.0018022, 0.0880439]
[1.8324676, 0.8829454, 0.87440145, 0.07512064]
[1.8146722, 0.84651506, 0.89308345, 0.07507378]
[1.8632559, 0.89731926, 0.88853693, 0.07739962]
[1.9015038, 0.88628745, 0.9379415, 0.07727483]
[1.9968435, 0.9766376, 0.93383086, 0.08637502]
[1.9088546, 0.93439376, 0.8955026, 0.07895816]
[1.7510678, 0.93865407, 0.7346333, 0.07778035]
[2.0986652, 0.94854486, 1.0657501, 0.08437015]
[1.9706097, 0.9524702, 0.93946576, 0.07867375]
[2.0145948, 0.9207783, 1.0168159, 0.07700069]
[1.8968132, 0.83644706, 0.9890257, 0.07134036]
[1.9825459, 0.93897426, 0.9733156, 0.07025594]
[1.8394288, 0.8318955, 0.93695235, 0.07058094]
[1.9112968, 0.7720453, 1.0702266, 0.06902503]
[2.0001316, 1.0687598, 0.8680102, 0.063361585]
[1.9145613, 0.99062693, 0.862018, 0.06191637]
[1.9210279, 0.88775355, 0.9646028, 0.068671435]
[1.7278944, 0.7563572, 0.9036261, 0.06791118]
[1.9644614, 0.8235726, 1.0728403, 0.06804861]
[1.9301841, 0.87384534, 0.99139565, 0.06494311]
[2.0139427, 0.96066964, 0.98172665, 0.07154638]
[1.8749349, 0.8483577, 0.9609425, 0.06563477]
[1.8236933, 0.88130724, 0.8761463, 0.06623973]
[1.9663167, 0.9234834, 0.97268987, 0.07014348]
[2.0582082, 0.9541264, 1.0291889, 0.07489309]
[1.9024546, 0.97479486, 0.8554558, 0.07220388]
[1.8309757, 0.891914, 0.8722383, 0.06682339]
[1.94456, 0.9372383, 0.93440497, 0.07291673]
[1.9005897, 0.990247, 0.84525496, 0.06508776]
[1.9105321, 0.9033253, 0.93740976, 0.069796994]
[2.0517437, 0.9792985, 1.0041461, 0.068299204]
[2.1145499, 1.1673608, 0.8866691, 0.060519822]
[1.9410017, 0.95016766, 0.93517506, 0.05565899]
[1.771156, 0.97058225, 0.7403208, 0.060252883]
[1.941993, 0.94100094, 0.93562835, 0.065363675]
[1.9357723, 0.98229, 0.8914333, 0.062049083]
[1.9775457, 1.0837874, 0.8293335, 0.06442474]
[1.8769552, 0.9523152, 0.8614458, 0.063194185]
[1.8250877, 0.9380341, 0.82172865, 0.06532493]
[1.9685141, 0.94564927, 0.95375264, 0.06911223]
[1.927984, 0.8839568, 0.98710805, 0.05691906]
[2.0046425, 0.93874955, 1.0035266, 0.062366374]
[1.794282, 0.81306386, 0.9144844, 0.06673375]
[1.912405, 0.90124774, 0.9395495, 0.07160784]
[1.749701, 0.8156248, 0.86735344, 0.0667229]
[1.8620276, 0.8890737, 0.9044421, 0.06851186]
[1.8034515, 0.89788336, 0.8314743, 0.074093774]
[1.9642748, 0.9032295, 0.98709154, 0.073953725]
[1.8577878, 0.95831615, 0.82887375, 0.07059787]
[1.8114672, 0.8488141, 0.89130133, 0.07135177]
[1.8240992, 0.8124553, 0.9320973, 0.07954658]
[1.8931241, 0.8792411, 0.93542707, 0.078455925]
[1.7922626, 1.0182463, 0.70364296, 0.07037334]
[1.8787506, 0.8570075, 0.93914175, 0.08260135]
[1.900835, 0.91559744, 0.8938228, 0.091414854]
[1.8870299, 1.053573, 0.7504835, 0.0829733]
[1.6670661, 0.7763814, 0.80287874, 0.087805934]
[1.965044, 0.9418024, 0.9370786, 0.08616303]
[1.7603669, 0.8079542, 0.86422026, 0.08819246]
[1.9269882, 0.941421, 0.8931669, 0.09240045]
[1.7727528, 0.90021193, 0.78344667, 0.08909416]
[1.9198053, 0.83268803, 0.993559, 0.09355832]
[1.664318, 0.78801, 0.7881985, 0.08810944]
[1.8835981, 0.8926115, 0.89222604, 0.098760635]
[1.8908947, 1.1059359, 0.6789738, 0.105984926]
[1.8308682, 0.7877562, 0.9555295, 0.08758259]
[1.8471508, 1.03724, 0.7124208, 0.09748989]
[1.9494407, 0.9434539, 0.9097063, 0.09628052]
[1.9997106, 0.9371008, 0.97740245, 0.08520726]
[1.8605726, 0.87296546, 0.9010942, 0.086512886]
[1.9551506, 1.0212162, 0.840054, 0.093880415]
[1.8082156, 0.9290166, 0.7889977, 0.09020142]
[1.7011781, 0.873573, 0.7337793, 0.09382588]
[1.7922214, 0.8530844, 0.8472351, 0.09190195]
[1.7389214, 0.6633305, 0.96739125, 0.10819957]
[1.7471794, 0.89413667, 0.74162173, 0.11142096]
[1.9992412, 0.77079153, 1.1164547, 0.11199495]
[1.8489624, 1.0370452, 0.7081532, 0.10376391]
[1.7993414, 0.71441233, 0.9778004, 0.10712858]
[1.8118429, 1.0057871, 0.70652163, 0.09953418]
[1.713615, 0.63722324, 0.9596491, 0.11674258]
[1.7426007, 1.0424389, 0.58994436, 0.11021751]
[1.7527298, 0.72697353, 0.91016066, 0.115595534]
[1.8691745, 0.9798984, 0.7790265, 0.110249564]
[2.0245123, 0.8796626, 1.0269182, 0.11793165]
[1.9157916, 0.68641627, 1.1179833, 0.11139207]
[1.9343002, 1.1520272, 0.6792091, 0.10306381]
[2.0726016, 0.8486095, 1.1272659, 0.096726164]
[1.7645289, 0.7979059, 0.878327, 0.088295974]
[1.7089685, 0.7720141, 0.8371693, 0.09978524]
[1.829285, 0.94514865, 0.7846941, 0.099442355]
[1.9549681, 0.83933103, 1.0132045, 0.10243258]
[1.935955, 0.92126775, 0.91258264, 0.10210469]
[1.8941324, 0.7911077, 1.0006418, 0.10238287]
[1.9585744, 0.88915455, 0.9767902, 0.09262963]
[2.0087087, 0.9316011, 0.9755165, 0.10159109]
[1.7482775, 0.837572, 0.82825196, 0.08245358]
[1.9240413, 0.7778541, 1.055654, 0.09053311]
[1.9311768, 0.88597035, 0.9418685, 0.103337884]
[1.8417014, 1.0102233, 0.73506105, 0.09641707]
[1.9971962, 0.975139, 0.9287018, 0.09335546]
[1.6689937, 0.7283766, 0.8451078, 0.09550935]
[1.8294574, 0.9183086, 0.8144758, 0.09667304]
[1.872823, 0.893727, 0.8827876, 0.096308455]
[1.7768606, 0.8875437, 0.78194904, 0.10736789]
[1.8980016, 0.8158741, 0.98490393, 0.09722349]
[1.945761, 0.8819199, 0.96317196, 0.10066916]
[2.0272427, 1.146155, 0.78291905, 0.0981687]
[1.8715366, 0.6621767, 1.1139681, 0.09539172]
[2.0362167, 1.1566187, 0.79024124, 0.08935687]
[1.6568778, 0.68273956, 0.88666296, 0.087475255]
[1.8676827, 1.1124237, 0.65390563, 0.10135346]
[2.0014586, 1.0267986, 0.8797895, 0.09487069]
[1.7601097, 0.78194976, 0.8908577, 0.08730224]
[1.7847518, 0.89003706, 0.80432135, 0.09039347]
[1.8752828, 0.80465573, 0.9715599, 0.09906717]
[1.8802408, 0.97054136, 0.8076809, 0.10201852]
[1.921731, 0.94937515, 0.879351, 0.09300483]
[1.8858457, 0.6285618, 1.1605675, 0.09671642]
[1.9804124, 1.0977346, 0.7960502, 0.08662758]
[1.7390095, 0.6631261, 0.99402106, 0.08186234]
[2.007133, 1.2303402, 0.6916861, 0.0851066]
[1.7056451, 0.7977277, 0.8263882, 0.08152912]
[1.9020377, 0.72123945, 1.098227, 0.08257125]
[1.8609545, 0.918581, 0.8560541, 0.08631948]
[1.7492527, 0.94202673, 0.7160145, 0.09121146]
[1.7592454, 0.8091564, 0.8587591, 0.09132976]
[1.822695, 0.7422894, 0.984196, 0.09620947]
[1.8367205, 0.8145863, 0.9218907, 0.10024354]
[1.9580092, 1.0533394, 0.81004936, 0.09462045]
[1.8854085, 0.9157493, 0.8739706, 0.09568853]
[1.8635404, 0.71026886, 1.0634916, 0.08978002]
[1.7960017, 0.83941305, 0.8525367, 0.10405192]
[1.6285924, 0.6848605, 0.8415095, 0.10222237]
[2.0130994, 0.914554, 0.998851, 0.099694505]
[2.1087632, 1.1304744, 0.8682214, 0.11006749]
[1.9006013, 0.74584997, 1.0643349, 0.09041641]
[1.9652092, 1.0274737, 0.8398227, 0.09791277]
[1.9379889, 0.92084193, 0.92300606, 0.09414092]
[1.87304, 0.9728137, 0.8092376, 0.09098866]
[1.9771802, 0.9453545, 0.94003046, 0.091795266]
[1.8182392, 0.97550386, 0.7507541, 0.09198119]
[1.8011299, 0.81629765, 0.8960759, 0.08875644]
[1.8831092, 0.94682026, 0.8477652, 0.08852373]
[1.7541149, 0.8581731, 0.81161207, 0.0843297]
[2.0825932, 0.98996633, 1.0046673, 0.08795948]
[1.8140281, 0.97191715, 0.756034, 0.08607697]
[1.9125029, 0.9004536, 0.91528714, 0.09676211]
[1.9447837, 1.0231123, 0.8323652, 0.089306176]
[1.9868196, 0.9733046, 0.9258914, 0.08762361]
[1.7552712, 0.75536954, 0.9232583, 0.07664329]
[1.8056747, 0.96782374, 0.7505003, 0.0873506]
[2.0099072, 0.90615857, 1.0090404, 0.09470844]
[1.9630117, 0.83238816, 1.0428512, 0.0877724]
[1.9300267, 1.0423352, 0.80386055, 0.08383095]
[1.8662655, 0.946249, 0.826297, 0.09371947]
[1.844634, 0.8631408, 0.8961458, 0.0853474]
[1.9289874, 0.94514, 0.89965427, 0.08419311]
[1.954013, 0.7397389, 1.1320916, 0.0821825]
[1.9391614, 0.9591074, 0.8916146, 0.088439375]
[1.8252219, 0.7322514, 1.0074482, 0.08552232]
[1.8524251, 0.8669516, 0.88978493, 0.09568852]
[1.7627168, 0.76441, 0.91946054, 0.07884619]
[1.6638712, 0.8422103, 0.7195302, 0.102130644]
[1.8463275, 0.87188774, 0.8838413, 0.09059861]
[1.9306184, 1.0425593, 0.79336095, 0.094698235]
[1.6580057, 0.66704553, 0.9041523, 0.08680791]
[1.777282, 0.95215005, 0.72529954, 0.09983247]
[1.966651, 0.7945097, 1.0735083, 0.09863299]
[1.8722347, 0.8772325, 0.8879209, 0.107081324]
[1.8988508, 0.9330829, 0.85554814, 0.11021979]
[2.0080948, 0.8415359, 1.0665128, 0.10004592]
[1.7380607, 0.9453027, 0.6942037, 0.09855442]
[1.8518935, 0.7347691, 1.0160291, 0.10109536]
[1.9095619, 1.0023805, 0.8024397, 0.10474166]
[2.0704198, 0.9277099, 1.0409381, 0.10177171]
[1.8990606, 0.917086, 0.88126135, 0.100713275]
[1.8251864, 0.83126724, 0.89786565, 0.09605351]
[1.9722661, 0.9464715, 0.92456305, 0.101231486]
[1.9548118, 1.0231434, 0.8441466, 0.0875218]
[1.8615872, 0.7785025, 0.98713684, 0.09594786]
[1.8676589, 0.80204797, 0.9712611, 0.094349876]
[1.9662783, 0.8856359, 0.9837562, 0.09688616]
[1.8639501, 0.99953043, 0.78048193, 0.08393782]
[1.9529924, 1.0231521, 0.835606, 0.09423432]
[2.0042353, 1.0038779, 0.91359913, 0.08675825]
[1.8599042, 0.9688346, 0.8013617, 0.08970799]
[1.8696419, 0.9877528, 0.7982621, 0.083626956]
[1.8322875, 0.8914377, 0.85045445, 0.09039546]
[1.8884395, 0.7590567, 1.0325255, 0.096857354]
[1.9193707, 1.0791459, 0.7595751, 0.080649644]
[1.9626174, 0.72090805, 1.1434412, 0.09826814]
[1.8975729, 0.9212239, 0.8989523, 0.077396736]
[1.8722206, 0.99602675, 0.7984627, 0.07773128]
[1.8323295, 0.9040222, 0.8390923, 0.089214996]
[1.7039788, 0.8461535, 0.7703098, 0.08751543]
[1.8744416, 0.8039297, 0.97644496, 0.094067015]
[1.7987516, 0.86867887, 0.8371208, 0.092952]
[1.8327117, 0.7591417, 0.973858, 0.099712044]
[1.9915422, 0.8306506, 1.0515146, 0.10937707]
[1.8968773, 0.89069355, 0.91577685, 0.09040694]
[1.8375788, 0.79849815, 0.94277114, 0.096309416]
[1.966007, 1.2070898, 0.6732302, 0.08568703]
[1.9427489, 0.87912726, 0.98286057, 0.080761105]
[1.7441869, 0.82428783, 0.83128387, 0.08861523]
[1.9316331, 0.9021627, 0.9380455, 0.0914249]
[1.7820123, 0.9228186, 0.7748193, 0.084374405]
[1.84374, 0.7570933, 0.99919575, 0.08745096]
[1.9319426, 0.96486557, 0.8619778, 0.10509923]
[2.0374224, 0.9980823, 0.9398507, 0.09948942]
[1.791874, 0.7821941, 0.920127, 0.08955297]
[1.7787645, 0.90385145, 0.7831692, 0.09174381]
[1.8917397, 0.9257292, 0.8767042, 0.089306206]
[1.9835733, 0.8549307, 1.0306954, 0.09794724]
[1.814229, 0.9912965, 0.7262011, 0.096731365]
[1.9633813, 1.0110881, 0.8654814, 0.086811826]
[1.760187, 0.82688737, 0.8478652, 0.08543441]
[1.8333421, 0.8491528, 0.8959054, 0.08828388]
[1.9475086, 0.8757249, 0.98218644, 0.08959724]
[1.8993235, 0.9581989, 0.8525152, 0.08860932]
[1.8067242, 0.7987112, 0.9147335, 0.093279496]
[2.0024533, 0.87679493, 1.0390258, 0.08663263]
[1.6625235, 0.7452358, 0.8364024, 0.08088525]
[2.0831716, 1.0030577, 0.9934026, 0.08671135]
[1.8856789, 1.1078126, 0.6970691, 0.08079703]
[1.9850335, 0.8965133, 1.0005503, 0.08797002]
[1.9753187, 0.9259287, 0.96353424, 0.08585577]
[1.9066998, 0.98819625, 0.8444208, 0.074082695]
[1.9718645, 1.0722741, 0.8231265, 0.076463886]
[1.9184277, 0.9098381, 0.9241763, 0.08441328]
[1.7476875, 0.85191, 0.8147063, 0.08107117]
[1.8474476, 0.9374596, 0.82362795, 0.08636012]
[1.8581647, 0.9774544, 0.8005751, 0.08013524]
[1.8793736, 0.7768542, 1.0168355, 0.08568388]
[1.8899179, 0.92910534, 0.8759788, 0.08483359]
[1.9533411, 1.0507215, 0.81601536, 0.08660427]
[1.8209201, 0.8258915, 0.91332203, 0.08170663]
[1.8834702, 0.7871877, 1.0114641, 0.08481832]
[1.861543, 0.83841825, 0.94597715, 0.07714757]
[1.8341923, 0.9935641, 0.75797117, 0.08265693]
[1.9563043, 0.87244296, 0.9958502, 0.08801116]
[1.9976306, 1.0463698, 0.87161875, 0.07964203]
[1.9018459, 0.852065, 0.9662172, 0.083563745]
[1.867968, 0.90969455, 0.87791085, 0.080362506]
[1.9045697, 0.9492448, 0.87835354, 0.07697136]
[2.1288533, 0.9287914, 1.1180575, 0.08200452]
[1.9655648, 1.112228, 0.7711661, 0.08217078]
[1.9254754, 0.87397987, 0.9808206, 0.07067487]
[1.7293562, 0.8610748, 0.7920782, 0.076203205]
[1.8939576, 0.997328, 0.8174435, 0.07918617]
[1.9781463, 1.0463538, 0.85359776, 0.07819471]
[1.9198267, 0.947456, 0.8910278, 0.081342965]
[1.9236639, 0.89009196, 0.9579593, 0.07561256]
[1.8376524, 1.0662142, 0.6898639, 0.08157438]
[1.9100338, 0.8811549, 0.9527652, 0.0761137]
[1.6363615, 0.88708425, 0.6672088, 0.08206849]
[1.8266629, 0.8868501, 0.8615902, 0.07822266]
[1.864302, 0.9482337, 0.836156, 0.079912275]
[1.9515892, 1.0705028, 0.7958628, 0.08522369]
[1.9454573, 0.9261206, 0.9312335, 0.08810313]
[1.993578, 0.9409415, 0.96885455, 0.083782]
[1.908969, 0.9490175, 0.87686205, 0.083089516]
[1.9176396, 0.86540985, 0.969034, 0.08319579]
[1.9054883, 0.9414688, 0.8797352, 0.08428429]
[1.9191506, 0.74901485, 1.0827537, 0.08738207]
[1.6633452, 0.68971896, 0.89030427, 0.08332198]
[1.9259089, 0.8172554, 1.0121884, 0.09646514]
[2.0393298, 0.93733275, 1.0210575, 0.08093947]
[1.9991769, 0.7729314, 1.1425946, 0.08365096]
[1.7842702, 0.7452204, 0.9566852, 0.082364544]
[2.0005763, 0.9582441, 0.9567798, 0.085552394]
[1.910139, 0.79990166, 1.0341053, 0.076131955]
[1.7529459, 0.7304125, 0.9419377, 0.08059574]
[1.7924466, 0.8187672, 0.8863853, 0.08729407]
[1.8837374, 0.8173286, 0.97492945, 0.09147945]
[1.7782061, 0.84714687, 0.8428719, 0.08818738]
[2.0620627, 0.8515385, 1.1171021, 0.09342206]
[1.8233004, 0.83349293, 0.9035801, 0.08622731]
[1.7284807, 0.86099845, 0.7791995, 0.08828266]
[1.9007429, 0.85905015, 0.95100814, 0.09068458]
[1.9649198, 0.9792834, 0.8922084, 0.09342802]
[1.9463031, 0.9327887, 0.9184687, 0.095045716]
[1.6341293, 0.78407675, 0.7626083, 0.08744433]
[1.8306352, 0.84074956, 0.89412624, 0.09575941]
[1.7979854, 0.80162126, 0.8952222, 0.10114201]
[1.7948297, 0.7993836, 0.9023846, 0.09306158]
[1.9580743, 0.8742435, 0.9817978, 0.10203304]
[1.9523299, 1.1808615, 0.67129606, 0.10017224]
[1.9233141, 0.81366897, 1.0088291, 0.100816056]
[1.9450779, 1.0218594, 0.8326751, 0.09054344]
[1.9421325, 0.95568043, 0.8884345, 0.09801742]
[1.8496948, 0.964243, 0.7928191, 0.092632756]
[1.9176686, 0.9468157, 0.88173, 0.089122795]
[1.8330965, 0.88606, 0.8489707, 0.09806589]
[1.9067495, 1.0672113, 0.7541277, 0.08541064]
[1.8487073, 0.86141276, 0.90152913, 0.085765526]
[1.7390338, 0.95506275, 0.69124264, 0.092728466]
[1.9655504, 0.8309145, 1.0439065, 0.09072952]
[1.983645, 1.0225489, 0.87965125, 0.08144468]
[1.9576957, 0.87241817, 1.0042775, 0.081000075]
[1.9450176, 1.1354789, 0.7230418, 0.086496934]
[1.773737, 0.7738397, 0.918474, 0.08142328]
[2.0082493, 1.1185659, 0.8060871, 0.083596274]
[1.8654623, 0.89673615, 0.8866023, 0.082123935]
[1.858146, 0.81132895, 0.961572, 0.08524504]
[1.6725328, 0.8172316, 0.77386147, 0.08143969]
[1.9896033, 0.9502925, 0.95485276, 0.08445804]
[1.7491779, 0.7648256, 0.8955928, 0.08875952]
[1.917371, 1.0473624, 0.7806959, 0.08931263]
[1.8723857, 0.92249596, 0.86396205, 0.085927784]
[1.7495369, 0.8718749, 0.7797832, 0.097878836]
[1.8492979, 0.75467765, 0.99715555, 0.09746465]
[1.8248719, 1.1006031, 0.6320956, 0.09217323]
[1.7694057, 0.67255557, 1.0058314, 0.09101878]
[1.7596216, 0.8010526, 0.8696565, 0.08891247]
[1.8958896, 1.1005327, 0.6897553, 0.1056017]
[1.7469051, 0.71464074, 0.92870456, 0.10355973]
[2.0538077, 1.1835072, 0.7680304, 0.102270216]
[1.8537147, 0.892225, 0.8642423, 0.09724736]
[1.7610593, 0.67582816, 0.9896782, 0.09555291]
[1.9337615, 0.90105313, 0.93261445, 0.10009391]
[1.916712, 0.70570457, 1.1115509, 0.099456586]
[1.9517261, 1.1136296, 0.74069655, 0.0973999]
[1.8011367, 0.7044209, 1.0007231, 0.09599271]
[1.8835247, 0.9266766, 0.8496537, 0.107194364]
[2.0222623, 0.8762382, 1.0549748, 0.09104924]
[1.8353442, 1.0180054, 0.7225513, 0.09478746]
[2.0452933, 0.8135661, 1.140624, 0.09110314]
[1.8194183, 0.98114353, 0.74895394, 0.08932082]
[2.1151044, 0.9684121, 1.0553005, 0.091391794]
[2.0104182, 1.1181042, 0.8061073, 0.08620657]
[1.6892745, 0.84635377, 0.76559687, 0.07732386]
[1.7954054, 0.87876856, 0.83199084, 0.08464602]
[1.8919708, 0.9171287, 0.8833116, 0.09153043]
[1.7631384, 0.740695, 0.932822, 0.08962141]
[1.8631388, 0.84668815, 0.9211911, 0.09525951]
[1.7530156, 0.7825315, 0.87379503, 0.096689075]
[1.8420823, 0.9108634, 0.8246247, 0.10659407]
[2.191962, 0.97967494, 1.124345, 0.087942034]
[1.9169359, 1.0859859, 0.7500576, 0.08089239]
[2.0484445, 0.9099275, 1.0597264, 0.078790605]
[2.0590045, 0.9720993, 1.0061727, 0.08073254]
[1.74821, 0.84557486, 0.83246243, 0.07017273]
[1.8372501, 1.0547793, 0.70306504, 0.07940576]
[1.9421934, 0.9928545, 0.8722961, 0.07704279]
[1.9841061, 0.88923156, 1.0222853, 0.0725892]
[2.011348, 0.97159874, 0.9612538, 0.07849553]
[1.9331989, 0.7925056, 1.0703948, 0.07029857]
[1.9828964, 0.9216094, 0.98924315, 0.07204394]
[1.8459675, 0.8126645, 0.9647329, 0.068570085]
[1.8447723, 0.7469784, 1.0277578, 0.07003619]
[1.6759683, 0.80641687, 0.7967654, 0.072785996]
[2.0397677, 0.9999016, 0.9615559, 0.078310356]
[1.8676932, 0.94393957, 0.8480667, 0.07568695]
[1.8792386, 0.81621206, 0.9814745, 0.08155206]
[1.7945814, 0.8566961, 0.8508785, 0.08700685]
[1.9134948, 0.75860786, 1.0686567, 0.08623028]
[1.9966044, 0.9850677, 0.9293506, 0.08218607]
[1.8297254, 0.8261027, 0.9232091, 0.08041365]
[1.9211217, 1.0884908, 0.74597734, 0.086653605]
[2.153255, 1.1666994, 0.9045516, 0.082003966]
[1.8561308, 0.83889997, 0.9458484, 0.07138254]
[1.7051473, 0.87125, 0.7556292, 0.078268036]
[1.876122, 0.9024786, 0.8940172, 0.079626255]
[1.8275167, 0.9737351, 0.77775395, 0.07602766]
[1.8586667, 0.8825326, 0.8979182, 0.07821579]
[1.9747951, 1.0258589, 0.8690891, 0.07984716]
[1.8990338, 0.9734759, 0.84547985, 0.0800781]
[1.9343938, 0.98592794, 0.87006366, 0.078402184]
[1.8561563, 0.89625615, 0.87062526, 0.08927494]
[1.8757162, 0.9713847, 0.82950246, 0.074829064]
[1.8983532, 0.933436, 0.8775481, 0.08736907]
[1.9566749, 1.0562341, 0.817878, 0.082562774]
[1.8955142, 0.8785515, 0.9345479, 0.08241491]
[1.90594, 0.8639818, 0.9693123, 0.07264595]
[1.859529, 0.9972468, 0.77901804, 0.08326405]
[1.7573822, 0.79065627, 0.89223784, 0.0744881]
[1.9206119, 0.8489498, 0.983333, 0.08832903]
[1.664442, 0.93639827, 0.653522, 0.0745217]
[1.7772628, 0.6856836, 0.99421537, 0.097363815]
[1.883799, 1.0315866, 0.75720674, 0.09500559]
[1.8571095, 0.9095744, 0.8510392, 0.09649598]
[1.7725077, 0.81245583, 0.8677626, 0.092289165]
[1.8140525, 0.8532078, 0.8629751, 0.097869515]
[1.8957515, 0.90842766, 0.8875239, 0.09979989]
[1.7894406, 0.8560116, 0.8281126, 0.10531636]
[1.7742751, 0.80714583, 0.86692095, 0.10020822]
[1.8446445, 0.9873081, 0.7523284, 0.10500807]
[1.9145062, 0.8379561, 0.97370934, 0.102840826]
[1.9303071, 0.6997547, 1.1341143, 0.09643821]
[1.9776987, 1.0645444, 0.8168211, 0.09633316]
[1.8968865, 0.88413167, 0.91533875, 0.09741601]
[1.9637337, 0.78994894, 1.0797544, 0.094030395]
[1.8901802, 0.9981986, 0.8008771, 0.09110456]
[1.9088755, 0.7934663, 1.0186287, 0.09678043]
[1.9003562, 0.9976665, 0.7978916, 0.10479805]
[1.9401139, 0.8375882, 1.0163598, 0.08616591]
[1.8302804, 1.1290636, 0.6136215, 0.08759538]
[2.006863, 0.83286715, 1.0873016, 0.08669424]
[1.7948477, 0.93836904, 0.7708388, 0.08563998]
[1.9846249, 0.94675267, 0.9525901, 0.08528211]
[1.6599255, 0.7011978, 0.8748288, 0.08389872]
[1.924516, 0.84857863, 0.9861009, 0.08983632]
[1.8743557, 0.91627187, 0.86837906, 0.089704745]
[1.7873526, 0.850429, 0.84033257, 0.096591055]
[1.8423386, 0.8063536, 0.94788694, 0.08809802]
[1.8679278, 0.9491544, 0.8262752, 0.09249812]
[1.7350473, 0.7505617, 0.89172006, 0.09276551]
[1.9890901, 0.9406891, 0.93966055, 0.1087404]
[2.0090714, 1.0949883, 0.8193342, 0.09474875]
[1.8464972, 0.9265386, 0.82736635, 0.092592284]
[2.0096803, 0.82489246, 1.0867741, 0.09801363]
[1.8568021, 0.8692242, 0.89845884, 0.08911908]
[1.6809411, 0.89081067, 0.70624423, 0.08388615]
[1.9035066, 0.96195257, 0.84391844, 0.09763566]
[1.8123158, 0.8828169, 0.83822185, 0.091277026]
[1.7698052, 0.7770991, 0.90229845, 0.09040761]
