[1.966424, 0.79280806, 1.0879847, 0.08563131]
[1.8923175, 0.8825315, 0.9344964, 0.07528966]
[1.9516984, 0.9956111, 0.87698436, 0.079102986]
[1.7846985, 0.76029426, 0.9416649, 0.0827394]
[1.9734421, 1.0950974, 0.7970257, 0.08131903]
[1.9596438, 0.92817485, 0.95470643, 0.07676257]
[1.9030933, 0.99499196, 0.83404386, 0.074057534]
[2.0158727, 0.9416751, 0.996499, 0.07769856]
[1.9114034, 0.9392544, 0.89988726, 0.072261855]
[1.7909241, 0.90577793, 0.8124199, 0.072726205]
[1.9083958, 1.0093721, 0.82102644, 0.077997215]
[2.1202898, 1.0424125, 1.0021958, 0.07568133]
[1.9253701, 0.8988589, 0.95257443, 0.073936775]
[1.8455575, 0.91670316, 0.8553734, 0.07348089]
[2.0479367, 0.9590066, 1.0184718, 0.0704582]
[1.9390076, 0.921904, 0.9486635, 0.06844012]
[1.8026642, 0.847102, 0.8845649, 0.07099737]
[1.6854959, 0.7465668, 0.8572139, 0.08171515]
[1.842298, 0.866707, 0.9050938, 0.07049733]
[2.0908184, 0.75074255, 1.2571187, 0.08295739]
[1.9457121, 1.0328829, 0.8363186, 0.07651053]
[2.037643, 0.9386155, 1.02881, 0.07021727]
[1.8591703, 0.8939339, 0.8900831, 0.07515338]
[2.0002313, 1.109772, 0.81442136, 0.07603799]
[1.9177806, 0.85959834, 0.98723674, 0.07094556]
[1.8672218, 0.89817643, 0.89887667, 0.070168786]
[1.7675968, 0.83826745, 0.85928774, 0.07004166]
[1.7906477, 0.9223752, 0.79221857, 0.07605404]
[1.872179, 0.91422874, 0.8799294, 0.07802081]
[1.8076425, 0.7788028, 0.95363325, 0.075206414]
[2.0318744, 1.0657282, 0.88261074, 0.08353536]
[1.7207776, 0.8446523, 0.79922724, 0.07689806]
[2.019467, 0.95415545, 0.973033, 0.092278674]
[1.9386721, 0.88216126, 0.9672191, 0.08929167]
[1.9651031, 0.9666015, 0.9296326, 0.068869054]
[1.9079689, 0.9697244, 0.8600912, 0.07815324]
[1.974002, 1.0047756, 0.8957741, 0.07345224]
[1.9583806, 0.8183868, 1.0657039, 0.07428997]
[1.9245719, 0.9785587, 0.8816694, 0.064343825]
[1.892047, 0.9846026, 0.8445752, 0.06286916]
[1.859808, 0.86669254, 0.9211668, 0.07194871]
[1.7873538, 0.81306165, 0.90650237, 0.06778985]
[1.8631955, 1.0465987, 0.7448572, 0.071739644]
[1.8944057, 0.91195166, 0.9165731, 0.065880865]
[1.8906356, 0.96580726, 0.85269743, 0.072130874]
[1.9864416, 0.94591826, 0.9714922, 0.06903128]
[1.9003369, 0.8546036, 0.9742244, 0.07150894]
[1.6813736, 0.80837864, 0.8086575, 0.06433749]
[1.9460723, 0.9255043, 0.9398081, 0.08076003]
[1.9577248, 0.8559767, 1.0310764, 0.07067164]
[1.7630718, 0.9307507, 0.7606644, 0.07165675]
[1.8713806, 0.7839949, 1.0124345, 0.07495112]
[2.0336313, 1.0484123, 0.908443, 0.07677606]
[1.9439298, 1.0973554, 0.7701386, 0.07643579]
[1.8267777, 0.76873034, 0.97615695, 0.081890374]
[2.0105226, 0.97568065, 0.9550628, 0.07977918]
[1.9470986, 1.0071862, 0.8613479, 0.07856451]
[1.8280598, 0.8493099, 0.9054165, 0.07333341]
[1.9264055, 0.8519262, 0.9968313, 0.07764803]
[1.982651, 1.1348327, 0.76778966, 0.08002854]
[1.8872397, 0.8757005, 0.94020104, 0.07133822]
[1.873751, 0.8802339, 0.9202279, 0.07328926]
[1.8358057, 0.8251082, 0.93356216, 0.077135265]
[1.9220111, 0.97549766, 0.871905, 0.074608505]
[1.8366933, 0.9119688, 0.84700716, 0.07771725]
[1.9861076, 1.0199273, 0.8900345, 0.076145835]
[1.8640453, 0.9240048, 0.8647846, 0.075255916]
[1.8769747, 0.9603427, 0.8429302, 0.073701695]
[1.8634331, 0.8332845, 0.9600574, 0.07009131]
[1.9714495, 0.97120845, 0.9243865, 0.07585449]
[1.8628788, 0.77775264, 1.0110689, 0.07405727]
[1.8889092, 0.9973104, 0.8137547, 0.07784413]
[1.7843567, 0.91404074, 0.7926996, 0.07761628]
[1.9287031, 0.9708898, 0.88103765, 0.07677549]
[1.947464, 1.0074451, 0.8656147, 0.07440421]
[1.8978008, 0.8966047, 0.9227606, 0.078435495]
[1.7670814, 0.8744788, 0.81867373, 0.07392888]
[1.9472945, 0.89840376, 0.9668107, 0.08208001]
[1.7985984, 0.8727634, 0.83872175, 0.087113254]
[1.8095624, 0.79110616, 0.93696153, 0.08149486]
[2.0338223, 0.89511514, 1.0576366, 0.08107048]
[1.8770941, 0.89893055, 0.89569426, 0.08246931]
[1.8374015, 0.8287841, 0.930596, 0.07802136]
[1.8770548, 0.8857862, 0.91241145, 0.07885722]
[1.9044255, 0.8190877, 1.0075364, 0.077801324]
[1.8289754, 0.81434906, 0.9397973, 0.07482904]
[1.9116658, 0.8205697, 1.0070539, 0.08404216]
[2.0580847, 0.8982413, 1.0761391, 0.08370443]
[1.8636434, 0.94833314, 0.83125365, 0.08405657]
[1.6946181, 0.8748375, 0.73797715, 0.08180347]
[1.8942101, 0.89780694, 0.9066772, 0.089726]
[1.9599897, 0.86839104, 1.0072658, 0.08433287]
[1.8028548, 0.9396418, 0.7859695, 0.07724351]
[1.8406553, 0.8621927, 0.89554715, 0.08291551]
[1.8921298, 0.77670026, 1.0290987, 0.08633081]
[2.0039375, 1.0461961, 0.8779111, 0.07983037]
[1.8110858, 0.8382728, 0.8816657, 0.09114725]
[1.8023392, 0.6968392, 1.0131016, 0.092398405]
[1.9198279, 1.0133243, 0.827628, 0.07887566]
[1.7006009, 0.720382, 0.88992846, 0.09029043]
[1.83746, 0.7194789, 1.025713, 0.09226821]
[1.926251, 1.0708604, 0.76346445, 0.09192622]
[1.9503428, 0.8544651, 1.0041479, 0.09172973]
[1.8124547, 0.9726495, 0.74236226, 0.09744288]
[2.0516229, 1.0518839, 0.90398717, 0.09575184]
[1.5743186, 0.8078102, 0.6749517, 0.09155685]
[1.685123, 0.66392165, 0.9364041, 0.08479717]
[1.8967037, 1.0011883, 0.7945452, 0.10097031]
[1.8548342, 0.8182684, 0.9307605, 0.10580531]
[2.1473563, 1.2512443, 0.79344285, 0.102669075]
[2.0706353, 0.80482507, 1.1748439, 0.09096645]
[1.9894642, 1.090419, 0.80574685, 0.09329835]
[1.9064965, 0.91188747, 0.91061795, 0.08399102]
[1.9147979, 1.0059357, 0.8291995, 0.079662696]
[1.9255675, 0.9562567, 0.887603, 0.08170781]
[1.7263545, 0.7552693, 0.89717036, 0.07391486]
[1.7793434, 0.68647623, 1.0063794, 0.08648781]
[1.734246, 0.8400897, 0.79594487, 0.09821151]
[1.9841729, 0.8784699, 1.0088599, 0.09684316]
[1.948867, 1.0191655, 0.8367573, 0.09294411]
[2.0088823, 0.9656011, 0.96350646, 0.07977474]
[1.9381061, 0.99442047, 0.85848004, 0.08520557]
[2.0403855, 1.076072, 0.8684554, 0.09585812]
[1.9111407, 0.9423605, 0.8771823, 0.091597766]
[1.8754693, 0.90540147, 0.88625455, 0.08381326]
[1.84219, 0.8529694, 0.91742516, 0.0717955]
[1.9319398, 0.76934505, 1.0810752, 0.08151962]
[1.8232092, 0.94861543, 0.79458034, 0.080013424]
[1.8304955, 0.9435452, 0.8118047, 0.0751456]
[1.7858963, 0.8373933, 0.8590933, 0.08940975]
[1.8156569, 0.88016605, 0.84649014, 0.08900067]
[1.8878237, 0.9721875, 0.8346419, 0.08099429]
[1.9623196, 0.9188446, 0.96117026, 0.08230477]
[1.7304127, 0.90995777, 0.7457437, 0.0747113]
[1.8782915, 0.7273295, 1.0654695, 0.08549244]
[1.7977746, 0.84419805, 0.85559076, 0.097985685]
[1.7578815, 0.7603014, 0.9080329, 0.089547254]
[1.9259449, 0.90851575, 0.9195652, 0.097864084]
[1.7288575, 0.7370485, 0.89322394, 0.09858508]
[1.9481589, 0.8170876, 1.0287093, 0.10236208]
[1.8691709, 0.99225277, 0.7826922, 0.094225824]
[2.0275724, 1.1283625, 0.8016455, 0.097564414]
[1.8671825, 0.8095088, 0.97390115, 0.0837726]
[1.9118494, 0.9967627, 0.81818485, 0.09690183]
[1.9211189, 0.9910677, 0.8252443, 0.10480674]
[1.8470339, 0.90652037, 0.8425259, 0.09798756]
[2.0046957, 0.82326686, 1.0886376, 0.0927912]
[1.8303407, 0.9473073, 0.79167974, 0.091353804]
[1.8338692, 0.9165111, 0.8137847, 0.10357326]
[1.687667, 0.8424119, 0.75087786, 0.09437726]
[1.7852216, 0.88625985, 0.81063914, 0.08832267]
[1.6744915, 0.7231066, 0.8595653, 0.09181968]
[1.8577302, 1.0116873, 0.7372463, 0.10879663]
[1.9049755, 0.8884149, 0.9113491, 0.1052115]
[1.879317, 0.9061091, 0.8670477, 0.10616015]
[1.8612543, 0.91577923, 0.8439809, 0.10149421]
[1.8133224, 0.8696642, 0.8430415, 0.10061683]
[1.6977948, 0.8540739, 0.7439003, 0.09982064]
[1.6909713, 0.73997784, 0.8414954, 0.10949798]
[2.010785, 0.9143593, 0.9644151, 0.13201082]
[2.0208926, 0.9407643, 0.966653, 0.1134753]
[1.7386916, 0.8779309, 0.75497067, 0.105789974]
[1.8934839, 0.8315433, 0.9520668, 0.10987383]
[1.8355062, 0.9380626, 0.77366984, 0.12377382]
[1.9116443, 0.87023485, 0.9334481, 0.10796137]
[1.865135, 0.955509, 0.79715717, 0.11246866]
[2.0032303, 1.0360628, 0.8622522, 0.10491535]
[2.0477808, 0.87222886, 1.0721991, 0.103352815]
[2.010265, 0.7922257, 1.1244364, 0.09360311]
[1.8013669, 0.91155314, 0.7981063, 0.09170746]
[1.8313602, 0.89406055, 0.8525523, 0.08474745]
[2.0586731, 0.911136, 1.061701, 0.08583613]
[1.754478, 0.71508944, 0.9627595, 0.076629]
[1.941967, 0.9903791, 0.8720242, 0.07956369]
[1.8805999, 0.7309386, 1.0669343, 0.082726866]
[2.038832, 0.94079864, 1.0173402, 0.0806931]
[1.8014385, 0.9088267, 0.8042356, 0.088376135]
[1.9729948, 0.90555817, 0.9860935, 0.081343204]
[2.0337086, 0.8540693, 1.0896257, 0.09001359]
[1.8655899, 0.95375097, 0.8322451, 0.07959373]
[1.9237396, 1.0039688, 0.8400037, 0.07976702]
[1.910675, 0.8009051, 1.0282352, 0.0815348]
[1.7316074, 0.7826799, 0.8688981, 0.08002943]
[1.8533186, 0.8290336, 0.9334897, 0.090795234]
[1.9034128, 0.8284317, 0.98284173, 0.09213939]
[1.8180133, 0.92708004, 0.8096427, 0.081290655]
[1.9161761, 0.8635123, 0.96618146, 0.08648233]
[1.8538142, 0.7897984, 0.97671086, 0.087304994]
[1.7649755, 0.88843524, 0.791325, 0.085215315]
[1.9724073, 0.9639889, 0.92404175, 0.08437675]
[1.7874457, 0.9654561, 0.7352782, 0.0867113]
[1.7757956, 0.754702, 0.93312037, 0.08797322]
[1.9396063, 0.9403707, 0.9124656, 0.08677006]
[1.9585352, 1.1895146, 0.68034416, 0.08867645]
[1.9420545, 1.0136274, 0.84718645, 0.08124064]
[1.6964684, 0.7408253, 0.8640974, 0.09154552]
[1.9091805, 0.891752, 0.93172103, 0.08570752]
[2.1022048, 0.915554, 1.1028898, 0.08376099]
[1.7972634, 1.013942, 0.68957365, 0.09374778]
[1.8396587, 0.9687268, 0.79525256, 0.07567924]
[1.843128, 0.8873683, 0.87025964, 0.08549994]
[1.9519674, 0.75369763, 1.1061046, 0.09216514]
[1.9186773, 1.003852, 0.8332445, 0.08158092]
[1.9777396, 0.8831208, 1.0092709, 0.08534783]
[1.9891462, 0.9629328, 0.9391531, 0.08706039]
[1.7190061, 0.8952249, 0.7376727, 0.086108446]
[1.9681448, 0.7781579, 1.1074877, 0.08249916]
[1.8993279, 0.9861994, 0.8295064, 0.0836221]
[1.9605596, 0.8637194, 1.0159357, 0.08090453]
[1.8635378, 0.70971394, 1.071351, 0.08247279]
[2.0552478, 1.0799057, 0.8903688, 0.08497333]
[2.0054052, 0.97356474, 0.9520818, 0.07975863]
[1.908326, 1.0248477, 0.8160851, 0.06739317]
[1.6908923, 0.63505626, 0.98577476, 0.070061296]
[1.7449839, 0.70503104, 0.9626008, 0.07735211]
[1.810177, 0.85070515, 0.8781928, 0.081278995]
[2.0083084, 1.012976, 0.9158187, 0.07951356]
[1.6830875, 0.7459245, 0.84949195, 0.08767101]
[1.989464, 1.0947777, 0.8125961, 0.08209027]
[1.8426195, 0.8238001, 0.93555605, 0.0832634]
[1.7576606, 0.8412375, 0.8371542, 0.07926896]
[1.9945502, 0.77101916, 1.1469064, 0.07662459]
[1.8519989, 1.1734169, 0.58937806, 0.089204]
[1.6623886, 0.6679987, 0.9098025, 0.08458738]
[1.8739544, 0.9098361, 0.8669591, 0.09715928]
[1.8427633, 0.982832, 0.75927246, 0.100658804]
[2.0568047, 1.0068208, 0.947445, 0.10253888]
[2.0955698, 0.96140116, 1.0410075, 0.093161136]
[1.7130255, 0.8860166, 0.74087274, 0.08613612]
[1.8222713, 0.83078676, 0.89831626, 0.09316832]
[1.8646488, 1.1136265, 0.6537803, 0.09724208]
[1.7747124, 0.7713078, 0.91006505, 0.09333959]
[2.2153835, 0.86423343, 1.2580075, 0.09314254]
[1.9503303, 1.0181929, 0.84875304, 0.08338433]
[1.759127, 0.80332065, 0.8803079, 0.07549843]
[1.916013, 0.9133322, 0.9191893, 0.083491504]
[1.9242824, 1.0252414, 0.8148738, 0.08416725]
[1.8666958, 0.7838402, 0.99422526, 0.08863032]
[1.9428419, 0.92921436, 0.9299418, 0.08368578]
[1.8427788, 0.81860113, 0.9344287, 0.08974901]
[2.0023615, 0.8886975, 1.0392139, 0.07445021]
[1.8598979, 1.0744426, 0.7083932, 0.077061996]
[1.916794, 0.94506276, 0.9005519, 0.07117927]
[2.0477524, 0.9210273, 1.0533717, 0.07335334]
[1.9632138, 0.94903624, 0.94164836, 0.07252917]
[1.9184734, 0.92413956, 0.91406846, 0.08026542]
[1.9052533, 0.8507821, 0.9854083, 0.06906283]
[1.8826157, 0.8633555, 0.9430047, 0.07625549]
[1.9217339, 0.9536921, 0.89283127, 0.07521053]
[1.9054519, 0.9802226, 0.8500712, 0.075158134]
[1.7625158, 0.8480109, 0.8439565, 0.07054841]
[1.8587592, 0.7892474, 0.98856115, 0.08095062]
[1.8928895, 1.0001972, 0.8153039, 0.077388465]
[1.7119389, 0.7479597, 0.88357717, 0.080401964]
[1.8753117, 0.9083699, 0.87977093, 0.087171]
[1.5910213, 0.65417653, 0.846719, 0.09012577]
[1.8654249, 0.91888845, 0.8490122, 0.097524166]
[1.9249114, 0.9205166, 0.8994324, 0.10496238]
[1.905666, 0.7143462, 1.1001415, 0.09117825]
[2.0051892, 1.0169022, 0.8959838, 0.09230309]
[1.8258804, 0.86733675, 0.8714216, 0.087122135]
[1.9245442, 1.0443563, 0.78765666, 0.09253125]
[1.936203, 0.9239893, 0.9240738, 0.0881399]
[1.9638243, 1.1069572, 0.77490485, 0.08196221]
[1.8431534, 0.8702643, 0.8886263, 0.08426271]
[1.883166, 1.0292332, 0.7741328, 0.079799995]
[1.6260109, 0.92914915, 0.60520375, 0.09165794]
[1.7857456, 0.8872275, 0.80626273, 0.092255406]
[1.8526834, 0.92237395, 0.8288836, 0.10142585]
[2.045687, 1.0049517, 0.94691694, 0.09381841]
[1.9110359, 0.8599529, 0.9665116, 0.08457134]
[1.9677277, 1.055069, 0.8218119, 0.0908468]
[1.9535741, 0.9676203, 0.9067033, 0.07925047]
[1.8346703, 0.88050264, 0.8718463, 0.08232142]
[1.977074, 0.9834344, 0.9023601, 0.09127958]
[1.6711258, 0.6720304, 0.9072028, 0.091892555]
[1.8586383, 1.0311995, 0.74480534, 0.082633466]
[1.8399364, 0.8784722, 0.8631705, 0.09829371]
[1.7191342, 0.78640723, 0.8394452, 0.09328186]
[2.1595192, 1.0642309, 0.99193156, 0.10335688]
[1.9959412, 0.9294725, 0.9715433, 0.09492535]
[1.9785098, 0.89858294, 0.9894832, 0.090443686]
[1.9018279, 0.87799513, 0.9365245, 0.08730827]
[1.699109, 0.8116018, 0.8030486, 0.084458455]
[1.9051001, 0.7353704, 1.070179, 0.099550664]
[1.8769239, 1.0792356, 0.7048724, 0.09281601]
[1.9138023, 0.8125285, 1.0151396, 0.08613415]
[1.7672684, 0.7106955, 0.9675183, 0.089054525]
[1.7507025, 0.8647095, 0.79976445, 0.08622852]
[1.8374175, 0.8330252, 0.9160288, 0.08836356]
[2.052719, 0.94872546, 1.0110579, 0.09293581]
[1.6692572, 0.5670908, 1.0178269, 0.084339425]
[1.9661793, 1.1323841, 0.72889805, 0.10489711]
[1.8239932, 0.8356451, 0.8970832, 0.09126502]
[1.8171724, 0.72503096, 1.0029542, 0.08918725]
[1.8363783, 0.9227148, 0.8215208, 0.09214269]
[2.0074813, 1.079819, 0.82492507, 0.10273732]
[1.8578658, 1.009141, 0.7501112, 0.09861365]
[1.9681025, 0.9740399, 0.90886474, 0.08519785]
[1.90501, 0.9219075, 0.8924739, 0.09062862]
[1.7311687, 0.6439376, 0.98717743, 0.10005374]
[1.9105932, 0.8447343, 0.96433485, 0.10152404]
[1.7911487, 0.8936347, 0.8151289, 0.08238509]
[1.8020129, 1.0786769, 0.61708677, 0.10624927]
[1.81855, 0.68534803, 1.0357261, 0.09747586]
[1.8017726, 1.0212648, 0.68910384, 0.09140392]
[1.9243898, 0.95228136, 0.8641689, 0.10793957]
[1.828184, 0.824197, 0.9006717, 0.103315264]
[1.7722336, 0.8736066, 0.8012517, 0.097375326]
[2.010963, 0.74815506, 1.1621065, 0.10070122]
[2.012099, 1.0142918, 0.9060955, 0.09171182]
[2.0536132, 0.9360728, 1.0254323, 0.0921079]
[1.8731966, 0.8772063, 0.91330683, 0.08268346]
[1.9347869, 0.9627323, 0.88487816, 0.08717644]
[1.8819604, 0.8386458, 0.95536894, 0.087945685]
[1.8806257, 0.75539607, 1.034135, 0.09109476]
[1.9794517, 1.0471873, 0.8476033, 0.08466099]
[1.8513844, 0.9752903, 0.79069066, 0.08540342]
[1.7782199, 0.8595322, 0.8357369, 0.08295087]
[1.8277023, 0.86587954, 0.87115943, 0.090663366]
[2.0324006, 0.8776318, 1.0650623, 0.089706555]
[1.9785917, 1.0276493, 0.86349624, 0.08744623]
[1.7737093, 0.72658384, 0.9600576, 0.08706783]
[1.8827597, 0.9793371, 0.8181173, 0.08530529]
[1.8542418, 0.91533923, 0.85932183, 0.079580784]
[1.8904876, 0.8792007, 0.91692245, 0.094364405]
[2.0260553, 1.0924172, 0.84377474, 0.0898632]
[1.7693051, 0.82491064, 0.8595806, 0.08481391]
[1.8440701, 0.7757963, 0.98032475, 0.08794907]
[1.7510554, 0.991595, 0.6818587, 0.07760165]
[1.8970422, 0.85435605, 0.9455871, 0.097099]
[1.8314077, 0.8675908, 0.87473744, 0.08907952]
[1.8896861, 0.8119395, 0.98027605, 0.09747049]
[2.0834422, 0.9945101, 0.99657595, 0.09235631]
[2.0266683, 1.0586865, 0.8752328, 0.09274899]
[1.8454978, 0.86885434, 0.88454425, 0.09209916]
[1.8708454, 1.0352993, 0.7500187, 0.085527405]
[1.9437433, 0.8621702, 0.995821, 0.08575218]
[1.8981225, 0.90854454, 0.9083906, 0.08118743]
[1.8533123, 0.8945375, 0.8804139, 0.07836077]
[1.791621, 0.8069196, 0.889813, 0.094888404]
[1.76297, 0.7525003, 0.92674196, 0.08372775]
[2.0396178, 0.9830013, 0.96896595, 0.0876506]
[1.8701774, 0.9612234, 0.82676405, 0.08218994]
[1.8963137, 0.8428479, 0.97342896, 0.08003688]
[1.7957032, 0.8613409, 0.8462385, 0.08812378]
[2.1208913, 0.9403982, 1.0975504, 0.08294274]
[1.946634, 0.93015456, 0.94467545, 0.071804]
[1.7766769, 0.91062486, 0.7851758, 0.0808762]
[1.6447616, 0.7273218, 0.8383294, 0.079110354]
[1.8823465, 0.8537886, 0.9451663, 0.083391525]
[1.7157652, 0.74999255, 0.8800495, 0.0857231]
[2.0220659, 0.97345805, 0.96061885, 0.08798899]
[1.8363991, 0.7997191, 0.9550727, 0.08160739]
[2.160715, 1.0701602, 0.99571186, 0.094843246]
[2.0332367, 0.9635056, 0.98448336, 0.08524781]
[1.828774, 0.9357219, 0.80941445, 0.083637685]
[2.0584874, 0.9123487, 1.0760534, 0.07008518]
[1.856089, 1.0272684, 0.750028, 0.07879254]
[1.9483507, 0.76735955, 1.102072, 0.07891913]
[1.9608091, 0.95209223, 0.935558, 0.07315886]
[1.8791834, 0.8895793, 0.9097666, 0.07983743]
[1.8841, 0.9105003, 0.895738, 0.07786171]
[2.059255, 1.1448979, 0.83803165, 0.07632519]
[1.8313344, 0.82698345, 0.92906886, 0.07528209]
[1.8551079, 0.93999493, 0.83546585, 0.0796472]
[1.8270874, 0.9626726, 0.78564894, 0.07876589]
[1.7819619, 0.85594344, 0.8436041, 0.082414374]
[1.8257598, 0.7659933, 0.97718483, 0.08258166]
[1.8563828, 0.94881153, 0.82635796, 0.081213385]
[2.019184, 0.85133857, 1.0794666, 0.08837879]
[1.8539146, 0.91708714, 0.8549144, 0.0819131]
[1.8945897, 0.81646895, 0.9980888, 0.08003191]
[1.9156353, 0.7714907, 1.0604486, 0.08369601]
[1.9811175, 1.0102339, 0.88692135, 0.08396225]
[1.7961441, 0.97928715, 0.74539065, 0.07146634]
[1.9615531, 0.86689043, 1.0140771, 0.08058566]
[1.9779724, 0.95902145, 0.930611, 0.08833992]
[1.993583, 1.027833, 0.8859607, 0.07978929]
[2.000623, 0.89259696, 1.0310912, 0.076934904]
[1.8614019, 0.7791611, 1.0070275, 0.075213276]
[2.0263069, 0.9650849, 0.99034196, 0.070879936]
[1.9787323, 0.8947759, 1.0090668, 0.07488962]
[1.9309914, 0.9571023, 0.9071507, 0.06673837]
[1.9261335, 0.98461896, 0.8664911, 0.07502349]
[1.8802161, 0.9415683, 0.86614794, 0.07249989]
[1.8288252, 0.9018499, 0.85804677, 0.06892845]
[2.0742433, 1.016139, 0.98901135, 0.06909296]
[1.9998899, 0.7968142, 1.1377006, 0.06537512]
[1.8030984, 0.89521265, 0.8414258, 0.06645996]
[1.9580069, 0.8104249, 1.077054, 0.07052788]
[1.8398019, 0.87382853, 0.8966676, 0.06930578]
[1.8700522, 0.94019413, 0.85304767, 0.076810494]
[1.9438441, 0.8802097, 0.9980691, 0.06556539]
[2.0547628, 0.9872762, 0.99874735, 0.068739176]
[1.9377317, 1.0547212, 0.81839836, 0.064612105]
[1.9344683, 0.8708266, 1.0013963, 0.06224534]
[2.0310383, 1.0317125, 0.94132495, 0.05800087]
[1.8769636, 0.9245409, 0.8971224, 0.055300392]
[1.9425641, 0.977857, 0.9036, 0.061107144]
[2.0160491, 1.0900939, 0.86012363, 0.06583177]
[1.8378354, 1.0085635, 0.7738426, 0.055429332]
[1.813982, 0.92050695, 0.83218163, 0.061293304]
[1.7956103, 0.8994623, 0.8330147, 0.063133314]
[1.9387591, 0.97494555, 0.88932896, 0.07448453]
[1.7565001, 0.7928059, 0.8985995, 0.0650947]
[1.8285854, 0.9370979, 0.8250806, 0.066406965]
[2.069063, 1.0179964, 0.97923857, 0.07182796]
[1.9008777, 1.0285796, 0.7971002, 0.07519792]
[1.9279633, 1.0205928, 0.8440877, 0.06328279]
[1.7462119, 0.9166485, 0.76534206, 0.06422123]
[2.022441, 1.0244747, 0.92295015, 0.075016074]
[1.8900869, 0.9919908, 0.8179885, 0.080107585]
[1.9394888, 1.1459341, 0.7182404, 0.07531424]
[2.00479, 0.9382217, 1.0034623, 0.06310603]
[1.9015278, 0.91457695, 0.91478145, 0.07216939]
[1.915309, 0.9867895, 0.86165154, 0.06686782]
[1.8568541, 0.9344739, 0.8450022, 0.077378005]
[1.9555627, 0.93714887, 0.9445336, 0.07388034]
[1.9292483, 0.8731899, 0.9900215, 0.06603691]
[1.9887322, 0.96612114, 0.9553642, 0.06724684]
[1.970234, 0.9891045, 0.91303605, 0.06809342]
[1.9699557, 1.0127162, 0.8951942, 0.062045373]
[1.8902817, 0.95920396, 0.86140096, 0.06967682]
[2.0937657, 0.99832535, 1.0344882, 0.06095223]
[1.8619168, 0.82406884, 0.9762376, 0.06161035]
[1.9213475, 0.9275154, 0.93406445, 0.059767656]
[1.8923954, 0.99430716, 0.8371821, 0.060906067]
[1.7674984, 0.72967786, 0.96882176, 0.06899871]
[1.8644725, 1.0203542, 0.77574956, 0.06836878]
[2.008658, 0.8833258, 1.0585881, 0.066744]
[1.9366971, 1.0197687, 0.8472109, 0.069717504]
[1.8528254, 0.8122889, 0.9861502, 0.054386422]
[1.9941815, 1.0383337, 0.8817027, 0.074145235]
[1.9255059, 0.8560598, 1.0033157, 0.06613036]
[1.9027843, 0.86170655, 0.9799595, 0.0611184]
[1.9619286, 0.7903701, 1.0976162, 0.07394232]
[1.8626492, 0.79617, 1.0000964, 0.06638277]
[1.8140626, 1.0647569, 0.6889728, 0.060333025]
[1.7343392, 0.8852394, 0.78650045, 0.06259941]
[1.8985921, 0.70465016, 1.123368, 0.070573896]
[1.8532845, 0.8938826, 0.88407594, 0.07532595]
[1.9561719, 1.1006446, 0.78059244, 0.0749348]
[1.847956, 0.77734977, 0.9983022, 0.072303966]
[1.874037, 0.8584912, 0.9479149, 0.06763096]
[1.9751647, 0.91932476, 0.98172003, 0.074119866]
[1.6259413, 0.6438773, 0.91257036, 0.06949353]
[1.7168019, 0.959975, 0.6805249, 0.07630205]
[1.8218042, 0.7601974, 0.97927177, 0.08233499]
[1.8415096, 0.88134545, 0.8820559, 0.078108355]
[1.9416524, 0.99132997, 0.8656922, 0.08463026]
[1.8218043, 0.89117724, 0.84188557, 0.088741586]
[1.8260272, 0.88363516, 0.8486289, 0.09376308]
[1.8019109, 0.95050305, 0.75854874, 0.09285909]
[1.8537115, 0.8915304, 0.8732772, 0.088903904]
[1.8453455, 0.7182107, 1.039866, 0.08726889]
[1.7849916, 1.0959389, 0.6046381, 0.08441457]
[1.8058376, 0.83809245, 0.87777126, 0.08997388]
[1.9050889, 0.83895934, 0.9664746, 0.09965489]
[1.9274952, 1.0619471, 0.7640965, 0.10145164]
[1.8904407, 0.72963464, 1.0749705, 0.085835606]
[2.0301347, 1.2145085, 0.71911967, 0.096506506]
[1.9949259, 0.7852545, 1.1237105, 0.08596085]
[1.9891291, 0.949809, 0.95341945, 0.08590053]
[1.9038756, 0.95059884, 0.8676207, 0.085656054]
[1.8702, 0.87166226, 0.92174965, 0.07678808]
[1.9693974, 0.94225335, 0.9579749, 0.069169134]
[1.9738852, 0.9483825, 0.94891, 0.07659264]
[1.7918657, 0.84539616, 0.87091184, 0.07555768]
[1.8221096, 0.840729, 0.90733206, 0.074048474]
[1.857802, 0.9921113, 0.78537333, 0.08031737]
[1.9486592, 0.82184505, 1.0385147, 0.0882994]
[1.9942596, 1.0553656, 0.8632916, 0.07560241]
[1.8812371, 0.76346684, 1.0498512, 0.067919105]
[1.8731275, 1.0219293, 0.76795024, 0.08324796]
[2.0169015, 0.9411484, 0.9947421, 0.081010945]
[1.7718233, 0.9979131, 0.690156, 0.08375416]
[1.9979928, 0.92666113, 0.9977379, 0.073593795]
[1.8402525, 0.93859625, 0.8196269, 0.08202934]
[1.8596163, 0.8099747, 0.98000276, 0.0696389]
[1.8754355, 1.0596343, 0.73101294, 0.08478817]
[1.8213844, 0.75188434, 0.98204476, 0.08745533]
[1.9854355, 0.8533, 1.0556417, 0.07649392]
[1.9334311, 0.9048882, 0.9459009, 0.082642056]
[2.0399237, 1.2161067, 0.7465787, 0.07723835]
[1.7648897, 0.6760208, 1.0175083, 0.07136061]
[1.8830515, 0.8872801, 0.9221201, 0.07365136]
[1.7967346, 0.8913441, 0.8314563, 0.07393424]
[1.8299727, 0.7918935, 0.9517716, 0.086307615]
[1.9368258, 1.0172722, 0.84891343, 0.07064006]
[1.9896448, 1.0583878, 0.8487328, 0.08252421]
[1.8370849, 0.9654745, 0.7933934, 0.078217015]
[1.8653696, 0.954916, 0.82595557, 0.084497884]
[1.811513, 0.9348533, 0.7990287, 0.07763098]
[1.9748665, 0.8989048, 0.98745334, 0.08850838]
[1.8532276, 0.8225777, 0.94968987, 0.080960035]
[1.9389937, 1.0686218, 0.780466, 0.089906]
[1.9395723, 0.82695246, 1.0283849, 0.084234975]
[1.9244486, 0.8289443, 1.007695, 0.08780929]
[1.6687272, 0.87785435, 0.7049554, 0.085917436]
[1.7617956, 0.8492234, 0.81996757, 0.09260476]
[1.8316344, 0.77618355, 0.9487256, 0.10672532]
[1.927762, 0.8876101, 0.9409704, 0.099181555]
[1.695888, 0.8422773, 0.7590178, 0.09459299]
[1.8226101, 0.850308, 0.8675549, 0.10474724]
[1.7691892, 0.85192466, 0.8138805, 0.10338411]
[1.694563, 1.0035313, 0.5941336, 0.096898094]
[2.0553777, 0.8099804, 1.128925, 0.11647234]
[1.9529979, 1.2184012, 0.6266568, 0.10793994]
[2.0520182, 1.0290917, 0.9337728, 0.08915356]
[1.9739143, 0.8678256, 1.0126218, 0.09346686]
[2.0904331, 1.1967281, 0.7955557, 0.09814928]
[1.7625904, 0.7093633, 0.9707402, 0.082486875]
[1.8797508, 0.76782477, 1.0204408, 0.09148525]
[1.7704633, 0.92745674, 0.75935435, 0.08365229]
[1.9201889, 1.0138204, 0.82416785, 0.08220059]
[2.1942143, 0.77234095, 1.3402138, 0.08165956]
[1.8344486, 0.8738968, 0.8857511, 0.07480067]
[1.965104, 0.84521186, 1.0423343, 0.07755783]
[1.8311183, 0.8187609, 0.940889, 0.07146841]
[1.9188148, 0.8065374, 1.033847, 0.078430414]
[1.8383405, 1.0218171, 0.741564, 0.074959576]
[1.9235406, 0.7954961, 1.0485386, 0.07950593]
[1.9590449, 0.97881466, 0.89488673, 0.08534354]
[1.8598245, 0.99167585, 0.79446197, 0.07368674]
[1.8973237, 1.0137337, 0.80301094, 0.080579065]
[1.9335973, 0.84896946, 1.0017943, 0.08283353]
[2.0038009, 0.93847585, 0.99567884, 0.0696461]
[1.8376118, 0.91756177, 0.85238624, 0.06766382]
[1.8612188, 0.90079606, 0.87829036, 0.08213246]
[2.0307167, 0.9345777, 1.0217755, 0.074363545]
[1.9036915, 0.8248259, 1.012666, 0.066199645]
[1.8084692, 0.88519734, 0.84574366, 0.07752807]
[1.956471, 1.0971279, 0.7853472, 0.07399583]
[1.8576522, 0.75774235, 1.0219716, 0.07793827]
[1.8145068, 0.81179446, 0.92719156, 0.07552078]
[1.8738195, 0.9182979, 0.8788033, 0.076718226]
[1.7244684, 0.79106414, 0.8597539, 0.073650286]
[1.8804797, 0.9329617, 0.86011946, 0.08739851]
[1.8781865, 0.9423733, 0.85319257, 0.08262064]
[2.0690286, 0.94257545, 1.0426311, 0.08382198]
[1.9218982, 0.8517965, 0.9928332, 0.07726844]
[1.8334031, 0.90902483, 0.84727967, 0.07709856]
[1.8641471, 0.8647511, 0.9226379, 0.07675804]
[1.9123052, 1.0005931, 0.82254314, 0.089169025]
[1.9804492, 0.75478184, 1.1397045, 0.08596283]
[1.8358078, 0.95374906, 0.79536337, 0.0866954]
[1.8724241, 0.90089595, 0.88526464, 0.08626358]
[1.8273724, 0.97307426, 0.7729342, 0.08136404]
[1.8658656, 0.8346571, 0.95433605, 0.07687242]
[1.8540263, 0.77037644, 0.9997832, 0.08386664]
[1.8072023, 0.8587463, 0.8594254, 0.089030646]
[1.8099582, 0.7765363, 0.9444941, 0.08892774]
[1.7878158, 0.93498075, 0.76934916, 0.08348579]
[2.02374, 0.9925427, 0.94530743, 0.08588992]
[1.9752035, 0.8424214, 1.0498699, 0.082912214]
[1.7608972, 0.8150509, 0.8563143, 0.08953191]
[1.7103243, 0.75062597, 0.87129533, 0.08840304]
[1.7651916, 0.8668176, 0.80917597, 0.08919795]
[1.846107, 0.81427205, 0.9325272, 0.099307716]
[1.8736955, 0.85959315, 0.9069295, 0.10717282]
[1.8222305, 0.88905203, 0.83540046, 0.09777792]
[2.1368115, 1.0400536, 0.99487793, 0.101879805]
[1.898898, 1.1129811, 0.6936544, 0.09226246]
[1.6911181, 0.6674175, 0.94270027, 0.08100031]
[1.8585659, 1.0373578, 0.73629457, 0.08491361]
[2.0640984, 0.7485498, 1.2272513, 0.08829734]
[1.874363, 0.9792145, 0.8038651, 0.09128332]
[1.8191959, 0.9262135, 0.80219364, 0.09078877]
[1.7458339, 0.7725574, 0.8804643, 0.09281212]
[2.2170286, 1.0865165, 1.0436057, 0.08690645]
[1.8530736, 0.8745514, 0.89360857, 0.0849136]
[1.8043046, 1.013377, 0.71054196, 0.0803857]
[1.9535855, 1.025961, 0.8425346, 0.08508982]
[2.133825, 0.87524563, 1.1679659, 0.090613574]
[1.8581468, 0.9762255, 0.80477285, 0.07714844]
[1.7030395, 0.6987177, 0.9184655, 0.085856274]
[1.826053, 0.87557673, 0.8640089, 0.086467355]
[1.8645176, 0.794888, 0.9829349, 0.08669455]
[1.9651868, 0.9882719, 0.886317, 0.09059781]
[1.8322616, 0.71746504, 1.0341554, 0.080641106]
[2.0245383, 0.9844805, 0.9564129, 0.08364494]
[1.9287168, 0.95598805, 0.9033165, 0.06941219]
[1.9565197, 0.8789666, 0.99929327, 0.078259826]
[1.8178794, 0.7823036, 0.9604453, 0.07513064]
[1.8807169, 0.97496676, 0.82497716, 0.08077301]
[1.8544815, 0.7734102, 1.0069194, 0.07415182]
[1.9088275, 0.75822306, 1.0703516, 0.080252945]
[1.8397466, 0.89402306, 0.86482155, 0.08090199]
[1.8960288, 0.8391696, 0.98021245, 0.076646656]
[1.9202546, 0.94105077, 0.9044039, 0.07479987]
[2.0167053, 1.1224647, 0.8120622, 0.082178324]
[1.844635, 0.92396903, 0.8485927, 0.072073236]
[1.8984879, 0.83495677, 0.98349977, 0.080031425]
[2.0466907, 1.0172578, 0.95086694, 0.078565985]
[2.0945644, 1.1866713, 0.833575, 0.074318156]
[1.7333747, 0.7679843, 0.89578414, 0.06960628]
[1.8990939, 0.9920808, 0.84396344, 0.06304951]
[1.8547657, 0.94300914, 0.84423494, 0.06752154]
[1.8566582, 0.91036725, 0.8757961, 0.07049486]
[1.988685, 0.94926405, 0.9695341, 0.0698868]
[1.90576, 0.9430621, 0.8848866, 0.07781118]
[1.9203007, 0.8891747, 0.95838225, 0.072743714]
[1.9915001, 1.0525633, 0.86782765, 0.071109116]
[1.8373178, 0.97165406, 0.795912, 0.06975177]
[1.7607722, 0.908414, 0.7736553, 0.07870287]
[1.7183077, 0.96147907, 0.6895907, 0.06723798]
[1.9492521, 0.8245898, 1.0404984, 0.08416396]
[1.7573055, 0.95420855, 0.7290468, 0.07405003]
[1.9204803, 1.0659952, 0.7808254, 0.07365964]
[1.8472441, 0.68340135, 1.0808172, 0.083025604]
[1.8468037, 0.90266126, 0.8664676, 0.077674866]
[2.0235984, 1.1000183, 0.842731, 0.08084926]
[1.9021649, 0.85077435, 0.9652736, 0.086117]
[1.7860527, 1.0174671, 0.6898062, 0.07877932]
[1.8153665, 0.9337951, 0.7958164, 0.08575504]
[1.8081524, 0.9346863, 0.78893375, 0.0845324]
[1.9500072, 0.90695155, 0.95997053, 0.08308503]
[1.8005517, 0.9017303, 0.81430036, 0.084521085]
[1.7130101, 0.89750206, 0.7346003, 0.08090775]
[1.8568592, 0.81633514, 0.95429, 0.08623406]
[2.1137273, 1.1217885, 0.9136848, 0.07825394]
[1.9013778, 0.88945407, 0.929083, 0.08284079]
[1.8664721, 0.8304745, 0.96058095, 0.07541672]
[1.8885607, 0.940063, 0.86568844, 0.08280922]
[1.7553065, 0.9028684, 0.7710811, 0.081357025]
[1.8450586, 0.80056953, 0.9525454, 0.09194362]
[1.7907146, 0.7209922, 0.9882322, 0.08149018]
[1.9336878, 1.0823579, 0.76688385, 0.08444604]
[1.938859, 0.8696466, 0.9873035, 0.08190892]
[1.9136031, 0.7486098, 1.0768893, 0.088104054]
[2.0392222, 0.84595144, 1.1096817, 0.08358917]
[1.8241315, 0.82025695, 0.9256813, 0.07819323]
[2.0119746, 0.84133816, 1.0861363, 0.08450015]
[1.8885379, 0.9315535, 0.8851393, 0.07184507]
[1.8785605, 0.9178041, 0.8846849, 0.076071486]
[1.8113323, 0.7741095, 0.9561279, 0.08109493]
[2.1244566, 1.2672789, 0.77596235, 0.08121529]
[1.7268815, 0.75538015, 0.9066889, 0.06481239]
[2.0011847, 0.7773485, 1.1534922, 0.070343934]
[1.9204117, 1.0028803, 0.8413893, 0.07614206]
[1.8647531, 0.9161007, 0.87522733, 0.07342515]
[1.9462136, 0.954316, 0.9128575, 0.07904017]
[1.9642744, 1.0408633, 0.8461791, 0.07723199]
[1.897338, 0.8753299, 0.9510539, 0.07095416]
[1.9087296, 0.86951154, 0.9623699, 0.076848015]
[1.7833505, 0.76901907, 0.93978107, 0.07455036]
[1.9728999, 0.93281543, 0.95830905, 0.08177541]
[1.813233, 0.80712193, 0.9316441, 0.07446705]
[1.8748754, 0.9812612, 0.81468785, 0.078926474]
[1.972997, 0.89258575, 0.9997376, 0.08067362]
[1.7555583, 0.7709482, 0.9067593, 0.077850804]
[2.0664854, 1.2215624, 0.7651361, 0.07978697]
[2.0243847, 0.85607696, 1.0988841, 0.06942358]
[2.036029, 1.0654132, 0.8944332, 0.07618263]
[1.9148104, 0.9832488, 0.8563622, 0.07519931]
[1.8805739, 0.9648073, 0.8415427, 0.074223906]
[1.983555, 0.8799052, 1.0348427, 0.06880704]
[1.8050482, 0.707229, 1.0296249, 0.06819425]
[1.8877561, 0.9463875, 0.8671515, 0.07421712]
[1.9205725, 0.9839955, 0.86440635, 0.07217078]
[1.8124138, 0.91290706, 0.82684565, 0.07266109]
[1.8670382, 0.89709187, 0.88745666, 0.08248972]
[1.7023565, 0.7762325, 0.84610146, 0.08002245]
[1.8818176, 0.93226147, 0.8639996, 0.08555647]
[1.9396926, 0.97183734, 0.8858276, 0.08202772]
[1.908433, 1.0427132, 0.7823766, 0.08334329]
[1.6981043, 0.6901436, 0.9354743, 0.072486416]
[1.9548814, 0.8695723, 1.0034429, 0.08186631]
[1.6455536, 0.910478, 0.63985395, 0.095221594]
[1.6698017, 0.73588324, 0.84030175, 0.09361673]
[1.8958832, 0.752293, 1.0411735, 0.10241677]
[1.8449324, 0.8093586, 0.94114435, 0.09442946]
[1.9163244, 0.9549217, 0.86384547, 0.09755714]
[1.8289971, 0.96469194, 0.75954944, 0.10475579]
[1.8625262, 0.8864987, 0.87746346, 0.098564066]
[1.8525296, 0.7862065, 0.9731458, 0.09317745]
[1.7587727, 0.9058897, 0.7490231, 0.103860036]
[1.8299226, 0.85234827, 0.8669036, 0.11067072]
[1.9861465, 0.7082119, 1.1728246, 0.10510999]
[2.1367173, 1.3327816, 0.7038296, 0.100106224]
[1.8463892, 0.81750035, 0.9411825, 0.087706365]
[2.0124762, 0.97531825, 0.9436158, 0.093542024]
[1.8635225, 0.873937, 0.9058496, 0.08373599]
[1.7771661, 0.8541348, 0.8373325, 0.08569881]
[1.9464147, 0.93290687, 0.92009425, 0.09341353]
[1.9010516, 0.89304525, 0.9212544, 0.08675204]
[2.045366, 1.0937107, 0.85790443, 0.093750894]
[1.7887347, 0.7883489, 0.9300761, 0.0703097]
[1.8737996, 0.96612424, 0.8300215, 0.077653885]
[1.8720671, 0.8142873, 0.96880925, 0.08897057]
[2.145398, 1.0192068, 1.0471991, 0.07899208]
[1.9557751, 1.0228885, 0.857183, 0.07570364]
[1.853237, 0.9229601, 0.8489528, 0.081324264]
[1.8270165, 0.97157025, 0.78278065, 0.07266554]
[2.0237265, 0.9969888, 0.95166034, 0.07507727]
[1.9673203, 1.0737201, 0.82095647, 0.07264379]
[1.9319183, 0.8728995, 0.98506236, 0.07395635]
[1.8089199, 0.84981203, 0.8827945, 0.07631342]
[2.0996294, 0.9983721, 1.032119, 0.06913824]
[1.7943326, 0.8327861, 0.89009726, 0.07144928]
[1.9697201, 1.1404531, 0.7518779, 0.07738914]
[1.9067383, 1.0035307, 0.8239744, 0.079233155]
[1.8371131, 0.9649654, 0.80674505, 0.0654028]
[1.8702686, 0.76926184, 1.0203853, 0.08062144]
[1.8703744, 0.83238846, 0.9639137, 0.07407236]
[1.8711547, 0.7915653, 1.0002666, 0.07932283]
[1.9722197, 0.90636474, 0.98762625, 0.07822873]
[2.1053278, 0.86897814, 1.159362, 0.07698772]
[1.9205834, 1.0418202, 0.80981654, 0.068946704]
[1.9036534, 0.87835467, 0.95825464, 0.06704405]
[1.9141732, 1.0560598, 0.7892387, 0.06887475]
[1.9390655, 0.78882825, 1.0734371, 0.07680008]
[1.7402792, 0.8654663, 0.7966541, 0.078158855]
[1.7182114, 0.78928345, 0.8592473, 0.06968071]
[1.6706619, 0.73291636, 0.86682427, 0.07092133]
[1.8863764, 1.0643747, 0.7421008, 0.07990104]
[1.9877068, 0.87735724, 1.0265732, 0.0837764]
[1.7339281, 1.0465242, 0.6075953, 0.07980856]
[1.6773266, 0.73556393, 0.8580064, 0.08375618]
[1.8414085, 0.89241123, 0.85864216, 0.0903551]
[1.9512058, 0.82676315, 1.0278658, 0.09657694]
[1.7104956, 0.93377465, 0.6869053, 0.08981558]
[1.8057506, 0.8964304, 0.8193793, 0.089940876]
[1.9902987, 0.8967317, 0.99144447, 0.102122486]
[1.9906077, 0.9740026, 0.922038, 0.09456709]
[1.7756294, 0.7816397, 0.88612634, 0.10786328]
[1.7879196, 0.9698334, 0.7229214, 0.09516494]
[1.9101627, 1.0406392, 0.7695572, 0.099966235]
[1.7876513, 0.84208155, 0.8566078, 0.08896202]
[1.7563038, 0.9054919, 0.74717885, 0.10363303]
[2.0222175, 0.8324746, 1.0905464, 0.09919649]
[1.9722955, 1.1569328, 0.72540605, 0.08995663]
[1.9568943, 0.89084315, 0.964908, 0.10114312]
[2.0640392, 0.94135255, 1.0398599, 0.08282676]
[1.9022135, 0.9476483, 0.8730563, 0.08150892]
[1.8218877, 0.8510162, 0.8855815, 0.08528993]
[1.8201374, 0.84641623, 0.8889371, 0.08478403]
[1.9393195, 0.90536666, 0.9372702, 0.09668267]
[1.8055835, 0.84832996, 0.85693693, 0.10031656]
[1.8511645, 0.80112046, 0.96116143, 0.08888255]
[1.8160422, 1.033813, 0.693317, 0.08891222]
[1.8673544, 0.7833609, 0.99698997, 0.08700346]
[1.8703959, 0.8352884, 0.93208593, 0.103021584]
[2.002111, 0.8110611, 1.0913541, 0.0996957]
[1.8411536, 0.9236044, 0.82181907, 0.09573007]
[1.8013783, 0.8280809, 0.8931538, 0.08014363]
[1.8184981, 0.926174, 0.7864907, 0.10583348]
[1.8379544, 0.8485669, 0.8865042, 0.10288332]
[1.8559088, 0.86569405, 0.88676447, 0.10345022]
[1.7144723, 0.6625892, 0.9609236, 0.09095952]
[1.8122288, 0.8060771, 0.9042791, 0.10187252]
[1.9135885, 0.82897633, 0.9825366, 0.10207552]
[1.939565, 1.031162, 0.8023314, 0.10607153]
[1.8104376, 0.71456254, 0.9942261, 0.10164896]
[1.8657314, 1.0085666, 0.7612791, 0.09588565]
[1.9172696, 0.9857351, 0.8354527, 0.096081875]
[1.8620958, 0.90970963, 0.8617574, 0.09062888]
[1.893716, 0.9717593, 0.8164438, 0.10551283]
[1.9757025, 1.0580813, 0.8176621, 0.09995912]
[1.9691198, 1.019739, 0.85358477, 0.095795974]
[1.8116615, 0.96868545, 0.75180286, 0.09117319]
[2.1324775, 1.1885121, 0.84777963, 0.09618586]
[1.6846154, 0.8835423, 0.71357554, 0.08749749]
[1.9147255, 0.9430655, 0.8802769, 0.0913831]
[1.8424705, 0.8867135, 0.86273783, 0.0930191]
[1.9306703, 1.0046772, 0.8223019, 0.10369107]
[2.0805314, 1.0893, 0.9015565, 0.08967485]
[1.9862981, 1.1429219, 0.7617146, 0.08166157]
[1.8760738, 0.75846577, 1.0383863, 0.07922174]
[1.9057109, 0.90771747, 0.92191386, 0.07607961]
[1.9106505, 0.91624683, 0.9061873, 0.08821625]
[1.8557619, 0.8727958, 0.90077424, 0.08219181]
[1.9780172, 1.0537518, 0.8454441, 0.07882135]
[2.018802, 0.8222318, 1.1145294, 0.08204082]
[1.9958708, 1.0091892, 0.911103, 0.0755786]
[1.8909696, 0.8551898, 0.9624771, 0.073302716]
[1.9521708, 0.9644149, 0.91646314, 0.07129283]
[1.9342328, 0.8403732, 1.0235063, 0.07035342]
[2.025293, 1.0343955, 0.9182235, 0.072674215]
[2.0816655, 1.1125474, 0.9088844, 0.0602337]
[1.8777077, 0.75339925, 1.0692575, 0.05505099]
[1.8103089, 0.6675537, 1.0874796, 0.055275664]
[2.0691514, 1.1261445, 0.88195956, 0.061047282]
[1.8369359, 0.80325854, 0.9765958, 0.057081632]
[1.9503504, 0.89968944, 0.99234694, 0.058314014]
[1.8603703, 0.84362113, 0.95784616, 0.058902923]
[1.8368886, 0.84020245, 0.93670046, 0.059985675]
[1.7564639, 0.8331399, 0.8534187, 0.06990528]
[1.932254, 0.87831986, 0.98164153, 0.07229257]
[1.7551469, 0.8557019, 0.8214021, 0.07804288]
[1.7665237, 0.81264794, 0.88147223, 0.07240356]
[1.9173383, 0.81583345, 1.0250976, 0.07640722]
[2.0260904, 0.9577573, 0.99418104, 0.07415198]
[1.9427873, 0.91587615, 0.9477652, 0.07914606]
[1.8916142, 0.94477296, 0.86569077, 0.08115052]
[1.8489428, 0.8205669, 0.9539622, 0.074413694]
[1.8671099, 0.9254486, 0.86742556, 0.07423575]
[1.7563605, 0.73585844, 0.94017625, 0.0803258]
[1.7052379, 0.8397597, 0.7840661, 0.08141202]
[1.8089354, 0.71489626, 1.0036709, 0.09036833]
[1.8457564, 0.76785153, 0.99415267, 0.08375222]
[1.9349544, 0.998364, 0.8493243, 0.08726619]
[1.8761553, 0.8594241, 0.9272214, 0.089509726]
[1.7371095, 0.83048797, 0.8233588, 0.083262846]
[1.8796744, 0.77816844, 0.99875414, 0.1027519]
[1.9641525, 0.82031834, 1.0494645, 0.09436968]
[1.8851441, 1.0127263, 0.7882729, 0.08414491]
[1.7776034, 0.88624334, 0.8062959, 0.08506416]
[2.0004792, 0.8573438, 1.0629175, 0.08021789]
[1.9259931, 1.0264632, 0.8043655, 0.0951644]
[2.0144756, 0.9061916, 1.0125077, 0.09577632]
[1.7754098, 0.9494852, 0.73677826, 0.08914633]
[1.896427, 0.8496815, 0.94944847, 0.09729708]
[1.8875446, 0.7952423, 0.9992824, 0.09301996]
[1.8553826, 0.99889785, 0.77061486, 0.08586986]
[1.9300072, 0.8982401, 0.94037133, 0.09139581]
[1.9205076, 0.84790254, 0.98939145, 0.08321352]
[1.9616041, 0.95690274, 0.91911715, 0.08558412]
[1.8836578, 0.79105955, 1.0140021, 0.07859618]
[2.2437665, 1.0425446, 1.1178524, 0.08336959]
[1.8521262, 0.98133767, 0.7952533, 0.07553525]
[1.668409, 0.7515224, 0.84207696, 0.07480968]
[1.9512372, 1.0891355, 0.7823149, 0.07978672]
[1.9614345, 0.8537588, 1.0239936, 0.08368211]
[2.000793, 0.9863264, 0.92769814, 0.08676847]
[1.6352265, 0.695775, 0.86673653, 0.072715074]
[1.8208318, 0.88086927, 0.8523724, 0.08759008]
[1.7965512, 0.85439897, 0.85575294, 0.08639932]
[2.1390307, 1.0652364, 0.984758, 0.08903618]
[1.9594594, 0.823966, 1.0505419, 0.08495151]
[1.9859267, 1.0113423, 0.89047074, 0.08411373]
[1.9462972, 0.86036897, 1.0095173, 0.076410905]
[1.9651288, 0.9674091, 0.928887, 0.068832755]
[1.8268585, 0.8889171, 0.85942715, 0.078514315]
[1.9273269, 0.88703936, 0.9701593, 0.070128225]
[1.9357395, 1.0426058, 0.8157529, 0.07738088]
[1.8701973, 0.88692504, 0.90881246, 0.074459836]
[1.8452101, 0.95968705, 0.8109312, 0.074591815]
[1.8765699, 0.8997532, 0.90328664, 0.0735301]
[2.0136056, 1.119272, 0.81685174, 0.077481955]
[1.821682, 0.9073777, 0.8395908, 0.07471348]
[2.0050917, 0.9869244, 0.94029623, 0.077871054]
[1.9758986, 0.98731077, 0.9074663, 0.081121616]
[1.8026093, 0.91818225, 0.8176327, 0.0667944]
[1.9055779, 0.8770528, 0.95083594, 0.07768915]
[1.7830355, 0.8985651, 0.80359626, 0.08087422]
[1.8685776, 0.958143, 0.82794744, 0.08248717]
[1.7350283, 0.8905208, 0.77101094, 0.07349653]
[1.7912064, 0.9062052, 0.79477566, 0.09022543]
[1.8799416, 0.7816755, 1.0168779, 0.08138813]
[1.8702962, 0.86039186, 0.9277048, 0.08219953]
[1.7844876, 0.9569281, 0.7411061, 0.08645339]
[2.0447793, 1.0680997, 0.89303297, 0.083646566]
[1.9285939, 0.96742386, 0.87682307, 0.08434696]
[1.8852232, 0.92335147, 0.87982345, 0.08204816]
[2.0771856, 1.1229237, 0.87699544, 0.07726639]
[1.8055506, 0.7969923, 0.92781794, 0.08074036]
[1.8738692, 0.9509395, 0.85588026, 0.06704949]
[1.6775047, 0.97471315, 0.6277197, 0.07507183]
[1.8074752, 0.97082555, 0.75731903, 0.07933054]
[2.050549, 0.9671664, 0.9952381, 0.08814442]
[1.8784057, 0.9948166, 0.7977338, 0.085855395]
[2.025416, 0.9388805, 1.008976, 0.077559516]
[2.0692556, 1.0214343, 0.9709426, 0.07687876]
[1.8733264, 0.83770525, 0.9600042, 0.0756169]
[1.722999, 0.8094881, 0.83124614, 0.082264826]
[2.0098534, 0.99238217, 0.9397156, 0.077755466]
[1.9963894, 0.9341866, 0.9878689, 0.074333906]
[1.9623969, 0.9427376, 0.9469714, 0.072687894]
[1.931266, 0.9671141, 0.8899517, 0.07420019]
[1.9085083, 0.8066206, 1.0295179, 0.072369754]
[1.9705144, 0.9834039, 0.9169853, 0.07012524]
[1.9234554, 0.745124, 1.1066718, 0.07165955]
[1.8605375, 0.91490513, 0.8788066, 0.06682593]
[1.9541645, 0.9248361, 0.94999874, 0.07932968]
[1.7658623, 0.8749589, 0.82081366, 0.07008977]
[1.7510393, 0.7284167, 0.951315, 0.07130763]
[1.7696905, 0.824324, 0.87104154, 0.07432492]
[1.8056778, 0.63176113, 1.0923886, 0.08152808]
[1.7637398, 0.84680676, 0.82841676, 0.08851625]
[2.014902, 1.0656753, 0.8636035, 0.08562335]
[1.7948623, 0.69815487, 1.0144973, 0.082210064]
[1.8897707, 0.7724806, 1.0320911, 0.08519906]
[2.0532165, 1.1361635, 0.8347388, 0.08231422]
[1.8322014, 0.74707586, 1.000383, 0.08474241]
[1.875078, 0.95591444, 0.8305994, 0.08856422]
[1.8532804, 0.92888623, 0.8404887, 0.08390559]
[2.0900707, 0.79476464, 1.2174968, 0.077809386]
[1.8243144, 0.92954004, 0.8109973, 0.083776936]
[2.122793, 1.0611639, 0.97260994, 0.08901896]
[1.7836081, 0.8522848, 0.8554707, 0.07585253]
[2.0196788, 1.1140447, 0.8225559, 0.08307838]
[1.8536226, 0.8337269, 0.94363916, 0.07625655]
[1.7458967, 0.89016986, 0.7767494, 0.07897746]
[1.704252, 0.9265518, 0.6987879, 0.078912206]
[1.8013928, 0.7761959, 0.9367007, 0.08849623]
[1.9409795, 0.8473441, 1.0048637, 0.08877162]
[1.9744147, 0.9649008, 0.93131495, 0.07819908]
[1.6158049, 0.69164526, 0.8392184, 0.08494121]
[1.8105481, 0.915017, 0.8094414, 0.08608961]
[1.917242, 0.90039563, 0.9274368, 0.08940956]
[2.0837245, 0.9263455, 1.0607932, 0.09658569]
[1.8899344, 0.879441, 0.91437006, 0.09612331]
[1.8362452, 0.7429915, 1.0099725, 0.083281115]
[1.7816845, 0.8852973, 0.80844784, 0.08793934]
[2.0591252, 0.8432199, 1.1262136, 0.08969179]
[1.8196241, 0.9025383, 0.8327942, 0.08429158]
[1.8557438, 0.84231365, 0.92973804, 0.083692044]
[1.8396306, 0.9413507, 0.81182146, 0.086458415]
[1.8092328, 0.90436465, 0.8130127, 0.091855414]
[1.8419387, 0.7541229, 1.0004177, 0.08739807]
[1.877913, 0.9177484, 0.86730886, 0.09285565]
[2.0609713, 0.8510324, 1.1184592, 0.09147976]
[1.8898557, 0.8770863, 0.92896676, 0.083802745]
[1.9557823, 0.92835355, 0.9465635, 0.080865264]
[1.8303025, 0.9284185, 0.81981075, 0.08207323]
[1.8660796, 0.959812, 0.8199387, 0.08632882]
[1.7648604, 0.81226385, 0.8684281, 0.08416841]
[1.8213538, 0.84867346, 0.87901926, 0.093661055]
[2.068312, 0.9043777, 1.0768766, 0.08705758]
[1.9183124, 1.0789707, 0.75479305, 0.08454868]
[1.841337, 1.0093728, 0.7528029, 0.07916117]
[2.105416, 1.070876, 0.94285536, 0.09168456]
[1.9446299, 0.8669721, 0.9993045, 0.07835345]
[1.8240974, 0.8432006, 0.90086025, 0.080036536]
[1.859937, 0.83899677, 0.9351113, 0.085828945]
[1.8719211, 0.77158356, 1.0198239, 0.08051354]
[1.9999487, 0.9156377, 0.99389464, 0.09041642]
[1.852751, 0.97437036, 0.8029598, 0.07542089]
[1.8026013, 0.77906245, 0.9395803, 0.08395865]
[1.9917216, 1.0013582, 0.90439135, 0.085972026]
[1.864623, 0.94815993, 0.8353435, 0.08111951]
[1.8482034, 0.8088603, 0.9560696, 0.08327359]
[2.0120747, 1.0742738, 0.85493135, 0.082869634]
[1.8917817, 0.9478083, 0.85782623, 0.08614716]
[1.9008517, 1.0033083, 0.81273746, 0.08480601]
[1.9295268, 0.9792568, 0.8573314, 0.0929386]
[1.9069325, 0.9200913, 0.90037954, 0.08646166]
[1.9441942, 0.9353425, 0.92535067, 0.083500974]
[1.8791445, 0.7224779, 1.0818464, 0.074820295]
[1.8580172, 0.8800659, 0.8984527, 0.07949847]
[1.9079334, 0.932943, 0.896701, 0.078289345]
[1.9196078, 0.99819124, 0.8421019, 0.07931456]
[1.7988912, 0.9449684, 0.775373, 0.078549705]
[1.828805, 0.9919704, 0.7554658, 0.081368744]
[1.8352828, 0.8151696, 0.94055504, 0.0795581]
[1.8935099, 0.8811883, 0.9275211, 0.08480043]
[1.7816697, 0.75472605, 0.9311605, 0.095783085]
[1.8954731, 0.920326, 0.88967574, 0.08547138]
[1.815684, 0.988554, 0.7376219, 0.08950809]
[2.027031, 0.94320554, 0.993046, 0.09077948]
[1.814356, 0.6932597, 1.0311456, 0.089950725]
[1.7920022, 0.76316, 0.9381056, 0.09073666]
[1.8870729, 1.0688467, 0.7301421, 0.08808412]
[1.8207904, 0.7732742, 0.95509577, 0.09242046]
[1.9639509, 0.9689567, 0.8975699, 0.09742427]
[1.7206086, 0.69323975, 0.94339544, 0.08397338]
[1.8755279, 0.8303492, 0.9568216, 0.08835694]
[1.726236, 0.8811805, 0.76196015, 0.08309535]
[1.9411396, 0.9931704, 0.8496303, 0.09833895]
[1.7925832, 0.9283032, 0.7575064, 0.106773674]
[1.8727878, 0.9497274, 0.8233841, 0.09967626]
[1.9443959, 0.84762144, 0.99694794, 0.099826485]
[1.9164968, 0.8125163, 1.0078869, 0.096093714]
[1.8274382, 0.90171635, 0.83857334, 0.08714857]
[2.0147898, 0.80952317, 1.111834, 0.09343256]
[1.8486385, 0.9572936, 0.8031088, 0.08823609]
[2.1265614, 1.0524113, 0.98095274, 0.093197286]
[2.0275147, 0.8887483, 1.0554464, 0.08332011]
[1.918109, 0.9073734, 0.93408835, 0.07664727]
[1.9086076, 1.0736783, 0.74826133, 0.08666799]
[1.9465019, 0.726707, 1.1412141, 0.07858069]
[1.9494884, 0.93904424, 0.92979145, 0.08065267]
[1.8054596, 0.95984745, 0.7639525, 0.08165972]
[1.728318, 0.6886038, 0.9594625, 0.08025164]
[1.781882, 0.82156545, 0.87021947, 0.09009725]
[1.8029112, 0.89757556, 0.820625, 0.08471057]
[1.7648611, 0.93440336, 0.7332572, 0.09720066]
[1.841448, 0.7174649, 1.0296583, 0.09432469]
[1.8476087, 0.8462283, 0.9075854, 0.093794934]
[1.8344431, 0.9007927, 0.83348906, 0.100161284]
[1.875376, 1.0140803, 0.76655126, 0.09474442]
[1.8926752, 0.8276415, 0.96753204, 0.09750163]
[1.8538717, 0.7743113, 0.9812005, 0.09835997]
[1.94319, 0.9351172, 0.9123608, 0.09571202]
[1.7794185, 0.7598009, 0.92778695, 0.091830656]
[1.8493528, 0.9382392, 0.807616, 0.103497684]
[2.0153458, 0.8477342, 1.0607035, 0.1069081]
[1.7889119, 0.8587254, 0.82742715, 0.102759406]
[1.998002, 1.0838588, 0.81715417, 0.09698898]
[1.8840709, 0.95034057, 0.8444967, 0.08923366]
[1.7692363, 0.73955333, 0.9306998, 0.09898323]
[1.8664908, 0.81888336, 0.95461285, 0.09299471]
[2.0991359, 1.0429734, 0.9464879, 0.10967453]
[1.6741575, 0.85462224, 0.72796047, 0.09157483]
[2.1375024, 0.9679672, 1.073122, 0.096413225]
[1.8348984, 0.939333, 0.8103913, 0.085173965]
[1.7929418, 0.8719578, 0.8376998, 0.083284214]
[2.0851662, 1.0947983, 0.90196466, 0.088403136]
