[1.9101745, 0.9110073, 0.9201522, 0.07901505]
[1.8135577, 0.89402676, 0.8435137, 0.076017216]
[1.701498, 0.90104204, 0.7268261, 0.07362985]
[1.7131213, 0.91017306, 0.7149861, 0.0879621]
[1.9079794, 1.0262147, 0.79352605, 0.08823861]
[1.7044712, 0.89601505, 0.71200466, 0.09645152]
[1.8901368, 0.9036584, 0.8937043, 0.09277418]
[2.167829, 1.0865695, 0.989556, 0.09170346]
[1.9111314, 0.8431524, 0.9797343, 0.08824473]
[1.8563628, 0.8426522, 0.9288231, 0.08488752]
[1.8895154, 0.88922966, 0.91066813, 0.089617655]
[1.9118432, 0.9303638, 0.8894462, 0.092033304]
[1.8021138, 0.8325832, 0.878263, 0.09126754]
[1.7766464, 0.81243944, 0.87849367, 0.08571333]
[1.9478072, 0.968835, 0.87908185, 0.09989032]
[1.9174743, 0.89329296, 0.93367517, 0.09050611]
[2.0220473, 0.8792223, 1.0435313, 0.09929371]
[1.7962258, 0.8745998, 0.82919097, 0.09243506]
[1.748183, 0.74846375, 0.9078392, 0.091880135]
[1.651507, 0.67859614, 0.8730911, 0.09981975]
[1.99979, 1.0753691, 0.8226816, 0.10173915]
[1.8393708, 0.64757824, 1.0955794, 0.096213244]
[1.8484478, 0.94702953, 0.80901325, 0.09240502]
[1.7456484, 0.6991421, 0.9584825, 0.08802383]
[1.9372327, 0.99126196, 0.83839035, 0.10758042]
[1.8905642, 0.9463989, 0.84663177, 0.09753349]
[1.9765143, 0.8156334, 1.0606418, 0.10023914]
[1.8824921, 0.9977874, 0.7947095, 0.08999519]
[1.9372032, 0.7542251, 1.0924988, 0.09047942]
[1.9799594, 0.95249236, 0.9339254, 0.09354161]
[1.8757188, 0.9796123, 0.80264676, 0.093459815]
[1.8265544, 0.98641926, 0.7459421, 0.09419313]
[1.7728732, 0.82868606, 0.85300374, 0.09118347]
[1.8622912, 0.9323352, 0.83161724, 0.09833874]
[2.0397358, 0.85260856, 1.0924358, 0.09469142]
[1.7802435, 0.95116127, 0.7452244, 0.083857864]
[1.8968314, 0.89579225, 0.91287106, 0.08816807]
[1.7043684, 0.675192, 0.9402692, 0.08890721]
[1.6422707, 0.7463393, 0.7964765, 0.09945488]
[2.0148242, 1.0015205, 0.9064637, 0.106839806]
[2.029473, 0.99758434, 0.93241894, 0.09946984]
[1.7941285, 0.8433206, 0.86628747, 0.08452047]
[1.733475, 0.9476107, 0.6930182, 0.092846185]
[1.8780527, 0.99301577, 0.78743434, 0.09760259]
[1.6397827, 0.7107606, 0.8381278, 0.09089425]
[1.9263691, 0.9421379, 0.8811181, 0.103113085]
[1.7578418, 0.8525413, 0.8028867, 0.10241379]
[1.7949772, 0.8895153, 0.80054116, 0.10492079]
[1.9336848, 0.8807589, 0.94516385, 0.10776204]
[1.8692665, 0.78673726, 0.97476554, 0.1077638]
[1.716578, 0.8504665, 0.7591443, 0.10696717]
[1.7444128, 0.8417914, 0.7953551, 0.10726628]
[1.8574512, 0.8281537, 0.9160105, 0.113287024]
[1.8977096, 0.8304709, 0.9523847, 0.11485393]
[1.8802533, 1.0745382, 0.694466, 0.11124904]
[1.7731694, 0.7558064, 0.9101339, 0.10722908]
[1.950158, 0.9757849, 0.85972524, 0.114647865]
[1.8567555, 0.74718904, 1.0016103, 0.10795616]
[1.8698064, 1.0266643, 0.7311171, 0.112025075]
[1.9307145, 0.98779595, 0.8389996, 0.103918955]
[1.7817672, 0.89078873, 0.77933824, 0.111640334]
[1.9919147, 0.98438025, 0.9152442, 0.09229034]
[1.9491985, 0.83704185, 1.0164194, 0.09573723]
[1.9627994, 0.808972, 1.0594727, 0.09435476]
[1.82505, 0.8135064, 0.91465104, 0.096892476]
[1.826428, 0.86629105, 0.85372186, 0.10641512]
[1.7617965, 0.8148976, 0.83984137, 0.107057594]
[1.8173519, 0.6553964, 1.0642152, 0.097740255]
[1.5979202, 0.7114612, 0.78224945, 0.10420956]
[1.9718082, 0.9052286, 0.9546099, 0.11196974]
[1.6979417, 0.6689061, 0.9212056, 0.1078299]
[1.8810811, 0.75247085, 1.0211779, 0.10743231]
[1.9836063, 0.9343393, 0.94086695, 0.108400084]
[1.9392576, 0.9654596, 0.87310594, 0.10069204]
[1.94093, 0.944803, 0.8911676, 0.10495938]
[2.0014186, 0.9039141, 0.9947735, 0.10273087]
[1.9396288, 0.861236, 0.9842931, 0.094099745]
[1.8344346, 0.7231518, 1.0071551, 0.10412782]
[1.9809811, 1.0545199, 0.8339718, 0.092489436]
[2.0459747, 1.1171656, 0.840093, 0.08871611]
[1.9235988, 0.88580674, 0.9463608, 0.091431156]
[1.7875551, 1.0247588, 0.67716116, 0.08563502]
[1.7507372, 0.9233304, 0.73404384, 0.09336298]
[1.8530127, 0.89486426, 0.85469294, 0.10345547]
[1.882131, 0.9813899, 0.8056674, 0.095073655]
[1.9065865, 0.81079304, 1.0051411, 0.09065232]
[1.9126631, 0.9872897, 0.8387022, 0.08667128]
[1.7514302, 0.8636, 0.7962301, 0.09160008]
[1.6745682, 0.80477107, 0.77300376, 0.09679342]
[1.8272932, 0.90294933, 0.82609516, 0.098248735]
[1.9266456, 0.88983715, 0.94443, 0.09237845]
[1.9661666, 0.99816066, 0.8729197, 0.09508625]
[2.0529783, 0.9568132, 1.0069295, 0.08923553]
[1.9568, 0.97199094, 0.8979717, 0.08683726]
[1.8216441, 0.81968343, 0.9107444, 0.09121621]
[1.8240395, 0.7024308, 1.0312006, 0.0904081]
[1.8864284, 0.92117286, 0.86987936, 0.095376104]
[1.9093813, 0.82447815, 0.99353755, 0.09136555]
[1.9583926, 0.948807, 0.90354025, 0.10604531]
[2.0025902, 0.97395056, 0.9422469, 0.08639252]
[1.8482015, 0.70621383, 1.0536182, 0.08836952]
[1.847116, 0.80735743, 0.94437814, 0.095380485]
[1.770746, 0.82019126, 0.8650265, 0.085528225]
[1.942215, 0.9937862, 0.8538891, 0.09453969]
[2.2562, 0.8984477, 1.2787783, 0.07897405]
[1.8758316, 1.0156919, 0.77575266, 0.084387064]
[1.9321092, 1.0503999, 0.80582654, 0.07588281]
[1.8898187, 0.83736384, 0.97177994, 0.08067494]
[1.8708955, 0.8789853, 0.9133605, 0.07854979]
[1.8724434, 0.9668181, 0.82816464, 0.077460766]
[1.8487914, 0.8534717, 0.92264533, 0.0726743]
[1.7990028, 0.7839488, 0.9415732, 0.07348074]
[1.9868332, 0.8783188, 1.0231197, 0.08539476]
[1.950392, 0.86222327, 1.0021293, 0.086039454]
[1.9061005, 0.9960205, 0.82934713, 0.08073282]
[1.9592773, 0.80678916, 1.0736399, 0.07884822]
[1.7344544, 0.67602915, 0.9737755, 0.08464982]
[1.6670532, 0.7920668, 0.7934938, 0.08149271]
[1.8077519, 0.86526763, 0.85560286, 0.086881414]
[1.9133959, 0.90853655, 0.9120344, 0.09282495]
[1.9948844, 0.982366, 0.9310812, 0.081437185]
[1.8324069, 0.93470645, 0.8153345, 0.08236591]
[1.8014054, 0.9739091, 0.7410856, 0.086410776]
[1.8192894, 0.9963903, 0.7375945, 0.085304774]
[1.9000202, 0.8393435, 0.9657212, 0.094955586]
[1.9030674, 0.9845045, 0.8274432, 0.0911196]
[1.7490708, 0.84204435, 0.8189636, 0.08806293]
[1.910106, 1.0423864, 0.7709273, 0.096792206]
[1.6760818, 0.766279, 0.8067657, 0.103037104]
[1.7997823, 0.7818173, 0.9130717, 0.10489317]
[1.9280553, 1.0359957, 0.78107905, 0.11098048]
[1.9712012, 0.9172632, 0.95103323, 0.10290476]
[1.6465886, 0.9715501, 0.57157993, 0.10345855]
[1.8072151, 0.740188, 0.9688345, 0.0981926]
[1.9731619, 1.0576572, 0.8064025, 0.10910228]
[1.8369937, 0.9828626, 0.7544727, 0.09965846]
[1.7829947, 0.85698783, 0.82603276, 0.09997412]
[2.0347095, 0.9509426, 0.98929536, 0.09447137]
[1.856945, 0.720282, 1.049436, 0.08722709]
[1.9493175, 0.9545079, 0.901558, 0.09325155]
[1.8937933, 0.92886734, 0.87119037, 0.093735665]
[1.7861824, 0.80969536, 0.8876829, 0.088804066]
[1.9965334, 0.85929275, 1.0416611, 0.095579565]
[1.9000938, 0.94322985, 0.86496925, 0.0918946]
[1.9243929, 0.93517774, 0.8964057, 0.092809476]
[1.7328495, 0.79362255, 0.849211, 0.09001601]
[1.7754651, 0.84223354, 0.8307065, 0.10252516]
[1.9652678, 1.0347769, 0.8304017, 0.10008919]
[1.8045115, 0.6973089, 1.0197303, 0.087472364]
[1.7945328, 0.8711681, 0.8159101, 0.10745458]
[1.7529945, 0.9200145, 0.73509556, 0.09788437]
[1.941801, 0.7245838, 1.1125672, 0.104649946]
[1.7336733, 0.95338476, 0.6892668, 0.09102173]
[1.9204313, 0.8891206, 0.93719137, 0.094119355]
[1.765961, 1.0054462, 0.6523662, 0.10814868]
[1.906129, 0.9327194, 0.8716769, 0.10173263]
[1.8523501, 0.7981832, 0.95353675, 0.10063011]
[1.9533912, 1.128048, 0.7295364, 0.09580688]
[1.7486242, 0.7671058, 0.87640667, 0.10511175]
[1.8911068, 0.94523346, 0.8260484, 0.11982497]
[1.9668132, 0.91737485, 0.945927, 0.10351131]
[1.7975131, 1.0663981, 0.62687683, 0.10423819]
[1.81681, 0.8022295, 0.9149159, 0.09966455]
[1.8326288, 0.9239651, 0.7990903, 0.10957348]
[2.0054216, 0.9580339, 0.9399796, 0.10740799]
[1.9008625, 1.0433924, 0.7569424, 0.100527614]
[1.7650071, 0.61556745, 1.044873, 0.1045667]
[1.7680672, 0.87921095, 0.7734897, 0.115366526]
[1.7035507, 0.8192948, 0.782664, 0.10159199]
[1.858801, 0.8631584, 0.8850801, 0.11056241]
[1.824508, 0.7362789, 0.96264434, 0.1255847]
[1.9396447, 0.85759807, 0.97691464, 0.10513194]
[2.1426826, 1.0771375, 0.9566366, 0.108908355]
[1.9598598, 0.9400634, 0.91639435, 0.10340215]
[1.9590833, 0.9793875, 0.8742249, 0.10547094]
[1.7855358, 0.76033914, 0.9227991, 0.10239753]
[1.8959671, 1.0124823, 0.7820581, 0.10142673]
[1.8201538, 0.82548666, 0.88709456, 0.10757269]
[1.8888782, 0.85839707, 0.91235745, 0.11812364]
[1.7562726, 0.7996522, 0.8435731, 0.1130472]
[1.9641204, 0.95847356, 0.9090369, 0.096609995]
[1.9076285, 0.84204316, 0.9564562, 0.10912925]
[1.8635789, 0.7391346, 1.0169578, 0.107486576]
[2.0936077, 1.0752312, 0.9216523, 0.096724145]
[1.7697682, 0.6711857, 1.0088022, 0.089780375]
[1.8964813, 0.93189454, 0.8590596, 0.10552717]
[1.779166, 0.89152384, 0.77659166, 0.11105045]
[1.7362914, 0.77270705, 0.8624358, 0.101148665]
[1.7820885, 0.8740424, 0.7956044, 0.11244176]
[1.8565685, 0.91274595, 0.83822966, 0.10559289]
[1.8630742, 0.85586095, 0.8938503, 0.11336287]
[1.9942511, 0.8671631, 1.0191551, 0.10793294]
[1.8425922, 0.9280191, 0.80987495, 0.10469821]
[2.0640237, 1.1437778, 0.8232932, 0.09695259]
[1.7833037, 0.76871884, 0.91785777, 0.09672715]
[1.7237511, 0.7423408, 0.8708676, 0.110542685]
[1.9533261, 0.81594825, 1.0260389, 0.11133893]
[1.7937728, 0.97494066, 0.725698, 0.093134135]
[1.9634057, 0.84513354, 1.014751, 0.1035212]
[1.6621382, 0.81506175, 0.740249, 0.10682754]
[2.0483298, 0.6965107, 1.2427945, 0.10902473]
[1.7754734, 0.90641284, 0.77228284, 0.09677773]
[1.8629634, 0.87258035, 0.8867985, 0.10358447]
[1.8822451, 0.97980595, 0.7980845, 0.104354575]
[1.836942, 1.0772783, 0.672732, 0.0869317]
[1.9976845, 0.9024048, 0.99527407, 0.10000558]
[1.7840563, 0.83149755, 0.8628135, 0.08974533]
[1.9752979, 1.0418333, 0.84271127, 0.090753354]
[1.8147819, 0.90739274, 0.8118355, 0.09555358]
[1.9011841, 0.8361851, 0.96326685, 0.101732165]
[1.8204584, 0.847044, 0.8846524, 0.08876208]
[1.9019477, 0.9546864, 0.847768, 0.099493295]
[1.9935187, 0.90268433, 0.98788905, 0.10294536]
[1.6464576, 0.78661203, 0.7691636, 0.090681896]
[1.97543, 1.0527956, 0.83337736, 0.08925695]
[1.7830993, 0.95149916, 0.74314404, 0.088456035]
[1.9306287, 0.97909987, 0.8598958, 0.091633]
[1.810549, 0.81916666, 0.89339143, 0.09799103]
[1.9078386, 0.75368476, 1.0569683, 0.09718545]
[1.955422, 0.95803285, 0.9044477, 0.09294151]
[1.9934117, 0.88201094, 1.0209979, 0.090402834]
[1.8417145, 0.9873083, 0.7727644, 0.08164181]
[1.8434058, 0.8006764, 0.94940215, 0.09332731]
[1.6762248, 0.7812363, 0.80526805, 0.089720495]
[1.9333936, 0.9513515, 0.8811629, 0.10087924]
[1.7524009, 0.7581519, 0.8883773, 0.10587163]
[1.8720627, 0.89653397, 0.87703484, 0.098493844]
[1.879577, 0.9299898, 0.8430897, 0.106497556]
[1.8280573, 0.81183016, 0.9181678, 0.09805935]
[1.8120295, 0.79789674, 0.9096608, 0.10447193]
[1.9138441, 0.9798752, 0.83586645, 0.098102495]
[2.0564318, 1.0828874, 0.8760208, 0.09752365]
[2.1507225, 0.9151865, 1.1431656, 0.09237057]
[1.9159852, 0.9422939, 0.8836498, 0.09004155]
[1.7862303, 0.75336206, 0.94064164, 0.09222661]
[1.8370819, 0.9083748, 0.8353597, 0.09334743]
[1.8993003, 0.8318157, 0.9819765, 0.08550809]
[1.8931562, 0.98016167, 0.8191825, 0.09381204]
[1.744048, 0.78904307, 0.8714855, 0.08351946]
[1.6773214, 0.7006352, 0.8888864, 0.087799825]
[1.9657167, 0.9928067, 0.88605505, 0.08685501]
[1.9083973, 0.87867635, 0.9340812, 0.09563987]
[1.9441774, 0.9379429, 0.9152715, 0.09096293]
[1.8937724, 0.8102163, 0.99231875, 0.09123728]
[1.8555331, 0.91181386, 0.8478036, 0.095915645]
[1.986615, 1.0033915, 0.89203125, 0.091192245]
[1.8182521, 0.8558027, 0.8739791, 0.088470265]
[1.8528442, 1.0616307, 0.7005182, 0.09069535]
[1.6880051, 0.79990935, 0.79207814, 0.09601756]
[1.9811879, 1.0205545, 0.85935366, 0.10127978]
[1.8349453, 0.925596, 0.8190111, 0.090338185]
[1.8178452, 0.8223697, 0.89023685, 0.10523863]
[1.7765373, 0.8270669, 0.841676, 0.10779437]
[1.962517, 0.69919425, 1.1579716, 0.10535121]
[1.9448504, 1.1289713, 0.7131896, 0.1026895]
[1.7299625, 0.7103045, 0.919287, 0.100370996]
[1.7585812, 0.8275744, 0.8288788, 0.102127984]
[2.1644957, 0.9912567, 1.0689679, 0.10427113]
[1.7767001, 0.9848739, 0.6993104, 0.092515856]
[1.9892917, 0.8898462, 1.0134828, 0.085962676]
[1.8989081, 0.85664606, 0.94390595, 0.09835618]
[1.7427553, 0.97047806, 0.6763356, 0.09594162]
[1.6884006, 0.715238, 0.8823099, 0.09085278]
[2.0394385, 0.9924654, 0.93510044, 0.11187273]
[1.984156, 0.9201313, 0.96754056, 0.09648412]
[1.8896378, 0.9511878, 0.8579509, 0.08049902]
[1.7631483, 0.81797534, 0.8510412, 0.09413168]
[1.8712789, 0.95585406, 0.8226583, 0.09276651]
[1.8703241, 0.8332199, 0.9464663, 0.09063798]
[2.026766, 1.0523195, 0.87715673, 0.09728986]
[1.8588847, 0.92712545, 0.8355905, 0.09616877]
[1.8684498, 0.7166457, 1.0569057, 0.09489837]
[2.0530803, 1.1081557, 0.85171676, 0.093207836]
[1.9028155, 0.86075044, 0.96002936, 0.082035705]
[1.8013978, 0.72187907, 0.9959713, 0.08354734]
[1.9511495, 1.0965261, 0.76350975, 0.09111355]
[1.957761, 0.72136194, 1.1443334, 0.09206575]
[1.8494483, 1.0325341, 0.7338906, 0.08302368]
[1.8686652, 0.96000326, 0.8229361, 0.08572577]
[1.9537829, 1.1137766, 0.7493634, 0.09064293]
[1.7541362, 0.7921492, 0.8776277, 0.08435927]
[1.9530183, 1.0223188, 0.8482338, 0.08246564]
[1.9328326, 0.8356001, 1.0102489, 0.086983554]
[1.9498639, 0.9896617, 0.8777349, 0.0824673]
[1.8086636, 0.94675195, 0.78114104, 0.0807706]
[1.9231819, 0.96153677, 0.8787932, 0.08285199]
[1.7987223, 0.7909524, 0.9193158, 0.088453956]
[1.922775, 0.98306656, 0.85610205, 0.083606504]
[2.0082896, 0.8851673, 1.0353118, 0.08781059]
[1.9340587, 1.176583, 0.6704037, 0.087071925]
[1.9255453, 1.0273745, 0.82212293, 0.076047845]
[1.7652334, 0.84396636, 0.84633577, 0.07493128]
[1.777798, 0.8081883, 0.8926946, 0.07691513]
[1.9199146, 0.98434395, 0.8469048, 0.088665865]
[1.9709853, 0.76826096, 1.1126713, 0.09005306]
[1.949048, 1.0468237, 0.8199278, 0.08229646]
[1.8569901, 1.0285347, 0.75627565, 0.072179735]
[1.7304664, 0.68305576, 0.9654383, 0.081972316]
[1.9723208, 0.9678725, 0.9243852, 0.08006311]
[1.7373407, 0.92220527, 0.7332061, 0.08192931]
[2.0719604, 0.89474946, 1.0952175, 0.08199346]
[1.8084124, 0.80717313, 0.92228854, 0.07895079]
[1.8208346, 0.7838834, 0.9491867, 0.08776446]
[1.883506, 0.86713254, 0.93605673, 0.08031666]
[1.8823167, 0.8411728, 0.956913, 0.0842309]
[1.96788, 1.0738411, 0.81263053, 0.08140844]
[1.8395147, 0.8303758, 0.92731017, 0.08182882]
[1.8529756, 0.7666452, 0.9968405, 0.08948994]
[1.8630347, 1.0301685, 0.7474594, 0.08540672]
[2.0449865, 0.92553675, 1.0349256, 0.084524095]
[1.8884032, 0.77756804, 1.0398363, 0.07099886]
[1.8878453, 0.9165247, 0.89158916, 0.07973151]
[1.856501, 0.791518, 0.9873187, 0.07766423]
[1.9706762, 1.0093598, 0.8826044, 0.078711994]
[1.9841893, 0.928691, 0.97479904, 0.08069919]
[1.8943276, 0.91041195, 0.9120328, 0.071883015]
[1.8191646, 0.89000845, 0.8500669, 0.07908933]
[1.8444859, 0.74764276, 1.0136276, 0.08321551]
[1.8761581, 0.76070184, 1.0358837, 0.07957254]
[1.8713484, 0.91664094, 0.874352, 0.08035544]
[2.0637167, 0.86068404, 1.1189477, 0.08408488]
[1.957316, 0.9572395, 0.9226922, 0.07738438]
[1.8229743, 0.7651782, 0.96981245, 0.0879837]
[1.8226982, 0.75891834, 0.9869344, 0.07684554]
[1.8971, 0.9792365, 0.8298614, 0.088002056]
[1.8921094, 0.74877495, 1.0519842, 0.0913503]
[1.9763274, 1.1590846, 0.73834705, 0.078895815]
[1.8276196, 0.90088654, 0.8462659, 0.08046709]
[2.000992, 0.87893, 1.0346215, 0.08744064]
[1.9946699, 0.9645052, 0.9459552, 0.08420938]
[1.826482, 0.972939, 0.7768052, 0.076737866]
[1.9209076, 0.89805573, 0.9470319, 0.07581992]
[1.9963436, 1.0620573, 0.8520043, 0.08228211]
[1.936776, 1.0212922, 0.8410723, 0.07441153]
[1.8769021, 0.89678586, 0.90864116, 0.07147497]
[1.8883241, 0.9299238, 0.88588166, 0.07251871]
[1.9034915, 0.9236436, 0.8996206, 0.08022742]
[1.9502673, 0.83916295, 1.0412666, 0.06983786]
[1.9385997, 1.0465407, 0.8143425, 0.077716455]
[1.9793626, 0.9961883, 0.9080281, 0.07514622]
[1.848313, 0.7645907, 1.0181048, 0.06561745]
[1.9405626, 1.0737221, 0.79249364, 0.07434693]
[1.826619, 0.9031974, 0.8539031, 0.06951849]
[1.8410153, 0.99750865, 0.7715674, 0.07193917]
[1.977461, 0.96532464, 0.9251888, 0.086947545]
[1.9692861, 1.0299182, 0.86598146, 0.07338646]
[1.7430209, 0.83997875, 0.8261632, 0.07687886]
[1.8831795, 0.9526412, 0.84543633, 0.08510201]
[1.8071642, 0.7151549, 1.0119836, 0.08002561]
[1.7982159, 0.9225023, 0.78474987, 0.09096372]
[1.830178, 0.8865895, 0.8635104, 0.08007814]
[2.0208366, 0.95264184, 0.9804713, 0.08772352]
[1.998484, 0.9988168, 0.9141446, 0.08552268]
[1.8931556, 0.9762605, 0.83618534, 0.08070971]
[1.9121999, 0.9432736, 0.8927831, 0.07614313]
[1.7866671, 0.7961783, 0.911125, 0.07936384]
[1.9629154, 1.0710208, 0.80980253, 0.082092084]
[1.916535, 0.8933408, 0.9460044, 0.0771898]
[1.7435817, 0.8142654, 0.8476186, 0.08169769]
[1.9623094, 1.010545, 0.8666465, 0.0851178]
[2.1212223, 1.1038277, 0.94510674, 0.07228784]
[2.0073419, 0.9461629, 0.98930305, 0.071875855]
[1.921737, 0.92513484, 0.93041205, 0.06619001]
[1.84322, 0.8740002, 0.896765, 0.07245483]
[1.7607144, 0.8481667, 0.8386134, 0.073934324]
[1.7309805, 0.87251097, 0.78309524, 0.075374216]
[1.8666245, 0.92349434, 0.86154556, 0.08158456]
[1.8313805, 0.8668879, 0.88668185, 0.077810645]
[1.7642267, 0.84509844, 0.82981, 0.08931829]
[1.7163081, 0.687114, 0.93215877, 0.09703538]
[1.8555628, 1.0994481, 0.6670929, 0.08902179]
[2.1230347, 0.8928585, 1.1425083, 0.08766791]
[1.8483801, 0.9979004, 0.7646537, 0.08582586]
[1.9550233, 0.8592332, 1.0022842, 0.0935058]
[1.8562379, 0.92332804, 0.84421194, 0.088697895]
[1.8355434, 0.810439, 0.94755894, 0.077545404]
[1.9436334, 0.96764654, 0.8870064, 0.08898057]
[1.8130375, 0.7842503, 0.9429139, 0.085873276]
[1.963465, 0.9575362, 0.9179417, 0.087987095]
[1.6333965, 0.7782936, 0.7661121, 0.08899085]
[1.814785, 0.8373609, 0.88995826, 0.08746575]
[1.9785103, 0.8742937, 1.0055496, 0.09866701]
[1.8587043, 0.89229167, 0.8679588, 0.09845387]
[2.1125126, 1.0408541, 0.9859364, 0.08572197]
[2.105982, 1.0304297, 0.9799269, 0.095625356]
[1.8591986, 0.7936647, 0.9917389, 0.07379491]
[2.0874462, 1.3393285, 0.66492915, 0.08318843]
[1.8351362, 0.744377, 1.0162289, 0.07453027]
[1.9449499, 1.0050154, 0.865605, 0.07432945]
[1.9292688, 0.95282054, 0.9070641, 0.0693842]
[1.7406666, 0.7180574, 0.9478307, 0.07477851]
[1.7659259, 0.9593824, 0.7153294, 0.0912141]
[1.8676301, 0.85732377, 0.92864776, 0.08165857]
[2.0014157, 1.019635, 0.9079132, 0.07386763]
[1.9316796, 1.0776684, 0.7732014, 0.08080973]
[1.8181415, 0.8691319, 0.8642614, 0.08474819]
[1.8711457, 0.919827, 0.8705967, 0.08072211]
[1.987038, 0.8984384, 1.0082867, 0.08031288]
[1.7467482, 0.8044919, 0.8580171, 0.08423924]
[1.9226688, 1.1293824, 0.70811796, 0.085168466]
[1.767077, 0.69696957, 0.9885286, 0.08157867]
[1.9316804, 0.9893552, 0.8520118, 0.09031339]
[1.7930064, 0.796303, 0.914752, 0.08195132]
[2.0456052, 0.9505641, 1.0057555, 0.08928554]
[1.8555561, 0.85697615, 0.9171098, 0.08147013]
[1.9737397, 0.97919106, 0.90981174, 0.08473697]
[1.7631491, 0.7758144, 0.9074659, 0.07986891]
[1.736903, 0.9152875, 0.7310183, 0.09059711]
[2.0006042, 0.8289699, 1.0821161, 0.089518145]
[1.8063778, 0.82398546, 0.89768684, 0.08470547]
[2.0027752, 1.0812902, 0.827259, 0.094225794]
[1.983084, 0.87091655, 1.03208, 0.08008742]
[1.9602318, 0.9040723, 0.9677547, 0.088404715]
[1.8620356, 0.78111786, 1.0037756, 0.077142075]
[1.717988, 0.7350359, 0.89918447, 0.08376768]
[2.0144744, 1.1100571, 0.81666416, 0.08775311]
[1.8718004, 0.8574792, 0.931418, 0.08290309]
[1.810122, 0.7873821, 0.94332993, 0.07940997]
[1.7877517, 0.9020705, 0.80505395, 0.08062717]
[1.8097205, 0.81405795, 0.9146352, 0.08102743]
[1.9326674, 0.8903874, 0.9480645, 0.09421555]
[1.8021301, 0.7729901, 0.93788016, 0.09125979]
[1.9111228, 0.70545673, 1.1235936, 0.08207244]
[1.8774937, 0.96125954, 0.8245483, 0.0916859]
[1.918292, 0.901791, 0.9183334, 0.0981677]
[1.8075278, 0.71389914, 0.99970543, 0.0939232]
[1.976649, 1.0219955, 0.85718536, 0.09746819]
[1.7891653, 0.7827364, 0.9161794, 0.09024945]
[2.0462866, 1.0178549, 0.9197681, 0.108663626]
[1.7078397, 0.6286913, 0.97862566, 0.10052275]
[1.6913679, 0.8739655, 0.7111562, 0.10624625]
[1.8666633, 0.9927011, 0.7767405, 0.09722176]
[1.8318877, 0.6669851, 1.0622383, 0.10266419]
[1.8985742, 0.86458844, 0.92589045, 0.10809529]
[1.8230098, 0.91276526, 0.8052683, 0.10497626]
[1.8177409, 0.9892549, 0.7228641, 0.105621904]
[1.846571, 0.84902906, 0.88449156, 0.1130504]
[1.9734681, 0.7289264, 1.1195931, 0.12494852]
[2.0240116, 1.3027756, 0.6211717, 0.10006419]
[2.1795099, 0.874802, 1.2113972, 0.093310535]
[2.020274, 0.9955373, 0.934861, 0.089875676]
[2.0999842, 1.0196857, 1.0032883, 0.077010036]
[1.8598042, 0.7725624, 1.0121305, 0.07511127]
[1.7634321, 0.80823326, 0.87255836, 0.082640484]
[1.9837426, 0.97752196, 0.9321867, 0.07403384]
[1.9845034, 0.9230428, 0.99012613, 0.07133449]
[1.7314095, 0.80513406, 0.8519949, 0.07428064]
[1.6919345, 0.71886754, 0.8925846, 0.08048237]
[1.8652959, 0.9031538, 0.8755229, 0.08661917]
[1.8710617, 0.92672247, 0.849699, 0.09464009]
[1.9732672, 0.8221856, 1.066679, 0.08440271]
[1.8574651, 0.9627364, 0.81145895, 0.083269715]
[1.8015685, 0.68490684, 1.0288355, 0.08782616]
[1.8315272, 0.91447085, 0.8312349, 0.08582157]
[1.7377089, 0.80246204, 0.84691083, 0.088336065]
[1.9366754, 0.8881817, 0.95223653, 0.096257195]
[1.958591, 1.0021616, 0.8674614, 0.088968076]
[1.8004053, 0.99503493, 0.7203094, 0.085060894]
[1.8774006, 0.98027563, 0.8202902, 0.07683475]
[1.9533342, 0.8182508, 1.0563092, 0.078774184]
[1.9426345, 0.9007578, 0.962044, 0.07983267]
[1.8888139, 1.0967424, 0.7173356, 0.07473585]
[1.7342205, 0.83126736, 0.8197464, 0.08320675]
[1.9768339, 1.0130985, 0.87470925, 0.089026175]
[1.943563, 1.067688, 0.7999303, 0.0759446]
[2.1038785, 0.9876087, 1.0299832, 0.08628653]
[1.8652245, 0.8726578, 0.9212377, 0.071329035]
[1.8099682, 1.0306529, 0.70824015, 0.0710752]
[1.9978234, 0.86204326, 1.0625947, 0.07318539]
[1.9359933, 0.9886402, 0.8779099, 0.06944326]
[1.9150144, 0.84809303, 1.0001464, 0.06677502]
[1.7965554, 1.0188708, 0.70603156, 0.07165305]
[1.9212093, 0.9383588, 0.90963435, 0.07321624]
[1.6938826, 0.77927554, 0.8361693, 0.0784377]
[1.7105712, 0.80545074, 0.82938457, 0.075735934]
[1.9554595, 1.053837, 0.80899364, 0.09262888]
[1.788651, 0.76366544, 0.9365521, 0.08843349]
[1.8145927, 0.83628505, 0.8881042, 0.09020341]
[1.6552975, 0.7460849, 0.8262483, 0.082964286]
[1.9090741, 1.1776388, 0.63499415, 0.09644116]
[1.8995632, 0.70956635, 1.1013741, 0.08862274]
[1.8674865, 0.84237933, 0.9322502, 0.09285686]
[1.7286993, 0.84196633, 0.80436313, 0.08236995]
[1.7425985, 0.7431189, 0.9056833, 0.09379632]
[1.9811308, 1.0987428, 0.78282475, 0.099563256]
[2.0693252, 1.0746872, 0.9007132, 0.093924746]
[1.8804023, 0.7440579, 1.0445218, 0.091822565]
[1.7916474, 0.8836981, 0.8150377, 0.09291156]
[1.8874462, 0.7659024, 1.0211468, 0.10039696]
[1.8288747, 0.88461435, 0.8527536, 0.091506794]
[1.867046, 0.8232712, 0.9472614, 0.096513405]
[2.0136516, 1.0996137, 0.82073915, 0.0932987]
[2.0328014, 0.9430975, 1.0069458, 0.082757965]
[1.8415027, 0.8943355, 0.8627409, 0.084426254]
[2.0616574, 0.97557026, 0.99997693, 0.08611032]
[2.0272582, 0.98870856, 0.949826, 0.08872375]
[1.8461285, 0.69579864, 1.0699873, 0.080342576]
[1.7542273, 1.0358845, 0.6413722, 0.07697062]
[1.7645197, 0.9125916, 0.76841116, 0.083517]
[1.8940978, 0.86880356, 0.9453537, 0.07994054]
[2.030714, 0.9827087, 0.9585673, 0.089438]
[1.6817693, 0.828432, 0.77900624, 0.07433095]
[2.00093, 0.88053364, 1.0336607, 0.086735725]
[1.8904438, 1.0014827, 0.80434453, 0.08461656]
[1.8895397, 0.9600589, 0.8522145, 0.07726626]
[1.740015, 0.84457433, 0.81581104, 0.07962965]
[1.9617063, 0.86564565, 1.00286, 0.09320071]
[1.8595188, 0.86959636, 0.8944397, 0.09548271]
[2.0024393, 1.0535978, 0.8621812, 0.08666022]
[2.0343874, 0.9547364, 0.99320555, 0.08644526]
[1.7942213, 0.77085966, 0.93325377, 0.09010777]
[1.8378283, 0.8864709, 0.8693156, 0.082041755]
[1.7316529, 0.75187755, 0.8896568, 0.09011857]
[1.9682558, 0.8374756, 1.0414245, 0.08935575]
[1.7880136, 0.9468326, 0.7584631, 0.08271784]
[1.7709043, 1.035259, 0.64822817, 0.087417096]
[1.8484191, 0.70633423, 1.0569205, 0.08516431]
[1.8737415, 0.9246782, 0.8522333, 0.096829966]
[1.8719912, 0.86440504, 0.91105205, 0.09653396]
[1.7412848, 0.77826566, 0.86925083, 0.09376831]
[1.9355502, 0.8780209, 0.9618206, 0.09570869]
[1.7239153, 0.8012951, 0.8350765, 0.087543756]
[1.927002, 0.91228926, 0.913316, 0.10139668]
[1.9294126, 0.9559196, 0.8796821, 0.09381077]
[1.9125338, 0.7740556, 1.0372958, 0.10118236]
[1.8669113, 1.0788321, 0.70784795, 0.08023122]
[1.752826, 0.8617992, 0.8015727, 0.08945415]
[1.7902598, 0.8934634, 0.7966474, 0.10014908]
[2.0244958, 1.0297062, 0.886988, 0.10780179]
[1.8425983, 0.92666095, 0.8136742, 0.10226305]
[1.8755589, 0.70344114, 1.0697488, 0.10236889]
[1.8064404, 0.84019744, 0.86549836, 0.100744486]
[1.9556241, 1.0368185, 0.8221392, 0.09666629]
[1.8379087, 0.88896364, 0.8554127, 0.09353227]
[1.8911418, 1.00955, 0.7945539, 0.08703792]
[1.9095058, 1.1323698, 0.6855114, 0.0916248]
[1.7839973, 0.96681863, 0.71634305, 0.100835584]
[1.7887421, 0.9467112, 0.7474834, 0.094547495]
[1.8741606, 0.83154523, 0.9359987, 0.106616735]
[1.7622099, 0.7424649, 0.9220344, 0.09771064]
[1.9748594, 1.0187032, 0.8486737, 0.10748243]
[1.9221703, 0.718222, 1.0913949, 0.11255336]
[1.8927019, 0.96874654, 0.827524, 0.09643124]
[1.747423, 0.6866162, 0.96857435, 0.092232585]
[1.8841478, 0.8600969, 0.92931336, 0.0947375]
[1.9283986, 0.87792575, 0.9551139, 0.09535898]
[1.9918749, 0.8569165, 1.0379186, 0.09703992]
[2.0034447, 1.0135666, 0.893991, 0.095887035]
[1.8235693, 0.85392416, 0.88493276, 0.084712446]
[1.8044553, 0.8663513, 0.84532565, 0.09277834]
[1.8795302, 0.8945266, 0.89063644, 0.094367154]
[1.97872, 1.0005894, 0.8810731, 0.097057454]
[1.8337164, 0.9057991, 0.8445798, 0.0833375]
[1.8313473, 0.9054916, 0.8404488, 0.0854069]
[1.9881806, 1.0939322, 0.8060442, 0.08820425]
[1.871686, 0.9004468, 0.8792167, 0.0920226]
[1.9454818, 0.92887354, 0.9276583, 0.08894996]
[1.9646446, 1.0423626, 0.83026946, 0.09201256]
[2.0434668, 0.8365543, 1.1276599, 0.07925265]
[1.9448175, 1.0039709, 0.8632517, 0.077595055]
[1.8162556, 0.9515118, 0.788642, 0.07610182]
[1.9099594, 0.71864647, 1.1088438, 0.08246906]
[1.9537343, 1.0291963, 0.8428807, 0.081657276]
[1.8797201, 0.9122249, 0.8858826, 0.08161256]
[1.8686272, 0.9728282, 0.8217679, 0.074030995]
[1.8326946, 0.83800787, 0.9088307, 0.08585608]
[2.0255532, 1.1937773, 0.74264944, 0.08912655]
[1.8618547, 0.8319839, 0.9416546, 0.08821614]
[1.7828776, 0.9061512, 0.79849946, 0.07822693]
[1.9809425, 1.0140492, 0.88001925, 0.08687396]
[1.8623247, 0.7535521, 1.0296627, 0.07910989]
[1.9408891, 0.9080663, 0.9586524, 0.07417044]
[2.1884017, 1.113893, 1.0001177, 0.07439099]
[1.7204328, 0.77044773, 0.88081026, 0.06917477]
[1.8848337, 0.8856796, 0.91980207, 0.07935205]
[1.9304979, 0.9827012, 0.8738302, 0.07396649]
[1.8095124, 0.85463595, 0.87793654, 0.076939836]
[2.0114427, 1.0952609, 0.83862704, 0.077554785]
[1.8694327, 0.8073211, 0.9856987, 0.07641296]
[1.7991396, 0.7411844, 0.9755472, 0.082408026]
[1.9575288, 1.0006571, 0.877317, 0.07955481]
[1.9463598, 0.82343185, 1.0472375, 0.07569043]
[1.8243467, 0.88187224, 0.8707466, 0.07172783]
[1.937398, 1.0243438, 0.8444388, 0.06861527]
[1.8141212, 0.7985906, 0.93774605, 0.07778455]
[1.7729607, 0.9050245, 0.7969351, 0.07100108]
[1.9506412, 0.946725, 0.91829973, 0.08561632]
[1.7701063, 0.892279, 0.8019389, 0.075888336]
[2.0300848, 0.95931625, 0.97830826, 0.09246032]
[1.9464042, 1.113385, 0.7487818, 0.0842374]
[1.7589487, 0.8720087, 0.8058303, 0.081109636]
[1.9626282, 1.042926, 0.82867956, 0.0910227]
[1.7914455, 0.86475664, 0.8426459, 0.084042996]
[1.9137836, 0.8569517, 0.9668958, 0.08993608]
[1.7605968, 0.7868452, 0.8922205, 0.08153109]
[1.9586805, 1.1678444, 0.7029511, 0.08788504]
[1.7765841, 0.69761455, 1.0025394, 0.076430246]
[1.9382217, 0.89032733, 0.9562334, 0.091661006]
[1.7867148, 0.8031125, 0.8891102, 0.09449202]
[1.9245218, 0.9898151, 0.84677637, 0.08793028]
[1.8031615, 0.8295646, 0.8828406, 0.09075627]
[1.8345221, 0.91727877, 0.8245965, 0.09264688]
[1.9652987, 0.8670482, 1.0075319, 0.09071847]
[1.8204768, 0.79038, 0.9327779, 0.0973189]
[1.8438923, 0.7952554, 0.95766246, 0.09097443]
[1.9565259, 0.934236, 0.9267585, 0.095531315]
[1.7238114, 0.67762196, 0.9583081, 0.08788129]
[1.8168575, 0.88091624, 0.83930564, 0.096635595]
[1.8268158, 0.94915473, 0.7887219, 0.088939205]
[1.7551334, 0.6202469, 1.0279229, 0.106963605]
[1.8979548, 0.8772843, 0.9010638, 0.11960675]
[2.0827646, 0.8349875, 1.1465867, 0.101190366]
[1.9024866, 1.0465771, 0.7547557, 0.10115385]
[1.8985317, 0.6503827, 1.1597362, 0.08841282]
[2.0028708, 1.3273417, 0.57766855, 0.097860605]
[1.7573304, 0.777769, 0.8924307, 0.087130666]
[1.8668066, 1.03787, 0.74718326, 0.081753395]
[1.7359722, 1.0057014, 0.6458795, 0.08439128]
[1.8706946, 0.7392472, 1.0282941, 0.10315331]
[2.0210667, 1.2352796, 0.6981789, 0.087608114]
[1.9213883, 0.7593647, 1.0766836, 0.08533992]
[2.0551305, 0.9320003, 1.0370202, 0.08611001]
[1.9511381, 1.0674791, 0.7976311, 0.08602796]
[1.8994378, 0.9808942, 0.8367284, 0.08181512]
[1.9825656, 0.9054284, 0.9961934, 0.080943875]
[2.0187693, 1.0625249, 0.87762123, 0.07862307]
[1.7440507, 0.7601894, 0.89975256, 0.084108874]
[1.9029443, 1.0726674, 0.74983835, 0.08043864]
[1.882537, 1.0085696, 0.7972349, 0.076732494]
[1.940083, 0.9081765, 0.95806867, 0.073837906]
[1.7596562, 0.7878982, 0.8887806, 0.08297747]
[1.9018731, 0.8678858, 0.95356053, 0.08042672]
[2.040345, 0.8759043, 1.0840085, 0.08043227]
[2.0070567, 1.0224116, 0.9055619, 0.07908316]
[1.9352264, 0.93850017, 0.9227907, 0.07393553]
[1.8633065, 0.89535713, 0.8889445, 0.07900487]
[1.8491942, 0.86796415, 0.9009533, 0.080276676]
[1.9123892, 0.93472385, 0.89586246, 0.08180283]
[1.8679366, 0.8363102, 0.95014894, 0.08147744]
[1.7529435, 0.8505964, 0.8117, 0.0906471]
[1.8553852, 0.7791413, 0.9900557, 0.08618821]
[2.0043585, 0.91455865, 1.001165, 0.088634804]
[1.911787, 0.88697326, 0.94377065, 0.081043154]
[1.9479494, 1.0072247, 0.8607456, 0.079979226]
[1.7618165, 0.87342924, 0.81195676, 0.07643054]
[1.8036797, 0.81869715, 0.9009411, 0.084041536]
[1.8458139, 0.9633147, 0.7950586, 0.08744059]
[1.9127411, 0.9872521, 0.8363862, 0.08910272]
[2.1974592, 1.1379616, 0.9740104, 0.08548717]
[2.019892, 1.0141597, 0.930175, 0.07555733]
[1.9780879, 0.9854045, 0.9171833, 0.075500175]
[2.0843816, 1.0000029, 1.0156773, 0.06870123]
[1.8779153, 0.97123253, 0.8431874, 0.063495256]
[1.8505114, 0.8781066, 0.9058722, 0.0665326]
[1.8402854, 0.7952557, 0.978791, 0.06623871]
[2.0246923, 0.9958534, 0.9538779, 0.07496095]
[1.869142, 1.0407593, 0.75916564, 0.06921714]
[1.8553883, 0.82990015, 0.95277953, 0.072708555]
[1.7698488, 0.8400321, 0.8624895, 0.06732726]
[1.8949108, 0.9314051, 0.8845409, 0.07896474]
[1.8947216, 0.8874531, 0.9332329, 0.07403565]
[1.9186842, 0.9904682, 0.85110307, 0.0771129]
[1.8417251, 0.845425, 0.91571665, 0.08058348]
[1.8888738, 0.99722904, 0.8108494, 0.080795266]
[1.7211967, 0.77243316, 0.86887395, 0.07988949]
[2.0238254, 1.0615517, 0.8797275, 0.0825463]
[1.7706425, 0.75613046, 0.94099486, 0.07351717]
[1.8987173, 0.88633084, 0.9256988, 0.08668771]
[2.0341532, 0.85687304, 1.0962343, 0.0810459]
[1.9635535, 1.0932862, 0.7859402, 0.08432725]
[1.8481128, 0.8578166, 0.9079611, 0.08233528]
[1.8978213, 0.7902585, 1.0419728, 0.06559007]
[1.891407, 0.9327774, 0.8801935, 0.07843617]
[1.8173267, 0.91775185, 0.814923, 0.08465179]
[1.9266281, 0.8355727, 1.0139118, 0.07714361]
[1.7386124, 0.88556504, 0.7718688, 0.08117852]
[1.8098124, 0.9123031, 0.8156259, 0.08188346]
[1.8730152, 0.9051284, 0.8774284, 0.09045835]
[1.8526161, 0.8364084, 0.9363853, 0.07982245]
[2.0341983, 0.9069739, 1.0387802, 0.08844429]
[1.9534912, 0.9146328, 0.9630827, 0.0757758]
[1.9391847, 1.0701725, 0.7906598, 0.07835238]
[1.8418561, 0.89752513, 0.8663822, 0.07794881]
[1.9353317, 0.95068854, 0.9101953, 0.07444787]
[1.8388531, 0.6697776, 1.0897357, 0.07933973]
[1.7768724, 0.972933, 0.7169037, 0.0870357]
[1.865408, 0.7663914, 1.0199873, 0.079029255]
[1.7527874, 0.80431646, 0.86668086, 0.08179003]
[1.9228175, 1.006558, 0.82940805, 0.08685142]
[1.8024257, 0.8790798, 0.8381547, 0.0851912]
[1.8591163, 0.81161207, 0.96078336, 0.08672096]
[1.7943788, 0.83269596, 0.8758757, 0.085807145]
[1.9070141, 0.79262507, 1.0128145, 0.1015746]
[2.038793, 1.0075783, 0.9429908, 0.08822417]
[1.7774792, 0.9287376, 0.7664233, 0.08231831]
[1.7403975, 0.74576086, 0.9064263, 0.088210404]
[2.1429238, 0.9658983, 1.0840074, 0.09301808]
[2.001827, 0.991677, 0.92532897, 0.08482107]
[1.6121577, 0.92359674, 0.60862374, 0.07993722]
[1.8010052, 0.82816434, 0.8805925, 0.09224827]
[1.9534031, 0.8026773, 1.0586548, 0.0920711]
[2.0795107, 0.8429537, 1.1422355, 0.09432155]
[1.8059111, 0.7910378, 0.9276849, 0.08718841]
[1.963647, 1.0108955, 0.87091583, 0.08183562]
[1.8559182, 1.0154505, 0.75954175, 0.08092593]
[2.006625, 1.0631332, 0.86295044, 0.080541305]
[1.9398041, 0.7169536, 1.1460811, 0.07676938]
[1.8789393, 1.015498, 0.7845958, 0.07884538]
[2.0429616, 1.0633388, 0.89993656, 0.0796863]
[1.8206621, 0.8991382, 0.84749055, 0.07403342]
[1.9569876, 0.8984691, 0.98682314, 0.071695305]
[1.8593667, 0.95007, 0.8311005, 0.07819608]
[1.8343356, 0.82573473, 0.9235346, 0.08506638]
[1.8831689, 0.90885156, 0.90494514, 0.06937221]
[2.0312543, 0.9500954, 1.0022937, 0.078865096]
[1.7430288, 0.7904069, 0.87398344, 0.07863842]
[1.8718077, 0.9580223, 0.8373853, 0.07640011]
[1.7029638, 0.78065246, 0.84441084, 0.07790049]
[1.8573605, 0.8575311, 0.91730624, 0.082523234]
[1.8483533, 0.8101194, 0.9589608, 0.079273134]
[1.8758686, 0.9808967, 0.8082325, 0.08673933]
[1.8486112, 0.7806409, 0.97787035, 0.090099946]
[1.7059584, 0.7582179, 0.85801744, 0.0897231]
[1.789598, 0.82046354, 0.87602735, 0.09310709]
[1.7616214, 0.7715472, 0.89211285, 0.09796135]
[2.1229115, 1.1064634, 0.91707283, 0.09937522]
[1.8065335, 0.75789475, 0.9578966, 0.09074208]
[1.7933078, 0.93624026, 0.76473904, 0.092328504]
[1.890132, 0.7371349, 1.0618569, 0.091140255]
[1.9919285, 0.9269026, 0.9675847, 0.09744103]
[1.9188498, 0.8571345, 0.976499, 0.08521623]
[2.0255492, 0.9747946, 0.96515673, 0.08559774]
[1.8204191, 0.7085096, 1.026244, 0.08566548]
[1.942143, 1.0318606, 0.82797617, 0.08230619]
[1.8056889, 0.7836427, 0.9389597, 0.0830865]
[1.7890673, 0.9115153, 0.79293764, 0.08461428]
[1.8363842, 0.9193176, 0.83344316, 0.08362344]
[1.7830939, 0.95913446, 0.7323754, 0.09158403]
[1.8899466, 0.7578617, 1.0410342, 0.09105077]
[1.7236278, 0.94311357, 0.6866325, 0.09388176]
[2.1359375, 1.0474445, 0.9903647, 0.09812842]
[1.9532894, 1.0658748, 0.80134714, 0.08606745]
[2.0981803, 1.2567389, 0.7563166, 0.08512469]
[1.9454908, 0.7815562, 1.0851955, 0.07873912]
[1.9301549, 0.9615732, 0.88303024, 0.08555147]
[1.9110062, 0.957367, 0.8727715, 0.08086771]
[1.7825074, 1.0063056, 0.7040054, 0.07219651]
[1.8509942, 0.88798815, 0.88673675, 0.07626925]
[1.7288599, 0.8508403, 0.80412984, 0.07388972]
[1.8347275, 0.81825674, 0.92682594, 0.08964494]
[1.7827413, 0.8482963, 0.8486644, 0.085780576]
[1.7995543, 0.8563105, 0.856842, 0.08640194]
[1.8258946, 1.0310793, 0.7040315, 0.09078386]
[2.0996788, 1.1006448, 0.8905773, 0.10845652]
[1.8760592, 0.8919401, 0.8929548, 0.091164246]
[1.830914, 0.94409454, 0.7970172, 0.08980231]
[1.9680136, 0.9280362, 0.9607856, 0.079191804]
[2.0151892, 0.9695202, 0.9581041, 0.087565035]
[1.7292792, 0.89739543, 0.74394923, 0.087934524]
[1.8594836, 0.78400075, 0.9884383, 0.08704465]
[1.8833209, 1.0733697, 0.71172345, 0.098227754]
[1.8635982, 0.6789392, 1.0892463, 0.09541268]
[1.835661, 0.916801, 0.8240413, 0.09481868]
[1.8109685, 0.8735403, 0.8414778, 0.09595048]
[1.6410112, 0.92468154, 0.6176223, 0.09870739]
[1.8313203, 0.8490704, 0.8805119, 0.10173796]
[1.8499924, 0.78393066, 0.9724411, 0.09362065]
[1.9054569, 0.8796133, 0.9181221, 0.10772143]
[1.7734071, 0.83951855, 0.8320416, 0.10184693]
[2.0007336, 1.0670824, 0.82973945, 0.10391171]
[1.8566334, 0.63424563, 1.1175565, 0.10483132]
[1.8236697, 0.9352528, 0.78357816, 0.10483868]
[1.9590038, 0.9659483, 0.88356304, 0.10949247]
[1.9312212, 0.79461414, 1.0317074, 0.10489969]
[1.8949084, 0.7442451, 1.0387193, 0.11194396]
[1.7050967, 0.87454104, 0.72685635, 0.10369931]
[1.6479275, 0.61091983, 0.9362782, 0.100729436]
[1.9733852, 1.1015294, 0.7488248, 0.123030975]
[1.9267207, 0.89203215, 0.92942345, 0.10526512]
[2.0270336, 0.69131106, 1.2127104, 0.12301199]
[1.993008, 1.0031308, 0.8888504, 0.101026915]
[1.7869458, 0.6703001, 1.0103717, 0.10627398]
[2.0382597, 1.2030938, 0.73029137, 0.104874656]
[2.0892823, 0.78313434, 1.2032893, 0.10285872]
[1.9613546, 1.0543946, 0.81396794, 0.092992075]
[1.9891446, 1.0822747, 0.8132746, 0.09359531]
[1.9906859, 0.9314873, 0.9778687, 0.08132994]
[1.9661304, 0.8922334, 0.9916522, 0.08224474]
[1.9876938, 0.97030747, 0.9387066, 0.078679815]
[1.9093577, 1.0026939, 0.81903017, 0.08763357]
[1.8783125, 0.8389722, 0.9607191, 0.07862114]
[1.8645682, 0.8434356, 0.93739855, 0.083733976]
[1.8189961, 1.0817661, 0.6558332, 0.0813967]
[1.8909452, 0.82372856, 0.9826434, 0.084573306]
[1.9073249, 0.93614024, 0.8908031, 0.08038156]
[1.8958777, 0.96769255, 0.8434907, 0.08469446]
[1.9544622, 0.9721949, 0.89435077, 0.08791646]
[1.7811713, 0.7868353, 0.9159041, 0.07843184]
[1.901404, 1.0635417, 0.7525147, 0.0853477]
[2.0259285, 0.9303733, 1.0100967, 0.08545847]
[1.902401, 0.9365023, 0.88691545, 0.07898329]
[1.7957978, 0.7940494, 0.92454034, 0.0772081]
[1.8529133, 0.96854454, 0.79482853, 0.0895401]
[1.7043383, 0.74198884, 0.8818972, 0.08045216]
[1.7804315, 0.76828146, 0.93013483, 0.08201522]
[1.953221, 0.8467107, 1.0136291, 0.092881165]
[1.7692661, 0.9376526, 0.7378315, 0.0937821]
[1.8447243, 0.7532301, 0.99396867, 0.0975255]
[2.035353, 1.0223764, 0.90949625, 0.10348044]
[1.7201871, 0.6583848, 0.9767661, 0.08503613]
[1.9212687, 0.88696027, 0.9408909, 0.093417466]
[1.7512939, 0.76565695, 0.8926736, 0.092963286]
[1.7853769, 0.81971693, 0.87002397, 0.095636055]
[2.1161425, 1.0440865, 0.9785421, 0.09351396]
[1.9117368, 0.92386955, 0.8990355, 0.08883182]
[1.8361033, 0.84849584, 0.89226794, 0.095339544]
[1.8193154, 0.8898604, 0.84074813, 0.088706926]
[1.9623256, 0.8300059, 1.041546, 0.09077373]
[1.9149479, 0.752571, 1.0717198, 0.09065716]
[1.7245327, 0.8110276, 0.8238181, 0.08968696]
[2.0500727, 1.1469202, 0.8051661, 0.09798631]
[2.0834336, 0.9205495, 1.0756695, 0.087214634]
[1.7372286, 0.7818839, 0.87100637, 0.08433847]
[1.9793574, 0.9414998, 0.96106124, 0.07679632]
[1.7689183, 0.87598497, 0.80393946, 0.08899385]
[1.8112414, 0.75980544, 0.9512528, 0.10018314]
[1.8901657, 0.8726601, 0.92725444, 0.090251096]
[1.8320225, 0.8722429, 0.8633039, 0.09647577]
[1.7726032, 0.79262733, 0.8939086, 0.086067155]
[1.6660045, 0.73555815, 0.8362003, 0.094246]
[1.8990369, 0.8963872, 0.8972279, 0.1054218]
[1.8477284, 1.1000613, 0.64652526, 0.10114178]
[2.0512357, 0.7695828, 1.1975921, 0.08406055]
[1.8560705, 1.0801296, 0.685958, 0.08998284]
[1.9624758, 0.8363334, 1.0313025, 0.09483993]
[1.6981658, 0.83338, 0.77188057, 0.09290511]
[1.8561338, 0.89598966, 0.8703478, 0.0897964]
[1.8510418, 0.6602627, 1.1029103, 0.08786887]
[1.8839107, 1.1174175, 0.6704873, 0.09600588]
[1.9801207, 0.79727155, 1.0907667, 0.09208248]
[1.972016, 1.096448, 0.7905694, 0.08499863]
[1.85424, 0.93252474, 0.8284465, 0.09326866]
[1.8119761, 0.97448754, 0.74545515, 0.09203334]
[1.8431885, 0.8351822, 0.91356903, 0.094437346]
[1.9972377, 1.0533476, 0.85509235, 0.08879787]
[1.9162297, 0.8065841, 1.0206723, 0.0889733]
[2.023406, 0.97076094, 0.9688144, 0.08383079]
[1.9542166, 1.0020076, 0.86743194, 0.08477704]
[1.8491966, 0.86946887, 0.9021685, 0.07755916]
[1.7266525, 0.8601968, 0.7839152, 0.082540415]
[2.005219, 0.9299938, 0.98694783, 0.08827722]
[1.6882211, 0.80190045, 0.8067992, 0.079521544]
[1.7504485, 0.89561594, 0.7582535, 0.09657912]
[1.7341123, 0.8008325, 0.8394957, 0.09378406]
[1.841238, 0.8673576, 0.8705486, 0.103331745]
[1.8030795, 0.8349037, 0.8722224, 0.095953345]
[1.7399386, 0.7037273, 0.9290477, 0.10716355]
[1.9324608, 1.1032358, 0.7212677, 0.107957214]
[1.8511496, 0.73372364, 1.0111561, 0.10626978]
[1.8672513, 0.84053826, 0.9247674, 0.10194567]
[1.7020298, 0.65473044, 0.94634986, 0.10094948]
[1.9293609, 1.145067, 0.6792697, 0.10502423]
[1.9303858, 0.8031891, 1.0361934, 0.09100343]
[1.5615995, 0.6526581, 0.811262, 0.09767942]
[1.8291422, 0.9299817, 0.7956147, 0.10354576]
[1.7307341, 0.73980975, 0.8921604, 0.09876392]
[1.9682262, 0.88635385, 0.9812467, 0.10062564]
[1.8607955, 1.0694042, 0.68899894, 0.10239232]
[1.8484936, 0.7274285, 1.0154675, 0.105597526]
[1.8752619, 0.8821565, 0.8841423, 0.10896316]
[1.8407912, 0.88110936, 0.85953736, 0.10014456]
[1.8519559, 0.7559481, 1.001723, 0.0942848]
[1.817444, 0.79647505, 0.9076814, 0.11328761]
[2.1022031, 1.13902, 0.8491394, 0.11404364]
[2.1118402, 0.8731917, 1.1423106, 0.09633788]
[1.8607672, 0.83954334, 0.9286449, 0.09257898]
[1.9581168, 0.9449762, 0.91764563, 0.095494986]
[1.8840406, 0.8201667, 0.97004837, 0.09382553]
[1.6253383, 0.70808935, 0.81452525, 0.102723666]
[1.7704799, 0.8694834, 0.80059165, 0.10040486]
[2.000859, 0.88859, 1.0112708, 0.10099817]
[1.9331869, 1.002532, 0.8316723, 0.09898257]
[1.9183408, 0.9713476, 0.84793097, 0.099062294]
[2.057368, 1.0171747, 0.94912016, 0.09107305]
[2.0157886, 1.0932686, 0.82855946, 0.09396057]
[1.9171255, 0.8545402, 0.9705195, 0.09206578]
[1.7227814, 0.8095226, 0.8239131, 0.08934572]
[1.8631788, 0.898263, 0.87224126, 0.09267456]
[1.9288269, 0.9709611, 0.86110026, 0.09676569]
[1.947107, 0.8707505, 0.982451, 0.09390549]
[1.9588709, 0.93717426, 0.93090785, 0.09078889]
[2.1990013, 0.9338765, 1.1796874, 0.085437395]
[1.7825371, 0.85902846, 0.8384958, 0.0850128]
[1.9006996, 0.8613671, 0.9530351, 0.086297415]
[1.8760257, 0.90337145, 0.8904849, 0.08216934]
[1.9757226, 0.8605552, 1.0348055, 0.08036179]
[1.7183989, 0.6400428, 0.99694264, 0.08141351]
[1.7204528, 0.8630233, 0.7739095, 0.08351998]
[1.8767675, 0.8070209, 0.9728419, 0.09690462]
[1.8778069, 0.9566585, 0.8336747, 0.08747366]
[1.7086174, 0.67778873, 0.941273, 0.089555725]
[1.9508766, 1.0621912, 0.80495805, 0.08372721]
[1.9446071, 0.7584863, 1.1025856, 0.083535306]
[1.9355037, 1.0189269, 0.82971656, 0.08686027]
[1.7757429, 0.7681979, 0.9118241, 0.09572093]
[1.8141074, 0.9781873, 0.74383533, 0.09208479]
[2.0471418, 0.90255404, 1.0463817, 0.098206066]
[2.0137472, 0.96702695, 0.95995045, 0.086769745]
[1.9806272, 1.0024598, 0.8926215, 0.08554594]
[1.9009253, 1.0740147, 0.74735206, 0.07955854]
[1.859777, 0.9451189, 0.83032334, 0.08433474]
[1.9165711, 0.8172043, 1.017674, 0.08169295]
[1.7060801, 0.79787636, 0.8229185, 0.08528531]
[1.9077396, 0.9537957, 0.86154747, 0.092396505]
[1.758404, 1.0468252, 0.6328036, 0.07877521]
[1.9592054, 0.9619125, 0.90421635, 0.09307642]
[2.0301304, 1.1043774, 0.84399295, 0.081760146]
[1.9834907, 0.9455894, 0.96242905, 0.07547224]
[1.9120917, 0.80791354, 1.020315, 0.083863094]
[1.7900484, 0.94075954, 0.76612854, 0.08316034]
[2.194042, 0.9888355, 1.1218112, 0.083395146]
[1.9805222, 0.96794796, 0.9405947, 0.071979545]
[1.8450972, 0.8486556, 0.9197163, 0.07672536]
[1.9567668, 0.8335082, 1.0402361, 0.083022654]
[1.8773884, 0.9671767, 0.8373394, 0.07287224]
[1.9480581, 0.9773895, 0.8991444, 0.07152416]
[2.0136123, 1.0114772, 0.926381, 0.07575397]
[1.956043, 0.9224309, 0.9617068, 0.07190537]
[1.7123151, 0.82559836, 0.81365836, 0.0730584]
[1.8607186, 0.9952133, 0.7941236, 0.07138174]
[1.7375441, 0.6390561, 1.022017, 0.07647091]
[1.9259553, 0.97869396, 0.87175155, 0.07550984]
[1.8760705, 0.8792411, 0.9255141, 0.07131535]
[1.7776166, 0.7287676, 0.97364205, 0.07520701]
[2.038694, 0.9965193, 0.9534683, 0.088706195]
[1.9770627, 0.98411393, 0.9183941, 0.07455471]
[1.8931825, 0.7095238, 1.1046518, 0.07900685]
[1.934997, 0.9343972, 0.92652285, 0.07407689]
[1.8632759, 0.91714346, 0.8715158, 0.074616514]
[1.8618332, 0.95063937, 0.8348595, 0.07633431]
[1.7223835, 0.7659361, 0.8709105, 0.08553695]
[1.9754968, 1.0074152, 0.88242316, 0.085658394]
[1.8261828, 0.7957634, 0.9590883, 0.07133114]
[1.8889351, 0.83686596, 0.97105026, 0.08101891]
[1.7324947, 0.93816805, 0.71644473, 0.07788198]
[1.8637817, 0.75742567, 1.0299661, 0.07638994]
[1.8229451, 0.8782829, 0.86013603, 0.08452618]
[1.6318879, 0.8024345, 0.7480509, 0.08140252]
[2.018679, 1.0450163, 0.88368165, 0.0899809]
[1.8651402, 0.9320819, 0.8498989, 0.0831594]
[1.7373772, 0.7988063, 0.85450214, 0.08406874]
[2.047911, 0.91497016, 1.0386987, 0.09424208]
[1.9550538, 0.93642807, 0.93483937, 0.08378631]
[1.8420011, 0.93165654, 0.8245163, 0.08582824]
[1.7561681, 0.9811244, 0.68611854, 0.08892515]
[1.958259, 1.0263531, 0.8437251, 0.08818078]
[2.0572128, 0.9353178, 1.0300655, 0.09182947]
[1.864385, 0.8074378, 0.9749224, 0.0820248]
[1.742866, 1.0449779, 0.6250783, 0.072809786]
[1.9206945, 0.8295357, 1.000406, 0.09075269]
[2.0475812, 0.91745776, 1.0476773, 0.0824462]
[1.8367809, 1.0579095, 0.6908971, 0.08797435]
[1.8617351, 0.749259, 1.030287, 0.082189105]
[1.8442019, 0.78204846, 0.9832758, 0.0788777]
[1.9575282, 0.9991842, 0.8711724, 0.08717169]
[1.9880036, 0.842185, 1.0692059, 0.0766127]
[1.903566, 0.85273695, 0.96562594, 0.08520305]
[1.9565718, 1.1482553, 0.72644603, 0.08187042]
[1.6403605, 0.7538196, 0.8102051, 0.0763358]
[1.7710537, 0.73479986, 0.95349777, 0.08275603]
[1.902924, 0.998174, 0.8214873, 0.08326253]
[1.8907312, 0.8618647, 0.94505197, 0.08381454]
[1.7207391, 0.732857, 0.90195477, 0.0859274]
[1.9051, 0.9437845, 0.8726412, 0.08867428]
[1.8321488, 0.7799566, 0.9553211, 0.096871175]
[1.906526, 0.7514373, 1.0584898, 0.096598886]
[1.78356, 0.84387463, 0.852036, 0.087649375]
[1.8419557, 0.82851374, 0.91594213, 0.09749985]
[2.012532, 0.90475273, 1.012018, 0.095761195]
[1.7867466, 0.79222906, 0.9041631, 0.09035447]
[2.0403368, 0.97815317, 0.97116005, 0.09102357]
[1.8076844, 0.7226124, 0.9851963, 0.09987566]
[1.8693979, 1.0346565, 0.74638015, 0.08836125]
[2.0155632, 1.006108, 0.92133117, 0.08812396]
[1.9062762, 0.9441961, 0.8851117, 0.07696846]
[1.8314223, 0.9020851, 0.8397714, 0.089565724]
[1.877458, 1.0063148, 0.7888198, 0.08232343]
[1.8929693, 0.7048199, 1.097329, 0.09082027]
[2.0362434, 1.2456626, 0.69743854, 0.09314221]
[1.9961228, 0.8823974, 1.0331203, 0.08060512]
[1.901095, 0.94855726, 0.8793654, 0.073172435]
[1.9046326, 1.0845081, 0.74119735, 0.078927144]
[1.7935929, 0.8124293, 0.8997735, 0.08139016]
[2.013583, 1.1277804, 0.8089441, 0.076858506]
[1.9638605, 1.0318229, 0.86284477, 0.06919284]
[1.8501781, 0.9495375, 0.8282688, 0.07237183]
[1.8132995, 0.8741063, 0.86102843, 0.078164786]
[1.8545908, 1.0004809, 0.7810776, 0.07303229]
[1.7701961, 0.86907804, 0.8116019, 0.08951613]
[1.955529, 1.14285, 0.7235631, 0.0891158]
