[1.9216375, 0.85067165, 0.9745703, 0.09639564]
[1.9055713, 0.78826916, 1.0405945, 0.07670775]
[1.9931388, 0.9412916, 0.9566321, 0.095215105]
[2.1262767, 0.9847402, 1.0430287, 0.09850797]
[1.7811193, 0.7538938, 0.93504304, 0.09218249]
[1.9754833, 1.0195491, 0.8627728, 0.09316136]
[2.0328403, 0.9362711, 1.0087814, 0.08778769]
[1.7426472, 0.77142525, 0.90092397, 0.07029796]
[1.8771659, 1.0632839, 0.7161131, 0.0977689]
[1.791405, 0.7671035, 0.9275666, 0.096734844]
[1.5490785, 0.70026934, 0.7780091, 0.07080006]
[1.7770454, 0.8934511, 0.78397954, 0.09961471]
[1.8595213, 0.92873794, 0.8372997, 0.09348361]
[2.1435714, 1.1619692, 0.8903874, 0.0912147]
[1.9820948, 0.9211674, 0.96523505, 0.09569235]
[2.0114598, 0.57920545, 1.351358, 0.08089629]
[1.797207, 1.0369666, 0.669331, 0.09090938]
[1.6780725, 0.9161518, 0.672056, 0.089864634]
[1.6480652, 0.76431274, 0.7887335, 0.09501901]
[1.8428859, 0.94011164, 0.8003364, 0.1024379]
[1.8347368, 0.72523326, 1.0220585, 0.08744498]
[2.0258772, 1.2070663, 0.7188022, 0.100008756]
[1.9651082, 0.8416189, 1.0312731, 0.09221612]
[1.8644463, 1.1352288, 0.62926173, 0.09995578]
[1.8086917, 0.8121575, 0.8925072, 0.10402706]
[1.7131822, 0.8303059, 0.79938, 0.08349629]
[1.8099406, 1.0428896, 0.67314607, 0.09390502]
[1.7654335, 0.9251703, 0.735634, 0.104629226]
[1.8669758, 0.90318435, 0.85866475, 0.10512656]
[1.8771122, 0.8819128, 0.8988149, 0.09638444]
[1.815335, 0.8342459, 0.8883405, 0.09274861]
[1.8273346, 0.7900732, 0.93396026, 0.10330121]
[1.8607231, 0.86685777, 0.8814051, 0.11246029]
[1.8563752, 0.9064177, 0.8351571, 0.11480047]
[2.1345649, 0.996228, 1.0375357, 0.100801185]
[1.7200819, 0.6854954, 0.9257959, 0.108790606]
[1.9467412, 0.8678543, 0.978032, 0.10085502]
[1.8937347, 0.9729057, 0.8275596, 0.09326929]
[1.9139912, 0.8764138, 0.93737614, 0.100201264]
[1.8646263, 0.98910886, 0.7734004, 0.10211691]
[1.9793992, 0.8652257, 1.0083051, 0.105868444]
[1.9477841, 0.82173264, 1.0314976, 0.09455387]
[1.8358836, 0.73041415, 0.994398, 0.11107146]
[1.8494083, 0.764727, 0.9840011, 0.10068019]
[2.005599, 0.89553785, 1.0065992, 0.10346207]
[2.141613, 0.97679734, 1.0664271, 0.09838869]
[1.9284484, 0.775627, 1.0640925, 0.088728935]
[1.8134453, 0.9289235, 0.7860094, 0.09851238]
[2.0079422, 1.0140119, 0.8990048, 0.09492555]
[1.9592521, 0.9332625, 0.9278758, 0.098113716]
[1.7160506, 0.6919067, 0.95291114, 0.071232826]
[2.0267425, 0.9502109, 0.97197175, 0.10455985]
[1.7951963, 0.8473078, 0.85722256, 0.09066594]
[1.816813, 0.7553753, 0.96833587, 0.09310171]
[1.9277948, 0.8741364, 0.94425607, 0.10940231]
[1.7954929, 0.7597319, 0.9402963, 0.095464766]
[1.7638209, 1.0640754, 0.5950948, 0.104650795]
[1.9498402, 0.9553111, 0.8884862, 0.10604288]
[1.9106297, 0.76464784, 1.058043, 0.0879389]
[1.8412263, 0.8353478, 0.8995515, 0.10632709]
[1.8299377, 0.9170718, 0.8037858, 0.10908002]
[1.8701974, 0.8824986, 0.8786745, 0.109024316]
[1.988049, 1.006958, 0.8732052, 0.10788587]
[1.9254185, 0.92447335, 0.8974811, 0.10346405]
[1.7765589, 0.75481766, 0.9413216, 0.08041957]
[2.175715, 1.4966097, 0.57351947, 0.10558574]
[1.8883368, 0.77564436, 1.028885, 0.08380738]
[1.8221166, 0.9761925, 0.7500876, 0.09583649]
[2.1022043, 1.0854774, 0.9223959, 0.094331086]
[1.8482779, 0.82783663, 0.93104476, 0.089396596]
[1.8912753, 0.92329246, 0.89131576, 0.076667115]
[1.968288, 1.213557, 0.66170275, 0.09302821]
[1.9015217, 0.8983408, 0.91083896, 0.09234184]
[1.9950509, 0.9761472, 0.92159104, 0.09731272]
[1.8183385, 0.69068015, 1.0424166, 0.08524184]
[2.0926626, 1.1635773, 0.8248906, 0.104194716]
[1.7870327, 0.850189, 0.84918153, 0.087662235]
[1.9358205, 0.9646122, 0.8773749, 0.09383329]
[2.0009909, 1.035824, 0.8812219, 0.0839451]
[1.8965517, 0.81138813, 1.0036564, 0.08150725]
[1.9426298, 0.8287838, 1.0177505, 0.09609561]
[1.9066887, 0.869664, 0.9516733, 0.0853513]
[1.9757155, 0.86832094, 1.0180571, 0.089337476]
[1.9578702, 0.8351246, 1.0275255, 0.09522003]
[1.829207, 0.7612506, 0.9785649, 0.089391515]
[1.8664975, 0.86109793, 0.9087636, 0.096636005]
[1.7816098, 0.7966881, 0.8878318, 0.097089946]
[1.9990041, 1.0465155, 0.8556209, 0.09686774]
[1.8932022, 0.9384033, 0.86254215, 0.09225665]
[1.7934401, 0.8299743, 0.88771653, 0.07574923]
[1.7918366, 0.8453624, 0.8636496, 0.08282464]
[1.7466124, 0.9212218, 0.737955, 0.08743556]
[2.0187376, 1.0185676, 0.90639806, 0.09377198]
[2.0076895, 0.9549504, 0.9573374, 0.09540171]
[1.9627289, 0.91173625, 0.95901597, 0.09197667]
[1.9933023, 0.9647405, 0.9443877, 0.084174104]
[1.8318187, 0.71220696, 1.0375408, 0.082070984]
[1.7591864, 0.88746893, 0.7829021, 0.08881529]
[1.8415751, 0.74523026, 1.0002851, 0.096059784]
[1.7988933, 0.8346418, 0.87089574, 0.093355805]
[1.8556626, 0.9723828, 0.78915524, 0.09412459]
[1.7566495, 0.76481575, 0.90567243, 0.08616134]
[1.9134018, 0.9218114, 0.89341336, 0.09817711]
[1.7635427, 0.7828387, 0.87850916, 0.1021948]
[1.8520626, 0.7867944, 0.96177167, 0.10349642]
[1.8483888, 0.719859, 1.0197469, 0.10878287]
[1.8698448, 0.90497035, 0.8586464, 0.10622802]
[2.02461, 0.79615444, 1.1228523, 0.10560329]
[1.9293318, 1.0198308, 0.80460465, 0.104896344]
[1.8919091, 0.8324636, 0.95632035, 0.103125095]
[1.9129853, 0.8925499, 0.91884196, 0.101593435]
[1.8830631, 1.0198764, 0.76182073, 0.10136607]
[1.9651108, 0.96628696, 0.9071175, 0.09170632]
[1.8503608, 0.873265, 0.89352167, 0.08357406]
[1.9292588, 0.98679733, 0.8466173, 0.09584426]
[1.8713614, 0.8740292, 0.90020275, 0.09712947]
[1.7911701, 0.8959265, 0.80460066, 0.09064295]
[1.7042838, 0.76078147, 0.87237334, 0.071128964]
[1.7342224, 1.0348856, 0.5938766, 0.10546014]
[1.7310281, 0.78939605, 0.8451709, 0.09646103]
[1.6578398, 0.74680495, 0.83543634, 0.07559847]
[1.8568612, 1.0788333, 0.6663954, 0.111632414]
[2.003253, 0.89020145, 1.0090258, 0.10402566]
[1.8087091, 0.8790223, 0.8201222, 0.109564714]
[1.9599936, 0.7650825, 1.0879239, 0.10698729]
[1.799333, 0.7468215, 0.9643904, 0.08812101]
[1.7964009, 0.8085561, 0.88170457, 0.106140286]
[1.7022996, 0.83949786, 0.76286924, 0.09993247]
[1.8580226, 0.9180368, 0.82858825, 0.11139755]
[1.6765957, 0.7495829, 0.7942853, 0.13272752]
[1.6517477, 0.7008581, 0.84426564, 0.106623895]
[1.9101398, 0.8486574, 0.93667954, 0.12480278]
[2.0215898, 0.78132755, 1.1161994, 0.12406266]
[2.0849984, 0.9061836, 1.0619105, 0.11690416]
[1.7800862, 0.78147966, 0.8954839, 0.103122585]
[1.7431098, 0.9788797, 0.648991, 0.11523917]
[2.11794, 0.82369787, 1.1730943, 0.121147804]
[2.058311, 0.99368817, 0.96678495, 0.097838044]
[1.9768441, 0.8575968, 1.0158247, 0.103422634]
[1.8178568, 1.0152922, 0.6909585, 0.111606136]
[1.7623042, 0.7911731, 0.8628175, 0.108313575]
[2.0154638, 1.0931593, 0.8158377, 0.106466785]
[1.9586384, 1.0372202, 0.812219, 0.109199144]
[1.8583945, 0.9516654, 0.7915617, 0.11516739]
[1.840365, 0.6971116, 1.0470431, 0.09621033]
[1.9535849, 1.2436689, 0.5985158, 0.11140017]
[2.0096307, 0.9575004, 0.93368846, 0.11844173]
[1.8943281, 0.9995919, 0.7909834, 0.103752896]
[1.9222941, 1.0812242, 0.7488979, 0.09217199]
[1.7231756, 0.7261442, 0.90669, 0.09034146]
[1.6629906, 0.8977294, 0.6586815, 0.10657972]
[1.8474485, 0.91574514, 0.8267058, 0.10499757]
[1.7343912, 0.80733263, 0.8467399, 0.08031872]
[1.8292592, 1.1141794, 0.6063122, 0.10876751]
[1.8350412, 0.7963432, 0.93234706, 0.1063509]
[1.7951825, 0.84566694, 0.8369958, 0.112519756]
[1.8915114, 0.7739966, 0.99931556, 0.11819939]
[1.6702021, 0.8261912, 0.73188925, 0.11212165]
[1.9461975, 0.87367713, 0.95742214, 0.11509821]
[1.8311344, 0.7851931, 0.94809693, 0.09784452]
[1.8609458, 0.98338944, 0.7631479, 0.114408456]
[2.0846138, 0.8473766, 1.1235904, 0.113646805]
[1.6870608, 0.7493483, 0.8461082, 0.09160432]
[1.8860893, 0.7413783, 1.0514462, 0.09326481]
[1.9759829, 1.1239426, 0.7400324, 0.11200787]
[1.638032, 0.6887897, 0.850455, 0.098787285]
[1.7318747, 0.8990927, 0.73125786, 0.10152409]
[1.8072748, 0.7859057, 0.8993431, 0.12202599]
[2.0551407, 0.9892545, 0.9428437, 0.12304248]
[1.8123128, 0.5788537, 1.1599417, 0.0735174]
[1.9116981, 1.1923162, 0.6092341, 0.110147804]
[1.7226545, 0.8372802, 0.7789882, 0.10638605]
[2.034309, 0.9231667, 0.9987355, 0.112406805]
[1.6464164, 0.66328603, 0.86568725, 0.1174431]
[2.0119662, 0.9766183, 0.9334992, 0.10184866]
[1.871794, 0.90569985, 0.8587476, 0.10734649]
[1.7922843, 0.74353313, 0.93816066, 0.110590406]
[1.8612117, 0.97548467, 0.77100444, 0.11472262]
[1.981965, 0.80534166, 1.0708847, 0.105738476]
[2.005822, 0.891654, 1.0042144, 0.10995349]
[1.7633625, 0.73092556, 0.9433695, 0.089067474]
[1.7230803, 0.9726775, 0.64036703, 0.11003575]
[1.8855612, 0.7934133, 0.99621636, 0.095931485]
[2.0211535, 1.2164176, 0.68531024, 0.11942567]
[1.8951113, 0.9879414, 0.80946463, 0.09770532]
[1.7525195, 0.89518243, 0.7553248, 0.10201226]
[1.864103, 0.8351056, 0.94119346, 0.087803945]
[1.944962, 1.0277649, 0.80724144, 0.10995562]
[2.0029066, 0.7881326, 1.1050515, 0.10972227]
[1.8669658, 1.0263929, 0.74421686, 0.09635592]
[1.7584177, 0.8268928, 0.82664174, 0.10488314]
[1.9865905, 0.72019625, 1.1564019, 0.109992415]
[1.8635513, 0.9688318, 0.79201627, 0.10270319]
[1.9834626, 0.9563198, 0.91836846, 0.10877425]
[1.776945, 1.0339189, 0.6499882, 0.093038015]
[1.9629453, 0.90737283, 0.9634409, 0.09213157]
[1.9703373, 1.0833226, 0.7821581, 0.1048566]
[1.7779018, 0.90871155, 0.76917195, 0.10001829]
[1.761834, 0.94145155, 0.7190428, 0.10133968]
[1.7125083, 0.8589725, 0.75613904, 0.097396754]
[1.9319688, 0.96409047, 0.85977936, 0.108098954]
[1.7937031, 0.89496917, 0.78804606, 0.11068781]
[2.317608, 1.0731835, 1.1464276, 0.09799705]
[1.934966, 0.8651484, 0.95721924, 0.11259831]
[1.7169265, 0.81667155, 0.7987395, 0.10151538]
[1.8860058, 0.96303177, 0.8069843, 0.11598969]
[2.182615, 0.89594084, 1.1769285, 0.10974574]
[1.854834, 1.0418696, 0.7118054, 0.10115898]
[1.728505, 0.7195546, 0.9063513, 0.10259904]
[1.7566975, 0.6214056, 1.0725188, 0.062773146]
[1.9639534, 1.173595, 0.68748707, 0.10287134]
[2.0082188, 0.853136, 1.0702995, 0.0847832]
[1.9941111, 1.1461285, 0.75005555, 0.09792693]
[1.7883159, 0.79948425, 0.8893374, 0.09949425]
[1.9744025, 0.7828228, 1.103281, 0.08829865]
[1.8598025, 1.0191413, 0.75374436, 0.08691686]
[2.0079353, 0.94980097, 0.95084226, 0.10729213]
[1.7253737, 0.6789088, 0.9405516, 0.105913356]
[1.9058243, 0.77080536, 1.0425148, 0.092504114]
[1.8187845, 0.9388586, 0.7987089, 0.08121697]
[1.8631253, 0.9753933, 0.78173673, 0.10599525]
[1.9697572, 0.9471633, 0.9121901, 0.1104039]
[1.9741373, 0.80493146, 1.0693057, 0.09990029]
[1.9187213, 0.87280875, 0.94935834, 0.0965542]
[1.8666536, 0.84519696, 0.9235917, 0.09786494]
[2.0321553, 0.89332783, 1.0408816, 0.09794591]
[1.7731286, 0.93833095, 0.7375262, 0.09727159]
[1.736053, 0.9570865, 0.68297815, 0.09598833]
[1.8603063, 0.89938104, 0.8650224, 0.095902786]
[1.8335518, 0.9989004, 0.7297851, 0.10486622]
[1.8476285, 0.7455801, 1.0125768, 0.08947161]
[1.8022822, 0.92843556, 0.77596295, 0.09788375]
[1.8594269, 0.88357157, 0.8659369, 0.10991853]
[1.9400731, 0.7629066, 1.0701342, 0.107032366]
[1.8192184, 1.016036, 0.69527626, 0.10790609]
[1.9640142, 0.8834695, 0.97214025, 0.10840438]
[1.819829, 0.91262126, 0.8100536, 0.09715411]
[1.6509525, 0.80382323, 0.7513495, 0.09577975]
[1.7245045, 0.86469436, 0.7624437, 0.09736636]
[1.828926, 0.9623425, 0.76079476, 0.10578869]
[1.8490705, 0.72969186, 1.0016928, 0.117685944]
[1.8053116, 0.88335323, 0.8175914, 0.10436687]
[2.1435857, 0.90015495, 1.1632478, 0.08018291]
[2.2430508, 1.2434995, 0.88796973, 0.111581646]
[1.8459136, 0.642502, 1.1203923, 0.08301926]
[1.7317427, 0.74086106, 0.8865994, 0.10428224]
[2.003392, 0.97189605, 0.92415285, 0.10734302]
[1.5798336, 0.723791, 0.74803925, 0.10800335]
[1.8346652, 0.7666477, 0.969205, 0.09881245]
[1.7325153, 0.76051426, 0.8665612, 0.10543992]
[1.8939595, 0.88057494, 0.90719557, 0.10618906]
[1.8474462, 0.8367847, 0.9014306, 0.109230846]
[1.8164465, 0.8076579, 0.90191793, 0.10687062]
[2.0140955, 0.79581106, 1.1437142, 0.07457039]
[1.9723282, 1.2767166, 0.5918952, 0.10371633]
[2.106162, 0.8383616, 1.1691048, 0.09869573]
[2.0782502, 0.9554696, 1.0238749, 0.09890568]
[1.8559822, 0.8399526, 0.9245484, 0.091481164]
[1.8657349, 0.9880488, 0.7939556, 0.08373055]
[1.8924717, 1.0161041, 0.7916952, 0.08467228]
[1.7650346, 0.7236402, 0.9476048, 0.09378962]
[1.9187045, 0.91163176, 0.9227004, 0.0843723]
[1.848053, 0.781659, 0.9759598, 0.090434164]
[1.9367741, 1.0611672, 0.77571917, 0.09988773]
[1.9697906, 0.9739223, 0.90564924, 0.09021902]
[1.9062034, 0.9523684, 0.86780906, 0.08602599]
[1.9095881, 0.94552815, 0.8728913, 0.09116865]
[1.7786679, 0.9111614, 0.77719843, 0.09030811]
[1.9257045, 0.9992026, 0.83403456, 0.092467286]
[1.9053136, 0.98553866, 0.8091067, 0.11066832]
[1.9380181, 0.9443991, 0.9011664, 0.092452526]
[1.9370823, 0.9241761, 0.92404354, 0.088862635]
[1.8200749, 0.85671616, 0.8698594, 0.09349932]
[2.0731337, 1.1393445, 0.8387277, 0.095061585]
[1.883626, 0.9184967, 0.8685383, 0.09659101]
[1.8600996, 0.7977689, 0.9759763, 0.086354434]
[1.8304744, 1.040801, 0.6939875, 0.095685825]
[1.7957138, 0.8182072, 0.8893841, 0.08812254]
[1.8494315, 0.8621676, 0.89629835, 0.09096549]
[1.9810505, 0.8992275, 0.9889928, 0.09283024]
[1.9640093, 0.93366605, 0.9397784, 0.09056485]
[1.9523709, 0.8573607, 1.004952, 0.09005816]
[1.945949, 0.99521863, 0.8498242, 0.10090611]
[1.8094326, 0.8512888, 0.8643501, 0.09379373]
[1.9150091, 0.9249867, 0.9044559, 0.08556652]
[2.0119364, 1.0169139, 0.9046982, 0.090324484]
[1.832503, 0.94627905, 0.7919624, 0.09426155]
[2.0180886, 0.89598167, 1.0383654, 0.08374158]
[1.8074445, 0.71920073, 1.0103996, 0.07784411]
[1.8634918, 0.8324094, 0.942541, 0.0885414]
[1.8631762, 1.0053406, 0.7550796, 0.10275607]
[1.9194854, 0.6670743, 1.1692069, 0.0832043]
[1.9577185, 1.1493498, 0.71390283, 0.09446588]
[1.9428334, 0.8941923, 0.96300817, 0.085633084]
[1.8718318, 0.9523567, 0.8306866, 0.08878834]
[1.8021405, 0.7666657, 0.95842403, 0.07705063]
[2.048159, 1.0253748, 0.92188644, 0.100897774]
[1.9856542, 1.1454494, 0.75217676, 0.08802804]
[1.989001, 0.91226137, 0.9953824, 0.08135721]
[1.6953127, 0.79824555, 0.81566215, 0.08140504]
[1.9383274, 0.82300574, 1.0261257, 0.0891961]
[1.778609, 0.96297777, 0.72564805, 0.089983195]
[1.979737, 0.85513264, 1.0398445, 0.08476001]
[1.9254972, 0.9474695, 0.89281535, 0.08521232]
[1.768948, 0.89686763, 0.78002506, 0.0920552]
[1.884945, 0.9244782, 0.8730886, 0.08737823]
[1.8335788, 0.8745949, 0.87559265, 0.08339125]
[1.67265, 0.76855505, 0.82727176, 0.07682307]
[1.791719, 0.8573235, 0.8401756, 0.09421986]
[1.908582, 0.96799815, 0.84360826, 0.09697561]
[1.9435917, 0.92789733, 0.9219818, 0.09371256]
[1.7249776, 0.77563655, 0.86316067, 0.08618038]
[1.9759066, 0.99312055, 0.8876453, 0.095140755]
[1.9540753, 0.8156619, 1.0440323, 0.09438105]
[1.7020537, 0.82741916, 0.8017626, 0.07287191]
[2.0254383, 1.0573709, 0.87035924, 0.097708136]
[1.6055061, 0.7045506, 0.8268961, 0.074059315]
[1.9476004, 1.0235167, 0.83402264, 0.09006111]
[2.0855186, 1.0736139, 0.91054755, 0.101357155]
[1.7037314, 0.70767725, 0.8998987, 0.096155554]
[1.8786116, 0.88669974, 0.9030824, 0.088829525]
[1.6831673, 0.7948135, 0.8036711, 0.08468266]
[1.8178837, 1.0040561, 0.73049736, 0.08333033]
[1.7726308, 0.8838521, 0.7900841, 0.098694526]
[1.6689415, 0.67154664, 0.8906972, 0.106697686]
[1.7192554, 0.80606425, 0.7970575, 0.116133675]
[1.9476982, 1.0307863, 0.8070512, 0.10986081]
[1.8813046, 0.6467489, 1.1498128, 0.08474286]
[1.8771645, 0.93479645, 0.8451939, 0.097174]
[1.8464196, 0.8369549, 0.90597063, 0.10349405]
[2.0646284, 0.98416597, 0.9866883, 0.093774036]
[1.7322963, 0.7011109, 0.93093556, 0.10024993]
[1.728001, 0.7729621, 0.8456774, 0.10936156]
[1.9358121, 0.8308929, 0.9960128, 0.108906426]
[2.0524786, 1.1170479, 0.8240195, 0.11141099]
[1.9231465, 0.92900306, 0.8926507, 0.1014927]
[1.8444302, 0.7599897, 0.9889177, 0.09552291]
[2.0872989, 0.99499536, 0.9983773, 0.093926206]
[1.7333287, 0.6398986, 1.0090089, 0.08442125]
[1.926181, 1.0731113, 0.759307, 0.09376265]
[1.7413124, 0.7257693, 0.91932046, 0.09622261]
[1.731624, 0.71285856, 0.93364805, 0.08511746]
[1.7209424, 0.8581675, 0.7605442, 0.10223067]
[1.7594754, 0.8319187, 0.83069897, 0.09685764]
[1.9203926, 1.0242189, 0.79319257, 0.10298124]
[1.6610935, 0.65853006, 0.8917351, 0.110828385]
[1.8386292, 1.0703077, 0.650235, 0.11808659]
[1.8646979, 0.8578106, 0.8909686, 0.11591868]
[2.0421922, 0.92795753, 1.0011934, 0.11304123]
[1.7362401, 1.0006814, 0.63740396, 0.0981548]
[2.0717597, 0.9651289, 1.0046543, 0.10197658]
[1.9339341, 1.0974233, 0.71951294, 0.11699786]
[1.9870406, 0.6836567, 1.1929617, 0.11042229]
[1.909154, 1.101238, 0.7001375, 0.107778504]
[1.8673127, 0.972926, 0.7894943, 0.10489231]
[1.9324706, 1.138304, 0.69272006, 0.101446465]
[1.9191078, 0.88797253, 0.9333576, 0.09777777]
[1.9052558, 1.004218, 0.79994476, 0.101093024]
[2.0488026, 0.9062093, 1.0415318, 0.10106152]
[2.0212407, 1.0675032, 0.855173, 0.09856439]
[1.9574796, 0.77375734, 1.0943224, 0.0893998]
[1.7288693, 0.79497063, 0.8363127, 0.09758606]
[2.0657167, 1.1625762, 0.80979526, 0.09334533]
[1.9735426, 0.86849695, 1.0098827, 0.095162995]
[2.1574693, 0.9057577, 1.1720474, 0.079664156]
[1.7905267, 0.82677495, 0.8837722, 0.0799795]
[1.9012417, 0.9814216, 0.82988214, 0.089937955]
[1.6132283, 0.81318027, 0.7044984, 0.095549524]
[1.9164205, 0.79050964, 1.0353005, 0.090610206]
[1.9164834, 1.0874524, 0.72723544, 0.10179556]
[1.9199376, 0.7428118, 1.1051238, 0.072002]
[1.8188874, 1.0903039, 0.6367092, 0.09187429]
[1.8746437, 0.98319656, 0.8066559, 0.0847913]
[1.6680914, 0.6831337, 0.89782494, 0.087132774]
[1.8904119, 0.91738695, 0.8740388, 0.098986134]
[2.0791585, 0.9718855, 1.0037031, 0.103569984]
[1.9818077, 0.93889844, 0.94927746, 0.0936317]
[1.8096626, 0.8896285, 0.8255334, 0.09450066]
[1.9860861, 0.8204273, 1.0670902, 0.09856874]
[1.8014473, 0.9997027, 0.71037996, 0.091364674]
[1.8708822, 0.7808987, 1.0116236, 0.07835987]
[1.9484391, 1.1172338, 0.72306037, 0.10814497]
[1.9814166, 0.8585216, 1.0192814, 0.1036136]
[1.7286, 0.8518862, 0.7796612, 0.0970526]
[2.0336154, 1.0011015, 0.9324868, 0.100027]
[1.7348865, 0.6815398, 0.95333004, 0.10001666]
[1.8309627, 0.6807884, 1.057702, 0.092472345]
[1.9084853, 0.92046934, 0.8922614, 0.09575449]
[1.7581322, 0.7623395, 0.91688746, 0.078905314]
[1.947707, 0.7903189, 1.0610186, 0.09636961]
[2.0803463, 1.1612362, 0.8177631, 0.101347044]
[2.019139, 1.081279, 0.85785484, 0.080005124]
[2.0277586, 0.9194511, 1.025823, 0.08248438]
[1.8663735, 0.9816681, 0.7957337, 0.088971734]
[1.8760718, 0.7942622, 1.0065424, 0.07526724]
[1.8614433, 0.93353367, 0.84804475, 0.07986485]
[1.9043219, 0.89621997, 0.93095887, 0.07714304]
[1.655086, 0.74045277, 0.84269536, 0.07193797]
[1.8323972, 0.9848626, 0.76179606, 0.08573848]
[1.938483, 0.88944495, 0.9554038, 0.09363419]
[1.8282835, 0.96003723, 0.78791124, 0.08033508]
[1.9058347, 1.0073473, 0.8133937, 0.08509365]
[1.9835811, 1.1255503, 0.77332115, 0.084709644]
[1.9317398, 0.82813096, 1.0209303, 0.08267851]
[2.0442336, 0.7320329, 1.2441878, 0.06801273]
[1.8120023, 0.9052247, 0.8254285, 0.081349105]
[1.7533606, 0.7575397, 0.910144, 0.085677]
[1.9485246, 0.84610516, 1.0176849, 0.08473456]
[1.9282372, 0.9756235, 0.8659882, 0.08662559]
[1.70576, 0.64948267, 0.9598236, 0.09645367]
[1.7624309, 0.67130065, 1.0069458, 0.08418436]
[1.7830303, 0.67192256, 1.0179356, 0.09317206]
[1.8251463, 0.97004807, 0.7671639, 0.087934345]
[1.9109279, 0.85968775, 0.95695794, 0.09428224]
[1.9317132, 0.95416933, 0.8683429, 0.10920112]
[1.9907221, 1.0232711, 0.8740965, 0.093354434]
[1.9997467, 0.8742926, 1.0313096, 0.094144434]
[1.76958, 0.7505974, 0.92166185, 0.09732072]
[1.8316883, 0.8699646, 0.868894, 0.092829734]
[1.7957484, 0.7459347, 0.9384488, 0.11136483]
[1.6114324, 0.807747, 0.69858533, 0.10510005]
[1.8498787, 0.8539262, 0.89074844, 0.10520396]
[1.8311882, 0.85217047, 0.88979894, 0.08921886]
[1.8140371, 0.96155995, 0.7511892, 0.101288006]
[1.9762272, 0.8504744, 1.0129509, 0.112801895]
[1.8372407, 0.9508387, 0.78118217, 0.1052198]
[1.8057622, 0.7632563, 0.9393998, 0.10310614]
[1.6936109, 0.89203864, 0.70991814, 0.091654085]
[1.8716483, 0.8450872, 0.917956, 0.108605154]
[1.9146702, 0.96067184, 0.83544225, 0.11855611]
[1.9558846, 0.7878293, 1.0561212, 0.11193405]
[1.9827971, 1.092409, 0.763873, 0.12651515]
[1.8795472, 0.8742216, 0.8910594, 0.11426629]
[1.9271336, 0.7323264, 1.0931706, 0.10163647]
[1.7449827, 0.79239553, 0.8377845, 0.11480255]
[1.995174, 0.96396244, 0.91944987, 0.111761704]
[1.8737757, 0.8677858, 0.89964557, 0.10634434]
[1.8832188, 1.1743474, 0.5947467, 0.114124626]
[1.5025876, 0.73811615, 0.66421425, 0.1002572]
[1.8554116, 0.8388257, 0.9182858, 0.09830007]
[1.8454618, 1.0785153, 0.65679723, 0.110149354]
[2.1819205, 1.0792166, 0.9833213, 0.11938257]
[1.8387423, 0.42119303, 1.352148, 0.065401256]
[2.077933, 1.3832831, 0.58587, 0.10877991]
[1.8699607, 0.8864287, 0.88042295, 0.10310899]
[1.8671613, 0.8943545, 0.86768776, 0.105118945]
[1.8611395, 0.88774085, 0.8633589, 0.110039756]
[1.8062313, 0.8998752, 0.79717934, 0.10917665]
[1.7426436, 0.8965194, 0.74364936, 0.10247481]
[1.6970472, 0.96566784, 0.6364473, 0.09493205]
[1.7318342, 0.8336982, 0.801353, 0.09678292]
[1.7237817, 0.8604289, 0.74656534, 0.11678741]
[2.0575368, 0.91420746, 1.0230737, 0.12025575]
[2.135575, 1.1426802, 0.8855495, 0.10734539]
[1.9550936, 0.9455637, 0.901713, 0.107816935]
[1.9174256, 0.8714262, 0.9514723, 0.094527066]
[1.8775529, 0.8039781, 0.9745587, 0.099016026]
[2.126385, 0.9893862, 1.0433408, 0.09365804]
[1.9316056, 0.5903384, 1.2493786, 0.09188872]
[1.7973382, 0.7209709, 0.99062204, 0.08574533]
[1.8940907, 1.0602998, 0.732581, 0.10120993]
[1.6332036, 0.7665082, 0.7650552, 0.10164021]
[1.8645177, 0.8284321, 0.9329747, 0.103110924]
[2.0913258, 0.85366, 1.1361591, 0.101506785]
[1.7539649, 0.8683203, 0.7970325, 0.088612095]
[2.177715, 1.0265504, 1.0431691, 0.107995436]
[1.9382433, 0.89444125, 0.95179254, 0.0920094]
[2.0069737, 1.0264257, 0.8887782, 0.0917697]
[1.9086273, 0.88090277, 0.93386084, 0.093863726]
[1.9367406, 0.83401716, 1.0008059, 0.10191764]
[1.8709766, 0.87333745, 0.8949019, 0.10273728]
[2.1361256, 1.0633626, 0.9775374, 0.09522548]
[1.9421593, 0.82203543, 1.0313663, 0.0887575]
[2.040466, 1.1391585, 0.82135236, 0.07995516]
[1.8604736, 0.69599366, 1.0858388, 0.07864113]
[1.810319, 1.001993, 0.71324474, 0.09508139]
[1.6849207, 0.8051388, 0.8027309, 0.07705089]
[1.7955912, 0.84256756, 0.8651651, 0.08785857]
[1.9850042, 0.9927212, 0.90121984, 0.0910631]
[1.9408004, 0.9714949, 0.8885162, 0.080789365]
[2.0116472, 1.048733, 0.8847268, 0.078187436]
[1.932351, 0.8016656, 1.0401127, 0.09057273]
[1.9543071, 0.88562256, 0.98713565, 0.08154893]
[1.9743565, 0.9754363, 0.9217348, 0.07718548]
[1.9123533, 0.891128, 0.9509115, 0.07031374]
[1.6292987, 0.7977825, 0.7427497, 0.088766515]
[1.9476187, 0.9099048, 0.9580401, 0.07967381]
[2.104541, 1.190232, 0.82421434, 0.09009477]
[1.9341435, 0.93420196, 0.9169811, 0.08296048]
[1.6939747, 0.7728739, 0.8475076, 0.07359325]
[2.035731, 1.0555215, 0.8985518, 0.08165773]
[1.9465331, 0.90612245, 0.961641, 0.07876961]
[1.8770604, 0.829733, 0.9614933, 0.085834056]
[2.0328646, 0.9808371, 0.97297806, 0.07904935]
[1.9744662, 0.8795643, 1.0111084, 0.08379353]
[1.9121488, 1.0364835, 0.7972288, 0.078436546]
[1.8462485, 0.8171929, 0.9560984, 0.07295719]
[1.8970742, 1.1005008, 0.719013, 0.07756045]
[1.8301315, 0.82252663, 0.9354656, 0.07213924]
[1.8881905, 1.1228992, 0.6802696, 0.08502172]
[1.9209214, 0.76370656, 1.0728185, 0.08439635]
[1.985358, 0.9319919, 0.9714571, 0.081908956]
[2.014719, 1.0135875, 0.92124695, 0.07988441]
[1.771562, 0.8007815, 0.8968024, 0.07397803]
[1.8209413, 0.9355874, 0.79624355, 0.0891104]
[1.8629546, 0.94193447, 0.8362904, 0.08472968]
[1.6508968, 0.79783344, 0.7586932, 0.09437017]
[1.9635724, 0.9391234, 0.93651456, 0.087934345]
[1.5641048, 0.68226886, 0.78241867, 0.09941715]
[1.9500521, 1.0546427, 0.8042288, 0.09118073]
[1.8782029, 0.831421, 0.9516597, 0.095122255]
[1.978135, 1.0158535, 0.8697123, 0.09256919]
[1.8533313, 0.9561452, 0.7980894, 0.099096745]
[1.8267142, 0.946494, 0.78660923, 0.09361088]
[1.8114818, 0.7482935, 0.96849304, 0.09469518]
[1.9374641, 0.9882952, 0.8641421, 0.085026845]
[2.010169, 0.9305984, 0.9931221, 0.08644849]
[1.875404, 0.7554169, 1.0440284, 0.07595864]
[1.8848805, 1.076478, 0.72260135, 0.085801125]
[1.9882557, 0.99849457, 0.90231186, 0.08744927]
[1.9875526, 0.8736813, 1.0248921, 0.088979214]
[1.80305, 0.9176252, 0.79755735, 0.08786748]
[1.6637106, 0.7424215, 0.8336715, 0.08761759]
[2.0003164, 1.0467179, 0.86823165, 0.08536681]
[1.9854201, 0.8710251, 1.0332763, 0.08111869]
[1.8042026, 0.7112444, 0.9979064, 0.09505175]
[1.815697, 0.9765994, 0.745252, 0.093845665]
[1.8004112, 0.59614956, 1.1159205, 0.08834109]
[1.8340989, 0.79396987, 0.94174236, 0.098386645]
[1.8217067, 0.8790654, 0.84018725, 0.10245406]
[1.6656165, 0.7326363, 0.85316443, 0.07981591]
[2.0038617, 1.0430015, 0.86517143, 0.0956886]
[2.0876305, 0.8916077, 1.1038868, 0.09213598]
[1.9641492, 0.90639734, 0.97337925, 0.084372625]
[1.7310151, 0.94704986, 0.6872997, 0.096665494]
[2.058974, 1.1162271, 0.84149563, 0.10125126]
[1.956784, 1.0337875, 0.83013976, 0.092856824]
[1.8955399, 0.7831006, 1.0206867, 0.091752544]
[1.8238997, 0.91032994, 0.81806684, 0.095503025]
[1.9887441, 0.8704316, 1.0312122, 0.08710041]
[1.910432, 0.75317556, 1.0664303, 0.090826176]
[1.7114807, 0.90996265, 0.717334, 0.08418405]
[1.9086915, 0.922328, 0.8932878, 0.09307572]
[1.9735242, 0.9805422, 0.9020699, 0.09091212]
[2.0484133, 0.8384386, 1.1396849, 0.070289746]
[1.7166057, 0.87501323, 0.7506362, 0.09095616]
[1.8260704, 0.9753152, 0.77133024, 0.079424925]
[1.8716915, 0.9120195, 0.86697096, 0.09270098]
[1.7719977, 0.8421161, 0.8427839, 0.08709762]
[1.8594096, 0.85469544, 0.9338243, 0.0708898]
[1.7385647, 0.94984144, 0.7154616, 0.07326171]
[1.9741378, 0.97149605, 0.9238223, 0.07881945]
[2.0855541, 0.8052465, 1.1850959, 0.09521172]
[1.9081131, 0.96729505, 0.8429677, 0.09785048]
[1.8877997, 0.7749089, 1.0224379, 0.09045293]
[1.7737685, 0.74308884, 0.9322747, 0.098405]
[1.8699108, 1.007936, 0.77447855, 0.087496266]
[1.9136615, 0.8423164, 0.99538535, 0.07595967]
[2.0255039, 0.9985358, 0.9390998, 0.087868124]
[1.8644761, 0.98999405, 0.79329765, 0.08118439]
[1.8979702, 1.0582672, 0.76515055, 0.07455236]
[1.906153, 1.0990283, 0.72511387, 0.082010716]
[1.9726918, 0.66765577, 1.2137632, 0.09127283]
[1.8345178, 0.9209739, 0.8226342, 0.090909734]
[1.8528365, 0.8491118, 0.90944546, 0.094279185]
[1.9054326, 0.878168, 0.9376505, 0.08961406]
[1.8517026, 0.95161355, 0.81326574, 0.08682339]
[1.9954581, 0.8502777, 1.0509506, 0.0942297]
[2.0322263, 0.9497613, 0.99660933, 0.08585571]
[1.7826427, 0.8729075, 0.81114817, 0.098587036]
[2.033727, 0.8528559, 1.0946723, 0.08619869]
[1.7533759, 0.7248502, 0.94274855, 0.08577718]
[1.930506, 1.0364089, 0.80160195, 0.09249517]
[1.772998, 0.7319322, 0.9689379, 0.07212799]
[1.8533393, 0.9816276, 0.77406806, 0.09764378]
[1.8864366, 1.0462439, 0.7511716, 0.08902104]
[1.8887517, 0.97325546, 0.8156001, 0.09989613]
[1.9600637, 0.79672897, 1.0632257, 0.10010892]
[1.9674944, 0.92516786, 0.9495728, 0.09275372]
[2.0331244, 0.8717579, 1.0793312, 0.082035184]
[1.7724073, 0.6545305, 1.0267467, 0.09113002]
[2.0259125, 1.0407568, 0.8916949, 0.09346082]
[1.8548647, 0.8351946, 0.92342865, 0.09624146]
[1.9607186, 0.96025366, 0.9053242, 0.09514068]
[1.8733532, 0.831248, 0.944521, 0.0975842]
[1.8472893, 0.8742554, 0.8752665, 0.09776738]
[1.7239268, 0.8714651, 0.75171286, 0.10074884]
[1.8070545, 0.9036815, 0.8030427, 0.10033032]
[1.8657786, 0.7375703, 1.020934, 0.10727432]
[1.9816176, 1.2402625, 0.6344086, 0.10694647]
[2.0559835, 0.9435586, 1.0181245, 0.09430046]
[2.1217551, 0.89015687, 1.1393242, 0.09227407]
[1.864605, 0.8944381, 0.87728536, 0.09288144]
[1.9029413, 0.8842884, 0.9375522, 0.08110079]
[1.8121295, 0.70132977, 1.0384398, 0.07236005]
[1.9542732, 1.0779785, 0.7862726, 0.09002205]
[1.840749, 0.9357746, 0.8046996, 0.10027476]
[2.0442655, 0.9187227, 1.0282378, 0.09730503]
[1.8408664, 0.6831431, 1.0894884, 0.06823499]
[1.790159, 0.96694654, 0.7416938, 0.081518665]
[1.895433, 0.89445627, 0.91876614, 0.082210496]
[1.7393351, 0.7382958, 0.90526396, 0.09577538]
[1.9264534, 0.97356814, 0.8588537, 0.094031565]
[1.9130005, 0.9721514, 0.8531275, 0.08772163]
[1.8671902, 0.8726628, 0.9034779, 0.09104954]
[1.8717407, 0.8506874, 0.92590475, 0.09514853]
[1.8757818, 0.795089, 0.99362403, 0.087068826]
[1.8081843, 0.9562336, 0.7550756, 0.096875116]
[1.978918, 0.83706623, 1.0469415, 0.094910264]
[1.7298628, 0.8290758, 0.8066294, 0.09415755]
[1.973504, 1.0664424, 0.81136024, 0.09570137]
[1.8615842, 0.84271955, 0.90881145, 0.11005317]
[1.7905166, 0.68313795, 1.0089724, 0.098406255]
[1.8250792, 0.90115446, 0.8227129, 0.10121174]
[1.6738086, 0.742383, 0.8505986, 0.08082698]
[1.8598362, 1.0193028, 0.7441418, 0.09639153]
[1.629236, 0.6638614, 0.86764956, 0.097725034]
[1.9004756, 0.95788443, 0.8376695, 0.10492168]
[1.963537, 0.9861601, 0.8749699, 0.10240692]
[1.8812251, 0.7961612, 0.9865576, 0.098506376]
[1.9783309, 1.0385709, 0.8396939, 0.100066096]
[2.0068002, 1.0662665, 0.8251003, 0.11543332]
[2.0096312, 0.9973328, 0.9102903, 0.10200815]
[2.070294, 0.9676602, 1.0006942, 0.101939626]
[2.019463, 1.004408, 0.91926676, 0.0957883]
[1.9487997, 1.0120865, 0.8372844, 0.09942876]
[1.9971318, 0.8339623, 1.0789589, 0.084210575]
[1.7763549, 0.8832115, 0.802444, 0.09069949]
[1.7148306, 0.77005446, 0.8674717, 0.07730447]
[1.8730401, 0.8977932, 0.8794131, 0.09583379]
[1.8411533, 0.8620548, 0.8887584, 0.09034006]
[1.9470042, 0.91881084, 0.939275, 0.088918276]
[1.7269088, 0.7764331, 0.8751917, 0.07528402]
[1.9222885, 0.93267924, 0.8930526, 0.09655674]
[1.8733345, 0.9405729, 0.8393961, 0.0933656]
[1.8274765, 0.7586746, 0.96940583, 0.09939603]
[1.9274323, 0.95267665, 0.89468086, 0.0800748]
[1.831389, 0.9399401, 0.795054, 0.09639479]
[1.8402834, 0.8957535, 0.84626245, 0.09826745]
[1.7078108, 0.68725973, 0.93547326, 0.08507773]
[1.8037333, 0.993646, 0.7159741, 0.09411317]
[1.8443377, 0.77069604, 0.975508, 0.09813374]
[1.7795964, 0.816027, 0.8608403, 0.10272919]
[1.9533489, 1.0828822, 0.7580925, 0.1123742]
[1.8869138, 0.83599776, 0.95661247, 0.09430356]
[1.8904514, 1.0245847, 0.7590161, 0.106850564]
[2.0011759, 0.89528, 1.0027459, 0.10315006]
[1.9134377, 1.022562, 0.77728546, 0.113590226]
[1.8024205, 0.7212436, 0.96909106, 0.11208585]
[1.8381008, 0.7422219, 0.9923116, 0.10356727]
[2.0170767, 0.9105347, 0.9989551, 0.107587025]
[1.8590124, 0.7715812, 0.9955198, 0.091911346]
[1.8212194, 0.918075, 0.79597074, 0.10717365]
[1.9619107, 0.99810874, 0.8500303, 0.11377162]
[2.0131521, 0.9563521, 0.94933724, 0.10746282]
[1.8900888, 0.8942059, 0.89687604, 0.099006906]
[1.823797, 0.8759921, 0.8624835, 0.08532147]
[1.8164748, 0.8202836, 0.88517714, 0.111013964]
[1.8911538, 0.7652639, 1.0269836, 0.098906286]
[1.844097, 0.87668526, 0.8964398, 0.07097202]
[1.7842925, 1.1012897, 0.58301055, 0.09999214]
[2.0234687, 0.9435796, 0.98090017, 0.09898894]
[1.9246281, 0.7703409, 1.0590968, 0.095190436]
[1.869758, 0.7877006, 0.97932297, 0.10273445]
[1.7350342, 0.7875576, 0.8399056, 0.107571]
[2.040935, 1.0164133, 0.9209572, 0.103564575]
[1.7986448, 0.9558565, 0.74889755, 0.093890615]
[1.8304206, 0.9641885, 0.76521516, 0.101016834]
[1.836545, 0.8125067, 0.9189747, 0.105063714]
[1.8018875, 1.0886369, 0.60135686, 0.11189371]
[2.2016697, 0.9366182, 1.152097, 0.1129546]
[1.6436248, 0.65382266, 0.89865875, 0.0911434]
[1.8643086, 0.9004547, 0.8546996, 0.10915427]
[1.7999628, 0.85534245, 0.83021253, 0.11440773]
[1.7957734, 0.86125076, 0.8400944, 0.094428234]
[1.9019051, 0.9011109, 0.9056655, 0.09512865]
[1.9061159, 0.8107388, 0.99035865, 0.10501855]
[2.005644, 0.87667215, 1.0254791, 0.1034929]
[1.9071432, 0.9397792, 0.8518708, 0.11549322]
[1.8370968, 0.8989996, 0.8421761, 0.095921196]
[1.9726452, 0.66444296, 1.2426696, 0.06553262]
[1.8928587, 1.0599256, 0.7202911, 0.11264206]
[1.9731634, 0.8058057, 1.0604908, 0.10686689]
[1.9814392, 0.9344674, 0.9416618, 0.10531012]
[1.7225113, 0.5763536, 1.0419965, 0.104161225]
[1.8680017, 0.9339556, 0.82910967, 0.10493642]
[1.7213241, 0.67520136, 0.9470576, 0.0990652]
[1.7933059, 0.9166032, 0.7699888, 0.106713906]
[1.7235959, 0.8379154, 0.7834258, 0.10225469]
[1.7131441, 0.6726299, 0.9367238, 0.10379033]
[1.7485827, 0.73117816, 0.8980058, 0.11939875]
[1.9552678, 1.0428524, 0.802448, 0.10996735]
[1.8134894, 0.77387977, 0.9297148, 0.10989483]
[1.7353668, 0.8051902, 0.83147585, 0.09870078]
[1.8627306, 0.8704269, 0.8671761, 0.12512767]
[1.9442803, 0.8469955, 1.0017103, 0.09557455]
[2.2391276, 1.2611176, 0.8647662, 0.1132438]
[1.90674, 0.9026585, 0.8962303, 0.1078511]
[1.6752889, 0.8850075, 0.68668854, 0.10359288]
[2.065831, 1.1691086, 0.77807075, 0.11865174]
[1.8163198, 0.7067568, 1.0071688, 0.10239424]
[1.8871533, 1.2000096, 0.58951837, 0.097625375]
[2.0688686, 1.2376702, 0.72659266, 0.10460576]
[1.7117991, 0.72067803, 0.89252305, 0.098597966]
[2.0027156, 1.0889745, 0.80228376, 0.11145743]
[1.8085911, 1.0391304, 0.6659136, 0.10354708]
[1.9896735, 0.9287964, 0.9594928, 0.10138432]
[1.6130111, 0.7048347, 0.8169809, 0.09119558]
[1.9982597, 1.2877097, 0.6119376, 0.09861246]
[1.9781839, 0.76599777, 1.1116991, 0.100486994]
[1.763524, 0.8729071, 0.7865208, 0.104096174]
[1.8393043, 0.86563677, 0.8682911, 0.10537644]
[1.9379277, 0.8361088, 0.99006325, 0.11175563]
[1.7578422, 1.0541224, 0.5950408, 0.10867898]
[1.6894747, 0.7625613, 0.8156319, 0.11128151]
[1.7556221, 0.79334736, 0.8519308, 0.11034387]
[1.9420391, 0.9049954, 0.9359488, 0.10109499]
[1.9724956, 0.94501835, 0.9171961, 0.11028116]
[1.8014454, 0.58162475, 1.137531, 0.08228956]
[1.8322538, 0.93458486, 0.79050374, 0.10716523]
[1.8229935, 0.82740474, 0.90754396, 0.08804491]
[1.9036791, 0.7954192, 1.0105193, 0.097740695]
[1.8685651, 0.98887485, 0.77329177, 0.10639849]
[1.8625716, 0.73740447, 1.0046793, 0.12048783]
[1.8358598, 0.9610938, 0.7678671, 0.10689889]
[1.7727253, 0.8529053, 0.81112283, 0.10869716]
[1.7812922, 0.71285534, 0.9549804, 0.11345651]
[1.8640361, 0.9158884, 0.84054756, 0.107600145]
[1.8233877, 0.7733632, 0.93248737, 0.11753712]
[1.8327298, 0.83719206, 0.8741777, 0.12136007]
[1.8379315, 0.85807335, 0.8636751, 0.11618302]
[1.8517413, 1.0533952, 0.6814022, 0.116944]
[1.8940252, 0.92068934, 0.8561909, 0.11714497]
[1.9735963, 0.9247994, 0.93021256, 0.118584424]
[1.6742728, 0.67040175, 0.8933347, 0.11053634]
[1.5514855, 0.66419667, 0.7770597, 0.1102293]
[1.647233, 0.89158607, 0.6311035, 0.12454341]
[1.7042097, 0.76334924, 0.809711, 0.13114941]
[1.9203312, 1.0734158, 0.71536034, 0.13155507]
[1.90418, 0.7037943, 1.0689707, 0.13141519]
[1.9036692, 1.1619673, 0.61883366, 0.122868344]
[1.7731903, 0.7706773, 0.8791654, 0.12334758]
[2.079877, 0.7457921, 1.1988432, 0.13524152]
[2.1008503, 1.247543, 0.7224319, 0.13087547]
[1.7958378, 0.5545143, 1.1647918, 0.07653165]
[1.8826189, 1.2771845, 0.4782437, 0.12719068]
[1.7482386, 0.7062346, 0.9305629, 0.11144109]
[2.023274, 0.962663, 0.93384755, 0.12676331]
[1.9477916, 0.7923174, 1.0654571, 0.09001707]
[2.048944, 1.1840702, 0.7512541, 0.11361957]
[1.9654506, 1.0398698, 0.83394957, 0.09163128]
[1.7087027, 0.72107184, 0.8957304, 0.091900416]
[1.8587201, 0.858724, 0.89308786, 0.10690817]
[1.8529094, 0.8382325, 0.90407145, 0.11060547]
[2.1343544, 0.88216746, 1.1350508, 0.117136315]
[1.8269459, 0.93705094, 0.8036207, 0.08627428]
[1.9155908, 0.8653863, 0.94584024, 0.10436419]
[1.980876, 0.8982389, 0.98176676, 0.10087039]
[1.9829059, 0.8623072, 1.0237708, 0.09682782]
[1.914782, 0.8201468, 0.99877715, 0.09585805]
[1.7181634, 0.90979886, 0.7162179, 0.092146635]
[1.8456933, 0.8193027, 0.91179043, 0.11460014]
[1.8509771, 1.0401373, 0.71469533, 0.09614443]
[2.069838, 0.7681389, 1.2000117, 0.10168736]
[1.9370549, 1.0057118, 0.8268436, 0.1044994]
[1.9099574, 0.93972445, 0.8699926, 0.100240365]
[1.8994267, 0.81140304, 1.004086, 0.08393763]
[1.7993962, 1.0144999, 0.6922095, 0.09268672]
[1.7942823, 0.872408, 0.81982875, 0.102045685]
[1.9804498, 1.0829031, 0.795148, 0.10239863]
[1.9724743, 0.8521664, 1.0244014, 0.09590654]
[1.911863, 1.1176797, 0.7047039, 0.08947933]
[1.8517787, 0.9676691, 0.79201293, 0.092096694]
[1.8724716, 1.1395236, 0.637159, 0.09578892]
[1.9198549, 0.75205517, 1.0860271, 0.08177261]
[1.8942956, 1.0101697, 0.79444754, 0.08967831]
[2.0194087, 0.92188317, 1.0039351, 0.09359039]
[1.8202599, 1.0601182, 0.6722592, 0.087882504]
[1.7454199, 0.8304198, 0.827797, 0.0872031]
[1.7289002, 0.78497744, 0.8490478, 0.09487504]
[2.14678, 1.046731, 0.99991703, 0.10013194]
[1.996909, 0.9089563, 0.98974866, 0.09820397]
[1.9480344, 1.0085495, 0.84395945, 0.09552552]
[1.8436348, 0.8359968, 0.93114626, 0.07649189]
[1.9136187, 0.893883, 0.9301256, 0.08961013]
[1.7861704, 0.92825586, 0.7641722, 0.093742296]
[1.9300346, 1.0033329, 0.83800405, 0.08869761]
[1.9073933, 0.8545581, 0.9634589, 0.089376315]
[1.8763338, 0.94160205, 0.85433125, 0.08040054]
[1.8549752, 0.9776834, 0.78351974, 0.09377202]
[1.8038287, 0.8574829, 0.858528, 0.08781774]
[2.0335064, 1.037503, 0.900728, 0.095275514]
[1.9424665, 0.88714594, 0.95820576, 0.09711483]
[2.029162, 1.0474272, 0.8876116, 0.094123125]
[1.9627782, 0.8154409, 1.056775, 0.090562366]
[1.7324699, 0.82172257, 0.8181243, 0.092623085]
[1.8877634, 0.8330997, 0.9646154, 0.090048224]
[1.8256841, 0.8097602, 0.92493534, 0.09098847]
[1.7994852, 0.7675204, 0.9406409, 0.09132385]
[1.9526277, 0.93244755, 0.92165005, 0.09853007]
[1.8764459, 0.9825007, 0.80274457, 0.091200724]
[2.002095, 0.8167078, 1.093182, 0.09220525]
[1.9396942, 0.864798, 0.97901666, 0.09587951]
[1.7990276, 0.82879007, 0.8882761, 0.08196136]
[1.7787726, 0.83683884, 0.8454405, 0.09649329]
[1.9562418, 0.9481212, 0.91958356, 0.08853708]
[1.9912286, 0.9187018, 0.9908944, 0.08163242]
[1.9376502, 0.8840424, 0.96460414, 0.08900371]
[1.7442791, 0.75443614, 0.9009143, 0.08892873]
[1.9220072, 0.8931097, 0.9379138, 0.09098379]
[1.8242273, 0.92674214, 0.8029948, 0.094490446]
[1.8127823, 0.8275478, 0.89244586, 0.0927887]
[1.7476767, 0.9630889, 0.6858498, 0.09873812]
[2.11405, 1.0555738, 0.9636403, 0.09483588]
[1.8581522, 0.8774191, 0.89498353, 0.08574952]
[1.7434133, 0.9629442, 0.6991638, 0.081305414]
[1.8419263, 0.8004364, 0.94316345, 0.098326504]
[1.7956824, 0.76474327, 0.93734825, 0.09359094]
[1.9299891, 0.79582196, 1.0379711, 0.09619595]
[1.8654641, 0.860803, 0.91411895, 0.0905422]
[1.7897009, 0.8259846, 0.86378896, 0.09992731]
[1.875305, 0.8336302, 0.94657475, 0.09510007]
[1.6898206, 0.8039663, 0.79538655, 0.09046778]
[1.8865267, 0.90626276, 0.89532065, 0.084943265]
[1.8033743, 1.0256531, 0.6686305, 0.109090716]
[1.7220869, 0.8508669, 0.77670586, 0.0945141]
[1.9486464, 0.822657, 1.0079534, 0.11803602]
[1.7665778, 0.7944633, 0.85730594, 0.11480868]
[1.8730303, 0.70011866, 1.0740995, 0.098812066]
[2.0429904, 0.83666945, 1.1082447, 0.09807637]
[1.7706727, 0.8938292, 0.77467656, 0.10216689]
[1.8139204, 0.8210628, 0.87461996, 0.11823767]
[1.9144099, 0.76372945, 1.04395, 0.106730446]
[1.7976271, 0.9626291, 0.7223482, 0.112649806]
[1.7607613, 0.7408192, 0.9225649, 0.09737711]
[1.8118678, 0.83256847, 0.84764755, 0.13165179]
[2.036094, 0.8647561, 1.0545863, 0.11675154]
[1.6308041, 0.7981143, 0.7238306, 0.10885918]
[1.8695068, 0.905549, 0.86111236, 0.10284544]
[1.8137407, 0.8137691, 0.88891584, 0.11105591]
[2.0584207, 0.9984693, 0.94783854, 0.11211271]
[2.1253839, 0.8931637, 1.1164737, 0.11574645]
[1.9123362, 0.9074693, 0.8933171, 0.1115499]
[1.9542242, 0.8290001, 1.0140734, 0.11115077]
[2.008552, 1.0566568, 0.84400177, 0.10789348]
[2.1112978, 0.96346617, 1.0380776, 0.109754]
[1.7911832, 0.93650067, 0.75662553, 0.09805697]
[1.8439598, 0.8818816, 0.87185967, 0.090218596]
[1.987294, 0.96959245, 0.9225042, 0.09519733]
[1.8071575, 0.98745656, 0.72486687, 0.09483412]
[2.0671625, 0.79808235, 1.1885464, 0.0805337]
[1.9228687, 1.0833694, 0.7486048, 0.090894535]
[2.0582643, 1.0449617, 0.9120697, 0.10123297]
[1.9284408, 1.0053319, 0.8346474, 0.08846152]
[1.8085243, 0.98585594, 0.7225284, 0.10013993]
[1.7385057, 0.7085951, 0.9534886, 0.07642208]
[1.8526657, 1.0654293, 0.6909385, 0.096297815]
[1.8604443, 0.8111873, 0.95519567, 0.094061345]
[1.7475195, 0.8186686, 0.8335545, 0.09529635]
[1.7672116, 0.88345486, 0.7906065, 0.09315024]
[2.0016944, 0.957181, 0.95020485, 0.09430868]
[1.830454, 0.9918161, 0.74138325, 0.097254604]
[1.9479142, 0.831667, 1.0170135, 0.09923372]
[1.9935787, 0.9695343, 0.92681235, 0.09723208]
[2.1317902, 0.9970701, 1.0451837, 0.08953641]
[1.8704534, 1.0058261, 0.7757808, 0.08884642]
[2.1028848, 0.9345983, 1.0857308, 0.082555845]
[1.9847076, 1.0167046, 0.8878329, 0.08017011]
[1.7488636, 0.7870322, 0.8823971, 0.079434276]
[1.7767092, 0.8193017, 0.8684352, 0.088972256]
[1.8766669, 0.9639604, 0.8212446, 0.09146191]
[1.8116084, 0.8234942, 0.8963408, 0.09177336]
[1.9350256, 0.8335115, 1.0119759, 0.08953817]
[1.9009217, 0.88971853, 0.91480017, 0.096402965]
[1.8939499, 0.9026002, 0.9044143, 0.08693536]
[1.8127081, 0.76539516, 0.9558367, 0.09147625]
[1.9045212, 0.8858956, 0.92452145, 0.09410423]
[1.9724921, 0.93679774, 0.93868303, 0.09701128]
[1.8605726, 0.8816857, 0.88457733, 0.09430961]
[2.0801976, 1.0432281, 0.9423486, 0.09462092]
[1.8084049, 0.90115714, 0.832041, 0.07520672]
[1.738919, 0.83509684, 0.8210388, 0.08278344]
[1.9056126, 0.77357614, 1.0412867, 0.09074977]
[2.0397456, 1.0439329, 0.89730155, 0.09851106]
[2.0548415, 0.8364903, 1.1373184, 0.08103282]
[1.8457911, 0.9600231, 0.8030751, 0.08269282]
[1.8744156, 0.8898059, 0.897897, 0.08671274]
[1.8694931, 0.84158814, 0.93518114, 0.09272388]
[1.8247684, 0.8688538, 0.8691225, 0.08679213]
[1.8583957, 0.9848141, 0.7981201, 0.075461544]
[1.7967286, 0.8309039, 0.87638915, 0.08943564]
[1.9055737, 0.9912356, 0.82301366, 0.09132445]
[2.1116436, 1.1085991, 0.91320467, 0.08983961]
[1.7954959, 0.8932842, 0.8190793, 0.0831324]
[1.8871397, 0.9094893, 0.8922656, 0.085384704]
[1.8639252, 1.0127017, 0.7624096, 0.088813744]
[2.0177414, 0.96784985, 0.96836597, 0.08152545]
[1.6745235, 0.7884991, 0.80510163, 0.080922745]
[1.8548084, 0.9675314, 0.7922937, 0.09498337]
[1.847185, 0.8381071, 0.92145455, 0.08762334]
[1.8878146, 0.77379715, 1.0175495, 0.09646795]
[1.7422177, 0.88614416, 0.77000356, 0.086069986]
[2.236577, 1.0830417, 1.0609243, 0.09261104]
[1.713764, 0.72455215, 0.9210761, 0.068135746]
[1.7718441, 0.9486238, 0.72202194, 0.10119849]
[1.8688257, 0.9251218, 0.85852957, 0.08517429]
[1.8723207, 0.9189765, 0.8606613, 0.09268282]
[1.7930266, 0.68436146, 1.0096232, 0.0990419]
[1.9234226, 0.93594366, 0.8947294, 0.0927496]
[1.9164087, 0.87623644, 0.94556427, 0.094607934]
[1.8068962, 0.68674374, 1.0478182, 0.07233423]
[1.9141809, 0.95465857, 0.8540717, 0.105450645]
[1.7938638, 0.76729155, 0.934059, 0.09251316]
[1.817138, 0.85552996, 0.86776555, 0.09384245]
[1.903912, 0.83941704, 0.9648587, 0.099636205]
[2.0623856, 0.7993106, 1.1661806, 0.09689438]
[1.7975695, 0.91144025, 0.78515154, 0.100977704]
[1.8712087, 0.77001333, 1.0004536, 0.100741684]
[2.0410988, 0.90801156, 1.0304469, 0.102640405]
[1.9889108, 0.8946824, 0.9938787, 0.10034972]
[2.0524783, 1.1058319, 0.85421824, 0.09242828]
[1.9624779, 0.9447608, 0.9168049, 0.100912265]
[1.9715306, 0.8168527, 1.061817, 0.09286086]
[1.7849369, 0.8657463, 0.82105327, 0.09813735]
[1.8916179, 0.91909844, 0.8808279, 0.09169166]
[1.8070079, 0.85819876, 0.86964536, 0.07916382]
[1.8533868, 1.0048503, 0.7675002, 0.08103618]
[1.7853057, 1.0565339, 0.64599586, 0.082775995]
[1.8819321, 1.0060437, 0.78202057, 0.09386792]
[1.9113088, 0.930946, 0.8799592, 0.10040353]
[1.9335958, 0.8403261, 1.0021932, 0.091076516]
[1.9872621, 0.8511109, 1.0426074, 0.09354386]
[1.9582648, 1.0846896, 0.78135836, 0.09221684]
[1.856931, 0.71675795, 1.0564005, 0.08377237]
[2.0398011, 1.1481317, 0.7944398, 0.097229674]
[1.8576819, 0.7902887, 0.9630252, 0.10436793]
[1.8026907, 1.0029303, 0.7131565, 0.08660387]
[1.8836538, 0.9288902, 0.8652192, 0.08954447]
[1.8400449, 0.9307593, 0.8093726, 0.099912986]
[1.9730481, 1.0438555, 0.83159846, 0.09759418]
[1.8673337, 0.7293445, 1.068687, 0.0693022]
[1.9759268, 1.1045241, 0.7817424, 0.08966032]
[1.7900857, 0.8886124, 0.8160858, 0.08538745]
[1.9463623, 0.94827986, 0.90747786, 0.090604484]
[1.928706, 0.7816112, 1.0614448, 0.08565004]
[1.9466739, 1.0774251, 0.7697716, 0.09947719]
[1.8586178, 0.7948688, 0.9769522, 0.08679674]
[1.8784086, 0.6395168, 1.1579196, 0.08097206]
[2.0198905, 1.178175, 0.75762385, 0.08409176]
[1.9119357, 0.8387399, 0.9910103, 0.08218546]
[1.8422042, 0.7996908, 0.9642632, 0.078250274]
[1.7930442, 0.816345, 0.89380854, 0.082890585]
[1.7551663, 0.69501185, 0.9791001, 0.08105427]
[1.885877, 1.0343913, 0.7592186, 0.09226721]
[1.995918, 0.9564172, 0.9493152, 0.09018569]
[1.9992406, 0.88043296, 1.0278774, 0.090930246]
[1.8338583, 0.81283224, 0.93181574, 0.08921029]
[1.7950096, 0.8492949, 0.8559228, 0.08979188]
[1.76071, 0.7973633, 0.878412, 0.084934756]
[1.8478656, 1.049637, 0.71333057, 0.084898025]
[1.7972946, 0.8873749, 0.8226822, 0.08723762]
[2.1720445, 1.014874, 1.0694408, 0.08772968]
[2.0409067, 0.8518667, 1.1142492, 0.07479063]
[1.7765126, 1.1116804, 0.5723004, 0.092531875]
[1.712422, 0.89870584, 0.72831935, 0.085396916]
[1.7508638, 0.88502884, 0.7644763, 0.101358704]
[1.8164974, 0.8279897, 0.89999163, 0.08851607]
[1.934707, 0.9369384, 0.90388405, 0.093884625]
[1.7665718, 0.838478, 0.8429334, 0.085160196]
[1.7833841, 0.7528784, 0.9221829, 0.10832276]
[1.9647329, 0.9289142, 0.9395851, 0.09623365]
[1.8194586, 0.9515047, 0.7771495, 0.09080448]
[1.7855585, 0.8669528, 0.8201126, 0.09849313]
[1.9197726, 0.8581009, 0.9761881, 0.085483536]
[1.8340813, 1.0398018, 0.68446445, 0.109815024]
[1.9006987, 0.7076094, 1.1012528, 0.09183649]
[1.8753779, 0.976085, 0.80715096, 0.09214187]
[1.8488032, 1.0371974, 0.71851784, 0.093088076]
[1.857019, 0.7857231, 0.9832046, 0.08809124]
[1.9448725, 0.9427403, 0.9049959, 0.09713623]
[1.982786, 0.8332002, 1.0513699, 0.09821591]
[1.8170439, 0.81296265, 0.9064177, 0.097663574]
[1.9490371, 0.9960532, 0.8504467, 0.102537185]
[1.9175745, 0.8694589, 0.94485784, 0.10325776]
[2.0776649, 0.991792, 0.98386323, 0.10200958]
[2.026656, 0.8978119, 1.048785, 0.08005895]
[1.7969129, 0.9704492, 0.7353492, 0.091114566]
[1.8142163, 0.89872706, 0.8301609, 0.0853282]
[1.7269306, 0.73816437, 0.904065, 0.08470136]
[1.8773648, 0.9948727, 0.7923844, 0.090107724]
[1.9967442, 0.95808536, 0.9512361, 0.087422624]
[2.0301137, 1.0239693, 0.9101337, 0.096010625]
[1.6277668, 0.77131695, 0.77814126, 0.07830858]
[2.0375645, 1.1616776, 0.7864759, 0.08941111]
[1.8472251, 0.8217294, 0.94816697, 0.07732867]
[1.7297691, 0.8310374, 0.8033078, 0.09542395]
[1.8616369, 0.99315095, 0.7689019, 0.09958413]
[1.7839106, 0.6831353, 1.0101854, 0.09059003]
[1.9667566, 0.92872274, 0.94772255, 0.090311244]
[1.7845316, 0.98630023, 0.69990534, 0.09832597]
