[1.9167252, 0.89857036, 0.929407, 0.08874768]
[1.9381557, 0.87403965, 0.96486753, 0.09924841]
[1.8589842, 0.87994146, 0.8926772, 0.086365625]
[1.8458359, 0.8219688, 0.9317573, 0.09210988]
[2.0576053, 1.205617, 0.7546103, 0.09737803]
[1.9549117, 0.90554196, 0.9625307, 0.08683906]
[1.6988894, 0.79153335, 0.8305105, 0.0768455]
[1.9543968, 0.9403241, 0.93539006, 0.07868269]
[1.9599582, 1.2038405, 0.6725267, 0.083591]
[1.901961, 0.83842194, 0.9739078, 0.089631215]
[1.8671861, 1.0031034, 0.7880385, 0.07604425]
[1.9945375, 0.90067875, 1.0145129, 0.07934584]
[1.8329076, 0.85043955, 0.8989261, 0.08354203]
[1.7842352, 0.8968648, 0.80365264, 0.08371778]
[1.8665248, 0.8776818, 0.91172945, 0.07711351]
[1.8585311, 0.9442667, 0.8277732, 0.08649118]
[1.8466011, 0.93928194, 0.82391006, 0.08340919]
[1.8671886, 0.8981243, 0.88047415, 0.0885902]
[1.8874846, 0.73924273, 1.0558774, 0.09236428]
[1.8576121, 1.0751414, 0.6962656, 0.08620508]
[1.92383, 0.9143905, 0.92560196, 0.08383757]
[1.8806002, 0.8236671, 0.9725409, 0.0843922]
[1.9164478, 0.9117999, 0.9170188, 0.08762905]
[1.7707539, 0.8030304, 0.8808706, 0.08685295]
[1.9046344, 0.914114, 0.89864755, 0.09187276]
[1.8730094, 0.98093235, 0.808512, 0.083565086]
[1.7584877, 0.8505785, 0.81641966, 0.09148961]
[1.8028708, 0.90498304, 0.7997306, 0.09815721]
[1.9166138, 0.87015164, 0.94502366, 0.10143849]
[1.9110248, 0.7915899, 1.0286453, 0.09078959]
[1.9111072, 1.0034361, 0.8134193, 0.0942518]
[1.9637938, 0.89142954, 0.98210156, 0.09026265]
[1.9297513, 0.9433732, 0.90066755, 0.08571047]
[1.7422048, 0.87310445, 0.78745186, 0.081648424]
[1.8252147, 0.8929877, 0.8400868, 0.09214017]
[1.8131948, 0.81019205, 0.91813636, 0.08486632]
[1.9870856, 0.9315465, 0.96031344, 0.09522551]
[1.9098035, 0.8449251, 0.97583306, 0.089045405]
[1.8498719, 0.84969807, 0.9100256, 0.09014821]
[1.6520854, 0.83902025, 0.7227883, 0.09027687]
[1.9541354, 0.8837701, 0.98523223, 0.08513309]
[2.0369184, 0.9538177, 0.99168426, 0.091416374]
[1.8975877, 0.9606528, 0.85512114, 0.081813715]
[1.8083625, 0.88054633, 0.83854705, 0.08926919]
[1.8671921, 0.89765877, 0.8851994, 0.08433397]
[1.6965564, 0.7794684, 0.81708974, 0.099998355]
[1.9317279, 1.0960279, 0.7449567, 0.09074324]
[1.7399883, 0.75566804, 0.8853495, 0.09897081]
[1.8909805, 0.8099497, 0.98273057, 0.09830023]
[1.9682786, 1.1196027, 0.75703394, 0.09164204]
[1.964253, 0.8894066, 0.98908275, 0.0857636]
[1.7641747, 0.73453546, 0.9382297, 0.091409534]
[1.8597286, 0.8247845, 0.94851017, 0.08643393]
[1.8599486, 0.89581406, 0.8735845, 0.0905501]
[2.0865042, 0.8857068, 1.1076245, 0.09317295]
[1.8924587, 0.85585535, 0.94961816, 0.08698507]
[1.7650863, 0.73646414, 0.94495684, 0.08366521]
[1.9302236, 0.84966516, 0.985468, 0.09509049]
[1.8842747, 0.85945725, 0.9288795, 0.09593795]
[1.8023523, 0.8285013, 0.8854885, 0.08836258]
[2.0311315, 0.93320954, 1.0052093, 0.092712745]
[1.9005537, 0.9355272, 0.88291, 0.082116514]
[1.7877177, 0.85856783, 0.8383136, 0.090836234]
[1.7621466, 0.87209725, 0.7929572, 0.097092144]
[1.9689561, 0.9356579, 0.9324044, 0.100893825]
[1.7194068, 0.9837997, 0.65292394, 0.08268315]
[1.8465605, 0.783316, 0.9741843, 0.08906023]
[1.8737191, 0.9181707, 0.8528485, 0.1026999]
[1.915368, 0.94007635, 0.8773921, 0.097899556]
[1.7553289, 0.8569575, 0.8013544, 0.09701702]
[1.8383893, 0.7685126, 0.97523403, 0.09464264]
[1.8653139, 0.82479393, 0.9438947, 0.09662521]
[1.8901175, 0.84510845, 0.94678974, 0.098219275]
[1.8050117, 0.7156053, 0.98082495, 0.10858148]
[1.7818793, 0.95904076, 0.7278573, 0.09498128]
[1.8455465, 0.69627935, 1.0341624, 0.115104645]
[1.6978791, 0.9064255, 0.6867728, 0.10468075]
[1.8802443, 1.1938251, 0.58888716, 0.097531974]
[1.9375533, 0.86627007, 0.9589802, 0.112303]
[1.860066, 0.8682673, 0.8737358, 0.11806293]
[1.7886599, 0.96213293, 0.73074985, 0.09577714]
[1.8621501, 0.8921481, 0.86456144, 0.10544047]
[1.8565453, 1.046403, 0.7063019, 0.10384032]
[2.2689612, 1.0876999, 1.0885397, 0.0927217]
[1.8867322, 0.90314436, 0.89486516, 0.088722676]
[1.718842, 0.811636, 0.8150369, 0.092169225]
[1.7551254, 0.8055226, 0.8567621, 0.09284069]
[2.0389729, 1.1043601, 0.83646715, 0.09814562]
[1.8074487, 0.848644, 0.868568, 0.09023683]
[1.8408817, 0.85997486, 0.88581973, 0.09508714]
[1.9961586, 0.9676951, 0.9422612, 0.086202264]
[1.9810832, 0.9090854, 0.9860802, 0.085917436]
[1.9534307, 0.9383489, 0.93103755, 0.08404421]
[1.7490178, 0.71147203, 0.96227527, 0.07527055]
[1.8883399, 0.9199112, 0.87046623, 0.0979625]
[1.914253, 1.0203782, 0.8038063, 0.09006849]
[2.0052106, 0.9106996, 0.9968894, 0.09762165]
[1.7316157, 0.89108986, 0.75240636, 0.08811934]
[1.8784354, 0.90714216, 0.87995803, 0.09133519]
[1.9239764, 0.8902967, 0.9445393, 0.08914037]
[1.9291574, 0.8211119, 1.0202149, 0.08783053]
[1.9271004, 0.9720536, 0.8672211, 0.087825745]
[1.9449748, 0.890342, 0.97262454, 0.08200822]
[1.9363085, 0.99990416, 0.8488678, 0.08753662]
[1.9413916, 0.88063467, 0.97883856, 0.08191834]
[1.8530627, 0.9548328, 0.80798507, 0.09024489]
[1.8600606, 0.7670065, 1.0053124, 0.08774166]
[2.163324, 0.98671305, 1.0983179, 0.078293145]
[1.8402442, 0.8363848, 0.9353468, 0.068512544]
[1.8586844, 0.8785006, 0.9000359, 0.08014789]
[2.0109193, 0.7538905, 1.1812453, 0.075783506]
[2.0176375, 0.93542254, 1.0062143, 0.076000646]
[1.8642821, 0.7726624, 1.0226915, 0.06892828]
[1.956807, 0.9646212, 0.91507256, 0.077113226]
[1.8865697, 0.86827695, 0.95167804, 0.06661469]
[1.6243664, 0.7631238, 0.7896632, 0.07157935]
[1.7911775, 0.9122578, 0.8017098, 0.07720995]
[1.7979882, 0.77265674, 0.9546871, 0.07064437]
[1.7341588, 0.8026716, 0.8477076, 0.08377954]
[1.9597957, 0.7964128, 1.0854961, 0.07788679]
[1.8956772, 0.9598193, 0.85110974, 0.0847481]
[1.816352, 0.90541947, 0.83088434, 0.08004818]
[1.7903339, 0.8106946, 0.88094246, 0.09869686]
[1.8519499, 0.8797718, 0.875093, 0.09708515]
[1.8940117, 1.0111194, 0.78335786, 0.0995345]
[1.8814687, 0.89298123, 0.88085145, 0.10763597]
[1.8288541, 0.8845502, 0.85446596, 0.08983788]
[1.8932469, 0.945922, 0.8431914, 0.104133524]
[1.803693, 0.9161479, 0.7975063, 0.09003893]
[1.826048, 0.90206355, 0.8267141, 0.09727034]
[1.6530266, 0.8206401, 0.7324747, 0.099911824]
[2.144846, 0.8907882, 1.150094, 0.1039639]
[1.7945008, 0.90864205, 0.7885738, 0.09728509]
[2.0107765, 1.0634861, 0.8515023, 0.09578803]
[2.0399919, 0.85575897, 1.0932797, 0.09095316]
[1.8234199, 0.78699404, 0.9411586, 0.095267266]
[1.8040093, 0.8177489, 0.8891691, 0.09709127]
[1.9019692, 0.8814417, 0.9301634, 0.0903641]
[1.7223594, 0.6246513, 1.0048496, 0.09285853]
[1.7601954, 0.83986884, 0.8225005, 0.09782602]
[1.8572489, 0.80730605, 0.9529134, 0.09702946]
[1.7133596, 0.8111155, 0.80357504, 0.09866901]
[1.9754872, 0.74781114, 1.1145725, 0.11310367]
[1.8231238, 0.81396914, 0.9057542, 0.103400424]
[2.0100043, 1.0226958, 0.8932586, 0.09404984]
[1.9099339, 1.1514177, 0.6542193, 0.10429682]
[2.0105, 0.7336149, 1.1784093, 0.0984756]
[1.9343641, 1.1211455, 0.7211147, 0.09210396]
[1.8137451, 0.7923948, 0.9271955, 0.09415482]
[1.8428423, 0.9087008, 0.8324122, 0.10172937]
[1.9247684, 0.764189, 1.0645742, 0.096005246]
[1.9131659, 1.0993303, 0.72366774, 0.09016784]
[1.8251958, 0.9086828, 0.82382387, 0.09268909]
[1.7450432, 0.8783025, 0.7666831, 0.10005751]
[1.8808059, 0.6969039, 1.0900238, 0.093878165]
[1.7461028, 0.780386, 0.86779654, 0.09792024]
[1.8636403, 1.0200933, 0.7362805, 0.10726647]
[1.9104348, 0.9077013, 0.9022424, 0.10049114]
[1.9837964, 0.6893387, 1.1971157, 0.097342]
[2.0022247, 1.0949166, 0.8042494, 0.10305868]
[1.9621049, 0.96615803, 0.89857423, 0.097372696]
[1.776178, 0.8323075, 0.8516387, 0.09223184]
[2.0144296, 1.0938401, 0.8212524, 0.09933707]
[1.8319787, 0.7771132, 0.9700456, 0.084819876]
[1.9979781, 1.1187391, 0.7856188, 0.093620226]
[1.7645245, 0.80739486, 0.8710223, 0.086107194]
[1.901672, 0.95921016, 0.85055035, 0.09191139]
[1.8640882, 0.91445845, 0.8538866, 0.095743015]
[1.8630698, 0.8494489, 0.9201566, 0.09346427]
[1.8466545, 0.95785177, 0.8013657, 0.087437004]
[1.9152231, 0.7841542, 1.0377216, 0.09334731]
[1.8056685, 0.98412967, 0.72684467, 0.094694145]
[1.8989121, 0.9836817, 0.82806593, 0.08716448]
[1.8798953, 0.9523795, 0.8305119, 0.09700379]
[1.7910886, 0.80451125, 0.8994868, 0.08709045]
[1.9711065, 1.0843592, 0.79135686, 0.09539053]
[1.7129278, 0.8262812, 0.7803507, 0.10629593]
[1.8836908, 0.8069336, 0.9739821, 0.10277514]
[1.7807058, 0.93393373, 0.7516534, 0.095118605]
[1.8562126, 0.95060384, 0.80640125, 0.09920757]
[1.9603066, 0.8974606, 0.96755457, 0.09529148]
[2.007625, 1.0631437, 0.84608555, 0.0983958]
[1.9646432, 1.000574, 0.8766322, 0.08743708]
[1.9575382, 0.9967164, 0.8677182, 0.09310362]
[1.7702278, 0.8011854, 0.886029, 0.083013415]
[1.8157104, 0.8700478, 0.86188954, 0.08377305]
[1.8475055, 0.8618275, 0.898935, 0.086743]
[1.8915005, 0.8953652, 0.8979322, 0.09820316]
[1.7291512, 0.8210588, 0.812835, 0.09525748]
[1.8756336, 0.8679267, 0.91401553, 0.09369137]
[2.029654, 0.9796187, 0.95457304, 0.09546236]
[1.9300679, 0.7839038, 1.0570741, 0.08908996]
[1.8936387, 0.98414266, 0.812299, 0.09719707]
[1.9639249, 0.80399865, 1.0765082, 0.08341807]
[1.8473471, 0.883797, 0.87871003, 0.084840216]
[1.8645902, 0.89451563, 0.8870539, 0.08302075]
[1.8944503, 0.95297825, 0.85442334, 0.087048635]
[1.8901045, 0.8620484, 0.946911, 0.0811452]
[1.8396741, 0.91336966, 0.83830893, 0.08799556]
[1.8291397, 0.7952074, 0.9470578, 0.08687445]
[1.8295574, 0.86152214, 0.8809234, 0.087111995]
[2.0624464, 0.8977651, 1.0687973, 0.09588378]
[1.8686154, 0.8959643, 0.8807541, 0.09189701]
[1.7588197, 0.7071139, 0.971444, 0.08026181]
[1.9212368, 1.004588, 0.8220312, 0.09461756]
[1.902632, 0.9309049, 0.8763915, 0.09533558]
[1.8328624, 0.954533, 0.7890482, 0.08928116]
[1.6326334, 0.6652571, 0.87488127, 0.09249513]
[1.9667406, 0.9340837, 0.928507, 0.10414993]
[1.7993933, 0.8474467, 0.8549646, 0.09698204]
[1.9914303, 0.9226104, 0.98567975, 0.08314013]
[1.7659998, 0.8883219, 0.78084016, 0.0968378]
[1.8770165, 1.020332, 0.76219916, 0.0944854]
[1.8359226, 0.8792131, 0.84972024, 0.10698931]
[1.8620796, 1.0273583, 0.73852086, 0.096200526]
[1.9085054, 0.85375106, 0.9525454, 0.10220899]
[1.8605666, 0.90500367, 0.8512622, 0.10430068]
[1.8521347, 1.0240073, 0.7335599, 0.094567515]
[1.8513135, 0.725222, 1.0371418, 0.088949636]
[1.5446626, 0.786196, 0.6755731, 0.08289348]
[1.8474694, 1.0824059, 0.6680828, 0.096980676]
[1.7523978, 0.8141227, 0.8270982, 0.11117697]
[1.9004346, 0.8221209, 0.973052, 0.105261706]
[1.8410571, 0.88119686, 0.85639966, 0.10346049]
[1.8381593, 0.84669423, 0.87944186, 0.112023294]
[1.8648347, 0.8763504, 0.8694649, 0.11901937]
[1.84359, 0.8019952, 0.9422284, 0.09936637]
[2.0233448, 0.9070792, 1.0010548, 0.11521076]
[1.9040693, 0.90772116, 0.89558023, 0.100768015]
[1.7536594, 0.81900454, 0.83550227, 0.09915258]
[1.9628075, 0.9783412, 0.8814567, 0.10300955]
[1.9488176, 0.9931926, 0.8598262, 0.095798835]
[1.9549431, 0.87260634, 0.9940279, 0.08830881]
[1.9981971, 1.0704597, 0.8256541, 0.10208317]
[1.8889419, 1.0545057, 0.74344814, 0.090988085]
[1.8983296, 0.92020905, 0.878665, 0.09945564]
[1.8452622, 0.91095346, 0.84602225, 0.088286474]
[1.7904605, 0.83343303, 0.8631308, 0.09389666]
[1.9442528, 0.77497804, 1.0689894, 0.1002854]
[1.7247031, 0.8520072, 0.7771951, 0.09550073]
[1.8309797, 0.8368547, 0.8979285, 0.09619655]
[1.9634053, 0.85416627, 1.0144765, 0.094762415]
[1.9203653, 0.9756128, 0.84902775, 0.095724836]
[1.9022033, 0.8324336, 0.98126984, 0.08849989]
[1.8956393, 0.83757496, 0.96678174, 0.09128261]
[1.7086602, 0.844023, 0.7735977, 0.091039546]
[1.9800974, 0.9526955, 0.9283626, 0.099039264]
[2.005661, 0.8560914, 1.054594, 0.09497547]
[2.0488522, 1.0786455, 0.8780092, 0.092197485]
[1.92698, 0.8596052, 0.98185027, 0.0855246]
[1.9660476, 0.967862, 0.9079125, 0.09027318]
[1.9790058, 0.96586466, 0.9303047, 0.082836345]
[1.9334852, 0.9025122, 0.9477928, 0.083180025]
[1.9874144, 0.992916, 0.9111899, 0.0833084]
[1.8732626, 0.7787756, 1.0134871, 0.08099994]
[1.8914375, 0.86602485, 0.94817144, 0.07724121]
[1.9883881, 1.0346749, 0.8741889, 0.079524264]
[1.9364111, 1.0395362, 0.81424904, 0.082625896]
[1.8769805, 0.83422935, 0.97169995, 0.071051255]
[1.8255695, 0.81985736, 0.9326347, 0.073077485]
[1.9377359, 0.9318062, 0.9233998, 0.08252985]
[1.8030626, 0.8809048, 0.8430294, 0.07912843]
[1.9078953, 0.96524197, 0.86473984, 0.07791348]
[1.7313056, 0.7103829, 0.9481523, 0.0727704]
[2.0140035, 1.1081477, 0.8256185, 0.080237225]
[1.9455336, 0.85580266, 1.0090675, 0.08066341]
[1.9668835, 0.98852813, 0.89444077, 0.08391469]
[1.7656509, 0.8905943, 0.7954929, 0.079563744]
[1.5883462, 0.77245104, 0.7396987, 0.07619648]
[1.786078, 0.76437515, 0.93956685, 0.082135946]
[1.7975459, 0.79156756, 0.9129134, 0.09306502]
[1.9637156, 0.73819923, 1.1331141, 0.09240219]
[1.9341735, 0.9999753, 0.8413379, 0.09286024]
[1.9641339, 0.83398163, 1.0506564, 0.079495825]
[1.8341095, 0.710745, 1.0435858, 0.079778805]
[1.8389391, 1.0397534, 0.71157116, 0.08761446]
[2.0362284, 1.0251871, 0.9223796, 0.08866157]
[1.9194055, 0.9507828, 0.8862461, 0.08237659]
[1.9301714, 0.88808846, 0.95603967, 0.086043224]
[1.7972577, 0.8626006, 0.8527986, 0.081858344]
[1.8267778, 0.87646043, 0.86803746, 0.082279906]
[1.839934, 0.73403853, 1.015176, 0.09071933]
[1.838006, 0.8539157, 0.89780176, 0.08628856]
[2.0180478, 1.0265055, 0.89953905, 0.092003345]
[1.8042943, 0.82155156, 0.90138775, 0.08135509]
[1.9874179, 1.0170377, 0.8790185, 0.09136179]
[2.061943, 1.0615752, 0.9127732, 0.08759485]
[1.9074428, 0.85864466, 0.966972, 0.081826195]
[1.8100728, 0.8749386, 0.8522022, 0.08293198]
[1.7833546, 0.8541435, 0.8457835, 0.08342768]
[1.91891, 0.8281181, 0.9985573, 0.09223455]
[1.8794614, 1.0097389, 0.7875502, 0.08217232]
[1.8002888, 0.77357733, 0.9421816, 0.084529884]
[1.8922608, 0.9532614, 0.84353995, 0.095459506]
[1.9155463, 0.9732784, 0.8567938, 0.08547418]
[1.8799139, 0.8647766, 0.9143245, 0.10081281]
[1.8352941, 0.8942078, 0.85592806, 0.08515821]
[1.9376171, 0.93898815, 0.89937335, 0.0992555]
[1.8235635, 0.8096726, 0.9271878, 0.08670308]
[1.898125, 0.99728215, 0.81276816, 0.08807483]
[1.9441597, 1.0453095, 0.8104765, 0.08837372]
[2.1617362, 1.1449423, 0.9330758, 0.083717965]
[1.986495, 1.045613, 0.8674237, 0.07345815]
[1.9803147, 1.0580544, 0.8415711, 0.08068913]
[1.8588977, 0.8594297, 0.91883254, 0.08063546]
[1.9203956, 0.89649534, 0.94438136, 0.07951896]
[1.6596324, 0.7279753, 0.86340165, 0.06825541]
[1.8552649, 1.0512624, 0.72396433, 0.08003815]
[1.7914851, 0.8350218, 0.88050145, 0.07596181]
[1.9823058, 0.79841125, 1.0944384, 0.089456126]
[1.9467156, 1.0705433, 0.7854794, 0.09069294]
[1.8498807, 0.9553646, 0.81644523, 0.07807094]
[1.9260076, 0.8323181, 1.0168895, 0.076799974]
[1.9403968, 1.0155679, 0.84445363, 0.08037514]
[1.9118781, 0.951162, 0.87992156, 0.08079457]
[1.9020085, 0.7706066, 1.0472486, 0.0841534]
[1.8845596, 0.89570653, 0.9066128, 0.0822403]
[1.9684559, 1.0513107, 0.82950115, 0.0876441]
[1.8387122, 0.87815785, 0.8783241, 0.082230374]
[1.8068947, 0.8640233, 0.8596336, 0.08323772]
[2.0198054, 0.99080795, 0.9445454, 0.08445214]
[1.8455973, 0.89382756, 0.8634467, 0.08832302]
[1.8778025, 0.9309099, 0.85771006, 0.089182526]
[1.8860376, 0.8548244, 0.94072765, 0.09048559]
[1.9280195, 1.0348012, 0.80684066, 0.086377636]
[1.7288779, 0.62456805, 1.0180159, 0.08629411]
[1.9139507, 1.0529456, 0.77909046, 0.08191469]
[1.7271249, 0.823441, 0.8121202, 0.09156367]
[1.8234587, 0.9433339, 0.7938507, 0.086273976]
[1.9152018, 0.8293367, 0.99919474, 0.08667031]
[1.8433564, 0.96529543, 0.793702, 0.084358916]
[2.0979278, 1.1113012, 0.8969132, 0.08971343]
[1.8199887, 0.8640462, 0.87938225, 0.076560214]
[1.8589846, 1.0195937, 0.76127857, 0.0781123]
[1.9212824, 0.76678324, 1.0656703, 0.08882891]
[1.8677044, 1.0494668, 0.731786, 0.08645147]
[1.8339527, 0.87696046, 0.87394315, 0.08304905]
[1.8530205, 0.6598253, 1.103586, 0.089609236]
[1.7273002, 0.81184983, 0.82978475, 0.08566564]
[1.7679641, 0.8595369, 0.8210506, 0.08737663]
[1.9786476, 0.8508916, 1.0366883, 0.09106769]
[1.9052618, 0.93375206, 0.8809575, 0.09055221]
[1.8781782, 0.96437454, 0.82656807, 0.087235555]
[1.860847, 0.92245126, 0.85582817, 0.08256757]
[1.8965361, 0.85601777, 0.9530339, 0.0874843]
[1.8383212, 0.8132404, 0.93665576, 0.08842506]
[1.8493007, 1.0034655, 0.7512263, 0.09460886]
[1.7360644, 0.68599135, 0.96128047, 0.08879262]
[1.6362394, 0.7449061, 0.79576135, 0.095571905]
[1.8673661, 0.8093373, 0.9599356, 0.09809321]
[1.8603327, 0.8183791, 0.9445176, 0.097435914]
[1.7385104, 0.7074512, 0.93173003, 0.099329114]
[2.0168502, 0.9019963, 1.0016518, 0.11320216]
[1.9725467, 0.9350239, 0.9468535, 0.09066932]
[1.9221275, 1.0288727, 0.79202557, 0.101229206]
[1.8168074, 0.7056172, 1.0093939, 0.10179627]
[1.8362125, 0.9158429, 0.8157351, 0.10463454]
[2.1396086, 0.9075843, 1.1335232, 0.09850086]
[1.8819243, 0.86985147, 0.92006, 0.09201275]
[1.9578156, 1.0665969, 0.8009589, 0.090259865]
[1.9608169, 0.9430788, 0.9297588, 0.08797938]
[1.7655553, 0.98750824, 0.6915337, 0.086513385]
[1.9282082, 0.9836006, 0.8570164, 0.08759132]
[1.9320706, 1.1454833, 0.6987027, 0.08788472]
[1.927073, 0.8314828, 1.013908, 0.08168225]
[1.971951, 1.1077007, 0.7812702, 0.08298016]
[1.8982171, 0.87201256, 0.9378569, 0.08834751]
[1.7518902, 0.92375875, 0.7451819, 0.08294952]
[1.8526158, 0.9357623, 0.8357171, 0.08113648]
[1.8283361, 0.92519665, 0.8168678, 0.0862716]
[2.0045285, 0.82438564, 1.0855238, 0.09461895]
[2.0940945, 0.984022, 1.0200262, 0.09004614]
[1.9661224, 1.0565581, 0.83107096, 0.07849331]
[1.8716933, 0.9281945, 0.867274, 0.0762247]
[1.9379529, 0.9300996, 0.92948157, 0.078371674]
[1.9008366, 0.8427975, 0.98107004, 0.07696904]
[1.9188534, 0.97782993, 0.863137, 0.077886514]
[1.8248003, 0.7720091, 0.97555125, 0.077240035]
[2.1463256, 1.0135413, 1.0579463, 0.07483786]
[1.808155, 0.76681304, 0.9754646, 0.06587735]
[1.7874798, 0.9430164, 0.769745, 0.07471832]
[1.914528, 0.97969854, 0.8536593, 0.08117019]
[1.9757912, 0.99829733, 0.90491956, 0.072574385]
[1.9743519, 0.918797, 0.98248047, 0.073074356]
[2.033657, 0.9436761, 1.0019377, 0.088043205]
[2.0521543, 1.0161148, 0.9601335, 0.07590601]
[1.9084594, 0.9264562, 0.9114684, 0.070534855]
[1.7927357, 0.84967774, 0.8784257, 0.06463231]
[1.9804178, 0.9646083, 0.9422425, 0.073567]
[1.9802988, 0.9208502, 0.98329955, 0.076149]
[1.8609562, 0.86896986, 0.9265384, 0.06544788]
[1.9869044, 0.9368061, 0.98013556, 0.069962755]
[1.807664, 0.9787227, 0.7613439, 0.06759752]
[1.7673141, 0.74378645, 0.9501959, 0.07333173]
[1.9241068, 1.0009907, 0.8507209, 0.07239516]
[1.8447392, 0.7310376, 1.0412623, 0.072439365]
[1.716668, 0.8683071, 0.77548707, 0.07287386]
[1.7842597, 0.89406115, 0.8124262, 0.077772245]
[1.977776, 1.0084276, 0.8889817, 0.080366746]
[1.8132997, 0.6842664, 1.0416408, 0.08739253]
[1.8642198, 0.6961738, 1.0888474, 0.07919864]
[1.837364, 0.94268167, 0.8213421, 0.073340215]
[1.8526022, 0.93569136, 0.82903856, 0.087872215]
[1.8122647, 0.79621655, 0.93478197, 0.081266105]
[1.834626, 0.8603625, 0.8855132, 0.08875028]
[1.8516449, 0.90576047, 0.8659088, 0.07997556]
[1.8119559, 0.8897195, 0.83805484, 0.08418158]
[1.8087, 0.8325238, 0.87791544, 0.098260805]
[1.7443825, 0.7552676, 0.8984691, 0.090645745]
[1.9718976, 0.865082, 1.0195987, 0.087216884]
[1.8843613, 0.9915717, 0.80541766, 0.087371886]
[1.7698945, 0.771054, 0.9007312, 0.098109215]
[1.9587468, 0.8877875, 0.9736682, 0.097291075]
[1.844126, 0.8625391, 0.8903331, 0.09125382]
[2.0308452, 0.9537643, 0.97664917, 0.10043178]
[1.9234477, 0.91802347, 0.91786706, 0.08755724]
[1.7099401, 0.7762053, 0.85295534, 0.08077938]
[1.8617961, 0.905671, 0.86196285, 0.09416221]
[2.010172, 0.9230098, 0.9975297, 0.08963247]
[1.8599038, 1.0845382, 0.67716503, 0.09820053]
[2.060253, 1.0355434, 0.93296015, 0.09174926]
[1.9984372, 1.1166949, 0.7857087, 0.09603359]
[1.9761342, 0.9077506, 0.98600805, 0.08237551]
[1.758002, 0.7956483, 0.8852441, 0.07710974]
[1.8924042, 0.726892, 1.0830626, 0.0824496]
[1.7996857, 0.84833884, 0.8709274, 0.08041956]
[1.9591177, 0.9540899, 0.9234866, 0.08154113]
[1.910434, 0.879621, 0.94144607, 0.08936693]
[1.9424207, 0.8765379, 0.9856564, 0.08022639]
[1.8803946, 0.956849, 0.8442839, 0.079261675]
[1.9374051, 0.941316, 0.901657, 0.094432086]
[2.0071702, 1.021904, 0.9018624, 0.083403945]
[1.776393, 1.0472195, 0.64827096, 0.08090256]
[1.9815623, 0.9677217, 0.92644066, 0.08739985]
[2.093145, 1.06759, 0.94617486, 0.07937999]
[1.7915859, 0.91812414, 0.8021579, 0.071303785]
[1.9101771, 0.89982545, 0.93752897, 0.07282269]
[1.8249097, 0.8473367, 0.9029442, 0.07462888]
[1.9765595, 0.9352228, 0.9634617, 0.07787503]
[1.8120276, 0.74429446, 0.98594606, 0.08178698]
[1.9074497, 0.8872644, 0.94568616, 0.074499115]
[1.8435553, 0.8673241, 0.8883587, 0.087872475]
[1.8519247, 0.9123636, 0.8506922, 0.088868916]
[1.7896862, 0.66878074, 1.0387594, 0.08214621]
[2.065919, 0.98261297, 0.9957844, 0.08752144]
[1.7938459, 0.87182844, 0.8392087, 0.08280879]
[1.7718576, 0.71586895, 0.978883, 0.07710564]
[1.8375614, 0.9338728, 0.8104056, 0.09328289]
[1.8466654, 0.88218755, 0.8700631, 0.094414696]
[1.8491529, 0.79292583, 0.9765109, 0.07971618]
[1.8484004, 0.81952715, 0.93648726, 0.09238605]
[1.9278655, 0.8718525, 0.9642167, 0.09179629]
[1.8821673, 0.85185254, 0.9301466, 0.10016824]
[1.7303822, 0.63461125, 1.0110708, 0.08470008]
[1.9003817, 1.1647233, 0.6481185, 0.087539926]
[1.79138, 0.94299996, 0.75709784, 0.091282204]
[1.9419786, 1.0247144, 0.8189897, 0.098274544]
[1.8900104, 0.98379344, 0.8128449, 0.09337209]
[1.915563, 0.8786324, 0.9477735, 0.08915697]
[1.7221062, 0.8405662, 0.78462505, 0.09691496]
[1.7857337, 0.98569393, 0.71498764, 0.08505213]
[1.9386364, 0.82814896, 1.0120256, 0.098461874]
[1.9738747, 1.061413, 0.8191885, 0.093273155]
[2.0497813, 0.9962548, 0.96042335, 0.09310328]
[1.7948176, 0.8434073, 0.8601805, 0.09122975]
[1.6250952, 0.8344799, 0.7017426, 0.08887277]
[1.6800914, 0.69499755, 0.88605094, 0.099042855]
[1.8813345, 1.050078, 0.72762007, 0.10363656]
[1.8348984, 0.9478586, 0.78569347, 0.10134633]
[1.9502741, 0.81676006, 1.036739, 0.0967751]
[1.9098904, 0.90582645, 0.9100788, 0.09398505]
[1.6992117, 0.84506655, 0.75624996, 0.09789532]
[2.0794048, 0.90402436, 1.075296, 0.100084394]
[1.9410357, 0.995229, 0.85273445, 0.093072355]
[1.8231481, 0.8115418, 0.91255385, 0.09905254]
[1.9439565, 0.8835722, 0.967651, 0.092733234]
[1.9414645, 0.94453275, 0.89744246, 0.099489294]
[1.8499016, 0.89327097, 0.866815, 0.08981565]
[1.8622457, 0.87589055, 0.8901843, 0.09617078]
[1.8135272, 0.8271323, 0.8910644, 0.09533065]
[1.8111459, 0.869195, 0.8334632, 0.10848771]
[1.7888592, 0.9802648, 0.7013361, 0.107258424]
[2.0422273, 0.7746984, 1.1724744, 0.09505457]
[1.8166889, 0.90774715, 0.818056, 0.09088576]
[1.9518125, 0.97782, 0.8753396, 0.098652825]
[1.7187595, 0.7535137, 0.8623723, 0.10287358]
[1.9065089, 0.8987983, 0.9083045, 0.09940618]
[1.8819829, 0.87710845, 0.9068568, 0.09801769]
[1.7710997, 0.9785892, 0.69074273, 0.10176779]
[1.8985944, 0.78643507, 1.0098131, 0.10234614]
[1.7668904, 0.8750528, 0.78821135, 0.10362625]
[1.7394348, 0.7906342, 0.8394352, 0.109365344]
[1.6938258, 0.8971009, 0.6955296, 0.10119529]
[1.8804047, 0.8639929, 0.90714824, 0.10926348]
[1.9580631, 0.9317346, 0.9217906, 0.104537934]
[1.7988589, 0.93484336, 0.76213986, 0.10187566]
[1.9168935, 0.9233397, 0.8802917, 0.113262095]
[1.7164335, 0.7386165, 0.8686976, 0.109119385]
[1.976891, 0.9047411, 0.9530673, 0.11908266]
[1.776133, 0.83841836, 0.82644266, 0.11127193]
[1.8282819, 0.77516425, 0.9506765, 0.10244103]
[1.8518801, 0.80342865, 0.92348486, 0.12496665]
[1.9213742, 0.8224492, 0.9938214, 0.105103604]
[1.8684616, 0.98322636, 0.7778265, 0.10740872]
[1.8625414, 0.7624089, 0.9990897, 0.1010427]
[2.0087142, 0.9173883, 0.9830569, 0.10826893]
[1.8252838, 0.94419056, 0.77887213, 0.10222105]
[2.0751603, 0.8712652, 1.0973469, 0.10654816]
[1.7239467, 0.98176706, 0.63874525, 0.103434436]
[1.7735257, 0.842803, 0.8174271, 0.11329554]
[1.5262766, 0.6770197, 0.7347616, 0.11449526]
[2.1762125, 1.2269955, 0.8271575, 0.12205966]
[1.8035884, 0.81365204, 0.8785695, 0.111366846]
[1.7410759, 0.8460171, 0.7926291, 0.10242961]
[1.9721441, 0.90678036, 0.95372283, 0.11164098]
[1.8387897, 0.96381634, 0.76734763, 0.10762572]
[1.8944819, 0.90124774, 0.88926935, 0.10396482]
[1.8188446, 0.77289504, 0.9455309, 0.10041863]
[1.7900937, 0.8473954, 0.8468106, 0.09588766]
[1.8606735, 1.0163655, 0.747931, 0.09637706]
[1.893973, 0.83982104, 0.944858, 0.109293915]
[1.8557539, 0.8156321, 0.93714666, 0.102975115]
[1.8582933, 0.8807745, 0.87068164, 0.106837206]
[2.0159698, 0.90328854, 0.99852216, 0.114159144]
[1.7106314, 0.960176, 0.64454544, 0.10590993]
[1.9400532, 0.9285982, 0.9096574, 0.101797536]
[1.8642213, 0.9278714, 0.8207815, 0.11556842]
[1.6427301, 0.73859406, 0.8007079, 0.10342829]
[1.6453686, 0.78526634, 0.7467377, 0.1133644]
[1.9330448, 0.9989598, 0.815661, 0.11842409]
[1.8855444, 0.88366795, 0.8897608, 0.11211571]
[1.7911544, 0.8517051, 0.82538986, 0.11405951]
[1.8161623, 0.7340973, 0.9649541, 0.11711098]
[1.9845518, 1.0839641, 0.7781354, 0.12245221]
[1.843394, 0.7175314, 1.0219615, 0.10390121]
[2.0181928, 1.0410578, 0.8689737, 0.108161315]
[1.8470298, 0.8713976, 0.8616355, 0.113996625]
[1.6947975, 0.9309715, 0.66189146, 0.10193457]
[1.7256607, 0.7450767, 0.86244553, 0.11813839]
[2.0900877, 0.99229044, 0.9855721, 0.11222497]
[1.6791679, 0.61775386, 0.9611144, 0.100299634]
[1.99987, 0.96083075, 0.9349133, 0.10412583]
[1.7673997, 0.89881766, 0.7633889, 0.10519317]
[1.9419886, 0.9447076, 0.8842486, 0.11303248]
[1.9055521, 0.85842896, 0.93767726, 0.10944599]
[1.7784065, 0.8162278, 0.8546846, 0.107494116]
[1.7207494, 0.83280075, 0.76422167, 0.12372697]
[2.0016968, 1.0474532, 0.84184116, 0.11240251]
[1.9556866, 0.85824287, 0.9887182, 0.10872556]
[1.88966, 0.78029776, 0.9962121, 0.11315011]
[2.0357387, 1.0351582, 0.8830329, 0.11754753]
[1.9008449, 0.8229512, 0.97358346, 0.10431028]
[1.788537, 0.8955202, 0.7926042, 0.10041262]
[1.9346591, 1.1360371, 0.6911899, 0.10743214]
[2.0094495, 0.76091707, 1.1465863, 0.10194601]
[1.8077317, 0.9466572, 0.7617942, 0.0992804]
[1.9135295, 0.9703884, 0.8407563, 0.102384776]
[1.7944278, 0.80228305, 0.8980508, 0.09409392]
[2.0521176, 1.0332367, 0.91688967, 0.10199111]
[1.8059334, 0.7939018, 0.9128848, 0.09914668]
[2.0592844, 0.8836597, 1.0813245, 0.0943002]
[1.9563335, 0.95847976, 0.91293925, 0.0849146]
[1.731243, 0.8825896, 0.760492, 0.088161364]
[1.7740389, 0.72242904, 0.9606748, 0.090935156]
[2.0346546, 1.0509701, 0.89037836, 0.09330621]
[1.9605078, 0.9126851, 0.9507358, 0.097086795]
[1.7028699, 0.7160626, 0.89895195, 0.087855354]
[1.8262553, 0.871423, 0.8672993, 0.08753299]
[1.7761762, 0.7683055, 0.92017484, 0.08769585]
[1.9145269, 1.016796, 0.7984127, 0.09931824]
[1.9756808, 0.7752657, 1.1093407, 0.091074444]
[1.9131038, 1.0195545, 0.8053435, 0.08820577]
[1.9721833, 0.85860276, 1.022624, 0.09095654]
[1.9113182, 0.85330564, 0.96834695, 0.08966553]
[1.9535997, 0.90384793, 0.96398664, 0.085765064]
[1.8462934, 0.92449963, 0.8340095, 0.08778429]
[1.849069, 0.97342515, 0.79130334, 0.08434047]
[1.8140181, 0.72032976, 1.0105033, 0.08318508]
[1.74617, 0.7741865, 0.88213384, 0.089849666]
[1.9758116, 1.0274341, 0.8464877, 0.101889744]
[1.9653801, 0.9535345, 0.9260781, 0.08576746]
[1.8394375, 0.973316, 0.7783063, 0.08781516]
[1.8153464, 0.7645743, 0.9691917, 0.081580386]
[1.7071124, 0.79523206, 0.820874, 0.091006406]
[2.1120906, 0.98322886, 1.034631, 0.09423063]
[1.8566638, 0.86514664, 0.9023553, 0.08916189]
[1.8223376, 0.9092047, 0.8328585, 0.08027438]
[1.7606024, 0.79817593, 0.86905706, 0.09336933]
[1.8089484, 0.7022034, 1.0124655, 0.09427957]
[1.7748373, 0.93998873, 0.73392385, 0.10092473]
[1.9323869, 0.9206547, 0.904817, 0.10691525]
[1.9051224, 0.91220236, 0.8925742, 0.10034585]
[1.7429845, 0.84734, 0.79935974, 0.09628485]
[1.781963, 0.83118474, 0.83935606, 0.11142223]
[1.7585022, 0.78547883, 0.8684893, 0.10453416]
[1.8987978, 0.91471297, 0.86219805, 0.121886715]
[1.9761117, 1.0698328, 0.80959845, 0.09668036]
[1.9184511, 0.76485384, 1.0472641, 0.10633317]
[1.8735214, 0.8501779, 0.9222208, 0.10112272]
[1.669345, 0.81411934, 0.7581154, 0.097110234]
[1.9585879, 0.86726385, 0.99603605, 0.09528808]
[1.8552035, 0.81356347, 0.9487001, 0.09293995]
[1.8365436, 0.82234716, 0.9039681, 0.110228315]
[1.8157312, 0.9889442, 0.7262536, 0.100533366]
[1.814506, 0.83428675, 0.87346494, 0.1067543]
[2.0808532, 0.8994731, 1.0789781, 0.10240201]
[1.8373748, 0.8639692, 0.8734963, 0.09990931]
[1.9414935, 0.94956714, 0.89424443, 0.097682014]
[1.8781487, 0.9768348, 0.7927215, 0.108592406]
[1.8856654, 0.7735897, 1.0135589, 0.09851697]
[1.8856804, 0.97170925, 0.8163555, 0.09761576]
[1.8636253, 0.76243144, 0.9992453, 0.10194847]
[1.9066224, 0.98064935, 0.8253792, 0.100593776]
[2.0418768, 0.82902026, 1.1162565, 0.09660013]
[1.9685763, 1.0297923, 0.8430489, 0.09573521]
[1.7170478, 0.7937725, 0.83625376, 0.087021425]
[1.6178111, 0.70427567, 0.8187394, 0.09479605]
[1.990419, 1.0112447, 0.87590057, 0.10327378]
[1.7170371, 0.9140263, 0.7117169, 0.09129395]
[1.8992862, 0.79649323, 1.0120976, 0.09069531]
[1.9256709, 1.1408426, 0.6801041, 0.10472411]
[1.8383049, 0.70429325, 1.0346594, 0.099352226]
[1.7674439, 0.9257473, 0.7423856, 0.099310964]
[1.8405223, 0.9147716, 0.82370436, 0.102046244]
[2.1033964, 0.88248247, 1.1272907, 0.09362322]
[1.927886, 0.9833169, 0.8490039, 0.09556516]
[1.9822804, 1.2109678, 0.6818223, 0.08949028]
[1.9423286, 0.9919134, 0.8615904, 0.08882482]
[1.9109907, 0.8986745, 0.92602384, 0.08629243]
[1.8462704, 0.7733575, 0.99211496, 0.08079799]
[1.9657753, 1.0098565, 0.87721205, 0.07870674]
[1.7827814, 0.87178075, 0.8354387, 0.07556184]
[1.820678, 0.60892797, 1.127471, 0.084279016]
[1.782834, 0.96929425, 0.7199595, 0.09358026]
[1.959465, 0.95644605, 0.9100636, 0.09295541]
[1.9106067, 0.9301909, 0.8968352, 0.083580635]
[1.8070586, 0.82253337, 0.9002243, 0.08430084]
[1.8677193, 0.748585, 1.0270375, 0.09209679]
[1.7976136, 0.7912082, 0.9091116, 0.09729383]
[1.7739558, 0.94318706, 0.73067623, 0.10009253]
[1.8975599, 0.7740139, 1.0262234, 0.09732252]
[1.7611517, 0.9270695, 0.7312051, 0.102877006]
[1.9868339, 1.0716131, 0.81335545, 0.101865366]
[2.0009296, 0.878488, 1.0215741, 0.100867406]
[1.844328, 0.95233107, 0.78903586, 0.10296121]
[1.9023956, 1.0184157, 0.7936503, 0.09032954]
[1.8445032, 0.91892755, 0.8314088, 0.0941668]
[1.8124928, 1.0223088, 0.69594955, 0.09423447]
[1.7508256, 0.81848407, 0.8372648, 0.09507677]
[1.6473386, 0.8348874, 0.71262515, 0.09982604]
[1.8896452, 0.95066196, 0.8324426, 0.106540635]
[1.8659943, 0.79163873, 0.970539, 0.10381664]
[1.8116047, 0.7569417, 0.94103956, 0.113623455]
[1.977305, 1.0936323, 0.77865463, 0.105017975]
[1.9660544, 0.72938585, 1.1344137, 0.10225493]
[1.6767665, 0.795434, 0.78545254, 0.09587992]
[1.9725561, 1.1248019, 0.74577296, 0.1019813]
[1.874374, 0.67970026, 1.0901842, 0.10448959]
[1.8637847, 0.83404845, 0.9263594, 0.10337673]
[1.8197641, 0.9501723, 0.7679736, 0.10161826]
[1.8581841, 0.8196085, 0.94152474, 0.0970509]
[2.0393896, 0.99583864, 0.9347125, 0.108838536]
[2.0447133, 1.0714419, 0.87463653, 0.09863481]
[1.9452168, 0.8890486, 0.9709013, 0.085266985]
[1.7708337, 0.71905863, 0.9619357, 0.08983947]
[1.834738, 1.0163382, 0.72416687, 0.09423295]
[1.7677814, 0.7206219, 0.95655966, 0.09059993]
[2.039843, 0.9505417, 0.98076683, 0.10853458]
[1.825215, 0.8493043, 0.87975204, 0.096158594]
[1.8941697, 1.015959, 0.7803987, 0.09781192]
[1.8993702, 0.7309536, 1.071069, 0.09734758]
[1.7707686, 0.8454414, 0.83094746, 0.09437975]
[1.9487636, 0.91877824, 0.9406773, 0.08930807]
[1.902948, 1.0379288, 0.7722677, 0.0927515]
[1.8652352, 0.9445617, 0.8301903, 0.09048314]
[1.9098827, 0.782932, 1.043603, 0.08334771]
[1.6924015, 0.7990976, 0.80174214, 0.09156184]
[1.8851166, 0.94782233, 0.8443662, 0.09292809]
[1.6678746, 0.8106904, 0.7594737, 0.09771049]
[1.6895881, 0.79142046, 0.80301905, 0.09514856]
[1.9447237, 0.71052897, 1.1233133, 0.11088147]
[1.8918663, 0.96118134, 0.8268516, 0.10383335]
[2.0284376, 0.98741883, 0.9375919, 0.103426814]
[1.9411337, 0.9909239, 0.85127723, 0.09893261]
[1.8110206, 0.77293074, 0.94732296, 0.09076695]
[1.7303646, 1.0102237, 0.621891, 0.09824973]
[2.0623467, 0.9023969, 1.0562769, 0.10367286]
[1.8180255, 0.77950764, 0.9438844, 0.094633505]
[2.0294101, 1.0835475, 0.85418296, 0.09167965]
[1.9141207, 0.8158653, 1.0023793, 0.09587605]
[1.8343575, 0.89470494, 0.8421307, 0.09752181]
[1.856006, 0.7948988, 0.97157836, 0.08952888]
[1.871803, 0.96436065, 0.8181573, 0.08928512]
[1.7897785, 0.826336, 0.87177503, 0.091667384]
[2.021237, 0.9914582, 0.93432105, 0.09545758]
[1.7488598, 0.91666996, 0.7356454, 0.096544385]
[1.7824724, 0.8379466, 0.8403761, 0.10414973]
[1.935947, 0.8122455, 1.0289077, 0.09479374]
[1.7876897, 0.9004544, 0.7924172, 0.094818145]
[1.6504619, 0.62105894, 0.93795246, 0.09145049]
[1.8576626, 1.0998976, 0.6576759, 0.100088984]
[1.7087551, 0.62060773, 0.98453283, 0.10361457]
[1.8599962, 0.95215464, 0.79259384, 0.11524776]
[1.9614058, 0.8796684, 0.9758792, 0.10585814]
[1.7873671, 0.8927839, 0.79236025, 0.10222298]
[1.7329085, 0.59284055, 1.038589, 0.10147895]
[1.9872035, 0.95592415, 0.9274827, 0.10379664]
[1.8583155, 0.9223347, 0.82218015, 0.11380068]
[1.8241663, 0.8716506, 0.85020345, 0.1023123]
[1.7129925, 0.7918239, 0.8170479, 0.104120724]
[2.001457, 0.96814585, 0.93060255, 0.102708586]
[1.856659, 0.9153084, 0.84381956, 0.09753113]
[2.0678005, 1.1450256, 0.8239305, 0.09884448]
[2.0494163, 0.9983456, 0.9628128, 0.088257894]
[1.7922384, 0.7595651, 0.93966067, 0.09301256]
[1.8029281, 0.7585908, 0.94494635, 0.099390894]
[1.8525846, 1.1174593, 0.6367341, 0.09839117]
[1.8525914, 0.80014014, 0.94695073, 0.10550056]
[1.8946718, 0.96007746, 0.83573884, 0.098855466]
[1.9529593, 0.9996482, 0.8500236, 0.10328744]
[1.8963662, 0.9000349, 0.89853233, 0.097798966]
[1.9122741, 0.82983524, 0.9870147, 0.095424116]
[1.8675263, 0.8713834, 0.9058137, 0.09032914]
[1.8398997, 0.9181515, 0.8210388, 0.10070932]
[1.773908, 0.81316125, 0.8622036, 0.098543204]
[1.8270967, 0.9743263, 0.7531404, 0.09963003]
[1.7869432, 0.8336526, 0.85742056, 0.09587002]
[1.871406, 0.93081665, 0.83729124, 0.103298105]
[1.7244992, 0.83502436, 0.7898929, 0.09958192]
[2.0008814, 0.81603336, 1.0851364, 0.09971165]
[2.0340614, 1.0065686, 0.9150454, 0.11244743]
[1.8659873, 0.69994396, 1.072089, 0.093954295]
[1.8070542, 1.0000814, 0.7063404, 0.100632265]
[1.947181, 0.8228679, 1.0212258, 0.103087366]
[2.0450466, 1.0307662, 0.91471475, 0.09956553]
[1.7047242, 0.75689703, 0.8472512, 0.100576006]
[1.8378068, 0.927181, 0.80880463, 0.10182122]
[1.8616552, 0.8221282, 0.94150436, 0.0980227]
[1.8980957, 0.8419003, 0.9563391, 0.09985623]
[1.8498973, 0.9394553, 0.8133659, 0.09707601]
[2.033902, 0.6922229, 1.2442731, 0.09740582]
[1.940218, 1.0979395, 0.7425357, 0.09974283]
[1.911676, 0.9437933, 0.8629825, 0.104900256]
[1.79167, 1.0168979, 0.67890954, 0.09586248]
[1.9211171, 0.96445394, 0.86292493, 0.09373817]
[1.8226187, 0.7737902, 0.9466815, 0.10214704]
[1.8844239, 0.90617883, 0.88052285, 0.09772218]
[1.9142774, 1.0334439, 0.78736347, 0.09346994]
[1.8824584, 0.9080484, 0.8745893, 0.09982071]
[2.1217103, 1.1184859, 0.898576, 0.10464825]
[1.7937117, 0.82876235, 0.87500477, 0.08994466]
[1.9362876, 0.95919764, 0.8852508, 0.09183921]
[1.8715216, 0.8289721, 0.9580652, 0.08448423]
[1.9450153, 0.9486895, 0.90889645, 0.08742936]
[1.8974909, 1.021577, 0.78641963, 0.08949423]
[1.7840236, 0.87711877, 0.81255865, 0.09434616]
[1.954781, 1.1162448, 0.75515985, 0.08337635]
[1.8009702, 0.86722326, 0.83651644, 0.09723051]
[1.8366803, 0.925241, 0.81560874, 0.095830575]
[1.870004, 0.9837315, 0.7956369, 0.09063569]
[1.9304796, 0.696826, 1.1446202, 0.08903353]
[1.7945561, 0.9023717, 0.8018349, 0.090349555]
[1.7583591, 0.7428373, 0.9256602, 0.08986156]
[1.8848119, 0.9427227, 0.85159487, 0.090494365]
[1.9429402, 0.90669847, 0.9445847, 0.09165703]
[1.699542, 0.6525997, 0.9527142, 0.094228104]
[1.8772717, 0.9279605, 0.84286165, 0.10644946]
[1.9417444, 0.79306996, 1.0550426, 0.09363186]
[1.8069985, 0.73074055, 0.97754157, 0.09871642]
[2.034272, 1.2251934, 0.70850855, 0.100570016]
[2.0629435, 0.7407687, 1.2220967, 0.100078195]
[1.7835252, 0.8059957, 0.8945261, 0.0830034]
[1.7966707, 0.8059957, 0.9028068, 0.08786816]
[1.9043183, 0.949322, 0.8649044, 0.090092]
[1.8018878, 0.8841269, 0.82407403, 0.093686834]
[1.5713001, 0.8099849, 0.66419077, 0.0971245]
[1.7047615, 0.8762272, 0.72793126, 0.10060314]
[1.8269686, 0.90235806, 0.82030195, 0.104308516]
[1.924013, 0.8870242, 0.93130535, 0.105683476]
[1.8968995, 1.0450112, 0.754542, 0.09734629]
[1.8133793, 0.77872574, 0.9423144, 0.09233914]
[1.947968, 0.89899266, 0.9524523, 0.09652309]
[1.9012419, 0.8587921, 0.9404712, 0.10197869]
[1.8849144, 0.871606, 0.9116646, 0.10164374]
[1.8221471, 0.77259254, 0.9551296, 0.09442493]
[2.1528425, 1.0803185, 0.96890414, 0.10362001]
[1.7615755, 0.7248185, 0.94606405, 0.09069285]
[1.8384511, 0.83881056, 0.89989495, 0.099745646]
[1.7324202, 0.908779, 0.7191616, 0.10447955]
[1.7393751, 0.9013647, 0.7318845, 0.10612598]
[1.8051269, 0.7866923, 0.91181606, 0.10661854]
[1.8892512, 0.7515807, 1.0321314, 0.10553906]
[1.7845005, 0.73145294, 0.93634266, 0.11670485]
[1.8825233, 0.8898169, 0.88614744, 0.10655899]
[1.8953205, 0.9334853, 0.86357147, 0.098263726]
[1.9172343, 0.95533305, 0.84849846, 0.11340273]
[1.7630291, 0.803474, 0.8577785, 0.10177656]
[1.8267906, 0.8819965, 0.84391505, 0.100878984]
[1.8436792, 0.97073245, 0.7719451, 0.101001665]
[1.6420954, 0.8007496, 0.7414982, 0.09984763]
[2.084363, 0.7956847, 1.178196, 0.11048223]
[1.820303, 1.0223641, 0.68282723, 0.115111545]
[1.7493705, 0.65694, 0.9807829, 0.11164744]
[2.0767307, 1.0226024, 0.9359681, 0.11816016]
[1.9247265, 0.84927166, 0.9812828, 0.094172]
[1.7593443, 0.90035796, 0.74214214, 0.11684416]
[2.0097735, 0.9364373, 0.9794915, 0.093844704]
[1.842564, 0.910589, 0.8241215, 0.10785353]
[1.8578585, 0.9185853, 0.84238034, 0.09689296]
[1.8190702, 0.8814291, 0.85245234, 0.085188724]
[1.8026428, 1.052559, 0.65675724, 0.09332658]
[1.7633575, 0.7370531, 0.93086433, 0.09544003]
[1.7376074, 0.8020055, 0.8316219, 0.103979975]
[1.8059862, 0.78049886, 0.9177921, 0.10769524]
[2.0910718, 1.185502, 0.78959835, 0.115971476]
[1.8776661, 0.7850881, 0.9951061, 0.09747185]
[1.6973394, 0.9658268, 0.6219716, 0.10954102]
[1.5484166, 0.72267795, 0.7301062, 0.09563253]
[1.8666189, 0.81364846, 0.9395627, 0.11340775]
[1.8757205, 0.9433258, 0.81791985, 0.114474714]
[1.8022214, 0.84422135, 0.8471944, 0.110805646]
[1.9069524, 0.81319416, 0.9797688, 0.11398933]
[1.8345778, 1.0012772, 0.7190898, 0.114210844]
[1.88632, 0.8346521, 0.93704283, 0.11462507]
[1.7588696, 0.801651, 0.8484589, 0.10875979]
[2.0137603, 0.9314641, 0.96182203, 0.120474115]
[1.9107078, 0.8483163, 0.96118295, 0.101208545]
[1.785279, 0.78002083, 0.9001847, 0.10507348]
[1.7250623, 0.58071464, 1.0341973, 0.110150166]
[1.7376972, 0.866035, 0.75751007, 0.11415219]
[1.9178196, 0.866386, 0.9318366, 0.11959712]
[1.8598726, 0.7684488, 0.97997403, 0.11144973]
[1.8364493, 0.88948804, 0.82870626, 0.118254974]
[1.8721621, 0.7267597, 1.0410744, 0.104328044]
[1.96843, 1.1363114, 0.73113334, 0.10098528]
[1.785904, 0.8754679, 0.809088, 0.10134817]
[1.5486429, 0.7655425, 0.6760956, 0.10700472]
[1.7615284, 0.63159347, 1.022341, 0.10759384]
[1.8521678, 0.87461376, 0.86116904, 0.11638495]
[1.8519425, 0.8566327, 0.8872851, 0.108024776]
[1.7644128, 0.878796, 0.7778553, 0.10776147]
[2.123957, 1.017003, 0.9845164, 0.12243738]
[2.044594, 0.9050114, 1.0289062, 0.1106763]
[2.1717458, 1.1074239, 0.9586921, 0.105629995]
[1.7878851, 0.843562, 0.8479269, 0.096396044]
[1.9623206, 0.9645856, 0.89398503, 0.10374993]
[1.7822874, 0.98931944, 0.6837652, 0.109202795]
[1.9975203, 0.80562276, 1.0925168, 0.099380806]
[1.6765423, 0.86400265, 0.7189652, 0.09357447]
[1.8019159, 0.7780403, 0.9215959, 0.10227968]
[1.833444, 0.9069091, 0.8285443, 0.09799063]
[1.9326482, 0.96392524, 0.8565873, 0.11213568]
[1.9709584, 0.8970373, 0.97044015, 0.10348095]
[1.8538995, 0.759653, 0.98991346, 0.10433299]
[1.6993439, 0.7352752, 0.87431, 0.089758635]
[1.8693357, 1.0866016, 0.6780181, 0.10471596]
[1.9981599, 0.6943672, 1.1953428, 0.10844995]
[1.9001058, 0.7896767, 1.021397, 0.0890321]
[1.9258809, 0.94839686, 0.8796704, 0.097813606]
[1.8767246, 0.8859253, 0.8965904, 0.09420879]
[1.848312, 0.80771977, 0.9389843, 0.101607874]
[2.0173895, 1.0500758, 0.8749825, 0.092331305]
[1.836439, 0.80807984, 0.930485, 0.09787412]
[1.9593943, 0.9149119, 0.9382326, 0.10624978]
[1.7913574, 0.8037864, 0.8955231, 0.092047885]
[1.5652133, 0.74242735, 0.7269164, 0.09586967]
[1.8407403, 0.9748617, 0.75466293, 0.11121571]
[1.7250607, 0.7262584, 0.89827776, 0.100524545]
[1.7934984, 0.7749647, 0.91217387, 0.106359854]
[1.8884258, 1.0874274, 0.6789048, 0.12209365]
[1.7698021, 0.6139193, 1.0542213, 0.10166144]
[1.8746653, 0.92045397, 0.8503493, 0.10386205]
[1.6948599, 0.69620377, 0.8832288, 0.115427405]
[1.793822, 0.8946723, 0.78583026, 0.11331956]
[1.9160081, 0.8976264, 0.9054396, 0.11294213]
[1.7749038, 0.8887525, 0.7855108, 0.100640535]
[1.8429455, 0.8256036, 0.9013481, 0.11599379]
[1.6992928, 0.6690232, 0.91588724, 0.11438236]
[1.9453845, 1.0190778, 0.81862426, 0.10768247]
[1.7607149, 0.74732816, 0.8966482, 0.11673844]
[1.8273562, 1.0248477, 0.6842259, 0.11828259]
[1.8516848, 0.9161948, 0.81807363, 0.11741643]
[2.147688, 0.92808247, 1.0944307, 0.12517466]
[1.6481956, 0.83960676, 0.7028531, 0.10573579]
[1.9947073, 0.9561762, 0.9345134, 0.10401772]
[1.9410883, 0.9753528, 0.8607496, 0.1049858]
[1.7442213, 0.7896052, 0.84575176, 0.10886446]
[1.8011026, 0.80785435, 0.88677084, 0.10647749]
[1.8274705, 0.78359413, 0.9332888, 0.11058755]
[1.9388546, 0.93502426, 0.89316845, 0.1106619]
[2.019821, 0.99965644, 0.91318834, 0.1069761]
[1.6964042, 0.82422507, 0.77087176, 0.10130742]
[2.147069, 1.0215635, 1.014144, 0.11136151]
[1.8247775, 0.9788724, 0.7443171, 0.10158791]
[1.9125031, 0.86699045, 0.94453293, 0.10097965]
[1.8064418, 1.0090339, 0.69866437, 0.09874348]
[1.8378536, 0.7627573, 0.9669725, 0.10812379]
[1.8779575, 1.0030465, 0.7732618, 0.10164911]
[1.9030737, 0.8636881, 0.94062495, 0.09876065]
[1.8826684, 0.9471648, 0.8420434, 0.093460254]
[1.8203202, 0.99669665, 0.7302103, 0.093413286]
[1.8930343, 0.9589193, 0.8406651, 0.09344991]
[1.9889532, 0.79938793, 1.0910015, 0.098563775]
[2.1328504, 1.2717732, 0.7690462, 0.09203094]
[1.9015144, 1.0245869, 0.7878577, 0.08906977]
[1.8751836, 0.8274565, 0.9583274, 0.08939964]
[1.929253, 0.98437744, 0.85173005, 0.09314552]
[1.9287093, 0.92399013, 0.9161054, 0.0886138]
[1.8744284, 0.85792506, 0.939186, 0.07731731]
[1.826823, 0.8527117, 0.89070666, 0.08340472]
[1.8822681, 0.89029276, 0.90338403, 0.08859123]
[1.7518284, 0.8204349, 0.84439194, 0.08700159]
[1.9523036, 0.8500945, 1.0066259, 0.09558315]
[1.8582245, 0.99724495, 0.7713892, 0.089590475]
[2.0170443, 0.8902682, 1.0466552, 0.08012087]
[1.9099777, 1.0262997, 0.79783005, 0.085847855]
[1.6987593, 0.85298324, 0.7566865, 0.08908966]
[1.7575781, 0.71278334, 0.9380243, 0.10677047]
[1.7229564, 0.76964736, 0.86543095, 0.08787815]
[1.6426303, 0.74411166, 0.805238, 0.09328073]
[1.9343414, 0.80512965, 1.0190852, 0.11012663]
[1.7669531, 0.8807988, 0.78846115, 0.09769313]
[2.0452142, 1.0004811, 0.94011456, 0.10461859]
[1.7353646, 0.7654207, 0.8638022, 0.10614171]
[1.7778883, 0.9336436, 0.74560046, 0.09864421]
[1.7594593, 0.89386433, 0.77283263, 0.09276228]
[1.7894882, 0.70928335, 0.96418023, 0.116024666]
[1.9871016, 1.1052985, 0.7695285, 0.112274535]
[1.8476228, 0.6853981, 1.0552503, 0.10697433]
[1.9424694, 1.0193467, 0.8159482, 0.10717444]
[1.8334142, 0.7936977, 0.9431819, 0.09653464]
[1.8203161, 0.9486573, 0.7608785, 0.1107803]
[1.8396158, 0.6469234, 1.0876962, 0.104996175]
[1.8913974, 0.9602229, 0.8271432, 0.10403122]
[1.9577707, 0.790501, 1.0607717, 0.10649802]
[1.7913467, 0.7934471, 0.8803897, 0.117510006]
[1.9001782, 1.0525808, 0.7416879, 0.1059095]
[1.8658719, 0.9160255, 0.8409211, 0.1089254]
[1.8973198, 0.8825114, 0.9124266, 0.10238178]
[1.7954971, 0.86174506, 0.8245927, 0.109159306]
[2.0205412, 0.8281261, 1.086328, 0.10608718]
[2.0046022, 0.9922799, 0.9052439, 0.10707845]
[1.897862, 1.0069152, 0.7896689, 0.10127781]
[1.661913, 0.8888178, 0.6678995, 0.105195805]
[2.0596926, 0.92311215, 1.0234659, 0.113114655]
[1.987298, 0.9240893, 0.95649683, 0.1067119]
[1.928004, 1.0378225, 0.78305376, 0.10712776]
[1.9842399, 1.1196382, 0.77409303, 0.09050875]
[1.8864253, 0.98813426, 0.80277693, 0.095514044]
[1.7889972, 0.71185106, 0.98668087, 0.09046535]
[1.941268, 0.9347223, 0.9060289, 0.10051675]
[1.9381098, 0.9014983, 0.9378363, 0.0987751]
[1.990268, 0.99453175, 0.9089897, 0.086746484]
[1.8084608, 0.91989285, 0.7831272, 0.10544075]
[1.7228816, 0.7746742, 0.8540588, 0.094148576]
[1.8891568, 0.88249993, 0.90429693, 0.102359965]
[1.8012464, 0.89953303, 0.80216277, 0.099550635]
[1.8837718, 0.9655477, 0.80970544, 0.10851874]
[1.769124, 0.66022897, 1.0116694, 0.097225666]
[1.9766712, 1.1459968, 0.72951853, 0.10115594]
[1.9072758, 0.63031167, 1.1757654, 0.10119877]
[1.7358695, 0.8138676, 0.8232007, 0.0988013]
[1.935406, 0.91237235, 0.9237031, 0.0993306]
[1.760477, 0.71155334, 0.9495461, 0.099377565]
[1.6250608, 0.7380747, 0.7878187, 0.09916734]
[1.8622887, 0.83197296, 0.9167933, 0.11352259]
[2.0730386, 1.041008, 0.92205346, 0.109977186]
[2.0025737, 0.7933472, 1.1034865, 0.105740145]
[1.6978749, 0.7965456, 0.80272233, 0.09860698]
[1.7083907, 0.74106157, 0.8695478, 0.09778147]
[1.7300506, 0.80500376, 0.8234505, 0.10159637]
[1.9816908, 0.7982881, 1.0779287, 0.10547401]
[1.9303133, 0.96589565, 0.8673637, 0.097053945]
[1.791548, 0.6928215, 0.99036264, 0.10836386]
[2.0165544, 0.97661716, 0.93660367, 0.103333354]
[1.6992939, 0.9331187, 0.6720239, 0.09415131]
[2.008957, 0.86419344, 1.0418146, 0.10294892]
[1.8450583, 0.9299525, 0.8252258, 0.089880094]
[1.9105232, 1.0923393, 0.7236197, 0.0945642]
[1.7671306, 0.79851043, 0.86856496, 0.10005523]
[1.917202, 0.8826201, 0.9305799, 0.104002014]
[1.9436287, 0.7961068, 1.0480747, 0.09944717]
[1.8342441, 1.0325601, 0.7040205, 0.09766351]
[2.1789014, 1.0714465, 1.0100582, 0.09739658]
[2.298862, 1.2161708, 0.994474, 0.08821737]
[1.8187323, 1.0795354, 0.662598, 0.07659894]
[1.8094411, 0.9315549, 0.80159056, 0.07629563]
[1.8868182, 1.0305095, 0.7766866, 0.07962198]
[1.7192855, 0.81875443, 0.8206527, 0.079878315]
[1.7666606, 0.9908805, 0.6901138, 0.08566627]
[2.0249183, 1.0183622, 0.92007744, 0.08647879]
[1.8845783, 0.81816244, 0.9855206, 0.080895275]
[2.025759, 1.1056931, 0.82648385, 0.09358204]
[1.7390784, 0.73283577, 0.9218871, 0.08435549]
[1.7866992, 0.98973197, 0.70878327, 0.088183954]
[2.0511863, 1.1020441, 0.86434734, 0.084794775]
[1.8245244, 0.76559806, 0.9726469, 0.08627938]
[1.91272, 1.1354027, 0.6959517, 0.08136555]
[1.8887041, 0.9033131, 0.909028, 0.07636295]
[1.7809882, 0.7117627, 0.97477376, 0.09445172]
