[1.760655, 0.87176746, 0.8166919, 0.07219568]
[1.9340968, 1.0430028, 0.8092923, 0.08180169]
[2.0036044, 1.0340807, 0.8889222, 0.08060138]
[2.0408337, 1.033499, 0.9350838, 0.07225079]
[1.8480654, 0.95903885, 0.81632423, 0.07270223]
[1.9005532, 1.1355586, 0.69449043, 0.070504196]
[1.9856187, 0.988679, 0.9227189, 0.07422078]
[1.8363427, 0.9047228, 0.8626364, 0.06898343]
[1.8389132, 0.8035319, 0.9616308, 0.07375046]
[1.8529136, 0.9824581, 0.7890266, 0.081428826]
[1.9373986, 0.92494774, 0.93267906, 0.07977172]
[1.9028578, 0.91409034, 0.9110507, 0.0777168]
[1.8502905, 0.94066167, 0.83840823, 0.07122065]
[2.0303714, 1.0345359, 0.9212396, 0.07459594]
[1.9578809, 0.8899931, 0.99490255, 0.0729853]
[1.838217, 0.88750505, 0.8763654, 0.074346565]
[1.825031, 0.92613626, 0.8150921, 0.083802685]
[1.9997226, 1.0623488, 0.87551653, 0.0618572]
[1.8836095, 0.80566144, 0.994665, 0.08328301]
[1.861685, 0.90152526, 0.88515794, 0.075001776]
[1.9512863, 0.8880042, 0.99000597, 0.07327619]
[1.9432976, 0.9466243, 0.9223821, 0.074291214]
[1.8592676, 0.8467667, 0.9392141, 0.07328674]
[1.8003473, 0.827029, 0.90090317, 0.072415054]
[1.994325, 0.9073732, 1.0054591, 0.08149282]
[1.7116876, 0.8212963, 0.8114799, 0.078911304]
[1.6920445, 0.7653399, 0.84672236, 0.07998228]
[1.8946543, 0.8600951, 0.9420604, 0.09249884]
[1.8418984, 0.76499873, 0.99249625, 0.0844035]
[1.912899, 0.8313401, 0.98781395, 0.093745045]
[1.8201257, 0.93839365, 0.80045116, 0.08128087]
[1.9374619, 0.9357566, 0.90836155, 0.09334368]
[2.0034146, 0.925244, 0.9916157, 0.08655493]
[1.9017622, 0.88046986, 0.94370806, 0.07758425]
[1.8507165, 0.9084211, 0.86176497, 0.08053042]
[1.8391936, 0.9433312, 0.81600845, 0.07985402]
[2.03971, 0.9942164, 0.95926106, 0.08623269]
[1.9804918, 1.0188909, 0.8770833, 0.08451755]
[1.9804993, 0.7878042, 1.1118065, 0.08088857]
[1.9176148, 1.0378461, 0.80189824, 0.07787048]
[1.8704842, 0.7852068, 1.000386, 0.08489148]
[1.6669536, 0.82848424, 0.76047343, 0.077995874]
[1.904464, 0.94040966, 0.8889477, 0.075106576]
[1.8305447, 1.0210834, 0.7171544, 0.092307016]
[1.8613342, 0.8592122, 0.91048765, 0.09163438]
[1.7185796, 0.7784467, 0.8458142, 0.09431872]
[1.8814114, 0.8436717, 0.94682443, 0.09091528]
[1.9353993, 0.9197069, 0.9209658, 0.09472662]
[1.9811169, 1.0353277, 0.86042625, 0.08536299]
[1.91719, 0.8266212, 1.0011234, 0.08944538]
[1.845208, 0.9472611, 0.81688255, 0.08106434]
[1.9770533, 1.0241382, 0.85914046, 0.093774624]
[1.9059399, 0.7594007, 1.0646634, 0.081875816]
[1.9102304, 0.91948634, 0.9063591, 0.08438487]
[1.8614454, 0.80282277, 0.98115766, 0.0774651]
[1.9781444, 1.0172222, 0.8741834, 0.08673888]
[1.7875516, 0.827146, 0.8880435, 0.072362155]
[1.7618906, 0.91503716, 0.76667225, 0.08018118]
[2.001717, 0.95498836, 0.9553577, 0.09137113]
[2.0322292, 0.8877512, 1.0590942, 0.085383795]
[1.9250687, 0.8753437, 0.9653369, 0.08438809]
[2.0555608, 0.98139536, 0.9962327, 0.07793282]
[1.8797843, 1.0702133, 0.7317162, 0.07785483]
[1.8042208, 0.89075494, 0.83283544, 0.08063047]
[1.857629, 0.9237098, 0.85971415, 0.07420507]
[1.8377893, 0.8628844, 0.8979761, 0.07692887]
[1.8399291, 0.8894894, 0.8728831, 0.077556565]
[1.7932158, 0.9165871, 0.80387527, 0.07275343]
[1.7291138, 0.77979434, 0.8631936, 0.086125806]
[1.7650658, 0.75241375, 0.9262676, 0.08638437]
[1.9560311, 0.9714811, 0.8979442, 0.08660576]
[1.7381052, 0.9606688, 0.68907595, 0.088360414]
[1.8924837, 0.9256134, 0.87582827, 0.09104204]
[1.8357099, 0.90308225, 0.8456216, 0.08700612]
[1.8113886, 0.8522051, 0.8658584, 0.09332517]
[2.0111744, 0.89175737, 1.0265546, 0.09286258]
[1.9321604, 0.9430295, 0.9031627, 0.08596808]
[1.8587302, 0.8690766, 0.897143, 0.092510566]
[1.9486849, 0.9255297, 0.93084466, 0.09231055]
[1.8726156, 0.7481053, 1.034311, 0.09019929]
[1.7057488, 0.7155255, 0.89103025, 0.099193096]
[1.921719, 1.0988376, 0.7220994, 0.10078193]
[1.8359228, 0.8220721, 0.93185437, 0.08199628]
[1.8041756, 0.9260207, 0.78419113, 0.09396391]
[1.9822302, 0.97988755, 0.9049268, 0.09741594]
[1.8695699, 0.94987285, 0.82128906, 0.09840797]
[1.8956507, 0.87740284, 0.9271573, 0.09109056]
[1.8132615, 0.8335638, 0.8895457, 0.09015198]
[1.7762893, 0.83792555, 0.85124385, 0.08711996]
[1.875105, 0.76562876, 1.0110202, 0.098456025]
[2.1957042, 0.86836374, 1.227798, 0.09954233]
[1.8552192, 0.9011388, 0.86518, 0.088900395]
[1.7931194, 0.8736687, 0.8374622, 0.08198856]
[1.8623614, 0.9341192, 0.82964885, 0.09859331]
[1.9952213, 1.0049349, 0.8998623, 0.09042404]
[1.8795424, 1.0533922, 0.731723, 0.09442708]
[1.9275212, 0.89593357, 0.9445076, 0.08707997]
[1.9958626, 0.90631115, 1.0026315, 0.08691994]
[1.7688401, 0.91990757, 0.770778, 0.07815451]
[1.9139969, 0.8271077, 0.9983658, 0.088523425]
[1.8461871, 0.8944504, 0.86877847, 0.08295824]
[1.8774788, 0.9761672, 0.8075602, 0.093751416]
[1.9049251, 0.8331159, 0.9866038, 0.085205376]
[1.9769585, 1.0235546, 0.8723752, 0.08102866]
[1.8087186, 0.76363194, 0.95386326, 0.09122339]
[1.8188963, 0.83866394, 0.8883381, 0.09189431]
[1.7321695, 0.8551212, 0.7966138, 0.080434434]
[1.8047862, 0.98717713, 0.7256681, 0.091941044]
[2.076328, 0.9165545, 1.0641549, 0.09561863]
[1.8630812, 0.7932927, 0.9745894, 0.095199116]
[1.881185, 0.8633519, 0.9343962, 0.08343699]
[1.8176699, 0.86908436, 0.86238325, 0.08620222]
[1.8834566, 0.7864404, 1.0042126, 0.09280361]
[1.7480924, 0.7941097, 0.85837877, 0.0956039]
[1.7990193, 0.85685897, 0.84932727, 0.09283302]
[1.8430152, 0.89098597, 0.8504743, 0.10155486]
[2.0229735, 0.9259333, 0.9986112, 0.09842907]
[1.717397, 0.80536187, 0.8217749, 0.09026021]
[1.8380255, 0.7212168, 1.020468, 0.09634061]
[1.8969549, 0.8151069, 0.9894096, 0.0924383]
[1.8238887, 0.92527497, 0.79781234, 0.10080135]
[1.9663918, 0.86110336, 1.006113, 0.099175476]
[2.0178, 1.0738008, 0.8440577, 0.0999416]
[1.9276545, 1.0503068, 0.78854215, 0.08880556]
[1.9168451, 0.72078896, 1.1050227, 0.09103346]
[1.9552183, 0.9014493, 0.95769006, 0.09607883]
[1.8524818, 1.0202181, 0.7432918, 0.0889719]
[1.7651967, 0.68121445, 0.98824954, 0.095732726]
[1.9097071, 0.984432, 0.82864547, 0.09662964]
[1.8561554, 0.83414054, 0.92728263, 0.09473234]
[1.8698457, 0.9163379, 0.8648852, 0.088622645]
[1.8291769, 0.928416, 0.8037026, 0.097058296]
[1.8293836, 0.8292129, 0.91385126, 0.0863194]
[1.8593382, 0.96497786, 0.8003361, 0.09402415]
[1.8405097, 0.9237503, 0.8295056, 0.087253764]
[1.8159707, 0.94228995, 0.773815, 0.09986569]
[1.7394067, 0.8595954, 0.7755002, 0.10431106]
[1.6391242, 0.81226337, 0.7101369, 0.116723865]
[2.198747, 0.85672385, 1.2355001, 0.106523015]
[1.8125458, 0.88185847, 0.8280982, 0.10258913]
[1.869064, 0.87342125, 0.8917698, 0.103872895]
[1.8705211, 1.0145397, 0.7535873, 0.102394104]
[2.0228863, 1.0776565, 0.85040766, 0.09482219]
[1.9281579, 0.9547932, 0.88795143, 0.08541334]
[2.1140273, 1.0526692, 0.9634941, 0.097863965]
[1.8313892, 0.91400874, 0.815011, 0.102369435]
[2.002038, 0.8651562, 1.0375612, 0.0993206]
[2.1001184, 1.0182657, 0.98854756, 0.093305156]
[1.8320771, 0.9416108, 0.80507106, 0.08539527]
[1.8108795, 0.845297, 0.87620926, 0.08937329]
[1.966566, 0.89777654, 0.9790584, 0.08973105]
[1.9470419, 1.022905, 0.8414179, 0.08271892]
[2.097132, 0.8867916, 1.1291971, 0.08114316]
[1.9264952, 0.8777967, 0.97023344, 0.078465134]
[1.782322, 0.7881102, 0.9123588, 0.08185299]
[1.7245235, 0.73875535, 0.90152895, 0.08423927]
[2.0430517, 1.0988454, 0.8603965, 0.08380974]
[1.8399884, 0.8045254, 0.9590148, 0.07644825]
[1.8175519, 0.83222514, 0.908002, 0.07732458]
[1.7876921, 0.7640965, 0.9403787, 0.083216876]
[1.9785191, 0.94022894, 0.95726615, 0.08102406]
[1.8559576, 1.0597763, 0.7075937, 0.088587604]
[1.9316062, 0.7989422, 1.0460234, 0.08664065]
[1.8038061, 0.8023585, 0.9240083, 0.07743928]
[1.862928, 0.8729962, 0.9008921, 0.08903965]
[1.7894547, 0.82846296, 0.87209, 0.08890181]
[1.9247785, 0.91555643, 0.92056215, 0.08865994]
[1.7495276, 0.8368912, 0.82624847, 0.08638801]
[1.9644388, 0.869298, 1.0093513, 0.085789606]
[1.7775338, 0.80136454, 0.88043267, 0.09573651]
[1.8877628, 0.8968525, 0.8942387, 0.096671574]
[1.9254746, 0.9037363, 0.92754257, 0.094195805]
[2.1486723, 0.9468546, 1.1147363, 0.08708142]
[1.9478123, 1.0205405, 0.83914447, 0.08812736]
[1.8464236, 0.8618128, 0.9095825, 0.075028464]
[1.8198967, 0.9038441, 0.8375028, 0.07854981]
[1.6930003, 0.7429689, 0.8581149, 0.09191656]
[1.819453, 0.93368036, 0.7862246, 0.09954809]
[1.7720027, 0.9073739, 0.77194333, 0.09268544]
[1.9521279, 0.9739633, 0.8746519, 0.103512704]
[1.7578934, 0.75284535, 0.90719736, 0.09785068]
[1.9235684, 1.0326202, 0.78560317, 0.105344996]
[1.8192577, 0.7302662, 0.9824209, 0.10657064]
[2.039825, 1.169668, 0.7684995, 0.101657614]
[1.7306818, 0.72216636, 0.907639, 0.10087642]
[1.8897307, 0.87381303, 0.92223036, 0.093687296]
[1.9707365, 0.81475806, 1.0538995, 0.102078915]
[1.7264582, 0.8921244, 0.7354714, 0.0988623]
[1.9625176, 0.8952726, 0.9583138, 0.10893121]
[2.0040557, 0.9523786, 0.94459975, 0.107077375]
[2.0950427, 1.0060996, 1.0029726, 0.08597033]
[1.8826348, 0.8670349, 0.92671037, 0.088889495]
[1.880093, 0.9272363, 0.85564566, 0.09721097]
[2.0294373, 1.0269089, 0.9184657, 0.08406271]
[1.8630475, 0.8984329, 0.88617074, 0.07844393]
[1.953573, 0.9434002, 0.9277826, 0.08239013]
[1.8513963, 0.8511013, 0.9140526, 0.08624239]
[1.8240011, 1.0381742, 0.69248194, 0.09334488]
[1.8417114, 0.7387343, 1.0220132, 0.08096393]
[1.9209486, 0.9157843, 0.91224515, 0.09291925]
[1.6898066, 0.6809253, 0.92279536, 0.086085886]
[1.978416, 0.9814191, 0.90227264, 0.094724156]
[1.9164468, 1.0201705, 0.80802155, 0.08825481]
[1.9794842, 0.8899267, 0.9980946, 0.09146294]
[1.7736222, 0.85215366, 0.82921106, 0.09225735]
[1.8481066, 0.8428428, 0.9156648, 0.08959904]
[1.9706162, 0.8265413, 1.0542588, 0.08981608]
[1.8601409, 0.8744034, 0.9000291, 0.08570836]
[1.8941072, 0.9313501, 0.87879544, 0.083961576]
[1.8524513, 0.7306484, 1.0326847, 0.0891183]
[1.8405584, 0.97321165, 0.7779033, 0.08944347]
[1.9545437, 0.9088601, 0.9565413, 0.08914234]
[1.8884857, 0.80183125, 1.0094372, 0.07721725]
[1.873472, 0.8059031, 0.9805112, 0.087057665]
[1.7177329, 0.78052664, 0.8522607, 0.08494557]
[1.7167014, 0.62617207, 0.9999409, 0.09058843]
[1.8036444, 1.031451, 0.6794405, 0.09275296]
[2.1074815, 0.83119476, 1.190908, 0.08537871]
[1.8735371, 1.079002, 0.7126128, 0.08192225]
[2.049797, 0.83313596, 1.1297005, 0.08696047]
[1.8718402, 0.9997933, 0.7887769, 0.08327002]
[1.9538046, 0.95259356, 0.9202257, 0.08098546]
[1.7753276, 0.83085364, 0.856795, 0.0876789]
[1.798116, 0.8206947, 0.8966918, 0.08072953]
[1.9081669, 0.95391774, 0.8722074, 0.08204172]
[1.6524839, 0.7630246, 0.8059201, 0.08353919]
[1.6547307, 0.9283544, 0.6390035, 0.08737276]
[1.6904656, 0.8050655, 0.7800434, 0.10535656]
[1.7558094, 0.7710272, 0.8855294, 0.0992528]
[1.979461, 0.7988788, 1.0836637, 0.09691851]
[2.168529, 1.157335, 0.9171717, 0.09402225]
[1.9989598, 0.93490636, 0.9818531, 0.08220028]
[1.8215653, 0.78553915, 0.96314794, 0.0728782]
[1.8655999, 1.0149329, 0.76645976, 0.084207356]
[1.9417324, 0.9749051, 0.88018215, 0.08664507]
[1.8183662, 0.778232, 0.956325, 0.08380931]
[1.9242266, 1.1536399, 0.68192613, 0.08866057]
[1.9730372, 0.96726555, 0.9210444, 0.08472724]
[1.733675, 0.7482481, 0.9000455, 0.08538136]
[1.9886123, 1.0297382, 0.87058115, 0.08829291]
[1.7072545, 0.58716357, 1.0390034, 0.081087574]
[1.7906209, 0.9564947, 0.74162745, 0.09249875]
[1.7959853, 0.84291816, 0.85716057, 0.0959066]
[1.8379066, 1.0767157, 0.6719435, 0.08924748]
[1.9333313, 0.8816227, 0.9606747, 0.09103388]
[2.0106065, 1.2198334, 0.6941912, 0.09658204]
[1.9461802, 0.9520752, 0.90964705, 0.08445801]
[1.8131292, 0.80467, 0.92562604, 0.08283316]
[1.8251522, 0.9184825, 0.8154304, 0.091239214]
[1.785919, 0.89108634, 0.81662536, 0.0782072]
[1.7979037, 0.88605416, 0.8170291, 0.094820395]
[1.8278853, 0.7893779, 0.9405675, 0.09793985]
[1.8822876, 0.96391255, 0.81198156, 0.10639346]
[1.8240757, 0.8581834, 0.871817, 0.09407537]
[1.926784, 0.92505276, 0.9077758, 0.09395549]
[1.9338474, 1.100376, 0.73407197, 0.09939939]
[1.6657135, 0.85622805, 0.7290175, 0.08046798]
[1.8623632, 0.6727896, 1.0913455, 0.09822805]
[2.022409, 1.0748198, 0.85573, 0.09185903]
[1.7563463, 0.8230479, 0.83877134, 0.094527155]
[1.8139608, 0.7756252, 0.9383086, 0.100026965]
[1.9422644, 0.9588202, 0.8702954, 0.11314881]
[1.9311788, 0.76031005, 1.0672268, 0.103641994]
[1.9793222, 1.026017, 0.8595087, 0.0937965]
[2.0907085, 0.9323018, 1.0634669, 0.094939634]
[1.6242207, 0.7039034, 0.825083, 0.09523428]
[1.7254301, 0.93502307, 0.69536304, 0.09504406]
[1.976677, 0.9176998, 0.9649663, 0.09401083]
[1.9201885, 0.8638699, 0.95731735, 0.09900124]
[1.803963, 0.8763279, 0.8376527, 0.089982435]
[1.7261689, 0.6980283, 0.92567134, 0.102469265]
[1.858838, 1.0096157, 0.75663596, 0.0925864]
[1.8087074, 0.85012436, 0.8534683, 0.105114706]
[1.9863944, 0.8762586, 1.0103328, 0.09980295]
[2.0651586, 0.9474813, 1.0085261, 0.10915135]
[1.9330094, 0.8960227, 0.9437536, 0.093233064]
[1.5342939, 0.764936, 0.672378, 0.09697987]
[1.7737648, 0.783028, 0.8890368, 0.10170002]
[1.7857441, 0.8612924, 0.8173772, 0.107074395]
[1.7592015, 0.7031014, 0.95963746, 0.09646275]
[1.8178289, 1.0044717, 0.69904745, 0.11430982]
[1.883403, 0.8266723, 0.94636524, 0.110365346]
[2.2233717, 0.9806142, 1.14138, 0.10137774]
[1.9698296, 0.99108005, 0.88419026, 0.09455921]
[1.8283712, 0.9641665, 0.7740984, 0.09010622]
[1.732755, 0.8092407, 0.8341781, 0.08933619]
[1.9859718, 0.8779584, 1.0100143, 0.097999066]
[1.9011883, 0.84209174, 0.97378325, 0.08531323]
[1.931849, 0.92872965, 0.9038873, 0.09923203]
[1.7037836, 0.7854458, 0.8267518, 0.09158599]
[1.943155, 1.0033907, 0.83830893, 0.10145547]
[1.8551853, 0.8903028, 0.8773824, 0.087500125]
[1.9847759, 0.88416284, 1.0020926, 0.098520406]
[1.9323068, 0.9811554, 0.8608525, 0.090298906]
[1.8411373, 0.8599763, 0.88405144, 0.097109534]
[1.9052283, 0.97227526, 0.829077, 0.10387603]
[1.94675, 1.0596179, 0.79342633, 0.093705736]
[1.822985, 0.8146561, 0.9221435, 0.08618545]
[1.8391771, 0.8754378, 0.87130356, 0.092435785]
[1.7484896, 0.8067968, 0.8499689, 0.09172386]
[1.7205954, 0.6521199, 0.96402544, 0.10445005]
[1.9479955, 1.0501882, 0.7896478, 0.10815951]
[1.8733333, 0.8019414, 0.9826491, 0.08874281]
[1.8999617, 0.986191, 0.81285834, 0.10091232]
[1.9426961, 0.95748043, 0.88634515, 0.098870516]
[1.8439854, 0.851539, 0.89752185, 0.09492457]
[1.8591295, 0.9128485, 0.8445877, 0.10169338]
[1.9172692, 1.0060431, 0.8067589, 0.10446724]
[1.6676353, 0.89750195, 0.6783114, 0.09182206]
[1.5999029, 0.7093216, 0.78750515, 0.10307611]
[1.8178233, 0.97554624, 0.739714, 0.10256302]
[1.7141081, 0.8086908, 0.7864158, 0.11900152]
[1.8215568, 0.8375174, 0.8707088, 0.11333062]
[1.8807211, 1.073026, 0.6894361, 0.11825909]
[1.7635477, 0.6965314, 0.94909346, 0.117922775]
[1.8800159, 1.0028117, 0.7630645, 0.11413969]
[1.7974607, 0.5472553, 1.1445868, 0.10561855]
[2.067672, 1.1997424, 0.7459263, 0.12200335]
[2.0246446, 0.82312715, 1.0980868, 0.10343066]
[1.743788, 1.0692985, 0.57779837, 0.09669107]
[1.888262, 0.6994863, 1.0817208, 0.107055]
[1.9536451, 0.89083683, 0.96375525, 0.09905302]
[2.0019135, 1.1158378, 0.7785858, 0.10748997]
[1.8233358, 0.79073805, 0.9315691, 0.10102851]
[1.9210081, 0.9592749, 0.8524338, 0.10929946]
[1.9126018, 0.9371142, 0.8701185, 0.10536917]
[1.9027346, 1.0534228, 0.74897015, 0.100341685]
[1.8801647, 0.90219086, 0.889333, 0.08864082]
[1.9641911, 0.9373872, 0.93349886, 0.09330498]
[1.8111368, 0.8408866, 0.87815505, 0.09209526]
[1.723677, 0.78329, 0.8417577, 0.09862931]
[1.7229599, 0.84986675, 0.7663412, 0.1067519]
[1.8906281, 0.89095217, 0.89287305, 0.10680288]
[1.7550356, 0.6451248, 1.014461, 0.09544982]
[1.8976682, 0.9983512, 0.7950542, 0.104262866]
[1.9125522, 0.9146124, 0.8923911, 0.105548754]
[1.8914193, 0.83785886, 0.95191336, 0.10164699]
[1.843287, 0.81312585, 0.93031, 0.09985119]
[1.7925333, 0.8310408, 0.8483033, 0.11318906]
[1.6878201, 0.53639054, 1.0481114, 0.10331809]
[1.9529808, 1.1905879, 0.6568094, 0.10558343]
[1.695056, 0.70835423, 0.8807601, 0.10594168]
[1.7924442, 0.89177656, 0.8007099, 0.09995771]
[1.9772389, 0.9482322, 0.91641676, 0.11258991]
[1.7413871, 0.7015882, 0.92487633, 0.11492249]
[1.8785721, 0.8738126, 0.87843215, 0.12632743]
[1.8510468, 0.8148716, 0.92759246, 0.10858269]
[1.6295642, 0.7877357, 0.73807335, 0.1037551]
[1.8567533, 0.78982055, 0.96657526, 0.10035752]
[1.7482042, 0.8226729, 0.81131506, 0.11421637]
[1.850232, 1.0222543, 0.71610874, 0.11186902]
[1.8918892, 0.5785172, 1.2114223, 0.10194973]
[1.9212255, 1.1139109, 0.6948068, 0.11250786]
[1.9410026, 0.7605856, 1.072479, 0.107938014]
[1.6973532, 0.83313143, 0.76148283, 0.10273893]
[1.801221, 0.90617454, 0.79308057, 0.10196596]
[1.8063633, 0.75562763, 0.92974216, 0.120993555]
[2.0232582, 0.9902586, 0.91451097, 0.11848879]
[1.8920492, 0.93209594, 0.8447835, 0.115169734]
[1.8739288, 0.7992516, 0.97364783, 0.10102939]
[1.9093386, 0.9790454, 0.8246237, 0.10566955]
[1.9035772, 0.7389935, 1.0696311, 0.09495257]
[1.9232708, 1.0122299, 0.80120105, 0.1098398]
[2.0472476, 0.949118, 0.99136245, 0.10676709]
[1.7733879, 0.7251786, 0.9404528, 0.107756495]
[1.7513603, 0.8406459, 0.81305724, 0.09765705]
[1.8169762, 0.91433966, 0.8122604, 0.090376094]
[1.8507935, 0.92081237, 0.8308357, 0.09914537]
[1.6293871, 0.699243, 0.8216509, 0.10849324]
[1.789808, 0.8228365, 0.8559249, 0.111046515]
[1.9238857, 1.0133815, 0.7877834, 0.12272081]
[1.9543844, 0.7847943, 1.0576892, 0.11190093]
[1.8089049, 1.0137616, 0.69052356, 0.1046198]
[1.9842108, 0.86777186, 0.9943726, 0.12206634]
[2.0822148, 1.0585676, 0.9207531, 0.1028941]
[1.9403918, 0.95321816, 0.88883936, 0.09833436]
[2.082969, 0.9845501, 0.9995096, 0.09890927]
[1.6578171, 0.8294146, 0.74085665, 0.0875459]
[1.952673, 1.0810597, 0.77432513, 0.09728809]
[1.8737576, 1.0035528, 0.7737496, 0.096455164]
[1.8414142, 0.7549849, 0.99360526, 0.09282392]
[1.9716253, 0.9304568, 0.9428853, 0.098283276]
[1.891979, 1.1671178, 0.6258587, 0.09900242]
[1.8041896, 0.78578055, 0.93131745, 0.087091565]
[1.945034, 0.85266215, 1.0010011, 0.091370806]
[2.0130935, 0.96532106, 0.9537621, 0.094010234]
[1.9692659, 0.8038956, 1.0792998, 0.0860706]
[1.7426429, 0.69216996, 0.9636976, 0.0867753]
[1.6711285, 0.76478064, 0.8119776, 0.094370276]
[1.6498674, 0.74685013, 0.81010437, 0.09291295]
[1.8135524, 1.0485486, 0.6660385, 0.09896532]
[1.9596286, 0.83042186, 1.0359825, 0.09322434]
[1.9197489, 0.9651151, 0.8570382, 0.09759556]
[1.8057401, 0.82136774, 0.8874206, 0.09695174]
[1.8102998, 0.76645553, 0.9408416, 0.10300264]
[1.8551837, 0.77304685, 0.9765084, 0.105628476]
[1.8352768, 0.86691326, 0.8630208, 0.10534285]
[1.7147067, 0.8676647, 0.7429529, 0.10408901]
[1.920647, 0.86019427, 0.95837116, 0.10208166]
[1.8198669, 0.90250885, 0.8233696, 0.09398839]
[1.8448715, 0.81477463, 0.92363024, 0.106466636]
[1.943497, 1.0444347, 0.7821963, 0.11686595]
[1.7917699, 0.80993897, 0.88192844, 0.09990254]
[1.9729437, 0.9989578, 0.861281, 0.11270484]
[1.6393563, 0.64216995, 0.8964709, 0.10071541]
[1.6682527, 0.80566657, 0.7445784, 0.1180076]
[1.8409247, 0.7733244, 0.95844764, 0.109152734]
[1.7388715, 1.0220466, 0.5994319, 0.11739305]
[1.8171083, 0.7650178, 0.92838717, 0.123703375]
[1.8102803, 0.94220227, 0.7469629, 0.12111519]
[1.9097753, 0.7265508, 1.0594094, 0.12381504]
[1.6734833, 0.8793439, 0.6746689, 0.11947049]
[2.0535114, 0.99729687, 0.9384081, 0.11780651]
[1.919947, 0.9117321, 0.8942863, 0.11392873]
[2.050178, 0.9475394, 1.0078764, 0.0947624]
[1.7942249, 0.9277729, 0.76576483, 0.100687176]
[2.1778286, 0.9833024, 1.0924973, 0.10202875]
[2.016891, 0.9856993, 0.93740255, 0.093789175]
[1.9034699, 0.9773361, 0.82260644, 0.10352747]
[1.9535139, 0.9807812, 0.87813425, 0.09459835]
[1.8393722, 0.7463913, 1.0064967, 0.0864842]
[1.9447348, 0.9413439, 0.9074813, 0.09590956]
[1.9455541, 0.77380514, 1.0833083, 0.08844067]
[1.728019, 0.83774257, 0.7975949, 0.09268154]
[1.8240639, 0.8650167, 0.87342143, 0.08562577]
[1.9724586, 0.87323403, 1.0098119, 0.08941272]
[1.8310661, 0.8808057, 0.8591638, 0.091096625]
[1.7883965, 0.8034018, 0.8890147, 0.09597996]
[1.8496629, 0.6801125, 1.0750144, 0.09453609]
[1.799184, 0.890108, 0.820277, 0.088798985]
[1.6162282, 0.83096015, 0.6830228, 0.10224518]
[2.0605052, 0.9642743, 0.9948596, 0.10137138]
[2.033384, 0.91950756, 1.0105703, 0.10330623]
[1.9582517, 0.9326322, 0.93220776, 0.093411624]
[1.8112732, 0.9194781, 0.8016545, 0.09014058]
[1.8441763, 0.9054509, 0.8332319, 0.10549352]
[2.0033307, 0.96965677, 0.9265844, 0.10708956]
[1.8588477, 0.87664026, 0.89427924, 0.08792819]
[1.9410186, 0.8554959, 0.9903531, 0.09516953]
[1.7953315, 0.9150292, 0.7765933, 0.103709005]
[1.8800486, 0.95444584, 0.8411031, 0.084499724]
[1.6635529, 0.8734596, 0.701192, 0.088901296]
[1.7871884, 0.87074167, 0.8127063, 0.10374048]
[1.8730445, 0.95775145, 0.821234, 0.09405902]
[2.0184777, 0.9156004, 1.0078974, 0.09497996]
[1.9539081, 0.9125356, 0.9443203, 0.09705226]
[1.7255174, 0.75476396, 0.88759017, 0.08316325]
[1.8878938, 1.0210671, 0.7721201, 0.09470649]
[1.7744207, 0.9613024, 0.7212547, 0.09186366]
[2.0113075, 0.88777196, 1.0289726, 0.09456279]
[1.8887933, 0.96935564, 0.8314029, 0.08803478]
[2.0393908, 1.0395538, 0.90443504, 0.09540202]
[1.7242858, 0.7996012, 0.8364291, 0.088255584]
[1.8584406, 0.92738056, 0.84011626, 0.09094377]
[1.7953559, 0.7849169, 0.91210055, 0.09833849]
[1.7870657, 0.93216175, 0.76880527, 0.086098626]
[1.830734, 0.94309056, 0.7952177, 0.09242579]
[1.8311177, 0.93440866, 0.80592, 0.090789124]
[1.8296131, 0.8552698, 0.8894363, 0.08490694]
[1.9567783, 0.93143094, 0.92975724, 0.09559013]
[1.8770032, 0.8173822, 0.9698277, 0.089793146]
[1.7254248, 0.75400263, 0.8775132, 0.09390907]
[1.9825374, 1.0047837, 0.8949368, 0.08281681]
[2.020697, 1.0281587, 0.8985374, 0.094001025]
[1.8295977, 0.86988866, 0.8718988, 0.08781029]
[1.7663335, 0.9365141, 0.73770005, 0.09211937]
[1.8763258, 0.8131611, 0.9757183, 0.087446496]
[1.9306797, 1.0553623, 0.78321487, 0.09210238]
[1.8137723, 0.8435204, 0.8723346, 0.0979173]
[1.6978017, 0.72564626, 0.8723122, 0.09984321]
[1.8240976, 0.81302935, 0.91840225, 0.09266609]
[1.7106639, 0.8192575, 0.7862906, 0.10511578]
[1.7577418, 0.7333809, 0.9188429, 0.105518036]
[1.890446, 0.9386386, 0.83723414, 0.11457319]
[1.8788742, 0.9811785, 0.7911109, 0.10658482]
[1.8905345, 0.80130994, 0.9735953, 0.115629286]
[2.0122983, 1.0089086, 0.8964195, 0.10697011]
[1.7898333, 0.9541901, 0.7452555, 0.09038779]
[1.5799389, 0.7984128, 0.6851517, 0.09637433]
[1.7225616, 0.7199, 0.8994781, 0.10318351]
[2.0219946, 0.7812449, 1.1271529, 0.11359675]
[1.5097659, 0.68423057, 0.71527314, 0.11026215]
[1.6256467, 0.874108, 0.6321922, 0.119346455]
[1.7885815, 0.8773854, 0.7838129, 0.12738323]
[2.0343719, 0.92113304, 0.9904263, 0.12281257]
[1.7954282, 1.0059853, 0.68105435, 0.10838853]
[1.8233594, 0.9053189, 0.7915623, 0.12647809]
[2.0739012, 1.0359056, 0.920695, 0.117300466]
[1.8124133, 0.7869563, 0.91341984, 0.11203721]
[1.6647317, 0.79880637, 0.7484781, 0.11744732]
[1.8006759, 0.92961955, 0.75349635, 0.11755991]
[1.868656, 1.0251949, 0.73358774, 0.10987346]
[1.883677, 0.8488123, 0.9294163, 0.105448425]
[1.898026, 0.8177558, 0.9740761, 0.10619397]
[1.7086976, 1.0249141, 0.5566777, 0.12710565]
[1.8043033, 0.876086, 0.8037549, 0.12446237]
[1.7487178, 0.68261296, 0.9376354, 0.12846947]
[1.7774343, 0.8034417, 0.8485668, 0.12542585]
[1.912317, 0.8658583, 0.9206228, 0.12583584]
[1.730976, 0.6577159, 0.96938527, 0.103874795]
[1.950414, 1.2005891, 0.63304114, 0.11678369]
[1.8942925, 0.68763983, 1.0902927, 0.11635992]
[1.8096337, 0.7231797, 0.96641207, 0.12004201]
[1.9291822, 1.0745561, 0.7489196, 0.105706505]
[1.9089673, 0.8848209, 0.9175888, 0.10655759]
[2.03266, 0.97064954, 0.9672245, 0.09478598]
[1.865547, 0.7186844, 1.0460944, 0.10076813]
[1.7939068, 0.9253615, 0.7604847, 0.108060546]
[1.92531, 0.87790745, 0.94786596, 0.09953651]
[1.7927974, 0.71111226, 0.97740245, 0.10428279]
[1.9348522, 0.9223615, 0.8993798, 0.11311089]
[1.8590361, 0.75935435, 0.98392546, 0.115756236]
[1.8325922, 0.9314479, 0.7932408, 0.10790343]
[1.9626551, 0.90355134, 0.95224345, 0.10686024]
[1.945633, 0.61737925, 1.232554, 0.09569992]
[1.7540745, 0.9664984, 0.6824788, 0.1050973]
[1.7101628, 0.81111157, 0.7915213, 0.10752986]
[1.6543621, 0.73480034, 0.79516363, 0.12439814]
[1.8099382, 0.7087396, 1.0020629, 0.09913559]
[1.6337837, 0.967044, 0.562742, 0.10399773]
[1.7247267, 0.78577006, 0.82573885, 0.113217786]
[1.8452965, 0.8463901, 0.8876009, 0.11130549]
[2.260169, 1.0836363, 1.062309, 0.11422363]
[1.9032094, 1.0418236, 0.74713975, 0.11424607]
[1.757126, 0.83287895, 0.8281898, 0.09605727]
[1.9042159, 0.7038262, 1.0957371, 0.104652636]
[1.7202414, 0.93370056, 0.6887252, 0.09781565]
[1.7814434, 0.7014763, 0.97420365, 0.10576348]
[1.9016898, 0.83205223, 0.9597262, 0.10991132]
[2.0729635, 1.261225, 0.70652664, 0.105211936]
[1.9794936, 0.99940175, 0.8811221, 0.09896976]
[1.937938, 1.0208216, 0.8175838, 0.09953264]
[1.9702593, 0.71103764, 1.1669326, 0.092289105]
[1.8624754, 0.93550336, 0.82947916, 0.097492926]
[1.8284898, 0.9394388, 0.78886104, 0.10018989]
[1.921359, 0.93025416, 0.88781893, 0.10328586]
[1.7694238, 0.7153408, 0.96075267, 0.09333041]
[1.8328673, 0.9505724, 0.7856305, 0.09666431]
[1.7798383, 0.9198365, 0.7564826, 0.103519194]
[1.9476345, 0.963605, 0.87763727, 0.10639212]
[2.0021634, 0.90350646, 0.9946273, 0.10402964]
[1.9121584, 1.0913653, 0.71874356, 0.10204945]
[2.0670907, 0.91763663, 1.0509017, 0.09855236]
[1.9930557, 0.98892367, 0.90990525, 0.0942267]
[1.7217567, 0.96460533, 0.67118126, 0.085970156]
[1.9251829, 0.98017395, 0.8605507, 0.08445823]
[2.0189404, 0.79197115, 1.138983, 0.087986335]
[1.8331758, 0.86378145, 0.8787016, 0.09069268]
[1.754787, 0.94023603, 0.7146846, 0.099866405]
[1.9111542, 0.9195179, 0.8970871, 0.0945492]
[1.9248279, 0.89102054, 0.94415355, 0.089653894]
[1.8966808, 0.86476743, 0.94233084, 0.08958262]
[1.8505125, 0.8246939, 0.9454138, 0.08040476]
[1.7999952, 0.89916146, 0.80994034, 0.09089333]
[1.8384858, 0.9317671, 0.8117875, 0.09493129]
[1.7759453, 0.8528584, 0.8251063, 0.09798065]
[1.8223348, 0.84929085, 0.8799087, 0.09313522]
[1.9943898, 0.9820997, 0.9211515, 0.091138594]
[1.8360945, 0.78136784, 0.956351, 0.09837571]
[1.9069421, 0.94371355, 0.8707848, 0.092443764]
[2.0786428, 0.8821801, 1.1020865, 0.094376266]
[1.7934365, 0.7926736, 0.9124806, 0.08828233]
[1.9020708, 0.82792926, 0.9792625, 0.09487908]
[1.8989527, 0.86939895, 0.93449193, 0.09506181]
[1.8359181, 0.8432502, 0.90713453, 0.08553329]
[1.8900598, 1.0450752, 0.753729, 0.09125569]
[1.8752003, 0.94737524, 0.83971786, 0.08810708]
[1.9356835, 1.0520418, 0.7905305, 0.09311124]
[1.9598615, 0.79308677, 1.0798696, 0.08690513]
[1.7862684, 1.0535005, 0.6458689, 0.0868989]
[1.8823175, 0.8709584, 0.9252646, 0.08609462]
[2.0019443, 1.1318687, 0.785123, 0.0849527]
[1.8501563, 0.89948833, 0.8621933, 0.08847481]
[1.8632324, 0.81997925, 0.95961344, 0.08363962]
[1.7806524, 0.84917086, 0.84244156, 0.08903989]
[1.8736506, 0.9204622, 0.8674774, 0.08571105]
[1.7714993, 0.8153898, 0.860763, 0.09534645]
[1.8432729, 0.9144863, 0.83954567, 0.08924098]
[1.7481251, 0.70622396, 0.9500729, 0.0918282]
[1.9994061, 0.92146254, 0.97418773, 0.10375588]
[1.7211494, 0.8681797, 0.7556124, 0.09735735]
[1.7716086, 0.77060366, 0.89599276, 0.10501217]
[1.8991592, 1.0363009, 0.76149786, 0.1013605]
[1.9591516, 0.8394201, 1.0258392, 0.0938923]
[1.964709, 0.8789027, 0.9886981, 0.097108215]
[2.0407982, 0.8424601, 1.1005431, 0.097795084]
[1.8461869, 0.8316596, 0.92893374, 0.08559343]
[1.7715355, 0.9169811, 0.7683805, 0.08617385]
[1.8435036, 0.8440505, 0.9073808, 0.09207222]
[1.9770784, 0.93607175, 0.9420346, 0.09897211]
[1.7996198, 0.7202155, 0.98623323, 0.09317098]
[1.8545384, 0.90551966, 0.8479947, 0.10102417]
[1.9046775, 0.91909504, 0.88898444, 0.096598014]
[1.8339204, 0.84089637, 0.893749, 0.099274985]
[1.9318568, 1.0164801, 0.8153943, 0.099982336]
[1.8658965, 0.9151189, 0.84856164, 0.102215946]
[1.7440491, 0.7919923, 0.85127294, 0.100783765]
[1.9191949, 1.0650258, 0.7557548, 0.09841432]
[1.8334181, 0.94406754, 0.79251933, 0.09683129]
[1.8820477, 0.9429601, 0.8454959, 0.09359168]
[2.0156374, 0.9473623, 0.9702594, 0.09801562]
[1.9060034, 1.0560442, 0.75564855, 0.09431061]
[1.7950475, 0.79686, 0.9071719, 0.09101552]
[1.85533, 0.85948527, 0.90814686, 0.08769789]
[1.6442991, 0.64164793, 0.8820807, 0.120570496]
[1.893244, 0.9809419, 0.8213406, 0.09096147]
[1.9064816, 0.8053509, 1.0048982, 0.09623249]
[1.7530298, 0.91863066, 0.733432, 0.10096718]
[1.7033253, 0.88337195, 0.72623056, 0.09372284]
[1.8369184, 0.8367423, 0.88752633, 0.11264974]
[1.5409143, 0.5425027, 0.9061035, 0.092308104]
[1.8690727, 0.9924823, 0.7600801, 0.11651033]
[1.814403, 0.8066988, 0.89893585, 0.108768456]
[2.1515658, 0.77966464, 1.2687484, 0.10315268]
[1.8362389, 0.8601016, 0.8696382, 0.10649905]
[1.9021758, 1.0213612, 0.77023923, 0.11057536]
[1.8507434, 0.7946842, 0.94153005, 0.11452924]
[1.943134, 0.8484105, 0.991628, 0.10309536]
[1.9501154, 0.94786453, 0.8937259, 0.10852509]
[1.6499715, 0.6963233, 0.8589496, 0.09469871]
[2.1079702, 0.85660756, 1.1473343, 0.104028165]
[1.888109, 1.1099508, 0.68218523, 0.09597297]
[1.8090839, 0.6671442, 1.0664742, 0.07546556]
[1.8050327, 0.87134933, 0.83032286, 0.103360474]
[1.7439781, 0.84062064, 0.80806905, 0.09528845]
[1.8337653, 0.94913316, 0.7859745, 0.09865765]
[1.8207318, 0.9258714, 0.7858636, 0.108996734]
[2.09122, 0.95094943, 1.0424888, 0.097781554]
[2.0069654, 1.2578968, 0.6558423, 0.0932263]
[1.8135653, 0.8655277, 0.8521872, 0.09585034]
[1.8862134, 0.92879194, 0.8681843, 0.089237064]
[1.7827111, 0.84279823, 0.8430361, 0.09687672]
[1.8961495, 0.8842269, 0.9080666, 0.10385592]
[1.9157572, 0.9755075, 0.8386663, 0.10158333]
[1.9629403, 0.9280598, 0.9494685, 0.08541207]
[1.8017755, 0.89434296, 0.8172274, 0.090205126]
[1.735359, 0.85242987, 0.7935269, 0.08940226]
[1.8745769, 0.8208717, 0.9461868, 0.10751846]
[1.6982267, 0.83746827, 0.77796423, 0.08279416]
[1.8850124, 0.92048657, 0.84704673, 0.11747905]
[1.6792065, 0.84114385, 0.73136413, 0.10669853]
[1.9696082, 0.9935764, 0.87713397, 0.0988978]
[1.7893713, 0.86461073, 0.818318, 0.106442496]
[1.9953985, 0.9412221, 0.95559996, 0.098576576]
[1.8077947, 0.9457189, 0.7574408, 0.10463503]
[1.8292743, 0.8181171, 0.91193604, 0.099221095]
[1.9677085, 1.192353, 0.67072105, 0.10463438]
[1.8568436, 0.82192343, 0.9400492, 0.09487092]
[1.714785, 0.76583004, 0.8631419, 0.08581304]
[1.9897256, 1.0615036, 0.8252317, 0.102990314]
[1.9389305, 0.871721, 0.9729419, 0.09426758]
[1.848999, 0.6149163, 1.1277317, 0.10635105]
[1.823515, 0.9641819, 0.763927, 0.09540623]
[1.7957091, 0.82209015, 0.8838726, 0.08974637]
[1.8825961, 0.8563006, 0.922021, 0.104274586]
[1.7095814, 0.8725617, 0.7358648, 0.101154745]
[1.8005829, 0.8856383, 0.8041258, 0.110818915]
[1.7128904, 0.7158573, 0.8914124, 0.10562056]
[1.6243098, 0.76664364, 0.7516843, 0.10598186]
[1.5539477, 0.7134754, 0.725186, 0.115286365]
[2.0032294, 0.5446875, 1.3345165, 0.124025315]
[1.8548543, 1.0896512, 0.64864194, 0.11656122]
[1.9681118, 0.85838115, 0.9894589, 0.1202717]
[1.7468045, 0.9138056, 0.7200326, 0.11296628]
[2.204866, 1.0242327, 1.0571853, 0.12344778]
[1.726095, 0.6454072, 0.9826397, 0.09804806]
[1.7377646, 0.9049549, 0.71872306, 0.11408664]
[2.0387168, 0.75179875, 1.1754179, 0.111500084]
[1.7162282, 0.87810576, 0.7250914, 0.113031104]
[1.9915006, 1.0144622, 0.8709047, 0.1061337]
[1.7766464, 0.82093006, 0.8618224, 0.093893945]
[1.7679968, 0.90436304, 0.76130843, 0.10232529]
[1.838404, 0.7064576, 1.0139295, 0.11801693]
[1.8873565, 0.9329971, 0.84408724, 0.11027219]
[2.0059557, 0.89756423, 1.009244, 0.09914751]
[1.7959129, 0.9015642, 0.7894813, 0.10486733]
[1.872921, 0.79134715, 0.9690826, 0.112491235]
[1.8542858, 0.8286767, 0.92113805, 0.10447108]
[1.6609805, 0.603997, 0.94136596, 0.11561756]
[1.9567225, 1.0539196, 0.7947737, 0.108029224]
[1.9260705, 0.7145418, 1.1026845, 0.10884418]
[2.0521247, 1.1901608, 0.75590056, 0.10606342]
[1.6958148, 0.6791571, 0.92457664, 0.09208101]
[1.8885658, 0.9632572, 0.82427436, 0.10103414]
[1.9625937, 0.7926377, 1.0709314, 0.09902454]
[1.7737672, 0.95845306, 0.7216778, 0.09363638]
[2.0105636, 0.970348, 0.9331031, 0.10711245]
[1.8402584, 0.902369, 0.8413621, 0.09652722]
[1.8342496, 0.9176819, 0.8100091, 0.106558695]
[1.7891778, 0.8862984, 0.8006873, 0.10219203]
[1.8278375, 0.819721, 0.91433024, 0.093786195]
[1.8608816, 0.93811154, 0.8171304, 0.1056397]
[1.936833, 1.055041, 0.7839932, 0.097798906]
[1.9625869, 0.8926098, 0.96873295, 0.10124426]
[1.9947771, 0.90707505, 0.986009, 0.10169301]
[1.874181, 0.9876189, 0.7883607, 0.09820136]
[2.0168946, 1.1177697, 0.81022537, 0.08889947]
[1.7599907, 0.8828057, 0.78990906, 0.08727598]
[1.848682, 0.87617636, 0.8694445, 0.10306119]
[1.9696459, 0.9275503, 0.9512484, 0.090847164]
[1.9358006, 1.0456995, 0.794465, 0.09563614]
[1.7139409, 0.7652126, 0.86247945, 0.08624892]
[1.7772665, 0.9066531, 0.7705785, 0.100035]
[2.038946, 0.9558865, 0.99202335, 0.09103614]
[1.8097099, 0.76948655, 0.9548289, 0.08539447]
[1.8902988, 0.8853979, 0.90968144, 0.09521951]
[1.7691698, 0.9120007, 0.76139927, 0.09576991]
[1.7344112, 0.77353096, 0.8639929, 0.09688735]
[1.7801626, 0.9747472, 0.7031821, 0.10223335]
[1.9198617, 0.8045418, 1.0125456, 0.10277424]
[1.8597414, 1.0086732, 0.7506532, 0.10041503]
[1.728342, 0.8656615, 0.76073134, 0.1019492]
[1.9516431, 0.93014944, 0.91147053, 0.11002314]
[1.8451929, 0.8832022, 0.8626344, 0.09935625]
[1.9221442, 0.9816146, 0.8367609, 0.10376869]
[1.8556557, 0.8892173, 0.8731887, 0.09324965]
[2.1113052, 1.0834053, 0.92804325, 0.09985681]
[1.8436518, 0.7564192, 0.99135447, 0.09587817]
[1.9063938, 0.8922815, 0.9258732, 0.08823906]
[1.9712896, 1.0271858, 0.84356546, 0.10053834]
[1.8605237, 0.8497678, 0.9093869, 0.10136901]
[1.848672, 0.80498284, 0.957054, 0.08663527]
[1.9653594, 0.9872901, 0.88044465, 0.09762475]
[1.9546613, 0.794949, 1.0624487, 0.09726346]
[1.8408353, 0.864249, 0.8827536, 0.09383279]
[1.7783533, 0.8368492, 0.8411751, 0.10032906]
[1.6694384, 0.8053968, 0.76023895, 0.10380264]
[1.9030924, 0.9703953, 0.8327915, 0.09990553]
[1.8529359, 0.96054685, 0.8060775, 0.08631156]
[2.0019536, 0.780962, 1.1253979, 0.09559372]
[1.8147068, 0.90950537, 0.8076894, 0.09751197]
[2.011599, 0.92671835, 0.98604906, 0.09883165]
[1.5625846, 0.7435441, 0.7180464, 0.100994095]
[1.9556698, 0.9325198, 0.9229721, 0.10017793]
[1.8443712, 0.7818403, 0.96248615, 0.10004472]
[1.7264667, 0.8295178, 0.7902708, 0.106678024]
[1.9371746, 1.0225539, 0.80592877, 0.10869195]
[1.7111099, 0.8045049, 0.7907205, 0.11588458]
[1.8704991, 0.9096905, 0.853587, 0.10722162]
[1.7987589, 0.82051736, 0.87699485, 0.10124676]
[1.8399487, 0.7037808, 1.0248356, 0.111332335]
[1.9419142, 1.126864, 0.71107256, 0.10397769]
[1.719072, 0.73479533, 0.885248, 0.09902872]
[1.9891708, 0.8750407, 1.0039319, 0.110198244]
[2.0324721, 0.9601321, 0.9632338, 0.10910609]
[1.8112736, 0.6937036, 1.0053475, 0.1122224]
[1.8419889, 0.94774175, 0.7944539, 0.099793315]
[1.8342723, 0.96157, 0.7703075, 0.10239472]
[1.9838424, 1.0921754, 0.78421783, 0.10744922]
[1.8365797, 0.88761073, 0.839657, 0.109311946]
[1.9096215, 0.93639433, 0.8704371, 0.102790125]
[2.1726534, 1.0575371, 1.0169449, 0.09817138]
[1.9116454, 0.71239936, 1.1095729, 0.08967322]
[1.6933484, 0.66050994, 0.9457053, 0.087133154]
[1.8944824, 1.0194155, 0.7871002, 0.08796674]
[1.6920184, 0.7514769, 0.84641814, 0.0941234]
[1.8103576, 0.79521817, 0.91160846, 0.10353086]
[1.9964924, 0.9230065, 0.9650997, 0.10838631]
[1.7230797, 0.76293886, 0.8585887, 0.101552084]
[1.8064278, 0.7367477, 0.9564062, 0.11327395]
[2.053738, 0.9327477, 1.0184305, 0.10256]
[1.8777921, 0.9565071, 0.8152635, 0.10602148]
[2.0516315, 0.994104, 0.9457615, 0.11176579]
[1.9433298, 0.93662995, 0.9155201, 0.09117991]
[1.94641, 0.98542124, 0.8697083, 0.091280475]
[2.0424435, 1.0963907, 0.8513855, 0.094667345]
[1.7859777, 0.77054805, 0.9224153, 0.093014404]
[1.8535665, 0.9215398, 0.8375132, 0.09451352]
[1.9423356, 0.9042303, 0.9448508, 0.093254596]
[1.7749821, 0.66592383, 1.0199056, 0.08915274]
[1.9571143, 0.9278872, 0.93823147, 0.09099569]
[1.9159778, 0.8446306, 0.983721, 0.08762617]
[1.9679749, 1.0676749, 0.8113098, 0.0889902]
[2.008592, 0.8019526, 1.1205878, 0.086051464]
[1.8037016, 0.855388, 0.8550418, 0.093271896]
[1.94397, 0.9350847, 0.9106048, 0.098280415]
[1.9000858, 1.0095185, 0.8036808, 0.08688655]
[1.844934, 0.85048234, 0.9255949, 0.068856716]
[1.888127, 0.98899806, 0.8040509, 0.09507795]
[1.8700962, 0.8344129, 0.9446351, 0.0910482]
[1.8048054, 0.60936284, 1.1025381, 0.092904486]
[1.6724296, 0.73684967, 0.8410598, 0.094520085]
[1.7990774, 0.8132125, 0.88697803, 0.09888686]
[1.9088829, 0.88534415, 0.93506014, 0.088478625]
[1.9924927, 1.0987394, 0.7942959, 0.09945737]
[1.8980671, 0.9855275, 0.82474387, 0.08779577]
[1.8979855, 0.91898566, 0.8890982, 0.08990157]
[1.9577448, 1.0534443, 0.8090559, 0.09524463]
[1.8282503, 0.8602022, 0.879644, 0.088404104]
[1.911442, 1.0284672, 0.7994195, 0.08355531]
[1.9584599, 0.8261249, 1.0544136, 0.077921346]
[1.7147912, 0.93125355, 0.70122206, 0.08231553]
[2.0172362, 1.1553173, 0.7745752, 0.0873436]
[1.771382, 0.9136132, 0.7804123, 0.0773565]
[1.9427488, 0.94596684, 0.91977715, 0.0770048]
[1.7598193, 1.0097966, 0.66980594, 0.08021667]
[1.9946744, 0.987143, 0.9273962, 0.080135286]
[2.0119622, 1.052925, 0.881354, 0.07768311]
[1.7260886, 0.9256387, 0.71847624, 0.08197371]
[1.9447023, 0.8942455, 0.95813197, 0.09232481]
[1.9315947, 1.0738844, 0.7708869, 0.08682343]
[1.8071002, 0.84585917, 0.87313664, 0.08810434]
[1.9166446, 0.9729621, 0.86027056, 0.08341187]
[1.7852392, 0.85013217, 0.85639155, 0.07871558]
[1.9165817, 0.9704988, 0.858033, 0.08805001]
[1.890484, 1.0326338, 0.77092695, 0.08692329]
[1.8943233, 0.9695911, 0.8316134, 0.093118936]
[1.8584983, 0.8860805, 0.8764761, 0.095941834]
[1.7271156, 0.7646917, 0.86884415, 0.0935798]
[1.6566395, 0.71807647, 0.8468587, 0.091704205]
[1.9429699, 1.049299, 0.79525065, 0.09842026]
[1.9595189, 0.9172792, 0.9557487, 0.08649108]
[1.8152537, 0.92861825, 0.7867482, 0.09988742]
[1.806654, 0.89301765, 0.81998616, 0.093650155]
[1.8391201, 0.9580884, 0.77787423, 0.10315757]
[1.760224, 0.8876289, 0.76274574, 0.109849304]
[1.8405036, 0.9128802, 0.82503045, 0.10259299]
[1.9642507, 0.95566714, 0.90385294, 0.104730606]
[1.8020586, 0.66901803, 1.031375, 0.10166551]
[1.7853342, 0.7322875, 0.94094884, 0.112097815]
[1.8229129, 0.76029587, 0.9564134, 0.10620373]
[1.8120531, 0.6757966, 1.0225487, 0.11370775]
[1.6952777, 0.8229449, 0.76974154, 0.10259123]
[2.0241892, 0.9104381, 0.9995224, 0.114228785]
[1.8517007, 0.8977696, 0.84081066, 0.11312041]
[1.8163784, 1.0144663, 0.68632555, 0.115586534]
[1.7002182, 0.7899185, 0.8011774, 0.10912223]
[1.9326723, 0.9168467, 0.9067069, 0.10911864]
[1.8544662, 0.63330233, 1.101538, 0.119625956]
[1.9240375, 1.0153519, 0.7874594, 0.12122622]
[1.8240454, 0.8938616, 0.8247993, 0.10538463]
[1.6848717, 0.71625274, 0.8613463, 0.1072726]
[1.7589334, 0.8021119, 0.8494898, 0.10733159]
[1.8175926, 0.9115115, 0.78483844, 0.12124275]
[1.8022624, 0.8516035, 0.84458435, 0.1060746]
[1.8220443, 0.86835814, 0.8358135, 0.11787261]
[1.8323424, 0.85498226, 0.869999, 0.10736109]
[1.7412722, 0.9582806, 0.6666186, 0.116373055]
[1.8921964, 0.8204806, 0.95200014, 0.1197157]
[1.894824, 0.9399785, 0.8308478, 0.12399775]
[1.825596, 0.7700945, 0.933583, 0.121918455]
[1.8480927, 0.79618275, 0.9461453, 0.10576467]
[1.8117253, 1.0087966, 0.68326116, 0.1196675]
[1.9353492, 0.9246275, 0.88922673, 0.12149503]
[1.9430912, 0.81085986, 1.0199156, 0.112315625]
[1.997345, 1.0943738, 0.78999764, 0.11297346]
[1.9166313, 0.74533397, 1.0726075, 0.09868987]
[1.7004428, 0.8291533, 0.7476946, 0.12359489]
[1.9736168, 1.1012247, 0.7698307, 0.102561444]
[1.9248755, 0.85233265, 0.96700865, 0.10553421]
[1.9300958, 0.9175896, 0.90174055, 0.11076554]
[1.9091187, 0.88151896, 0.9168607, 0.11073901]
[1.9717221, 0.9689864, 0.90065783, 0.102078]
[1.7541684, 0.7538966, 0.90564436, 0.09462746]
[1.8926935, 0.92128044, 0.86148965, 0.10992337]
[1.8960211, 0.91039914, 0.88894707, 0.09667497]
[1.7708375, 0.80832684, 0.8624935, 0.100017175]
[1.797838, 0.83386135, 0.8612945, 0.10268211]
[2.0201905, 1.0553646, 0.86239034, 0.102435544]
[1.7993757, 0.7035159, 0.99957645, 0.09628336]
[1.9438853, 1.0056391, 0.8236084, 0.1146379]
[1.7664695, 0.6934177, 0.97565365, 0.09739803]
[1.7681521, 0.80699813, 0.86090434, 0.100249596]
[1.7018808, 0.7557826, 0.846656, 0.09944208]
[2.0573287, 1.1082213, 0.8404812, 0.10862617]
[1.9562186, 0.83916086, 1.0200595, 0.096998364]
[1.845905, 0.95338184, 0.78892434, 0.10359867]
[1.7337914, 0.70378864, 0.9228562, 0.107146524]
[1.8151776, 0.77399707, 0.92631555, 0.1148649]
[1.8996228, 0.92415476, 0.86072147, 0.114746556]
[1.9598898, 0.72121894, 1.1344852, 0.10418553]
[1.8078737, 0.9942946, 0.71464443, 0.09893463]
[1.8203565, 0.80802965, 0.9089097, 0.10341717]
[1.9882988, 0.96341133, 0.90874505, 0.11614242]
[1.8374608, 0.9103403, 0.8234393, 0.10368113]
[2.121717, 0.93656427, 1.0894803, 0.09567247]
[1.9073695, 1.027715, 0.7806087, 0.099045925]
[1.9361709, 0.9393923, 0.9024171, 0.09436144]
[1.7474393, 0.94086486, 0.71546733, 0.091106966]
[1.8356233, 0.8147168, 0.9309062, 0.090000264]
[1.8517148, 0.76586115, 0.9846823, 0.10117141]
[1.6692264, 0.7598706, 0.8028165, 0.10653931]
[2.0816545, 1.0048234, 0.9772992, 0.099531986]
[1.8972265, 0.8480028, 0.9593371, 0.08988657]
[1.8614045, 0.95704615, 0.80924165, 0.09511668]
[2.0020595, 0.9471613, 0.9563173, 0.09858093]
[1.8232561, 0.8786005, 0.84782505, 0.096830636]
[1.9973412, 1.0726438, 0.82716036, 0.097537056]
[1.7816718, 0.74683917, 0.951525, 0.083307646]
[1.877306, 0.8321874, 0.9460653, 0.09905331]
[1.7675678, 0.7342309, 0.9422787, 0.09105818]
[1.8787903, 0.9275404, 0.8558899, 0.09535989]
[1.9207863, 1.0302668, 0.79777825, 0.09274129]
[1.7886506, 0.95045245, 0.74564946, 0.09254876]
[1.8448105, 0.79894465, 0.94479495, 0.10107085]
[1.8192164, 1.0364457, 0.67473376, 0.10803692]
[1.9155514, 0.8654878, 0.9523788, 0.09768483]
[1.8830956, 0.9768733, 0.8086236, 0.09759872]
[1.825787, 0.98225003, 0.7489179, 0.09461902]
[1.9713229, 0.863129, 1.0118928, 0.09630108]
[1.7769321, 0.8120259, 0.87444836, 0.09045777]
[1.8814306, 0.88837326, 0.90180784, 0.09124952]
[1.9697623, 0.87344325, 0.99369466, 0.102624446]
[1.7596045, 0.8257239, 0.8343115, 0.0995691]
[1.9660575, 0.96923673, 0.8956572, 0.10116358]
[1.7918373, 0.7704221, 0.9253494, 0.096065864]
[1.707595, 0.9692006, 0.6423691, 0.09602533]
[1.8849969, 0.7567279, 1.0165136, 0.11175541]
[1.9565499, 0.8937827, 0.96109074, 0.101676434]
[1.9580435, 1.2103952, 0.6533587, 0.094289534]
[2.0896132, 0.86382836, 1.1354482, 0.09033659]
[1.8402114, 0.8549302, 0.893831, 0.09145023]
[1.8837596, 0.82721734, 0.96737087, 0.08917144]
[1.9623626, 0.8269572, 1.0422095, 0.093195945]
[1.841901, 0.9343341, 0.810333, 0.09723386]
[1.8323549, 0.8283111, 0.9162515, 0.08779226]
[1.9466158, 0.84162503, 1.0143363, 0.09065444]
[1.8726184, 0.8977332, 0.87353194, 0.10135333]
[1.8916701, 0.78247464, 1.0180867, 0.09110882]
[2.06225, 0.96780896, 0.99830925, 0.0961316]
[2.1062489, 0.9506808, 1.0732238, 0.082344264]
[1.8006344, 0.94511557, 0.7745513, 0.08096753]
[1.8616483, 0.85936, 0.90698516, 0.09530315]
[1.913598, 0.8913872, 0.9393449, 0.08286578]
[1.7734929, 0.8147346, 0.86789364, 0.09086479]
[1.8804604, 1.0121969, 0.7830944, 0.08516906]
[1.7665871, 0.73461604, 0.9494886, 0.08248243]
[1.8039856, 0.8248905, 0.88941145, 0.08968364]
[1.6796607, 0.7442074, 0.8424029, 0.09305033]
[1.8879368, 0.9666406, 0.8350549, 0.08624131]
[1.8911854, 0.9200283, 0.8689414, 0.10221562]
[1.869261, 0.9747393, 0.79774123, 0.096780546]
[1.816086, 0.81302303, 0.89852184, 0.10454112]
[1.8216515, 0.8029758, 0.9106849, 0.10799073]
[2.0393581, 0.85198706, 1.0763838, 0.1109872]
[1.79484, 0.8754332, 0.8107445, 0.10866222]
[1.7925314, 0.9362885, 0.76570666, 0.09053624]
[1.9637855, 0.9470679, 0.9037853, 0.11293227]
[1.9737768, 1.0229626, 0.85097015, 0.09984415]
[1.9726322, 1.0385723, 0.83162487, 0.10243501]
[1.8158313, 0.87761176, 0.8330724, 0.10514714]
[1.9079419, 0.8689132, 0.9367326, 0.1022962]
[1.8265828, 1.0019114, 0.7343348, 0.09033659]
[1.8702818, 0.87214935, 0.89988494, 0.09824756]
[1.9004614, 0.8884921, 0.92293257, 0.08903664]
[1.9183667, 1.0188584, 0.7941263, 0.105381995]
[1.8436567, 0.86812264, 0.8789495, 0.09658447]
[1.9218048, 0.99523365, 0.82252604, 0.104045026]
[1.9576639, 0.81704307, 1.046869, 0.09375177]
[1.8950884, 1.0493102, 0.7446719, 0.10110646]
[2.1089122, 0.9146501, 1.0982652, 0.09599699]
[1.7993665, 0.7183509, 1.0024828, 0.07853286]
[1.9142773, 0.95851386, 0.88064206, 0.07512134]
[2.0189903, 0.90144897, 1.0315082, 0.08603303]
[1.8151144, 0.91883445, 0.8159617, 0.0803182]
[1.8509098, 0.8034898, 0.95362675, 0.09379323]
[1.7787373, 0.86330634, 0.8275137, 0.08791731]
[1.8251765, 0.8863701, 0.84991926, 0.08888708]
[1.9363649, 0.8925359, 0.9558426, 0.08798629]
[1.6935892, 0.722274, 0.87832034, 0.09299488]
[1.8413645, 0.97359145, 0.77425075, 0.093522325]
[1.8690696, 0.9879731, 0.78782165, 0.09327483]
[1.7730942, 0.69756895, 0.98525167, 0.09027367]
[1.773409, 0.8950968, 0.78309447, 0.09521779]
[1.9822708, 0.9202307, 0.95611686, 0.105923265]
[1.7721933, 0.6892251, 0.9806379, 0.10233028]
[1.8528783, 1.028229, 0.7264874, 0.098161906]
[1.712853, 0.77670157, 0.84491193, 0.0912395]
[1.7525916, 0.5569916, 1.0949122, 0.10068789]
[1.9870194, 0.86424506, 1.0083282, 0.11444621]
[2.0265882, 0.93832994, 0.98341256, 0.104845755]
[2.0129356, 0.9477245, 0.9730445, 0.09216668]
[1.9374766, 1.0434585, 0.7971591, 0.09685916]
[2.1135588, 1.0018942, 1.0222988, 0.089365676]
[1.8098873, 0.9278465, 0.79302603, 0.08901473]
[1.9874202, 0.98319024, 0.9177872, 0.08644282]
[1.8696383, 0.7690504, 1.0205196, 0.0800682]
[1.9493343, 0.9087005, 0.95602137, 0.084612355]
[1.6965878, 0.8038756, 0.802678, 0.09003426]
[2.0212097, 0.991992, 0.94132304, 0.087894574]
[1.8424296, 0.8174659, 0.9341711, 0.09079264]
[1.8625406, 0.8103087, 0.9731132, 0.07911872]
[2.1557267, 1.1918294, 0.87554157, 0.0883557]
[1.7571133, 0.8513851, 0.8253692, 0.08035914]
[2.0427086, 0.87271523, 1.0856503, 0.08434302]
[1.95027, 1.0488634, 0.8271275, 0.07427921]
[1.7877481, 0.8088218, 0.9009619, 0.07796448]
[1.8827537, 0.97318816, 0.83461666, 0.07494891]
[1.9414021, 0.8088572, 1.0541854, 0.07835946]
[1.8561347, 0.9050398, 0.8724201, 0.07867476]
[1.866687, 0.7907082, 0.9929085, 0.08307046]
[1.8180822, 0.7873727, 0.94605565, 0.084653825]
[2.1153688, 1.0617251, 0.9800972, 0.073546425]
[1.812822, 0.7158457, 1.0215963, 0.07538001]
[1.9001068, 0.9628233, 0.854473, 0.08281056]
[1.8481041, 0.7841955, 0.9838476, 0.08006103]
[1.842978, 0.883153, 0.87470806, 0.0851168]
[1.927415, 1.0132645, 0.828642, 0.08550848]
[1.8148121, 0.74697644, 0.9848175, 0.08301813]
[1.9820333, 0.90528256, 0.9956652, 0.08108544]
