[2.0251396, 0.9864173, 0.93142563, 0.10729669]
[1.6440998, 0.7268543, 0.8171727, 0.10007275]
[1.956997, 1.0887628, 0.7541616, 0.11407271]
[1.7910258, 0.5872487, 1.1003355, 0.103441626]
[1.9409043, 0.8217484, 1.0160357, 0.10312025]
[1.7192059, 0.7790457, 0.83400536, 0.10615475]
[1.9209409, 0.90711576, 0.91052043, 0.10330457]
[2.1128244, 0.9324493, 1.0697143, 0.11066076]
[1.7084328, 0.99136955, 0.6133896, 0.10367354]
[1.867877, 0.876156, 0.8847639, 0.10695719]
[1.7048951, 0.7434342, 0.8502102, 0.11125076]
[1.9089822, 0.9117788, 0.9008391, 0.096364215]
[1.9974821, 0.9929241, 0.90463096, 0.09992698]
[1.989797, 0.7939385, 1.0899026, 0.105955824]
[1.8506899, 0.9586655, 0.80180514, 0.090219244]
[1.9908934, 0.8203659, 1.0705525, 0.099974975]
[1.9195362, 1.0437887, 0.7820586, 0.09368901]
[1.9260256, 0.7980174, 1.0312428, 0.096765414]
[1.8161725, 0.8094343, 0.90736353, 0.09937469]
[1.8522056, 0.9243082, 0.8317256, 0.09617187]
[1.8799096, 0.88672876, 0.88594234, 0.10723856]
[1.9125476, 0.959155, 0.86187804, 0.09151459]
[2.0715582, 0.99256116, 0.9843563, 0.094640836]
[1.9398615, 0.89561486, 0.95077413, 0.09347248]
[1.7339737, 0.9480213, 0.693596, 0.09235643]
[1.9069955, 1.0400243, 0.77212554, 0.09484583]
[1.8141088, 0.85472775, 0.8725946, 0.08678653]
[1.7885855, 0.9352219, 0.7642547, 0.08910896]
[1.8396195, 0.91033435, 0.83948654, 0.08979853]
[1.8397996, 0.8358686, 0.90618455, 0.09774655]
[1.7801999, 0.9483016, 0.73799753, 0.09390075]
[1.7981509, 0.8484861, 0.85467964, 0.09498514]
[1.9563643, 1.0284674, 0.83093, 0.09696688]
[1.9080637, 0.98828095, 0.82523745, 0.094545275]
[1.8698429, 0.8615714, 0.9011011, 0.10717045]
[1.9005017, 0.94988275, 0.84820795, 0.102411024]
[1.893483, 0.87783384, 0.91545147, 0.100197695]
[1.9741346, 1.065807, 0.8075432, 0.10078442]
[1.6624042, 0.70007527, 0.87107736, 0.09125151]
[1.7314427, 0.9093063, 0.7305037, 0.091632746]
[1.843711, 0.877113, 0.86797905, 0.09861898]
[2.0370278, 1.0165827, 0.9124596, 0.10798552]
[1.7510589, 0.7175077, 0.93645054, 0.09710056]
[1.8551581, 0.96263266, 0.77629447, 0.11623096]
[1.9262699, 0.76561826, 1.0619805, 0.09867108]
[1.8747027, 0.83933765, 0.9299031, 0.10546201]
[1.8506714, 0.99775225, 0.74948776, 0.103431344]
[1.9037284, 0.73750806, 1.0649734, 0.10124695]
[1.8219461, 0.9749756, 0.75244844, 0.09452218]
[1.9996439, 0.9027634, 0.9971935, 0.09968697]
[1.9081575, 0.87623596, 0.9403834, 0.09153805]
[1.8842862, 0.92854136, 0.85861427, 0.09713057]
[1.7965225, 0.8056246, 0.8883987, 0.10249917]
[1.8816192, 0.8270542, 0.9550489, 0.0995161]
[1.9058924, 0.8177429, 0.99296176, 0.09518772]
[1.7746562, 0.91434526, 0.76714337, 0.09316754]
[1.9221854, 0.7778175, 1.0448358, 0.09953208]
[1.8596363, 1.0538356, 0.7142346, 0.09156607]
[1.7902987, 0.9099052, 0.784708, 0.09568544]
[1.7572817, 0.7391185, 0.92655325, 0.09160987]
[1.7689042, 0.81346667, 0.86730945, 0.08812814]
[1.8843933, 0.99742717, 0.7870214, 0.09994475]
[1.7556202, 0.5641326, 1.0876855, 0.10380222]
[2.1015832, 1.3125173, 0.6922842, 0.09678182]
[1.8472855, 0.8755126, 0.86921024, 0.102562696]
[1.9354258, 0.8688991, 0.9714778, 0.0950489]
[1.838086, 0.7967611, 0.93744814, 0.10387675]
[1.8668537, 0.92106366, 0.85260713, 0.09318295]
[1.7780256, 1.0390569, 0.6406338, 0.09833489]
[2.0396955, 0.86135244, 1.0894793, 0.08886374]
[1.8474025, 0.9508585, 0.80088574, 0.09565821]
[1.846815, 0.8991112, 0.8595079, 0.08819588]
[1.9533098, 1.1025326, 0.75654626, 0.09423084]
[2.017282, 0.9805925, 0.95213234, 0.08455721]
[1.8515887, 0.8060904, 0.9590429, 0.08645529]
[1.8477356, 0.75853133, 1.0060438, 0.083160535]
[1.8925691, 0.87239176, 0.9280734, 0.092103995]
[1.8127162, 0.9025507, 0.8271006, 0.08306509]
[1.8580449, 0.9013149, 0.87336814, 0.08336192]
[1.9453353, 0.96291333, 0.8903258, 0.09209624]
[1.8320438, 0.7607013, 0.97741234, 0.09393018]
[1.6525414, 0.6939597, 0.8629365, 0.09564513]
[1.9066807, 0.9398433, 0.8639374, 0.10289998]
[1.9401786, 0.93624264, 0.91269004, 0.091245875]
[1.9998896, 0.9562678, 0.94868433, 0.094937526]
[1.7335358, 0.85408103, 0.79519826, 0.08425647]
[1.7558053, 0.76212406, 0.90129316, 0.09238802]
[1.8168594, 0.8131479, 0.9113047, 0.092406765]
[1.8508906, 1.0247395, 0.7224298, 0.10372144]
[1.9262669, 0.84638757, 0.9768957, 0.10298365]
[2.0273073, 0.9088174, 1.022809, 0.0956808]
[1.7761574, 0.9401516, 0.734934, 0.10107189]
[1.7434305, 0.71879286, 0.9222697, 0.102367975]
[1.7657254, 0.7097787, 0.95740056, 0.098546036]
[1.8678505, 0.89329046, 0.8702687, 0.10429139]
[1.8444294, 0.9252136, 0.81799066, 0.10122518]
[1.8121806, 0.7865111, 0.9226445, 0.10302512]
[1.7468854, 0.84561896, 0.79956853, 0.10169797]
[1.9265773, 0.6955091, 1.1252539, 0.1058143]
[1.6773033, 0.79583526, 0.7748971, 0.10657096]
[1.8161333, 0.75314796, 0.9549305, 0.10805493]
[1.8723419, 0.8501117, 0.91219366, 0.11003644]
[1.764429, 0.8338536, 0.82050383, 0.11007152]
[1.7215402, 0.7784425, 0.8338573, 0.1092404]
[1.8510381, 0.83161974, 0.894487, 0.124931306]
[2.0491428, 1.1293528, 0.8059356, 0.1138545]
[1.9607987, 0.949431, 0.9001986, 0.1111691]
[1.7578301, 0.8702776, 0.7718349, 0.11571763]
[1.8868897, 0.93306816, 0.8516882, 0.102133244]
[1.9394145, 1.111767, 0.7178625, 0.10978496]
[1.8658559, 0.6713023, 1.0971457, 0.097407915]
[1.8546832, 0.90989757, 0.83338875, 0.11139677]
[1.7010114, 0.7185905, 0.8695979, 0.11282295]
[1.8899795, 1.048702, 0.72378933, 0.11748813]
[1.9710636, 1.0781002, 0.7721198, 0.120843664]
[1.8091261, 0.8571004, 0.8489199, 0.10310574]
[1.8697312, 0.75117373, 1.0045028, 0.11405468]
[1.7032228, 0.8548941, 0.7379539, 0.11037471]
[1.9597632, 1.1443464, 0.7010876, 0.11432919]
[1.7622975, 0.82940197, 0.81794196, 0.11495363]
[2.0227811, 0.97019494, 0.9439784, 0.10860784]
[1.7844784, 0.9636331, 0.7109445, 0.10990087]
[1.8797953, 0.7189485, 1.0490118, 0.11183503]
[1.6730713, 0.8345455, 0.7291248, 0.10940098]
[2.0247796, 0.84793633, 1.0523379, 0.12450527]
[1.8692548, 1.2458498, 0.5152812, 0.108123764]
[1.903425, 0.9250747, 0.882128, 0.09622234]
[1.9132974, 0.94320846, 0.8687847, 0.101304285]
[1.8018962, 0.76442754, 0.93463016, 0.10283857]
[1.9019263, 0.91467285, 0.87069106, 0.11656231]
[1.8389604, 0.706694, 1.0250932, 0.107173264]
[1.7217243, 0.84950596, 0.7641984, 0.10801984]
[1.8672638, 0.8280394, 0.928894, 0.110330366]
[1.9434421, 0.9915352, 0.8475476, 0.10435934]
[1.9723159, 0.92732584, 0.9434607, 0.101529405]
[1.9068996, 1.0262864, 0.7644249, 0.1161883]
[1.6859109, 0.75423455, 0.8336892, 0.09798719]
[1.8695892, 1.0182614, 0.73017263, 0.12115514]
[1.7543916, 0.90518206, 0.74088603, 0.10832351]
[1.8475337, 0.7550935, 0.9840635, 0.10837675]
[1.864971, 0.9115662, 0.8350258, 0.11837901]
[1.8090343, 0.72111857, 0.9841514, 0.10376433]
[1.935636, 0.95394915, 0.86924267, 0.1124441]
[1.9255024, 0.9125746, 0.9120791, 0.10084881]
[1.8155683, 0.772164, 0.94855773, 0.09484656]
[1.7854276, 0.8245487, 0.8700688, 0.09081009]
[1.6627997, 0.7305465, 0.8264173, 0.105835915]
[1.9621913, 0.9922372, 0.8558078, 0.11414629]
[1.6897144, 0.7456367, 0.83717966, 0.10689805]
[1.9556134, 0.9827998, 0.8620676, 0.1107459]
[1.684765, 0.64426786, 0.93095565, 0.109541506]
[2.0831692, 1.1259754, 0.84964263, 0.107551105]
[1.9416775, 1.0440749, 0.7937833, 0.103819214]
[1.7559428, 0.7313995, 0.92098093, 0.103562415]
[1.9489784, 0.9739116, 0.87410355, 0.10096331]
[1.9278502, 0.8223448, 1.006659, 0.09884639]
[1.8201195, 0.9186894, 0.8021626, 0.09926743]
[1.7649558, 0.85529035, 0.80345297, 0.10621236]
[1.8384626, 0.9422598, 0.7812563, 0.11494649]
[1.8039405, 0.7355391, 0.96410567, 0.10429574]
[1.9105954, 0.84468746, 0.948091, 0.117816895]
[1.9395937, 0.92986465, 0.90050435, 0.10922467]
[1.6711105, 0.65145314, 0.9269805, 0.09267688]
[1.7420361, 0.8930993, 0.74444294, 0.104493886]
[1.9141504, 0.865259, 0.93568754, 0.11320387]
[1.7579135, 0.8920772, 0.75335985, 0.1124765]
[2.0183065, 0.9110686, 0.98831177, 0.11892614]
[1.8630521, 0.97132075, 0.7762612, 0.1154702]
[1.7047234, 0.7394674, 0.85697424, 0.10828167]
[2.069186, 1.1053374, 0.84443766, 0.11941098]
[1.7286294, 0.7525905, 0.8675948, 0.108444065]
[2.061604, 1.1198928, 0.83518183, 0.10652946]
[1.8592178, 0.85652304, 0.9019272, 0.10076749]
[2.0332804, 0.92451555, 1.0058293, 0.102935605]
[1.8584229, 0.91345525, 0.85448277, 0.090484865]
[1.7213635, 0.9136834, 0.7129808, 0.09469943]
[1.904301, 1.0260868, 0.78173983, 0.09647441]
[1.8083233, 0.77395725, 0.94086564, 0.09350033]
[1.7586433, 0.99255246, 0.66825974, 0.09783111]
[1.861581, 0.8176015, 0.9417312, 0.102248326]
[1.7667608, 0.8499892, 0.81546277, 0.10130883]
[1.6987841, 0.6256452, 0.9789047, 0.09423425]
[1.933232, 1.0812652, 0.7414469, 0.11051972]
[1.9506326, 0.79922235, 1.0399721, 0.1114382]
[2.0379317, 1.0532179, 0.87994266, 0.10477123]
[1.8689892, 0.89539534, 0.87164, 0.101953804]
[1.6965756, 0.84128153, 0.75983894, 0.09545522]
[1.8066463, 0.9665439, 0.7365515, 0.10355097]
[1.9717591, 0.9443924, 0.9201435, 0.10722326]
[1.7917349, 0.8645021, 0.81640935, 0.11082347]
[1.7449095, 0.7075279, 0.9365928, 0.10078877]
[1.9362079, 0.95470196, 0.87993234, 0.101573616]
[1.9895653, 0.98237264, 0.90517956, 0.10201301]
[1.8673321, 0.9038205, 0.86683553, 0.09667601]
[2.0297153, 0.9554465, 0.98037994, 0.09388892]
[1.7971485, 0.92595494, 0.7798387, 0.0913548]
[1.6661671, 0.6857964, 0.887678, 0.09269273]
[1.8852961, 0.91964644, 0.86110735, 0.104542315]
[1.6864662, 0.82750726, 0.7609774, 0.09798159]
[2.0072465, 0.9550166, 0.95907474, 0.093155086]
[1.8629769, 0.89707375, 0.8637166, 0.102186605]
[2.0092826, 0.9114467, 1.0014331, 0.09640281]
[1.7549211, 0.87344974, 0.79480267, 0.0866686]
[1.8404129, 0.75662696, 0.9773687, 0.10641722]
[2.0611324, 0.99498165, 0.9674824, 0.09866825]
[1.8319116, 0.8871561, 0.84792805, 0.09682733]
[1.8977512, 1.019182, 0.78016305, 0.09840615]
[2.0828414, 1.0305891, 0.95836467, 0.0938876]
[1.7827778, 0.7245176, 0.96364033, 0.09461988]
[2.0644016, 0.91011775, 1.0578743, 0.09640944]
[1.8054737, 0.5977732, 1.1198542, 0.08784626]
[1.9003086, 0.76225114, 1.0432438, 0.094813764]
[1.868227, 1.092046, 0.6866529, 0.08952811]
[1.8267127, 0.7251151, 1.0131738, 0.08842383]
[1.8752838, 0.99701554, 0.7968472, 0.08142105]
[2.0447705, 1.0043073, 0.94686663, 0.09359666]
[1.9811804, 1.0530527, 0.84389615, 0.084231585]
[1.9636856, 0.90392303, 0.97816503, 0.08159757]
[1.8488054, 0.7237303, 1.046421, 0.07865409]
[1.6937422, 0.8055356, 0.8116748, 0.076531716]
[1.7500446, 0.71633875, 0.94825995, 0.08544585]
[1.8127896, 0.954315, 0.77080363, 0.08767089]
[2.0435352, 0.8652574, 1.0844163, 0.09386167]
[1.9811796, 0.83826697, 1.0539932, 0.08891943]
[1.8878282, 0.9807227, 0.8284986, 0.07860698]
[1.7960455, 0.93915826, 0.7701772, 0.08671008]
[1.8794729, 0.9419993, 0.84629154, 0.09118195]
[1.7653639, 0.90403664, 0.77630436, 0.08502297]
[1.7416496, 0.8431805, 0.8171643, 0.081304766]
[1.8221852, 0.88460684, 0.8387376, 0.098840676]
[1.7133267, 0.8024131, 0.8219291, 0.08898455]
[1.9471288, 0.8529414, 0.9994017, 0.09478567]
[1.8868479, 1.0332239, 0.76138985, 0.09223413]
[1.7789968, 0.9017069, 0.7864319, 0.090858065]
[1.8490751, 0.8018498, 0.940192, 0.10703324]
[1.8681644, 1.0333405, 0.7449522, 0.089871764]
[1.8781852, 0.9607866, 0.8273711, 0.09002742]
[1.7859694, 0.80629957, 0.8905401, 0.08912973]
[1.8698584, 1.0319893, 0.7412179, 0.09665121]
[1.9243827, 0.97036755, 0.8621373, 0.091877766]
[2.1347268, 0.9964416, 1.0451809, 0.09310404]
[1.8685536, 0.8848877, 0.8900564, 0.09360959]
[1.9832351, 0.92863524, 0.96943456, 0.0851653]
[1.9257354, 0.93720776, 0.9030477, 0.08547982]
[1.9953766, 0.92494243, 0.98606974, 0.08436438]
[1.7726972, 0.787375, 0.8960602, 0.089262]
[1.8848915, 0.8895383, 0.91154706, 0.083806135]
[1.7934736, 0.90016603, 0.81071115, 0.082596414]
[1.7274222, 0.82215416, 0.81674755, 0.088520564]
[1.7688361, 0.65922314, 1.0141132, 0.09549989]
[1.9986087, 1.0727866, 0.83410513, 0.091717005]
[1.996148, 0.9168081, 0.991512, 0.087827854]
[1.8026698, 0.8532226, 0.854386, 0.09506123]
[1.9818895, 0.8212296, 1.0677297, 0.09293021]
[1.8651639, 0.8435627, 0.93221605, 0.08938514]
[1.7820339, 0.948648, 0.74809086, 0.08529505]
[1.805817, 0.75679845, 0.9521344, 0.09688409]
[1.8403523, 0.83298373, 0.9202788, 0.08708972]
[1.7907841, 0.7912453, 0.90266824, 0.0968707]
[1.7429557, 0.7649741, 0.87341225, 0.104569316]
[1.9533296, 0.89274716, 0.96211565, 0.09846674]
[2.1081576, 0.9509487, 1.0590732, 0.098135665]
[1.7869152, 0.86014974, 0.8209064, 0.10585901]
[1.8834699, 0.9373807, 0.8540746, 0.09201467]
[1.8765585, 1.0257083, 0.75466424, 0.09618588]
[1.7350503, 0.8148064, 0.81683064, 0.10341321]
[1.8456935, 0.7693455, 0.972756, 0.10359189]
[1.7795457, 0.7700139, 0.9160696, 0.093462065]
[1.8893241, 1.0124917, 0.7631273, 0.113705054]
[1.6445127, 0.66401887, 0.8763933, 0.10410044]
[1.9847468, 0.885111, 0.9961969, 0.10343893]
[1.9749329, 1.062685, 0.8151654, 0.09708247]
[1.7727842, 0.80618334, 0.8590883, 0.10751259]
[1.8549117, 1.0311699, 0.72154325, 0.102198526]
[1.9559767, 0.79894614, 1.0471733, 0.109857276]
[1.9177983, 1.0510285, 0.76356804, 0.10320172]
[1.9569386, 0.90705395, 0.9352125, 0.114672184]
[1.9813356, 1.0995761, 0.7905107, 0.091248766]
[1.7171557, 0.77766514, 0.8477086, 0.09178193]
[1.9402066, 1.0244977, 0.81379986, 0.101909]
[1.974152, 0.9036708, 0.97437453, 0.09610663]
[1.9386972, 0.86333627, 0.98299295, 0.092367955]
[1.9885756, 0.8379742, 1.0547572, 0.095844105]
[1.814714, 0.9526936, 0.76375073, 0.09826964]
[2.034545, 0.95999026, 0.98049504, 0.09405978]
[1.8882548, 1.018704, 0.7751234, 0.09442726]
[1.9537332, 0.9441433, 0.9210221, 0.08856772]
[1.7803403, 0.8740406, 0.8259909, 0.08030881]
[1.7312744, 0.93373835, 0.71849966, 0.0790364]
[1.7948644, 0.9019066, 0.8039595, 0.08899827]
[1.692141, 0.6908228, 0.9069249, 0.09439343]
[1.9486731, 1.1162884, 0.7272947, 0.10509007]
[1.7148141, 0.72810495, 0.8885523, 0.098156765]
[1.6663902, 0.81825864, 0.7402179, 0.10791367]
[1.9829326, 1.1492388, 0.723173, 0.11052067]
[1.877621, 0.890587, 0.8810179, 0.106016204]
[2.1451583, 0.9529139, 1.0908985, 0.101345964]
[1.6142057, 0.863487, 0.65900964, 0.091709]
[2.0297866, 1.0641525, 0.8679381, 0.09769617]
[1.974993, 0.808689, 1.0756137, 0.090690315]
[1.982431, 0.8654631, 1.0299411, 0.08702698]
[2.0318325, 1.0233083, 0.9239501, 0.08457408]
[1.8940076, 0.85601234, 0.94320226, 0.09479293]
[1.7499654, 0.82907724, 0.8348696, 0.08601859]
[1.8971055, 0.8126688, 1.0056887, 0.07874802]
[1.9367816, 0.94649875, 0.90391374, 0.086369194]
[1.7841613, 0.7258024, 0.96821356, 0.090145394]
[1.9502777, 1.1579897, 0.698329, 0.09395899]
[1.8568461, 0.7377298, 1.0412227, 0.07789357]
[1.8686758, 0.86967385, 0.90809023, 0.09091174]
[1.8355025, 0.82169724, 0.926618, 0.08718731]
[2.1080413, 1.0841335, 0.9278002, 0.0961074]
[1.9414939, 0.92881143, 0.9258911, 0.08679137]
[1.9652869, 0.9614575, 0.9177115, 0.08611781]
[1.7519805, 0.79665345, 0.87619084, 0.0791363]
[1.830564, 0.6944446, 1.0586896, 0.07742972]
[1.8313019, 0.8949192, 0.84229016, 0.09409267]
[1.7797432, 0.74027467, 0.9478203, 0.091648266]
[1.8529904, 0.82355833, 0.9465115, 0.0829206]
[1.7926393, 0.7539465, 0.9393264, 0.09936647]
[1.863766, 0.8912062, 0.8742088, 0.09835099]
[1.812178, 0.81094897, 0.901068, 0.10016111]
[1.7557176, 0.8532779, 0.8055366, 0.09690312]
[1.8824384, 0.8923806, 0.88903314, 0.10102458]
[1.9790298, 1.0139358, 0.8738043, 0.09128967]
[1.7004727, 0.69881, 0.8966172, 0.10504557]
[1.5893089, 0.6937356, 0.79269207, 0.10288118]
[1.8851944, 0.8701543, 0.9001175, 0.11492266]
[1.8355782, 0.86746544, 0.8676015, 0.10051135]
[1.9729426, 1.0275408, 0.8399538, 0.10544795]
[2.1513753, 0.9352987, 1.1072302, 0.10884634]
[1.9160111, 0.9752749, 0.8410336, 0.09970257]
[1.8769757, 0.9490974, 0.83477986, 0.093098454]
[1.8558433, 0.9103651, 0.8463392, 0.099138975]
[1.9898864, 0.9105696, 0.98471165, 0.09460509]
[1.7919481, 0.9654268, 0.7258969, 0.10062435]
[1.9734981, 0.9282215, 0.9426781, 0.10259846]
[1.9474638, 1.0571544, 0.7975372, 0.092772074]
[1.9509783, 0.97151995, 0.8788612, 0.1005971]
[1.882388, 1.0017607, 0.79615206, 0.08447513]
[1.9017725, 1.0193272, 0.7882489, 0.0941965]
[1.9796582, 0.8816148, 1.0028965, 0.09514688]
[1.9993362, 1.0412841, 0.8689213, 0.08913086]
[1.9435574, 0.922132, 0.9389541, 0.08247121]
[1.856099, 1.0244315, 0.7501573, 0.08151023]
[1.840555, 0.89856577, 0.8614671, 0.08052209]
[1.8050476, 0.7477405, 0.9768446, 0.080462545]
[1.8658813, 0.84883857, 0.9332492, 0.08379351]
[1.8171602, 0.96034086, 0.76599216, 0.0908272]
[1.8647252, 0.7663863, 1.0098329, 0.0885061]
[1.8697765, 0.8799657, 0.9046551, 0.08515575]
[1.8287879, 0.85148406, 0.8905491, 0.086754724]
[1.8115855, 0.9043515, 0.8168496, 0.09038449]
[1.8445745, 0.879334, 0.8752466, 0.089993894]
[1.921541, 0.7287243, 1.1030842, 0.08973242]
[1.7666634, 0.69181204, 0.97811437, 0.09673698]
[1.8334143, 0.90116984, 0.8491516, 0.08309288]
[1.7687529, 0.67628217, 0.98790365, 0.104567125]
[1.7571009, 0.8464039, 0.8121519, 0.09854522]
[1.7390217, 0.72701854, 0.908093, 0.10391014]
[1.6909432, 0.64765215, 0.94393146, 0.099359676]
[1.8006486, 0.82752347, 0.86561835, 0.10750671]
[1.7793546, 0.7391349, 0.918141, 0.12207864]
[1.9035776, 1.0397251, 0.76406014, 0.09979239]
[2.0077536, 0.9181593, 0.9766754, 0.11291878]
[1.9867495, 0.89349616, 0.98398423, 0.10926916]
[1.75435, 0.8199229, 0.82526755, 0.10915951]
[1.8753048, 0.9775431, 0.78751487, 0.11024676]
[1.8562014, 0.9159699, 0.83609587, 0.10413569]
[1.8977562, 0.85896707, 0.9275662, 0.11122293]
[1.8806038, 0.9492305, 0.83717555, 0.09419771]
[1.9315648, 1.0644301, 0.76732147, 0.09981319]
[1.9442767, 0.995469, 0.8558378, 0.09296991]
[2.0620794, 1.0683707, 0.89441943, 0.09928932]
[1.9368495, 0.90067446, 0.94756067, 0.08861437]
[1.7838253, 0.87764835, 0.8198695, 0.086307436]
[1.983861, 1.1266325, 0.76701796, 0.09021051]
[1.7754087, 0.8250606, 0.8553168, 0.09503129]
[1.7697743, 1.0324163, 0.6483302, 0.08902772]
[1.9395851, 1.0319874, 0.8069478, 0.10064978]
[1.913548, 0.7811742, 1.0365869, 0.09578697]
[1.8763921, 1.0492346, 0.74004877, 0.08710873]
[1.7345679, 0.8917064, 0.75004226, 0.09281916]
[1.8146948, 0.9097695, 0.80880666, 0.096118554]
[1.7694366, 0.709792, 0.94631493, 0.11332968]
[1.8632839, 0.94055414, 0.822428, 0.10030177]
[1.7308203, 0.78867006, 0.8449627, 0.097187504]
[1.7841821, 0.82093275, 0.8526263, 0.11062302]
[1.7354256, 0.6736622, 0.9523432, 0.109420136]
[1.747728, 0.7636058, 0.8759943, 0.10812796]
[1.825069, 1.0674348, 0.6420952, 0.1155389]
[1.8385594, 0.7971012, 0.9269798, 0.11447838]
[1.9337571, 1.0178868, 0.8092226, 0.10664779]
[1.7001504, 0.5499975, 1.0396818, 0.1104711]
[1.9726751, 0.95401144, 0.9011384, 0.117525235]
[1.8332393, 0.8505436, 0.87290335, 0.10979241]
[1.7926174, 0.79536974, 0.8757837, 0.121464]
[1.7403423, 0.82392067, 0.7999699, 0.116451636]
[2.1515107, 0.8006928, 1.2311592, 0.11965872]
[2.120272, 1.1314222, 0.8743052, 0.114544734]
[1.9667515, 1.0317819, 0.83038723, 0.10458231]
[1.7608707, 0.67531645, 0.97975636, 0.10579792]
[1.8470513, 0.9833758, 0.7644527, 0.09922274]
[1.8362494, 0.81598115, 0.91725427, 0.10301399]
[1.8306453, 0.89290017, 0.8384814, 0.09926367]
[2.0230145, 0.9357762, 0.9907008, 0.096537545]
[1.8746649, 0.8570704, 0.9264033, 0.09119116]
[1.7486835, 0.8176697, 0.8319572, 0.09905642]
[1.9691814, 0.89257693, 0.9806652, 0.09593929]
[1.906314, 1.0023227, 0.80354226, 0.100449085]
[1.9317168, 0.93998957, 0.89247817, 0.09924899]
[1.9454333, 0.90823686, 0.9452162, 0.091980256]
[1.810411, 0.7029265, 1.0168769, 0.090607524]
[1.6777543, 0.8951163, 0.6810563, 0.10158171]
[2.0069697, 0.92284447, 0.986573, 0.09755237]
[1.8126129, 0.8742899, 0.8495557, 0.088767424]
[1.950409, 1.0296667, 0.82917845, 0.091563955]
[1.8196052, 0.70659536, 1.0159855, 0.09702428]
[1.862741, 0.9336413, 0.8324279, 0.09667176]
[1.907644, 0.9324464, 0.8741249, 0.10107278]
[1.9951949, 0.98785913, 0.90801245, 0.099323295]
[1.8157938, 0.79130435, 0.93608445, 0.08840486]
[1.9198395, 1.0140877, 0.81421906, 0.09153278]
[1.941342, 0.87316537, 0.98057693, 0.08759963]
[2.0479317, 1.0075376, 0.94150907, 0.09888513]
[1.761904, 0.8265471, 0.8520598, 0.08329709]
[1.7257841, 0.82965565, 0.8046806, 0.09144778]
[1.9073462, 0.78644586, 1.0206088, 0.10029155]
[1.8693616, 0.9636844, 0.80826914, 0.09740804]
[1.8620397, 0.8199015, 0.94374835, 0.09838978]
[2.0568204, 0.8164402, 1.144443, 0.09593721]
[1.845561, 0.905795, 0.839761, 0.10000498]
[1.7494853, 0.83821493, 0.81015337, 0.101116925]
[1.9245534, 0.9819371, 0.84318864, 0.099427685]
[1.820101, 0.8112195, 0.9209036, 0.087977916]
[1.9002043, 1.1923137, 0.6101692, 0.0977215]
[1.8066897, 0.8995091, 0.8023932, 0.10478747]
[1.9239187, 0.7374402, 1.0979881, 0.08849041]
[1.7813743, 0.95997417, 0.7297963, 0.09160393]
[1.8439459, 0.8720412, 0.8752677, 0.09663691]
[1.8613085, 0.815164, 0.94813204, 0.09801229]
[1.9662652, 0.9914509, 0.8770431, 0.09777116]
[1.7124469, 0.865494, 0.7542936, 0.092659205]
[1.893537, 0.7834163, 1.0092039, 0.10091682]
[1.7794185, 0.91546845, 0.7589499, 0.10500015]
[1.9738882, 0.8868807, 0.9827299, 0.10427767]
[1.9316301, 0.7810936, 1.0499573, 0.10057929]
[2.0096717, 0.9875436, 0.919962, 0.1021661]
[1.8452097, 0.7990398, 0.9469733, 0.09919652]
[1.8378851, 1.0373449, 0.7038966, 0.096643694]
[1.8741256, 0.80088687, 0.981938, 0.09130071]
[1.7939211, 0.83740944, 0.8560704, 0.10044134]
[1.8040456, 0.8476796, 0.8555443, 0.10082163]
[1.8752303, 0.9917381, 0.7779531, 0.1055391]
[2.1716497, 1.005815, 1.0581017, 0.10773312]
[1.8552631, 0.8494829, 0.90980303, 0.09597716]
[1.6874717, 0.7313226, 0.8486216, 0.10752756]
[1.8338556, 0.77825624, 0.9441665, 0.111432865]
[1.7592704, 0.9359839, 0.71516764, 0.10811894]
[2.0388238, 0.9208008, 1.0113554, 0.1066677]
[1.8906474, 1.092527, 0.69927824, 0.098842084]
[1.8210194, 0.8502952, 0.8702452, 0.100478955]
[1.6803354, 0.7762377, 0.81023324, 0.09386443]
[1.9483683, 0.9780699, 0.85578513, 0.11451332]
[1.9687049, 0.88962245, 0.9754585, 0.10362393]
[1.8618145, 0.6430014, 1.1074351, 0.1113779]
[2.140154, 1.0812062, 0.9628382, 0.09610932]
[1.8985056, 0.92202413, 0.8854657, 0.09101574]
[1.7839717, 0.7407676, 0.9530307, 0.090173334]
[1.828368, 0.9831763, 0.748132, 0.097059704]
[1.7896463, 0.614275, 1.073525, 0.1018463]
[1.9145693, 0.9766467, 0.8354957, 0.102426834]
[1.9766414, 0.76252776, 1.1201594, 0.09395432]
[1.8172344, 0.9555143, 0.7720939, 0.08962619]
[1.6221039, 0.60212755, 0.9259591, 0.09401732]
[1.8602471, 1.026507, 0.72287774, 0.11086239]
[1.7611363, 0.8394827, 0.8262663, 0.095387176]
[1.8886514, 0.84101295, 0.9456736, 0.10196483]
[1.8975009, 0.839844, 0.9431786, 0.1144782]
[1.9321189, 0.9115257, 0.9084, 0.11219309]
[2.0342088, 1.1025857, 0.8323668, 0.09925631]
[1.8393365, 0.8824086, 0.8563047, 0.10062325]
[1.8142388, 0.75544393, 0.958668, 0.10012681]
[1.7861248, 0.8824748, 0.80940974, 0.09424034]
[1.9139361, 0.97316295, 0.83281976, 0.10795344]
[1.654652, 0.8279141, 0.72581124, 0.10092659]
[1.8941098, 0.9326105, 0.8607213, 0.10077795]
[1.8332822, 0.659624, 1.0612956, 0.11236261]
[1.8551369, 0.8623979, 0.8802233, 0.11251569]
[1.7799387, 0.8225503, 0.8399962, 0.11739215]
[2.022593, 0.9729992, 0.93977976, 0.109814]
[1.6740363, 0.8298825, 0.737687, 0.10646671]
[2.0347335, 1.0196451, 0.9061403, 0.10894802]
[2.0741868, 0.8448839, 1.1269246, 0.10237816]
[1.9857142, 1.0246727, 0.8561099, 0.104931645]
[1.8607318, 0.88146585, 0.86978257, 0.10948342]
[1.8483961, 0.9452876, 0.8028584, 0.10025002]
[1.9116545, 0.99741006, 0.8075857, 0.10665874]
[1.9538931, 0.99150807, 0.8604481, 0.10193694]
[1.8941972, 0.99392533, 0.7944062, 0.105865665]
[1.803028, 0.7548106, 0.9472237, 0.10099374]
[1.7362272, 1.0015105, 0.63985443, 0.094862275]
[1.9120548, 0.9393218, 0.8570398, 0.11569314]
[1.9337585, 0.8948953, 0.9287151, 0.11014809]
[1.988945, 0.9372269, 0.9543718, 0.09734626]
[1.7372301, 0.6558325, 0.9895325, 0.09186512]
[1.7436777, 1.1707926, 0.46529168, 0.10759345]
[1.8849907, 0.847433, 0.940988, 0.09656979]
[1.7097232, 0.8409582, 0.7677762, 0.10098886]
[1.7344307, 0.8734857, 0.7536374, 0.107307605]
[1.8837754, 0.85975754, 0.9019817, 0.12203609]
[2.1099014, 1.1245174, 0.87750083, 0.10788311]
[1.75138, 0.7322829, 0.9172266, 0.10187057]
[1.9699683, 0.9436819, 0.9257499, 0.100536555]
[1.8404577, 1.0279973, 0.7111051, 0.10135528]
[1.8127853, 0.78954315, 0.9236095, 0.099632636]
[2.0843267, 1.1159225, 0.870273, 0.09813124]
[1.8619987, 0.82206005, 0.9480439, 0.09189476]
[1.8585255, 0.99347717, 0.77044713, 0.0946012]
[1.6483858, 0.62386847, 0.93657845, 0.08793883]
[1.8965832, 1.0539712, 0.7493955, 0.09321654]
[1.904191, 0.7077743, 1.0889646, 0.107452154]
[1.8281955, 0.91603947, 0.8181161, 0.09403983]
[1.9085784, 0.8780741, 0.9289142, 0.10159019]
[2.1361015, 1.1864259, 0.8587555, 0.090919994]
[1.7730561, 0.66520846, 1.0210614, 0.086786285]
[1.8558799, 0.8410013, 0.9200436, 0.09483501]
[1.948271, 0.97122926, 0.88512516, 0.091916546]
[2.0041368, 1.0477412, 0.8680224, 0.08837319]
[1.8197101, 0.8467363, 0.89046645, 0.08250739]
[1.9063197, 0.8942319, 0.9249003, 0.087187566]
[1.9542052, 0.8475449, 1.0132904, 0.09336986]
[1.8550243, 0.92839396, 0.8367789, 0.08985153]
[1.8376313, 0.83378243, 0.9125377, 0.09131125]
[1.8515662, 0.83095, 0.93283653, 0.08777967]
[1.7682142, 0.7111911, 0.96950316, 0.0875199]
[1.81773, 0.83336365, 0.8816534, 0.10271288]
[1.7808017, 0.70991784, 0.978005, 0.09287881]
[1.9193218, 1.0286862, 0.7915917, 0.09904381]
[1.8922563, 0.9454301, 0.8491663, 0.09765981]
[1.9870404, 0.9604385, 0.93371224, 0.09288962]
[2.1328354, 1.0243893, 1.0156004, 0.0928458]
[1.8175175, 0.9428876, 0.7961569, 0.07847315]
[1.6623955, 0.6733494, 0.9063494, 0.082696654]
[1.971721, 0.99144024, 0.89369607, 0.086584635]
[1.6789519, 0.78544176, 0.79761136, 0.095898695]
[1.8206396, 0.8844049, 0.8448095, 0.091425136]
[1.8338507, 1.0383754, 0.69985193, 0.095623404]
[1.885055, 0.9615725, 0.82344645, 0.10003604]
[1.664145, 0.847047, 0.72811973, 0.08897833]
[1.9371707, 0.9351448, 0.9013331, 0.10069291]
[2.1559353, 1.1995782, 0.8629829, 0.09337424]
[1.6976477, 0.6569346, 0.95191073, 0.08880232]
[1.9900322, 0.9580696, 0.9358386, 0.09612393]
[1.9082124, 1.0027438, 0.8157253, 0.0897433]
[1.7844816, 0.91653, 0.7774121, 0.09053952]
[1.8751763, 0.8217114, 0.96267414, 0.09079079]
[1.787413, 0.7433516, 0.94725794, 0.096803516]
[1.8998066, 0.95059776, 0.8564708, 0.092738]
[1.6952764, 0.9026602, 0.6914541, 0.101162076]
[1.9582859, 0.872318, 0.985739, 0.10022885]
[1.8410406, 0.9089949, 0.8330873, 0.09895837]
[2.0337715, 1.0315269, 0.90337753, 0.09886711]
[1.8479688, 0.86418927, 0.8921579, 0.09162162]
[1.9267694, 0.88313174, 0.9458662, 0.09777146]
[2.0395205, 1.0180588, 0.923308, 0.098153606]
[1.8220118, 0.9023367, 0.8325452, 0.08713]
[1.9250097, 0.9568312, 0.87541664, 0.092761934]
[1.838933, 0.9227124, 0.82118523, 0.0950353]
[1.7735338, 0.81884754, 0.86678684, 0.08789939]
[1.7969868, 0.9168227, 0.7732178, 0.10694638]
[1.8190243, 0.6981197, 1.0264112, 0.094493344]
[1.8467431, 0.9890014, 0.7546245, 0.10311727]
[1.9648614, 0.7634029, 1.1087625, 0.09269589]
[1.7814786, 0.73141694, 0.9392288, 0.11083294]
[1.9688277, 0.920956, 0.94981605, 0.09805556]
[1.754415, 0.7471976, 0.9168077, 0.09040974]
[1.9452351, 0.9105614, 0.9305097, 0.104164034]
[1.9955516, 1.021203, 0.8814953, 0.09285337]
[1.7597164, 0.9099225, 0.75072235, 0.099071585]
[1.9171176, 0.6462954, 1.1703719, 0.10045026]
[1.7889998, 0.7900845, 0.90178406, 0.09713124]
[1.8994814, 0.8862144, 0.9178184, 0.09544864]
[1.7593907, 0.9132004, 0.74090666, 0.10528361]
[1.9352801, 0.9074286, 0.9292296, 0.098621875]
[1.8671501, 1.0392616, 0.7249477, 0.10294084]
[1.6044513, 0.655686, 0.847255, 0.10151034]
[1.6427422, 0.79574764, 0.7475669, 0.09942764]
[1.7338505, 0.6713683, 0.9620779, 0.10040428]
[1.9552826, 1.0494077, 0.79303217, 0.11284272]
[1.8778417, 0.68616813, 1.0780888, 0.11358482]
[1.8406907, 0.97002435, 0.7542275, 0.11643885]
[1.7759373, 0.79173243, 0.8660382, 0.118166745]
[1.9344672, 0.83175814, 0.9916245, 0.11108458]
[1.8840278, 0.91807675, 0.8591834, 0.10676772]
[1.8699496, 0.93545675, 0.83295876, 0.10153413]
[1.9133723, 0.98286027, 0.8242136, 0.10629845]
[1.7728211, 0.9116768, 0.7552891, 0.105855055]
[2.0313747, 0.88931966, 1.0355349, 0.10652023]
[1.9288821, 1.0052245, 0.82028973, 0.10336788]
[1.7882197, 0.8660767, 0.82112694, 0.101016045]
[2.054291, 1.0329671, 0.9144344, 0.1068894]
[1.8209535, 0.9024779, 0.8127991, 0.10567648]
[1.8660413, 0.783183, 0.9882849, 0.0945734]
[1.8292197, 0.8955649, 0.8286196, 0.10503517]
[1.8432586, 0.84121615, 0.9021068, 0.09993568]
[1.9846253, 1.0025331, 0.88218623, 0.09990597]
[1.800352, 0.62623215, 1.0651801, 0.10893978]
[1.8950161, 0.91564685, 0.88811445, 0.091254845]
[1.9126345, 0.9630623, 0.85324526, 0.09632694]
[1.8011947, 0.76397496, 0.9334035, 0.103816226]
[1.9055825, 0.70975375, 1.0929977, 0.10283107]
[1.907127, 0.8583013, 0.9417695, 0.10705623]
[1.8335936, 0.8932856, 0.8370322, 0.10327578]
[1.7839621, 0.86094344, 0.81442446, 0.10859431]
[1.84707, 0.85240406, 0.8960446, 0.09862138]
[1.9654596, 0.94166267, 0.9184238, 0.10537319]
[1.966896, 0.93729645, 0.927213, 0.10238662]
[2.1691742, 0.8736998, 1.1775491, 0.11792529]
[1.9134808, 1.1621243, 0.6493547, 0.10200173]
[1.9034019, 0.8853841, 0.9269725, 0.09104531]
[1.7166708, 0.79228556, 0.83903253, 0.08535269]
[1.8420043, 0.8027071, 0.95254886, 0.0867483]
[1.9210986, 0.9749269, 0.8534569, 0.09271477]
[1.835094, 0.9189617, 0.83199584, 0.084136486]
[1.8926857, 0.8174772, 0.98668253, 0.08852588]
[1.7562022, 0.84875494, 0.8143894, 0.09305791]
[1.923332, 0.9130358, 0.9183397, 0.09195635]
[1.8834538, 0.73614633, 1.0597823, 0.087525286]
[2.0273826, 1.0507967, 0.8828228, 0.09376312]
[1.9649448, 0.9038874, 0.9719881, 0.08906941]
[2.062094, 1.082331, 0.89454186, 0.08522107]
[1.8877647, 0.8898283, 0.9176756, 0.0802608]
[1.7293911, 0.8131398, 0.8364489, 0.07980242]
[1.9807583, 0.9975654, 0.8987916, 0.08440122]
[1.9497075, 1.0460148, 0.8178255, 0.08586716]
[1.9775497, 1.0357622, 0.85596687, 0.085820556]
[1.7939171, 0.88521904, 0.8351305, 0.07356751]
[1.8265376, 0.8737736, 0.87000716, 0.08275685]
[1.976782, 1.0506606, 0.84183794, 0.08428343]
[1.8110936, 0.71159124, 1.0211985, 0.07830383]
[1.9308037, 1.0170528, 0.8258983, 0.08785256]
[2.0306787, 0.9933575, 0.9651076, 0.07221376]
[1.7510993, 0.8399863, 0.825927, 0.08518599]
[1.8279053, 0.81792974, 0.9234512, 0.086524405]
[1.8508264, 0.99551463, 0.7709555, 0.08435615]
[1.8653331, 1.024318, 0.75176936, 0.089245826]
[1.7398267, 0.6916698, 0.9648943, 0.08326261]
[1.7292161, 0.7942069, 0.8379028, 0.09710643]
[1.9751384, 1.0548191, 0.83259773, 0.08772157]
[1.9477214, 0.8371872, 1.0192356, 0.091298625]
[1.72151, 0.8594851, 0.77510875, 0.0869162]
[1.8880773, 0.8654695, 0.9207753, 0.10183241]
[1.8546573, 0.8878209, 0.8812373, 0.08559907]
[1.8104478, 0.84828174, 0.86527616, 0.096889906]
[1.663109, 0.78076255, 0.77820426, 0.10414204]
[1.9015074, 0.8631245, 0.9281049, 0.11027801]
[1.9539752, 0.83277166, 1.0180905, 0.103113055]
[1.8360242, 0.7992644, 0.94188285, 0.09487684]
[1.7996569, 0.8196212, 0.8838204, 0.096215226]
[1.914244, 0.9780294, 0.8370297, 0.09918502]
[1.7119889, 0.7867753, 0.8253128, 0.09990081]
[1.8128221, 0.7861625, 0.9203299, 0.106329665]
[1.7166282, 0.7099891, 0.8963055, 0.11033356]
[1.6623105, 0.7949864, 0.7513639, 0.11596027]
[1.7523793, 0.70670164, 0.92958677, 0.11609092]
[1.813913, 0.97740126, 0.7270255, 0.10948624]
[1.8495814, 0.7794049, 0.9560495, 0.11412701]
[1.6293095, 0.7210494, 0.79008293, 0.1181772]
[1.6555237, 0.7186272, 0.8164481, 0.12044833]
[1.8890749, 0.75999403, 1.0033565, 0.12572443]
[1.8356767, 0.98560214, 0.73848575, 0.11158867]
[1.7895622, 0.9798238, 0.6834696, 0.12626882]
[1.9055666, 0.8391521, 0.94095445, 0.12546001]
[1.8026948, 0.9473558, 0.72521496, 0.13012409]
[1.8408635, 0.8228155, 0.89835864, 0.11968939]
[2.0005465, 0.892748, 0.9876351, 0.12016338]
[1.8382372, 0.94166017, 0.77312744, 0.12344951]
[1.7893304, 0.83248585, 0.8366038, 0.12024072]
[1.9444957, 0.8901043, 0.94242084, 0.11197058]
[1.7301905, 0.7672856, 0.849116, 0.11378884]
[1.9509189, 0.9711219, 0.8538805, 0.12591654]
[1.9527986, 0.89316076, 0.94991976, 0.109718114]
[1.8757396, 0.80579424, 0.96910393, 0.10084137]
[1.9639602, 0.88458157, 0.9697428, 0.10963586]
[1.740852, 0.89523613, 0.7283044, 0.11731144]
[1.976002, 0.85683453, 1.0118582, 0.107309215]
[1.8133453, 1.0345998, 0.6665901, 0.11215547]
[1.7063603, 0.8540746, 0.7384, 0.1138857]
[1.7554929, 0.8687918, 0.77967453, 0.10702656]
[1.811652, 0.9014471, 0.79699767, 0.11320704]
[1.9813378, 0.91692466, 0.93870175, 0.1257115]
[1.8346395, 0.82819796, 0.89468235, 0.1117592]
[1.8313491, 0.772901, 0.9406593, 0.11778884]
[2.0028024, 0.9089928, 0.982069, 0.1117407]
[1.872956, 1.0643979, 0.69901544, 0.10954258]
[1.8260896, 0.81164247, 0.9040086, 0.110438526]
[1.8027514, 0.90925837, 0.7861998, 0.10729323]
[1.9016231, 0.78998744, 1.0170745, 0.094561204]
[2.0873358, 1.1551332, 0.82239, 0.10981256]
[1.8875235, 0.8661108, 0.9182813, 0.10313136]
[1.8504001, 0.9246541, 0.83581424, 0.08993168]
[1.9952272, 0.9700644, 0.9156381, 0.10952474]
[1.9120793, 0.78712547, 1.0306134, 0.094340496]
[1.9460008, 0.8341572, 1.0113542, 0.10048941]
[1.9568561, 0.9301056, 0.94249225, 0.084258154]
[1.9105293, 1.0392792, 0.78773296, 0.08351709]
[2.0130875, 0.8833691, 1.0406651, 0.089053325]
[1.6757216, 0.76472735, 0.82448566, 0.08650866]
[1.8923725, 0.93942225, 0.8707313, 0.08221901]
[1.8782324, 0.75836456, 1.0275126, 0.092355296]
[1.8851112, 0.97374266, 0.8161194, 0.09524919]
[1.7545455, 0.7342549, 0.9224691, 0.09782146]
[1.8596504, 0.93932325, 0.82689416, 0.0934329]
[1.6453557, 0.8003192, 0.7483618, 0.09667471]
[1.8221025, 0.90174115, 0.8209406, 0.09942077]
[1.7756174, 0.6814548, 0.9945532, 0.099609345]
[1.8687661, 0.90898204, 0.85629404, 0.10348994]
[2.072169, 0.86895424, 1.1010077, 0.102207094]
[1.9329798, 0.9008034, 0.9301114, 0.10206503]
[1.6819009, 0.670419, 0.9132845, 0.0981973]
[1.8446325, 0.8626949, 0.8758405, 0.10609711]
[2.0284674, 0.910151, 1.0279834, 0.090332985]
[1.9005052, 0.9568256, 0.8397901, 0.10388951]
[1.9092026, 0.86778057, 0.9331971, 0.1082249]
[1.8187122, 0.9102493, 0.81331754, 0.095145464]
[1.6957674, 0.750278, 0.84689474, 0.09859468]
[1.747647, 0.7930262, 0.86475253, 0.08986825]
[1.934108, 0.9424472, 0.8966185, 0.09504241]
[1.8235846, 0.8892983, 0.8359534, 0.09833294]
[2.0092804, 1.1057441, 0.80141366, 0.102122724]
[1.9701943, 1.031147, 0.8384047, 0.100642666]
[2.0035214, 0.9486244, 0.95796996, 0.096927166]
[1.7502228, 0.78015244, 0.87460756, 0.095462754]
[1.8586713, 0.92534316, 0.8439882, 0.08933999]
[1.7980609, 1.0570374, 0.6453765, 0.09564705]
[1.8840313, 0.90726686, 0.88462603, 0.09213847]
[1.8524462, 0.7711275, 0.9801413, 0.10117735]
[1.6928027, 0.95992917, 0.63304585, 0.09982768]
[1.9809798, 1.0118141, 0.8671143, 0.10205136]
[1.8201323, 0.71055007, 1.0065117, 0.103070475]
[1.8391513, 1.0411854, 0.7079678, 0.0899981]
[1.7594708, 0.7512531, 0.91356826, 0.09464942]
[1.7445532, 0.9175378, 0.73353964, 0.093475714]
[1.9515934, 0.8867539, 0.9593158, 0.10552375]
[1.8986297, 0.94689834, 0.84204406, 0.10968739]
[1.8912683, 0.95716, 0.82968795, 0.104420245]
[1.9129733, 0.8115717, 0.99638957, 0.105012015]
[1.8642577, 1.0046184, 0.7599323, 0.099707015]
[1.8011144, 0.6644603, 1.0389295, 0.09772471]
[1.963025, 0.9438677, 0.9207149, 0.09844242]
[2.0077448, 0.9373764, 0.9704691, 0.09989932]
[1.8800876, 0.9581878, 0.82033575, 0.101564005]
[1.8961759, 0.975258, 0.8239993, 0.09691859]
[1.6455557, 0.66459346, 0.8951157, 0.085846625]
[1.7202326, 0.91804004, 0.71620715, 0.08598544]
[1.942223, 0.9112743, 0.92366207, 0.10728662]
[1.8961552, 0.8214476, 0.96645814, 0.10824956]
[1.69613, 0.73866725, 0.8538178, 0.103645]
[1.8849069, 0.87554836, 0.91668, 0.09267858]
[1.8132758, 0.9181299, 0.77126247, 0.12388344]
[2.0764909, 0.93081725, 1.0404954, 0.10517828]
[1.9836855, 0.7763531, 1.1036365, 0.1036959]
[1.7238615, 0.9533818, 0.6674017, 0.10307796]
[1.9446964, 0.9150722, 0.92744094, 0.10218339]
[1.7722253, 0.8802357, 0.79017985, 0.10180974]
[2.008175, 0.99989516, 0.91085285, 0.0974268]
[1.8665376, 0.9103545, 0.8733372, 0.08284591]
[1.9599792, 1.0362269, 0.8264015, 0.09735083]
[1.8309783, 0.8045654, 0.9278714, 0.09854134]
[1.7966104, 0.77123785, 0.9196963, 0.105676234]
[1.8143468, 0.9520058, 0.7647019, 0.097639084]
[1.8760625, 1.0517843, 0.72317433, 0.10110391]
[1.6679695, 0.7337171, 0.8331096, 0.10114278]
[1.9118123, 0.9352398, 0.86961365, 0.106958896]
[2.019219, 1.0221566, 0.8921068, 0.10495565]
[1.9129325, 0.8178443, 0.9943062, 0.100782074]
[1.9083381, 0.9692427, 0.8332691, 0.10582621]
[1.9562507, 0.8924509, 0.96709824, 0.09670154]
[1.6525882, 0.8165469, 0.7328578, 0.103183515]
[1.9416728, 1.0066527, 0.8261529, 0.108867176]
[1.8134927, 0.83882034, 0.8754476, 0.09922465]
[2.0752828, 1.0688236, 0.9036514, 0.10280776]
[1.9145766, 0.8747615, 0.9373578, 0.10245741]
[1.8528495, 1.0001553, 0.7565035, 0.09619072]
[1.9062271, 1.1317934, 0.68067783, 0.09375595]
[1.7194598, 0.7407428, 0.8870914, 0.09162554]
[1.913012, 0.89007837, 0.9182473, 0.10468641]
[1.7519214, 0.76062274, 0.897059, 0.09423965]
[1.9454011, 1.0223846, 0.82938015, 0.093636274]
[1.7795681, 0.8487085, 0.8398043, 0.091055244]
[1.8840566, 0.93710005, 0.8452966, 0.10165994]
[2.1509068, 0.9918397, 1.0588038, 0.10026344]
[1.8033326, 0.7519496, 0.9569167, 0.09446627]
[1.8614732, 0.85953486, 0.9050112, 0.09692718]
[1.823092, 0.8889413, 0.8430555, 0.09109527]
[1.9777203, 0.842952, 1.0350581, 0.09971006]
[1.9883862, 0.93030936, 0.96950734, 0.08856934]
[1.7538767, 0.69673896, 0.96395564, 0.09318215]
[1.8072267, 1.0608935, 0.6493302, 0.09700304]
[1.683602, 0.5843329, 0.99196595, 0.10730312]
[1.8674073, 0.93980825, 0.822915, 0.10468407]
[1.9133434, 0.707131, 1.107395, 0.098817356]
[1.8945297, 0.96426666, 0.83520913, 0.095053926]
[1.9921888, 0.9931671, 0.8952855, 0.10373627]
[1.7654989, 0.9038263, 0.7629663, 0.09870624]
[1.9570279, 0.98165154, 0.86809564, 0.10728075]
[1.7688104, 0.73280036, 0.9514094, 0.08460061]
[1.7126064, 0.8430486, 0.7734639, 0.096093915]
[2.103149, 0.94448805, 1.0548965, 0.1037645]
[1.7580115, 0.9640388, 0.70121175, 0.09276095]
[1.8123777, 0.8793464, 0.8343141, 0.0987172]
[1.9635985, 0.8739429, 0.9863231, 0.103332564]
[1.6837512, 0.76982474, 0.8143649, 0.09956153]
[1.858166, 0.73405445, 1.0186822, 0.105429254]
[1.8753412, 1.0013485, 0.7741968, 0.09979582]
[1.8117639, 0.8721704, 0.82928497, 0.11030854]
[1.7708, 0.74624914, 0.92846984, 0.096081]
[1.8733001, 0.9270071, 0.8291318, 0.11716126]
[1.8601288, 1.0603554, 0.6908026, 0.10897079]
[1.8394933, 0.81564087, 0.9220998, 0.101752475]
[1.9644104, 0.9446414, 0.91214615, 0.10762282]
[1.7905608, 0.713271, 0.97639656, 0.10089325]
[1.8726871, 0.83089983, 0.94606245, 0.09572488]
[1.8355718, 1.0253963, 0.7018105, 0.108364984]
[1.9589057, 0.9891185, 0.868423, 0.101364136]
[1.7658906, 0.65285563, 1.0155685, 0.09746653]
[1.85956, 0.8088836, 0.9580413, 0.0926351]
[1.6550013, 0.8185141, 0.7472901, 0.089197]
[1.8885136, 0.80970883, 0.9782366, 0.10056804]
[1.7256778, 0.8655721, 0.7557521, 0.10435371]
[2.0625644, 1.0129955, 0.9354102, 0.114158556]
[2.0052624, 0.96089184, 0.9371904, 0.10718009]
[1.8852037, 0.8071574, 0.97760344, 0.10044289]
[1.7868927, 0.8552389, 0.82836306, 0.10329063]
[1.8399028, 0.826939, 0.9133141, 0.09964968]
[1.7935038, 0.9373244, 0.7537986, 0.10238071]
[1.9499345, 0.93836504, 0.90973264, 0.10183675]
[1.688881, 0.833043, 0.75983524, 0.0960028]
[1.8045048, 0.7147509, 0.99473137, 0.09502253]
[1.9654083, 1.0875983, 0.7739332, 0.10387688]
[1.7266701, 0.80002797, 0.8240274, 0.102614805]
[2.0609365, 1.2042601, 0.7540665, 0.10260995]
[1.8874291, 0.82812196, 0.96568155, 0.09362562]
[1.875507, 0.89476764, 0.87239754, 0.1083418]
[1.87172, 0.89952326, 0.87106586, 0.10113079]
[1.7691368, 0.7306466, 0.9440808, 0.09440932]
[1.915499, 0.8153589, 0.9994538, 0.10068628]
[1.8573356, 0.9545698, 0.81382334, 0.08894239]
[1.973286, 0.96577334, 0.9012743, 0.10623837]
[1.9435501, 0.8966997, 0.9561566, 0.09069377]
[1.7374572, 0.7549215, 0.8891063, 0.09342941]
[1.8352283, 0.9550422, 0.77897, 0.10121618]
[1.8226626, 0.8690275, 0.8419019, 0.1117332]
[2.0462337, 0.9234271, 1.0215454, 0.10126125]
[1.7247945, 1.0413064, 0.5885384, 0.09494967]
[1.8491182, 0.84963167, 0.8978831, 0.10160348]
[2.0451515, 0.93171304, 1.016358, 0.09708042]
[1.9553992, 1.0595508, 0.80107903, 0.09476941]
[1.7648093, 0.81620634, 0.85311246, 0.09549044]
[1.9416362, 0.99224615, 0.85970664, 0.08968346]
[1.8468956, 0.91462815, 0.84276336, 0.08950416]
[2.017992, 0.92941093, 0.9931135, 0.09546769]
[1.9926934, 0.95863676, 0.9360435, 0.098013185]
[2.090743, 0.8910518, 1.11314, 0.086551294]
[1.8475181, 0.9822592, 0.77506757, 0.090191245]
[1.8103908, 0.8847848, 0.84694374, 0.07866223]
[1.9191935, 1.0219717, 0.8110932, 0.08612864]
[2.0074055, 0.8606128, 1.0522853, 0.09450744]
[1.8658597, 0.91432, 0.86916244, 0.082377255]
[1.9593807, 0.9752156, 0.90207875, 0.082086496]
[1.9380167, 1.074193, 0.7764951, 0.08732849]
[1.9870783, 0.90863705, 1.0023499, 0.07609141]
[1.9493586, 0.9389397, 0.9354807, 0.074938215]
[1.9265289, 0.8938446, 0.9578546, 0.07482974]
[1.9067029, 0.98605233, 0.8438356, 0.076814994]
[1.7984896, 0.9208964, 0.79774654, 0.07984662]
[1.7110536, 0.85312504, 0.7803197, 0.07760888]
[1.9289427, 0.9338411, 0.9060821, 0.08901959]
[1.8576707, 0.8390137, 0.9431274, 0.07552954]
[1.7854168, 0.8760948, 0.8281791, 0.08114284]
[1.9300236, 0.80325794, 1.0395046, 0.08726098]
[1.7719758, 0.6588214, 1.0344335, 0.07872077]
[1.9567453, 0.98102933, 0.8962009, 0.07951508]
[1.902627, 0.864184, 0.9592117, 0.07923131]
[1.9303037, 0.99354434, 0.85037917, 0.08638011]
[1.8814306, 0.9283369, 0.8680477, 0.08504611]
[1.8020114, 0.86326814, 0.8554921, 0.083251074]
[1.7821851, 0.91188085, 0.78449655, 0.08580772]
[2.0303519, 0.95389915, 0.984215, 0.09223765]
[1.895918, 0.8934326, 0.9115084, 0.09097704]
[1.9563125, 0.8425151, 1.0197183, 0.09407912]
[1.8778505, 0.8088178, 0.98176354, 0.08726922]
[1.9167402, 0.86754453, 0.9634248, 0.0857708]
[1.8788455, 0.90786296, 0.8812605, 0.08972186]
[1.9694049, 0.85155725, 1.0364051, 0.081442535]
[1.8994465, 0.87595797, 0.9453593, 0.07812931]
[1.8674719, 0.81433344, 0.96409035, 0.08904816]
[1.7412384, 0.95802677, 0.69104683, 0.0921648]
[1.9312103, 0.8755008, 0.9503584, 0.10535112]
[2.0001657, 0.8391185, 1.0712504, 0.08979685]
[1.8923051, 0.8833819, 0.92296815, 0.0859551]
[1.6822866, 0.90541595, 0.6851045, 0.091766246]
[1.8165723, 0.83253944, 0.88997436, 0.09405847]
[1.8566177, 0.92063355, 0.8352424, 0.100741714]
[1.9082626, 0.8267979, 0.9994742, 0.081990436]
[1.9793941, 1.0255488, 0.8564332, 0.09741201]
[1.7819035, 0.7775433, 0.9097897, 0.09457049]
[1.8261244, 0.8576948, 0.8799205, 0.08850902]
[2.1107225, 0.9172017, 1.1000001, 0.093520686]
[1.8379959, 0.915378, 0.8404386, 0.08217929]
[1.9977008, 0.9366634, 0.97261333, 0.08842407]
[1.98348, 0.9362036, 0.9624952, 0.08478114]
[1.8107852, 0.9029513, 0.82458043, 0.08325355]
[1.873118, 0.89122415, 0.8954316, 0.08646242]
[1.783592, 0.7148959, 0.9859158, 0.08278038]
[1.8365349, 0.97705877, 0.7701632, 0.08931286]
[1.8469503, 0.79805166, 0.96070635, 0.08819221]
[1.7804941, 0.8386507, 0.84936905, 0.0924743]
[1.8190688, 0.9932967, 0.73071706, 0.09505498]
[1.891391, 0.7265235, 1.0691872, 0.09568039]
[1.8501348, 0.8364487, 0.9205169, 0.09316917]
[1.8282661, 0.90364754, 0.8283568, 0.09626169]
[1.7752532, 0.8652605, 0.81540614, 0.09458651]
[1.7068248, 0.83001184, 0.7817141, 0.09509887]
[1.6361606, 0.7602465, 0.7837342, 0.09217986]
[1.606526, 0.6363139, 0.86610883, 0.10410318]
[1.8453871, 0.99456805, 0.73289055, 0.11792855]
[1.754506, 0.7893804, 0.85377717, 0.111348525]
[1.9077742, 1.0811892, 0.72313523, 0.10344981]
[1.884667, 0.8005158, 0.97850513, 0.10564612]
[2.0219672, 1.0303833, 0.8897133, 0.10187057]
[1.745535, 0.90344876, 0.7381003, 0.103985906]
[1.9279808, 0.90571237, 0.9233297, 0.09893867]
[2.083693, 0.81790775, 1.1670992, 0.098685965]
[1.9130224, 1.0341773, 0.77241606, 0.106428996]
[1.8411814, 0.98655736, 0.75591516, 0.09870891]
[1.9849666, 0.88034225, 1.0069827, 0.0976417]
[1.9590508, 1.0058775, 0.85745895, 0.095714286]
[1.8985552, 0.89473844, 0.9097534, 0.0940634]
[1.9799937, 0.88761586, 0.9972771, 0.09510071]
[2.0371394, 0.89450777, 1.0501289, 0.09250273]
[1.7448158, 0.80806303, 0.84371865, 0.09303418]
[1.769236, 0.8100283, 0.8713892, 0.08781853]
[1.7713896, 0.73206323, 0.9483294, 0.09099698]
[1.9829888, 1.2022021, 0.68094474, 0.09984209]
[1.9248002, 0.8997715, 0.9327046, 0.09232396]
[2.0863752, 0.9161278, 1.0750417, 0.09520578]
[1.8381233, 1.0103165, 0.7406407, 0.087166086]
[1.6762326, 0.6914998, 0.892225, 0.09250766]
[2.0366032, 1.0186319, 0.9245293, 0.09344199]
[1.9312075, 0.9840492, 0.8414282, 0.10573016]
[1.8019952, 0.7268735, 0.98261285, 0.09250883]
[1.8460331, 0.93876004, 0.808025, 0.09924804]
[1.9914296, 1.014054, 0.89309645, 0.08427916]
[2.0040843, 1.2368431, 0.6821803, 0.08506101]
[2.0030463, 0.96349484, 0.96619654, 0.07335507]
[2.0468864, 1.0783722, 0.8850542, 0.08346003]
[1.8619522, 0.7932795, 0.99502146, 0.07365118]
[1.974605, 0.8928567, 0.9989971, 0.08275112]
[2.0166035, 0.9723173, 0.9648549, 0.07943134]
[1.922925, 0.810211, 1.0292861, 0.083427876]
[1.8586035, 0.8630073, 0.9194577, 0.07613847]
[1.790405, 0.74285495, 0.9670819, 0.08046812]
[1.8669406, 0.8085854, 0.9819734, 0.076381855]
[1.7735046, 0.86695623, 0.8214085, 0.08513984]
[1.8787929, 0.8538555, 0.9441495, 0.08078791]
[1.7794695, 0.75081944, 0.94220394, 0.08644606]
[1.7411917, 0.7716263, 0.8884914, 0.08107409]
[2.0085776, 0.864553, 1.0562857, 0.08773895]
[1.9619224, 1.0649242, 0.8176897, 0.07930845]
[2.0149245, 0.8328558, 1.1024415, 0.079627186]
[2.0362904, 0.9741142, 0.97901297, 0.08316315]
[1.7942036, 0.8424375, 0.87913495, 0.07263123]
[1.7761316, 0.83926725, 0.8544222, 0.082442164]
[1.7019901, 0.7774272, 0.8433881, 0.08117487]
[1.8253303, 0.81078637, 0.92592996, 0.08861399]
[1.828801, 0.84851015, 0.8960893, 0.084201574]
[1.9205312, 0.8576111, 0.98095876, 0.0819613]
[1.8086456, 0.79254794, 0.9237639, 0.092333816]
[1.9329282, 0.8607514, 0.9783894, 0.09378739]
[2.014232, 0.89045703, 1.0289278, 0.094847046]
[1.9677807, 0.9425185, 0.94066095, 0.08460129]
[1.858529, 0.8469963, 0.9278697, 0.08366302]
[1.876646, 0.97143555, 0.81395626, 0.091254205]
[1.9239166, 0.99231714, 0.848148, 0.08345156]
[1.823024, 0.77957165, 0.9583311, 0.08512127]
[1.8399115, 1.0231093, 0.7287133, 0.08808887]
[1.8468652, 0.7472569, 1.0077868, 0.091821596]
[1.7949269, 0.83284914, 0.87591577, 0.08616203]
[1.9365032, 0.99303114, 0.852379, 0.09109308]
[1.7402301, 0.7562361, 0.8922565, 0.09173755]
[1.9091953, 0.9123137, 0.90516853, 0.09171302]
[1.8636966, 0.91226965, 0.8522159, 0.09921096]
[1.9085556, 0.9959983, 0.80954236, 0.10301499]
[1.8472264, 0.9983079, 0.75636274, 0.09255571]
[1.587767, 0.6443025, 0.85121953, 0.09224497]
[1.7777387, 0.80345905, 0.8625927, 0.11168696]
[1.8699596, 0.93612266, 0.8352469, 0.09859003]
[1.8397138, 0.9183317, 0.8178481, 0.10353392]
