[2.017011, 1.0971925, 0.82101226, 0.09880604]
[1.9240383, 1.0118649, 0.8185546, 0.09361875]
[1.7905955, 1.0033809, 0.700889, 0.086325645]
[2.0423992, 1.0325551, 0.9134863, 0.09635781]
[1.8090112, 0.74075425, 0.982093, 0.08616403]
[1.8451755, 0.93300515, 0.82031876, 0.09185161]
[1.8513402, 0.8946691, 0.8722203, 0.08445087]
[1.9077041, 0.7349502, 1.0786561, 0.09409781]
[1.9774575, 1.1234987, 0.7635751, 0.090383716]
[1.7096288, 0.7753954, 0.8535831, 0.08065038]
[1.8530327, 0.79177105, 0.9739779, 0.08728368]
[1.8206216, 0.83128715, 0.8969984, 0.09233608]
[2.1504114, 1.0519779, 1.0068066, 0.091626786]
[1.9111906, 0.796772, 1.0236783, 0.090740316]
[1.7767974, 0.8356422, 0.84755325, 0.09360197]
[1.930006, 0.9407759, 0.9072037, 0.08202642]
[1.9701679, 0.91916704, 0.961823, 0.08917791]
[1.9556146, 0.82400215, 1.0319877, 0.09962472]
[1.9052348, 0.8626802, 0.9657116, 0.076842986]
[1.7448784, 0.8522608, 0.8091848, 0.083432764]
[1.9035778, 0.78312755, 1.0253456, 0.0951047]
[2.0119717, 0.95638096, 0.96223044, 0.09336035]
[1.7914348, 0.8832208, 0.8194281, 0.0887859]
[1.8469394, 0.8042243, 0.9542846, 0.08843049]
[1.8225363, 0.6247516, 1.1055019, 0.09228284]
[1.8589792, 1.0553327, 0.7197968, 0.0838498]
[2.0768678, 0.98405176, 1.009443, 0.08337314]
[1.7302105, 0.8917887, 0.7524812, 0.08594061]
[1.9829407, 1.0439751, 0.8563938, 0.08257173]
[1.8797925, 0.82933825, 0.96422994, 0.08622438]
[1.847232, 0.87286425, 0.8882842, 0.08608349]
[1.8353516, 0.8996513, 0.84928906, 0.08641121]
[2.0169504, 0.95724726, 0.974847, 0.08485604]
[1.7779242, 0.856004, 0.83785, 0.084070235]
[1.7665657, 0.7833361, 0.8934015, 0.08982816]
[1.8783466, 0.8376815, 0.9526937, 0.08797132]
[1.8638762, 1.0082778, 0.77484715, 0.08075134]
[1.7048537, 0.75339615, 0.85576713, 0.095690414]
[1.8908423, 0.9722868, 0.8298409, 0.08871463]
[1.7591981, 0.86032236, 0.8155705, 0.083305255]
[1.8044353, 0.88611686, 0.8221048, 0.09621363]
[1.8180783, 0.7820885, 0.94568264, 0.090307176]
[1.7441391, 0.9987618, 0.6502354, 0.09514193]
[1.8007107, 0.7611729, 0.95116717, 0.08837055]
[1.6329583, 0.74934673, 0.7870878, 0.09652375]
[1.8935986, 1.0384331, 0.738348, 0.11681747]
[1.8378557, 0.94324946, 0.7833488, 0.111257404]
[1.9524091, 0.7199174, 1.12655, 0.10594175]
[1.6942629, 0.9199941, 0.6649348, 0.1093339]
[1.8916266, 0.8350507, 0.95165503, 0.104920916]
[1.8773017, 0.8203621, 0.9565892, 0.1003504]
[1.9197243, 0.79697466, 1.0198252, 0.10292448]
[1.75361, 0.78328705, 0.8565575, 0.11376548]
[2.0696354, 1.2234588, 0.7335133, 0.112663314]
[1.759961, 0.761628, 0.8962566, 0.102076426]
[1.9339705, 0.81317747, 1.0090438, 0.11174923]
[1.8466816, 0.9755189, 0.7664883, 0.1046744]
[1.9772499, 0.95207393, 0.9202037, 0.1049722]
[1.9504062, 0.8772391, 0.9679976, 0.10516942]
[1.7931393, 0.8752377, 0.81289744, 0.10500415]
[1.7928574, 0.9346833, 0.74740076, 0.110773325]
[2.0206451, 0.9684252, 0.95337534, 0.09884459]
[1.8777438, 0.8850639, 0.8868351, 0.10584486]
[1.616777, 0.6831999, 0.83449936, 0.09907776]
[1.7243286, 0.88138306, 0.7405633, 0.10238232]
[1.8029692, 0.84428567, 0.85846806, 0.10021539]
[1.773072, 0.94519603, 0.7159928, 0.11188316]
[1.7319907, 0.7877092, 0.8353315, 0.108950004]
[1.917131, 0.8515022, 0.95783234, 0.10779646]
[1.8592914, 0.8440648, 0.90533763, 0.10988901]
[1.9194511, 0.8629642, 0.94904697, 0.10743992]
[1.8455442, 1.0331123, 0.69647497, 0.11595687]
[1.8848926, 0.7612376, 1.0154647, 0.108190335]
[1.8410301, 0.9633227, 0.7638004, 0.11390712]
[1.7501423, 0.6659787, 0.9745239, 0.10963961]
[2.1369011, 1.0520344, 0.96954167, 0.11532532]
[1.8875356, 0.88772523, 0.8954623, 0.10434803]
[1.8203635, 0.8100065, 0.89590037, 0.1144566]
[2.0485778, 1.1595995, 0.7804878, 0.1084904]
[1.9435697, 0.9203687, 0.92761433, 0.09558661]
[1.8593223, 0.782928, 0.98069525, 0.09569902]
[1.8437225, 0.8646919, 0.881631, 0.09739959]
[1.740341, 0.85204643, 0.7872639, 0.10103056]
[1.7987849, 0.832346, 0.852538, 0.11390073]
[1.7994586, 0.8945087, 0.805853, 0.099096864]
[2.0052853, 0.9089409, 0.9892001, 0.107144214]
[1.8606281, 0.9220846, 0.8378303, 0.10071325]
[1.9434361, 0.79175085, 1.04913, 0.10255531]
[1.8637248, 0.81933427, 0.93601483, 0.108375706]
[1.7431188, 0.90250623, 0.73628867, 0.104323834]
[1.8692466, 0.77907, 0.9882738, 0.10190281]
[1.8155419, 0.858474, 0.8446778, 0.112390004]
[1.7808179, 0.8146566, 0.85370934, 0.11245193]
[1.8278698, 0.76892436, 0.9452187, 0.113726765]
[1.9380789, 1.1174932, 0.70888233, 0.111703366]
[1.909054, 0.9144664, 0.8891492, 0.1054385]
[1.7711344, 0.7013797, 0.96699876, 0.102755845]
[1.7052085, 0.93867147, 0.656939, 0.10959806]
[1.7365363, 0.71216655, 0.9024879, 0.12188183]
[1.7562995, 0.8130528, 0.8230637, 0.12018299]
[1.8043848, 0.8642459, 0.831628, 0.108510844]
[1.9417828, 0.87858164, 0.9540216, 0.10917966]
[1.810709, 0.78374344, 0.911646, 0.115319446]
[1.9532635, 0.976992, 0.8667387, 0.10953289]
[1.8137361, 0.893749, 0.7941912, 0.12579599]
[1.736919, 0.8166921, 0.80235577, 0.11787118]
[1.8026702, 0.8674973, 0.8076967, 0.12747627]
[1.9092278, 0.7636587, 1.031338, 0.11423114]
[1.8894869, 1.0083088, 0.767488, 0.11369009]
[1.7909908, 0.70662665, 0.9668831, 0.11748102]
[1.8914815, 0.95636487, 0.8173767, 0.11773998]
[1.8595273, 1.0098878, 0.7287236, 0.12091589]
[1.7310591, 0.83499646, 0.7820841, 0.113978446]
[1.9797583, 1.0339705, 0.8225293, 0.12325846]
[1.786639, 0.7922252, 0.87685454, 0.117559165]
[1.8324943, 0.8214247, 0.88148904, 0.12958053]
[1.7834917, 0.9165165, 0.73369545, 0.13327982]
[1.8964639, 0.6627734, 1.1209526, 0.11273795]
[1.7412446, 0.7370305, 0.8863501, 0.11786391]
[2.1113315, 1.1284406, 0.86555624, 0.11733468]
[1.7890953, 0.6924211, 0.9803532, 0.11632098]
[1.7687404, 0.92441046, 0.72988737, 0.11444263]
[1.9127771, 0.8585485, 0.92826784, 0.1259607]
[1.9606111, 0.85127205, 0.994776, 0.11456297]
[1.8137848, 0.98057747, 0.7311337, 0.102073625]
[1.5660971, 0.68568116, 0.7633433, 0.11707267]
[1.7772003, 0.7200676, 0.9443542, 0.112778574]
[1.9276301, 0.9354192, 0.8689229, 0.12328799]
[1.9653119, 0.9344396, 0.92017466, 0.11069758]
[1.852284, 0.7935765, 0.94296336, 0.11574417]
[1.6580548, 0.73568046, 0.79628515, 0.12608919]
[1.8682132, 0.9613205, 0.7823333, 0.12455939]
[1.9931608, 0.8911332, 0.9894915, 0.112536065]
[2.0775514, 1.0270038, 0.94106406, 0.10948352]
[1.9073111, 0.92773294, 0.8822768, 0.097301394]
[1.7928269, 0.80003893, 0.8817734, 0.111014634]
[1.8625228, 0.889595, 0.8633615, 0.109566435]
[1.8255028, 0.82018864, 0.8921816, 0.11313256]
[1.8416541, 0.8601349, 0.872327, 0.10919217]
[1.5517261, 0.62479997, 0.8180567, 0.10886943]
[2.0295506, 1.0933638, 0.8136662, 0.12252045]
[1.8492746, 0.8195501, 0.9220896, 0.10763502]
[1.8596613, 0.8426827, 0.90511775, 0.11186084]
[1.8326668, 0.8931166, 0.8383858, 0.101164356]
[1.8278935, 0.78116965, 0.9364074, 0.11031653]
[1.7654291, 0.8227451, 0.8371531, 0.10553102]
[1.9394442, 0.7780402, 1.0404038, 0.121000156]
[1.9537073, 1.0382032, 0.8052882, 0.11021589]
[1.6996069, 0.7728791, 0.81709456, 0.10963317]
[1.614649, 0.8045277, 0.69758564, 0.11253571]
[2.0073922, 0.8327645, 1.055715, 0.11891259]
[2.0073962, 1.0813913, 0.7985552, 0.12744972]
[1.9800625, 0.9410256, 0.9348404, 0.10419655]
[1.7710227, 0.85448873, 0.819736, 0.096797965]
[1.8747339, 0.9556286, 0.81334096, 0.10576435]
[1.8233964, 0.845799, 0.8695543, 0.108043194]
[1.9511005, 0.9263554, 0.9049745, 0.11977053]
[2.0071456, 1.0527339, 0.850579, 0.10383262]
[1.9926093, 0.96114445, 0.9224389, 0.1090259]
[1.8798323, 0.9172275, 0.8593395, 0.103265256]
[1.854581, 0.84161615, 0.9117582, 0.10120661]
[1.9429132, 0.94126654, 0.897856, 0.103790656]
[1.888238, 0.8279071, 0.9660268, 0.09430404]
[1.8655761, 1.0052752, 0.7594813, 0.10081954]
[1.8755976, 0.87122, 0.9060911, 0.098286495]
[2.075919, 1.0783048, 0.89168787, 0.10592628]
[1.8782219, 0.9841569, 0.807937, 0.08612789]
[1.9190753, 0.9479816, 0.8789545, 0.092139125]
[1.9972713, 0.9175382, 0.98493516, 0.09479783]
[1.7858487, 0.8196399, 0.8755757, 0.09063302]
[1.7834044, 0.84722567, 0.83214384, 0.1040349]
[1.9105704, 0.93046165, 0.88606447, 0.09404423]
[1.9764439, 0.9283176, 0.9514273, 0.09669898]
[1.7097564, 0.9057826, 0.712306, 0.091667816]
[1.9106665, 0.87720394, 0.9365653, 0.09689719]
[1.8427033, 0.82939804, 0.924513, 0.08879234]
[1.881735, 0.6954194, 1.1013296, 0.084986106]
[1.7557284, 0.7302685, 0.9344565, 0.0910033]
[1.8090247, 0.6559644, 1.0576013, 0.09545904]
[1.9561135, 0.97060525, 0.8819896, 0.103518635]
[1.8742638, 0.8801218, 0.90902996, 0.08511196]
[1.8876768, 0.85895973, 0.9299947, 0.09872237]
[1.893971, 0.82926524, 0.9668986, 0.09780716]
[1.8102157, 0.9612249, 0.7488344, 0.100156456]
[1.7699947, 0.7334938, 0.9414878, 0.09501316]
[1.7590742, 0.8596877, 0.80117464, 0.098211825]
[1.7404298, 0.6788577, 0.9586245, 0.102947555]
[1.7920023, 0.777244, 0.91199875, 0.10275962]
[1.8644353, 0.8829302, 0.8671004, 0.11440468]
[1.8160734, 0.8678944, 0.8349917, 0.11318732]
[1.8138572, 0.7732644, 0.9282782, 0.112314545]
[1.9304978, 1.0241561, 0.789148, 0.11719367]
[1.8159369, 0.8870262, 0.8173636, 0.11154715]
[2.0000577, 0.96701705, 0.92354727, 0.10949342]
[2.0417619, 0.81696475, 1.1141677, 0.110629395]
[1.8969038, 1.0910641, 0.7043811, 0.10145852]
[1.984966, 0.89878124, 0.9822865, 0.10389823]
[1.7967846, 0.83961403, 0.8575417, 0.09962898]
[1.7068944, 0.75513005, 0.85631776, 0.09544663]
[1.7307609, 0.8497297, 0.78019476, 0.10083637]
[1.9314499, 0.9043735, 0.9280194, 0.09905697]
[1.8617408, 0.8334955, 0.9177953, 0.11045009]
[2.0100417, 1.0501885, 0.8554208, 0.104432434]
[1.945456, 1.0075173, 0.8311477, 0.106790975]
[1.673007, 0.6779777, 0.88993406, 0.105095215]
[1.8919262, 0.94223446, 0.8520042, 0.0976876]
[1.8081849, 1.0011947, 0.7032741, 0.1037161]
[1.8243165, 0.7081446, 1.0202435, 0.09592838]
[1.719562, 1.0080354, 0.6177197, 0.09380692]
[1.9715542, 0.6826231, 1.1767204, 0.11221064]
[1.7837135, 0.8453965, 0.8259947, 0.11232221]
[2.0289876, 0.8616948, 1.0577171, 0.10957575]
[1.947051, 0.9650058, 0.87052476, 0.11152054]
[1.82798, 0.9295368, 0.81237805, 0.08606522]
[1.9832466, 0.9621871, 0.91423905, 0.106820345]
[1.652415, 0.7325014, 0.81820977, 0.10170388]
[1.8173847, 0.86638325, 0.85419047, 0.096811086]
[1.6146919, 0.75343895, 0.7640018, 0.09725109]
[1.847363, 0.7648247, 0.9669678, 0.11557052]
[1.8022618, 0.8397937, 0.8552139, 0.10725424]
[1.9641852, 0.9767436, 0.87483156, 0.11261009]
[1.8799484, 0.8334663, 0.94216, 0.10432202]
[1.9841789, 0.90130055, 0.9772849, 0.10559345]
[1.867149, 0.8625312, 0.89351964, 0.11109819]
[1.8913722, 0.9071966, 0.87827003, 0.10590547]
[1.6532398, 0.82551706, 0.7274444, 0.10027835]
[1.6733533, 0.7000756, 0.8547267, 0.118551046]
[1.9226578, 1.0436891, 0.7682879, 0.11068083]
[1.8875333, 0.73503935, 1.0443826, 0.10811141]
[2.062902, 1.2155633, 0.7342471, 0.11309169]
[1.8569143, 0.87854844, 0.86437887, 0.11398702]
[1.6446139, 0.85894835, 0.67838204, 0.10728348]
[1.9008887, 0.9686067, 0.8238316, 0.10845037]
[1.8496985, 0.7434495, 0.9903591, 0.11588995]
[2.0867755, 1.0850337, 0.88763595, 0.114105895]
[1.9919364, 0.9610716, 0.92002386, 0.11084107]
[1.9337332, 0.99827504, 0.8330309, 0.102427185]
[1.847027, 0.97387093, 0.7736469, 0.09950912]
[2.031925, 0.9042533, 1.031848, 0.09582385]
[1.8062719, 0.9280723, 0.78921664, 0.0889829]
[1.9500158, 1.0169004, 0.8361106, 0.097004816]
[1.7661667, 0.81125474, 0.86125374, 0.09365819]
[1.9359738, 0.81660557, 1.0206454, 0.09872286]
[1.7583269, 0.78825593, 0.87333536, 0.09673558]
[1.7617196, 0.8266581, 0.83588076, 0.09918068]
[1.6849949, 0.8575152, 0.7251223, 0.10235733]
[1.8389908, 0.8156125, 0.90858567, 0.11479269]
[1.8752346, 1.0352491, 0.7336855, 0.10629998]
[1.88452, 0.925668, 0.8588884, 0.09996368]
[1.8543086, 0.8117662, 0.9275532, 0.114989236]
[1.920052, 0.88602024, 0.92189074, 0.11214117]
[1.8185288, 0.768127, 0.9414845, 0.10891728]
[1.8096974, 0.8344568, 0.8804046, 0.094836056]
[2.0286164, 0.9841159, 0.9376596, 0.10684075]
[1.7673062, 0.7035081, 0.9750764, 0.088721804]
[1.9297104, 0.8696499, 0.95077187, 0.10928865]
[1.7968775, 0.76906395, 0.9144539, 0.11335956]
[1.7092551, 0.77783275, 0.82090205, 0.110520296]
[1.7381692, 0.6707146, 0.94808793, 0.11936669]
[1.8731841, 0.8525764, 0.90988696, 0.11072071]
[1.8072621, 0.65459096, 1.0380524, 0.1146187]
[1.7180724, 0.82985485, 0.77947307, 0.108744554]
[2.0150177, 1.0068994, 0.8912995, 0.11681898]
[1.8634237, 0.764797, 0.9918581, 0.10676865]
[1.8435853, 0.674176, 1.0552746, 0.11413473]
[1.9939892, 1.3046733, 0.57698286, 0.11233301]
[1.9340404, 0.8095685, 1.0227113, 0.101760596]
[1.8584154, 0.88767856, 0.8639276, 0.10680909]
[1.9122262, 1.1058725, 0.70267665, 0.103677005]
[1.8801967, 0.8789185, 0.9141927, 0.08708549]
[1.723785, 0.8534333, 0.7674215, 0.10293023]
[1.9259374, 1.0530026, 0.7740183, 0.09891653]
[2.008056, 0.8781745, 1.0276654, 0.102216035]
[1.873247, 0.8706739, 0.90913224, 0.09344091]
[1.7305269, 0.8160596, 0.8181071, 0.09636016]
[1.5542191, 0.7359825, 0.71675074, 0.101485886]
[1.8584478, 1.0147902, 0.7311357, 0.11252189]
[2.0833764, 0.8310314, 1.1505449, 0.10180017]
[1.9026068, 1.0315695, 0.7729833, 0.09805405]
[1.8717856, 0.9142518, 0.85229343, 0.10524029]
[1.9579515, 1.0440791, 0.8132875, 0.100584954]
[1.7293261, 0.6530868, 0.97254705, 0.10369232]
[1.8913747, 0.957271, 0.8267598, 0.10734388]
[1.717574, 0.805167, 0.8139703, 0.09843676]
[1.8314724, 0.8649682, 0.8604285, 0.10607579]
[2.0026305, 0.90563947, 0.99787617, 0.09911492]
[1.8548272, 0.9363725, 0.81188357, 0.10657109]
[1.9547634, 0.793385, 1.0611727, 0.1002056]
[1.8635552, 0.82593405, 0.9444003, 0.093220875]
[1.8022335, 0.7463294, 0.9619746, 0.09392947]
[1.6578537, 0.72455066, 0.83376706, 0.09953607]
[1.9113106, 0.8520564, 0.9655762, 0.09367797]
[1.8755474, 0.89691055, 0.8802128, 0.098424055]
[1.8219703, 0.9648889, 0.7545149, 0.10256664]
[1.9801952, 0.79395914, 1.0859168, 0.10031925]
[1.8852512, 0.8988277, 0.8897451, 0.096678376]
[1.9543785, 1.0207005, 0.8218148, 0.11186321]
[1.8159213, 0.73206496, 0.9820297, 0.10182668]
[1.9714574, 1.1122017, 0.75932086, 0.09993477]
[1.9090911, 0.91892135, 0.89100915, 0.0991606]
[1.8474907, 1.0938997, 0.66398823, 0.08960272]
[1.8893782, 0.8884563, 0.9094735, 0.091448426]
[1.8629115, 0.9856895, 0.77403945, 0.103182554]
[1.8055695, 0.838155, 0.87379104, 0.093623556]
[1.7575315, 0.77620393, 0.88403785, 0.0972897]
[1.738025, 0.75549763, 0.8845764, 0.09795089]
[1.6625831, 0.83935237, 0.7159225, 0.10730825]
[1.9200692, 0.8646686, 0.93908274, 0.11631781]
[2.0732908, 0.8293104, 1.1305708, 0.11340975]
[1.7717572, 0.7819164, 0.87526786, 0.11457297]
[1.6479188, 0.7669617, 0.7838392, 0.0971179]
[1.795449, 0.9196305, 0.76016796, 0.115650564]
[1.7098, 0.72429895, 0.87187874, 0.11362231]
[1.6683968, 0.7105003, 0.8349985, 0.12289794]
[1.9925157, 1.0330956, 0.82520044, 0.13421965]
[1.7303622, 0.7407523, 0.8633783, 0.12623161]
[1.9145709, 0.9227544, 0.864904, 0.12691247]
[1.9196572, 1.0975074, 0.7099586, 0.112191156]
[1.7253423, 0.6556765, 0.9540086, 0.115657225]
[1.9172833, 0.99776536, 0.78837734, 0.13114053]
[1.8835303, 0.9320854, 0.8231877, 0.12825713]
[1.8645945, 0.90720284, 0.82738435, 0.1300072]
[1.7533753, 0.7732691, 0.8639557, 0.11615053]
[1.8241378, 0.8996779, 0.80000895, 0.12445101]
[2.01935, 0.94357157, 0.9486793, 0.12709928]
[1.7534404, 1.0001712, 0.6361102, 0.117158964]
[1.7993982, 0.83838093, 0.84182453, 0.11919272]
[1.9735365, 0.8960619, 0.94621396, 0.13126065]
[1.8461611, 1.0170178, 0.72225404, 0.10688929]
[1.9489076, 0.88998914, 0.94749975, 0.111418754]
[1.6211833, 0.78107953, 0.7380929, 0.10201082]
[1.7953916, 0.9447311, 0.7151973, 0.13546306]
[1.9654611, 0.8923595, 0.9484982, 0.12460336]
[1.8678391, 0.8354003, 0.91565895, 0.116779834]
[1.8561101, 0.9146098, 0.8196771, 0.12182325]
[1.7865938, 0.7323411, 0.93607616, 0.11817661]
[1.7625805, 0.8798557, 0.7608762, 0.12184873]
[1.7636893, 0.6403148, 0.99881136, 0.12456312]
[1.8614188, 0.9653326, 0.76346505, 0.13262117]
[1.8879434, 1.0398011, 0.72940516, 0.118737094]
[1.9365666, 0.8342664, 0.9854795, 0.11682068]
[1.9395008, 0.73449457, 1.0749453, 0.13006096]
[1.8749003, 0.7127265, 1.0421395, 0.1200343]
[1.9846059, 0.9762503, 0.9077513, 0.10060434]
[1.6838902, 0.7364663, 0.8366331, 0.110790856]
[1.9358069, 0.93655264, 0.88956165, 0.10969256]
[2.0145185, 1.042763, 0.86545235, 0.106303185]
[1.9150915, 0.90913904, 0.8956849, 0.11026761]
[2.0239148, 1.0245404, 0.89606917, 0.10330524]
[1.7333738, 0.64737594, 0.97440493, 0.11159289]
[1.988004, 0.9571887, 0.9275914, 0.103223845]
[1.8296702, 0.8270941, 0.91156477, 0.091011345]
[1.8288637, 0.8386624, 0.9006891, 0.089512244]
[1.748747, 0.90742034, 0.73922336, 0.102103345]
[1.8781449, 1.2156706, 0.56238276, 0.10009155]
[1.991803, 0.8657483, 1.0365616, 0.08949319]
[1.8356166, 0.93213093, 0.8013921, 0.10209353]
[1.953882, 0.8678528, 0.988122, 0.09790716]
[1.7963644, 0.819715, 0.87640405, 0.10024536]
[1.7862463, 0.97003555, 0.72262806, 0.09358268]
[1.9126978, 1.0023663, 0.81713045, 0.09320098]
[1.880396, 0.856985, 0.9327555, 0.09065557]
[1.8586282, 0.9025365, 0.8558878, 0.100203864]
[1.80901, 0.9175689, 0.7906573, 0.10078381]
[1.8009753, 0.92812836, 0.7725994, 0.100247644]
[1.7085972, 0.7094525, 0.9063985, 0.09274626]
[1.8431083, 0.829287, 0.909229, 0.10459234]
[1.7885416, 1.0193481, 0.66355664, 0.10563685]
[1.8764389, 0.8795924, 0.8893044, 0.10754201]
[1.837644, 0.90095854, 0.8332891, 0.103396244]
[1.8142409, 0.81669587, 0.87477016, 0.122774795]
[1.7301747, 0.8791096, 0.7471411, 0.10392387]
[2.0020978, 0.991982, 0.90022635, 0.10988957]
[1.7193443, 0.7974036, 0.8071922, 0.11474848]
[2.0349224, 0.9069117, 1.0197532, 0.10825759]
[1.6832113, 0.7892473, 0.78660226, 0.1073618]
[1.8689076, 0.76978153, 0.9781601, 0.12096596]
[1.893273, 0.82810247, 0.95347846, 0.111692086]
[1.7522051, 1.0572448, 0.5878607, 0.10709963]
[1.9155239, 0.63835156, 1.163283, 0.11388935]
[1.5636712, 0.74136245, 0.7118663, 0.11044257]
[1.8057389, 0.9965205, 0.6873567, 0.121861696]
[1.7710315, 0.7123567, 0.9466911, 0.11198367]
[2.0378368, 1.0866454, 0.8428415, 0.10834994]
[1.8760067, 0.9604859, 0.8075228, 0.10799801]
[1.8375939, 0.7388202, 0.9867313, 0.11204241]
[1.7224193, 0.79510427, 0.802635, 0.1246801]
[1.6373307, 0.74669516, 0.76504946, 0.12558603]
[1.8696595, 0.96388334, 0.7883059, 0.1174704]
[1.887921, 0.79334074, 0.9733372, 0.12124312]
[1.9074378, 0.9129652, 0.8838072, 0.11066541]
[1.7663316, 0.789645, 0.8685826, 0.10810387]
[1.9178035, 0.9059925, 0.8952508, 0.116560206]
[1.8584402, 0.95378196, 0.78398085, 0.12067736]
[2.054229, 1.0055138, 0.940033, 0.108682044]
[1.783656, 0.7990824, 0.8783704, 0.106203176]
[1.7976809, 0.9911535, 0.69083375, 0.11569354]
[1.7964878, 0.618447, 1.0676672, 0.11037351]
[1.8976524, 0.8840527, 0.9071134, 0.10648638]
[1.8740246, 0.85419726, 0.9076116, 0.11221573]
[1.9233803, 0.83463293, 0.98154753, 0.10719979]
[1.8116384, 0.8588434, 0.84810317, 0.10469173]
[1.8432103, 0.71200967, 1.0192984, 0.11190228]
[1.7451847, 0.9712794, 0.6546417, 0.11926365]
[1.823173, 0.8493888, 0.8604242, 0.113360025]
[1.7820435, 0.8105834, 0.85519266, 0.116267495]
[1.8726045, 0.75057054, 1.0143383, 0.10769569]
[1.6951131, 0.7655889, 0.81765234, 0.11187182]
[1.9416957, 0.86657244, 0.94606435, 0.12905885]
[1.7427149, 0.8973929, 0.7226443, 0.12267751]
[1.7901441, 0.7515292, 0.9107821, 0.12783276]
[2.0437875, 1.1648227, 0.7474275, 0.13153714]
[1.9284586, 0.7649257, 1.0452859, 0.1182469]
[1.8387195, 0.9637024, 0.76197684, 0.11304028]
[1.8879223, 0.7462574, 1.0294995, 0.11216529]
[1.7747577, 0.84582376, 0.8180705, 0.11086361]
[1.733577, 0.9100813, 0.7051736, 0.118322104]
[1.6716464, 0.7133104, 0.84051955, 0.11781649]
[1.94868, 0.99501765, 0.8252163, 0.12844613]
[2.0614133, 1.08899, 0.85930514, 0.11311822]
[2.0457168, 0.870661, 1.0681407, 0.1069149]
[1.8534726, 0.97987986, 0.7697951, 0.103797525]
[1.8964921, 0.8366574, 0.95912987, 0.10070479]
[1.8187217, 0.95494616, 0.75355226, 0.11022315]
[1.6536266, 0.67844236, 0.8718668, 0.103317335]
[1.526261, 0.7227523, 0.6905961, 0.11291252]
[1.9345762, 0.806668, 1.0135312, 0.11437691]
[1.9300009, 1.0415884, 0.77058643, 0.117826104]
[1.9043748, 0.72574556, 1.0670145, 0.11161481]
[1.840248, 1.0153666, 0.7155478, 0.10933362]
[1.8276998, 0.8381909, 0.88139427, 0.108114555]
[2.0804284, 0.7766603, 1.190219, 0.113549106]
[1.7962509, 1.0009172, 0.7001452, 0.095188454]
[1.9686335, 1.0227343, 0.8394085, 0.106490694]
[1.7675674, 0.94912934, 0.711619, 0.10681902]
[1.7774614, 0.8812741, 0.7921059, 0.10408143]
[2.0077288, 0.9143915, 0.99288166, 0.10045559]
[1.7393059, 0.9699757, 0.66064996, 0.10868014]
[1.9043794, 0.9536889, 0.8394546, 0.11123592]
[1.8229556, 1.0446173, 0.66405815, 0.1142802]
[1.7351347, 0.8098981, 0.8221643, 0.103072315]
[1.6507132, 0.75113475, 0.7937099, 0.10586857]
[2.0504367, 1.1224045, 0.81692064, 0.111111574]
[1.821383, 0.797961, 0.90923303, 0.114188924]
[1.8578124, 0.84553176, 0.89570105, 0.11657957]
[1.736525, 0.86887646, 0.75389373, 0.11375487]
[1.9404869, 0.79962194, 1.0221751, 0.11868984]
[2.1398766, 1.1040151, 0.9291576, 0.10670393]
[1.8208153, 0.8153336, 0.8933895, 0.112092294]
[1.7786846, 1.0436537, 0.6304145, 0.104616426]
[1.8451843, 0.7596712, 0.97990626, 0.10560681]
[1.8589356, 0.7626226, 0.98253924, 0.11377386]
[1.9943845, 1.0978009, 0.787406, 0.10917753]
[1.8512666, 0.806036, 0.94760525, 0.097625345]
[1.7989111, 0.85073113, 0.8593575, 0.088822514]
[1.7432735, 0.80204755, 0.84602684, 0.0951991]
[1.615607, 0.7998231, 0.71072304, 0.105060816]
[1.6732244, 0.78542835, 0.7802878, 0.10750825]
[1.80392, 0.9382583, 0.75153315, 0.11412861]
[1.8765459, 0.80214745, 0.9557082, 0.11869019]
[1.8292991, 0.68535054, 1.0280799, 0.11586872]
[2.03744, 1.2746278, 0.6454613, 0.117350996]
[1.91154, 0.6598675, 1.1590655, 0.09260705]
[2.0621178, 0.8097991, 1.1523759, 0.09994273]
[1.9586929, 1.0185773, 0.8351493, 0.10496633]
[1.7416941, 0.88688797, 0.76206577, 0.09274047]
[1.7685429, 0.7730336, 0.8881359, 0.107373305]
[1.8154563, 0.93432474, 0.7684548, 0.112676725]
[1.890405, 0.91483635, 0.8623853, 0.11318333]
[1.8742534, 0.8808716, 0.8858285, 0.10755332]
[1.7252877, 0.7719821, 0.8518789, 0.10142673]
[1.8479488, 1.0310587, 0.7059626, 0.11092761]
[2.0128405, 0.65748304, 1.2605422, 0.09481527]
[1.9970618, 1.1338465, 0.7534955, 0.109719925]
[1.861547, 1.0870165, 0.6790197, 0.09551084]
[2.0756793, 0.9242037, 1.0438745, 0.10760123]
[1.7875102, 0.71944225, 0.9767053, 0.091362566]
[1.9633076, 0.9550951, 0.9149571, 0.093255386]
[1.7122929, 0.7401868, 0.8699149, 0.10219123]
[1.756957, 0.7456777, 0.92243767, 0.08884173]
[1.8981836, 1.0137689, 0.7860539, 0.09836082]
[1.8757095, 0.9187592, 0.85554576, 0.101404496]
[1.9197614, 0.955668, 0.8688333, 0.09526011]
[1.9118645, 0.8157387, 0.99492645, 0.10119945]
[1.9567358, 0.84861624, 1.0065758, 0.10154383]
[1.757333, 0.9221839, 0.74445695, 0.09069225]
[1.800381, 0.85631084, 0.85557157, 0.08849857]
[1.8455651, 0.88137794, 0.8654226, 0.09876452]
[1.7633188, 0.878396, 0.7889491, 0.09597378]
[1.890807, 0.927202, 0.8560893, 0.10751566]
[1.8679482, 0.83735573, 0.92788225, 0.10271016]
[1.8807167, 0.9185959, 0.860763, 0.10135784]
[1.9155937, 1.0527622, 0.7690791, 0.09375249]
[1.6277137, 0.6169808, 0.90871084, 0.10202201]
[1.9144884, 0.8889055, 0.9310268, 0.09455612]
[1.9527346, 0.9847405, 0.8713229, 0.096671194]
[1.8750978, 0.9478018, 0.8202209, 0.107074946]
[1.9623717, 0.8398703, 1.0188094, 0.103691936]
[1.7981768, 0.9121921, 0.7826306, 0.10335393]
[1.9636357, 1.0627518, 0.80376923, 0.09711468]
[1.8221877, 0.8480931, 0.876753, 0.09734154]
[1.7959104, 0.7515711, 0.94364214, 0.10069701]
[1.8262666, 0.8382491, 0.8787462, 0.10927145]
[1.896083, 0.9535785, 0.8385477, 0.10395677]
[1.9028027, 0.8957383, 0.90935695, 0.09770751]
[1.8874066, 0.91892445, 0.86305416, 0.10542803]
[2.0155299, 0.93286467, 0.9825285, 0.10013668]
[1.753847, 0.69432944, 0.9578556, 0.10166209]
[1.8389809, 0.90173614, 0.83170855, 0.10553624]
[1.5874279, 0.8813295, 0.6121478, 0.09395048]
[1.8082465, 0.6472374, 1.0545707, 0.10643843]
[1.8658664, 0.76599985, 1.0020881, 0.09777856]
[1.822571, 0.9144843, 0.7974356, 0.11065109]
[1.8234715, 0.8294721, 0.8879502, 0.106049314]
[1.8446987, 0.86325985, 0.879398, 0.10204072]
[1.8698685, 1.0592303, 0.689798, 0.12084016]
[1.8244983, 0.6940924, 1.0142577, 0.11614823]
[1.7923911, 1.0095599, 0.67646563, 0.1063655]
[1.840103, 0.8318798, 0.90018356, 0.10803977]
[1.9569684, 0.8702695, 0.9788114, 0.107887626]
[1.9585072, 0.9235089, 0.9159894, 0.11900887]
[1.9835172, 0.8209703, 1.0527351, 0.10981177]
[1.7435347, 0.8846637, 0.7479191, 0.11095193]
[1.7544813, 0.8668287, 0.7807739, 0.10687873]
[2.1299572, 0.9580686, 1.066935, 0.10495372]
[1.8999226, 0.87069917, 0.9289309, 0.100292616]
[1.8711271, 0.9085549, 0.86096394, 0.101608336]
[1.8603009, 0.8553699, 0.90749025, 0.09744069]
[1.7433511, 0.75537765, 0.87521225, 0.112761185]
[1.7505243, 0.83841133, 0.7982912, 0.11382176]
[1.8620728, 0.7793275, 0.9704733, 0.112272024]
[1.5955417, 0.65806043, 0.8252251, 0.11225613]
[1.8801818, 0.7907547, 0.9768326, 0.11259448]
[2.0147407, 0.93109566, 0.9707189, 0.11292611]
[1.9317867, 0.9299104, 0.8878979, 0.113978274]
[1.7880226, 0.76244396, 0.91830564, 0.10727297]
[1.8955197, 0.74244076, 1.038453, 0.11462591]
[1.7957447, 0.88339275, 0.79529047, 0.11706142]
[1.6592393, 0.94121826, 0.59553117, 0.122489884]
[1.8492339, 0.8668436, 0.86910546, 0.11328487]
[1.8377595, 0.76944864, 0.9528457, 0.115465164]
[1.7712952, 0.8888572, 0.7759092, 0.10652884]
[1.9839906, 0.9648878, 0.9047974, 0.11430533]
[2.012005, 0.82753795, 1.0728952, 0.11157198]
[1.8148643, 0.64219207, 1.06403, 0.108642235]
[1.9631219, 1.0855477, 0.7637185, 0.11385578]
[1.848913, 1.1225102, 0.6310151, 0.095387705]
[1.607058, 0.7103983, 0.79215413, 0.10450554]
[1.9323066, 1.0253148, 0.80697566, 0.10001625]
[1.809847, 0.9535325, 0.75179386, 0.10452069]
[1.8489814, 0.7079752, 1.0344787, 0.10652756]
[1.8399636, 1.0493779, 0.68885714, 0.10172859]
[1.8631849, 0.91575605, 0.83279014, 0.11463876]
[1.9052873, 0.9503047, 0.84971625, 0.105266355]
[2.07482, 1.0019141, 0.9779318, 0.0949741]
[1.7068506, 0.81393594, 0.7891785, 0.10373627]
[1.755408, 1.0003963, 0.6407119, 0.11429984]
[1.8451868, 0.7364372, 1.0096982, 0.09905142]
[1.6984811, 0.8756739, 0.72021556, 0.10259166]
[1.8597518, 0.96200323, 0.7960042, 0.101744406]
[1.8605363, 0.84780824, 0.9125547, 0.10017346]
[1.8326924, 0.8989817, 0.8300539, 0.103656806]
[2.016333, 0.9164015, 0.9905807, 0.10935095]
[1.7528207, 0.8914186, 0.75765073, 0.10375143]
[1.7487912, 0.78114545, 0.8571389, 0.11050683]
[1.8335025, 0.91023433, 0.80995697, 0.11331127]
[1.821305, 0.92014205, 0.78878736, 0.11237562]
[1.784771, 0.7044854, 0.97953504, 0.10075045]
[1.9407312, 1.0247614, 0.79942334, 0.11654641]
[1.8224496, 0.9614232, 0.74091613, 0.12011011]
[1.9288124, 0.9160333, 0.9098177, 0.10296138]
[1.6305915, 0.71800685, 0.80315197, 0.1094327]
[1.9662209, 0.91393286, 0.93676144, 0.11552659]
[1.7290167, 0.8473691, 0.7778238, 0.103823766]
[2.064468, 0.8912077, 1.0595354, 0.11372494]
[1.8079224, 0.6681322, 1.0176177, 0.12217249]
[1.8440377, 0.9768939, 0.7548518, 0.11229194]
[1.8283254, 0.98442155, 0.7353725, 0.108531356]
[1.7875061, 0.613072, 1.066467, 0.10796711]
[1.8015773, 0.9330622, 0.7506135, 0.117901534]
[1.7153908, 0.67051744, 0.9283641, 0.11650935]
[1.9544702, 0.94497377, 0.8962912, 0.113205135]
[1.7657593, 0.8814764, 0.78299975, 0.101283215]
[2.016702, 0.89923126, 0.9915435, 0.1259273]
[1.8095458, 1.1274971, 0.5603839, 0.12166472]
[1.6182318, 0.68031454, 0.8234104, 0.114506856]
[1.8279439, 0.98864543, 0.7259755, 0.11332294]
[2.0111134, 0.85653484, 1.0350459, 0.1195327]
[1.9087446, 0.9713265, 0.8221277, 0.1152904]
[1.9495382, 0.9081407, 0.93119645, 0.110201076]
[1.9406679, 0.73178995, 1.090363, 0.11851494]
[1.7214434, 0.822333, 0.78437984, 0.11473064]
[1.8824077, 0.8872181, 0.8839328, 0.11125675]
[1.9100378, 0.79634416, 0.9938777, 0.11981578]
[1.8855548, 0.9426879, 0.8453869, 0.09747993]
[2.1404505, 1.1255248, 0.9041326, 0.11079304]
[1.7918022, 0.84320605, 0.8431483, 0.10544777]
[1.914759, 0.9853748, 0.824678, 0.10470622]
[1.957784, 0.8816228, 0.9655223, 0.11063893]
[1.7723821, 0.83306223, 0.83895755, 0.10036242]
[1.8462846, 1.0091617, 0.72891545, 0.108207405]
[1.8944829, 0.8452837, 0.9532701, 0.09592917]
[1.8813214, 0.8921987, 0.88982236, 0.09930038]
[1.9156224, 0.8802289, 0.9334552, 0.10193822]
[2.0329409, 0.986667, 0.94751865, 0.09875515]
[1.7678756, 0.8210164, 0.8505247, 0.0963345]
[1.8653041, 0.9208196, 0.8489181, 0.095566414]
[1.8482813, 0.8493678, 0.8956108, 0.10330261]
[1.7814816, 0.77466553, 0.9049505, 0.101865694]
[1.7243173, 0.79486877, 0.83429915, 0.095149435]
[1.8676945, 0.8808626, 0.8839512, 0.10288068]
[1.6092248, 0.70188963, 0.8080519, 0.09928325]
[1.8207606, 0.90661794, 0.7953247, 0.118817925]
[1.7677044, 0.80778754, 0.84935606, 0.110560775]
[1.8346289, 0.7522944, 0.9618027, 0.12053183]
[1.7104125, 0.81224656, 0.78204846, 0.116117515]
[1.7877501, 0.8514737, 0.82991815, 0.106358245]
[1.7702355, 0.6818234, 0.9713771, 0.117035195]
[1.7469741, 0.9587096, 0.6659931, 0.1222714]
[1.856867, 0.9365256, 0.8032013, 0.11714007]
[1.7004409, 0.5671633, 1.0176322, 0.115645416]
[1.649261, 0.7427171, 0.77606595, 0.13047785]
[1.895512, 0.8034965, 0.9504648, 0.14155069]
[1.933511, 1.1524299, 0.66012824, 0.1209528]
[1.8197447, 0.72979635, 0.9730398, 0.116908595]
[1.7623994, 0.815853, 0.8275609, 0.11898552]
[1.9612228, 0.965526, 0.8770245, 0.11867224]
[1.8030939, 0.6869838, 1.0079134, 0.10819677]
[1.8698238, 1.0777928, 0.6775889, 0.11444226]
[1.6665692, 0.67773706, 0.8720542, 0.11677791]
[1.9487098, 0.8546314, 0.9829456, 0.11113278]
[1.8968526, 1.0829977, 0.6966263, 0.117228664]
[1.7186453, 0.6923766, 0.9083056, 0.117963016]
[1.7539874, 0.8078259, 0.82899797, 0.11716358]
[1.9046725, 0.9627864, 0.8153452, 0.12654085]
[1.9295666, 0.9122432, 0.8952087, 0.12211464]
[1.7805196, 0.8717835, 0.79442513, 0.114311025]
[2.0421305, 0.8875133, 1.0383419, 0.116275355]
[1.7076954, 0.7705105, 0.8324583, 0.1047265]
[1.9760476, 1.027053, 0.83736986, 0.11162488]
[1.8826661, 0.9044711, 0.8670438, 0.11115127]
[1.8920457, 1.0101953, 0.76268756, 0.119162954]
[1.7700356, 0.701315, 0.9493706, 0.11935011]
[2.0403306, 1.0454783, 0.880575, 0.114277415]
[1.9169385, 0.7531526, 1.0551579, 0.108628]
[1.7443728, 1.0797081, 0.5546759, 0.10998894]
[1.8039316, 0.7652572, 0.9200536, 0.11862077]
[1.7985792, 0.9293131, 0.7669678, 0.10229829]
[1.8786472, 0.9318853, 0.84122956, 0.10553227]
[1.9195259, 0.90693164, 0.90773517, 0.10485906]
[1.9110419, 0.9649067, 0.8475343, 0.09860088]
[1.904524, 0.849997, 0.95309556, 0.101431504]
[1.7470775, 0.80478215, 0.84116316, 0.10113211]
[1.8508389, 0.8959123, 0.8495376, 0.105388954]
[1.7399037, 0.7783499, 0.8621595, 0.09939435]
[1.8882755, 0.93280864, 0.84669197, 0.108774856]
[1.6874171, 0.82703495, 0.7522124, 0.1081698]
[1.7556521, 0.89695305, 0.74848115, 0.110217884]
[1.8561412, 0.6506888, 1.0948133, 0.110638954]
[1.8755343, 0.92759347, 0.8195094, 0.12843138]
[1.8180052, 0.7654797, 0.940533, 0.11199248]
[1.9253081, 0.9897895, 0.81868243, 0.116836175]
[1.9368246, 0.8064018, 1.0058641, 0.12455867]
[2.0290627, 0.9860059, 0.9134495, 0.12960728]
[1.85338, 0.83235466, 0.9038363, 0.11718889]
[1.636475, 0.77366614, 0.7632011, 0.09960772]
[1.9269518, 0.9570505, 0.8420488, 0.12785244]
[1.6320821, 0.7715498, 0.7448877, 0.1156446]
[1.758636, 0.8104152, 0.82679135, 0.1214295]
[1.6744325, 0.8905595, 0.66517514, 0.1186979]
[1.9105229, 0.8687686, 0.9193221, 0.1224322]
[1.6512659, 0.6714427, 0.860541, 0.11928221]
[1.7552378, 0.95487154, 0.6597788, 0.14058763]
[2.0021167, 0.9513185, 0.92314166, 0.12765652]
[1.8093785, 0.7978019, 0.89000857, 0.12156811]
[2.0506573, 0.94259036, 0.97934604, 0.12872085]
[1.9892132, 0.9658912, 0.90696794, 0.11635408]
[1.7284174, 0.82082367, 0.7931936, 0.114400186]
[1.7065061, 0.71118796, 0.8900771, 0.10524107]
[1.903501, 0.98533463, 0.80307776, 0.11508873]
[2.1165338, 1.1414218, 0.86372554, 0.11138636]
[1.7874418, 0.7581481, 0.920182, 0.10911174]
[1.8045142, 0.8365749, 0.8531426, 0.11479659]
[1.7633103, 0.78705454, 0.84885657, 0.12739924]
[1.9667528, 1.0591187, 0.7912826, 0.11635135]
[1.9085199, 0.82798386, 0.9734344, 0.10710156]
[1.9345573, 0.9088998, 0.9182955, 0.107362024]
[1.8533182, 0.8333265, 0.9073034, 0.11268831]
[1.8619404, 0.8624499, 0.8979341, 0.101556465]
[1.7556742, 0.7156737, 0.9201186, 0.11988201]
[1.8659062, 0.9207802, 0.8344376, 0.11068849]
[1.737548, 0.6340169, 0.9856405, 0.117890604]
[1.9554641, 1.0175302, 0.80983424, 0.12809964]
[2.0525463, 0.9489777, 0.9929446, 0.110624045]
[1.9006733, 0.947744, 0.8397397, 0.11318962]
[1.8805159, 0.8573416, 0.9093721, 0.11380234]
[1.8389331, 0.91292745, 0.81633145, 0.10967423]
[1.6645428, 0.83491963, 0.7265756, 0.103047505]
[1.8651487, 0.9707732, 0.78852975, 0.10584573]
[1.7571709, 0.88732004, 0.7564915, 0.11335942]
[2.0877407, 0.88609016, 1.0812569, 0.12039373]
[1.9756557, 0.9509795, 0.9157574, 0.10891874]
[1.9684194, 1.0102644, 0.86206937, 0.09608568]
[1.7811104, 0.7013794, 0.9770726, 0.102658436]
[2.0166852, 1.2628915, 0.6448097, 0.10898395]
[1.9484043, 0.836313, 1.0179338, 0.09415746]
[1.8216766, 1.0813794, 0.64642113, 0.09387602]
[1.8578331, 0.88666946, 0.87750113, 0.093662515]
[1.6003172, 0.7456056, 0.7613377, 0.09337407]
[1.6413989, 0.79926467, 0.74703026, 0.095104024]
[1.8337916, 0.95242, 0.7686589, 0.11271278]
[1.9593589, 1.1215322, 0.7285701, 0.10925658]
[1.8183305, 0.75325155, 0.9701263, 0.09495264]
[1.9469687, 0.8589365, 0.9758437, 0.11218849]
[1.8521752, 0.946823, 0.79672706, 0.10862519]
[1.9818864, 0.9719136, 0.90345967, 0.106513135]
[1.8132337, 0.9000385, 0.8160307, 0.09716449]
[1.873465, 0.9242469, 0.84430534, 0.10491267]
[2.0460367, 0.97861636, 0.95692724, 0.110493235]
[1.8291886, 0.7893797, 0.9366134, 0.103195444]
[1.9356275, 0.9106564, 0.9252503, 0.09972069]
[1.6383201, 0.8379697, 0.71753263, 0.0828177]
[1.8661405, 0.8800339, 0.8831779, 0.10292874]
[2.100599, 0.98548704, 1.0098143, 0.1052977]
[1.9306369, 0.8247323, 1.0096714, 0.09623316]
[2.1036096, 1.1349124, 0.86910677, 0.0995903]
[1.6656364, 0.68196577, 0.8988186, 0.0848521]
[1.7180952, 0.7991084, 0.82629347, 0.09269336]
[1.9407818, 0.8586161, 0.98367494, 0.0984907]
[2.0296316, 0.8130326, 1.1128633, 0.10373563]
[2.0442107, 0.91987574, 1.0281558, 0.09617919]
[1.8254597, 0.7986262, 0.9303631, 0.096470356]
[1.8539262, 0.9891169, 0.7813769, 0.08343245]
[1.9414212, 0.87187564, 0.97490466, 0.094640866]
[1.9727279, 0.8779713, 1.0031551, 0.09160154]
[1.997922, 0.9366349, 0.9773096, 0.08397748]
[1.7207164, 0.91157824, 0.7235896, 0.08554854]
[1.9565187, 0.97298044, 0.8934193, 0.090118855]
[1.8637068, 0.88476485, 0.8988158, 0.080126226]
[1.7518728, 0.7859639, 0.87297267, 0.092936315]
[1.9267457, 0.95140177, 0.88100314, 0.09434086]
[1.9734263, 0.9568079, 0.9366703, 0.07994817]
[1.7575562, 0.8313668, 0.83726525, 0.0889242]
[1.4692686, 0.57004607, 0.7985476, 0.10067485]
[1.9233057, 0.97318286, 0.84907997, 0.101043046]
[1.9171163, 0.8497156, 0.96624696, 0.101153746]
[1.8480873, 0.8583542, 0.8863075, 0.10342565]
[1.7627077, 0.9202772, 0.74505377, 0.097376876]
[1.5424001, 0.73067987, 0.69378424, 0.117936]
[1.7493409, 0.7250241, 0.91989845, 0.10441835]
[1.757478, 0.8469086, 0.79193676, 0.11863254]
[1.7413249, 0.8108658, 0.8161382, 0.114320934]
[1.929957, 0.8379877, 0.9642737, 0.12769568]
[1.8118147, 0.84911704, 0.8395321, 0.123165525]
[1.8209662, 0.8172289, 0.8872826, 0.11645478]
[1.848971, 0.9879612, 0.7437224, 0.11728756]
[1.7881662, 0.7626786, 0.92351204, 0.10197553]
[1.7768211, 0.9868324, 0.69149005, 0.09849864]
[2.0009382, 1.0441697, 0.8375651, 0.11920334]
[1.6865554, 0.7707636, 0.8067962, 0.108995706]
[1.898317, 0.9468029, 0.8355042, 0.11600987]
[2.0700278, 1.0167477, 0.93535614, 0.11792402]
[1.9486339, 0.9248109, 0.9095931, 0.114229925]
[1.8757918, 0.83692235, 0.92592895, 0.11294061]
[1.966391, 0.8834766, 0.97518075, 0.10773366]
[1.7479662, 0.74982774, 0.89054155, 0.107596904]
[1.8099854, 0.9230995, 0.7755562, 0.11132969]
[1.9257237, 0.9785758, 0.83476555, 0.11238227]
[1.7507464, 0.7233479, 0.9120621, 0.115336254]
[1.8596191, 0.8345587, 0.9229208, 0.10213962]
[1.933257, 0.9647823, 0.8630544, 0.105420224]
[1.7228719, 0.6870547, 0.9247868, 0.11103042]
[1.9570446, 1.0133536, 0.8341738, 0.10951717]
[1.8572024, 0.9065007, 0.8422315, 0.108470224]
[1.9118426, 1.0683683, 0.726387, 0.11708723]
[1.829041, 0.7822648, 0.92644143, 0.120334744]
[1.986724, 0.8518311, 1.0155529, 0.119340114]
[1.7770333, 0.87327087, 0.79492843, 0.108834]
[2.0746121, 1.0302765, 0.93643206, 0.10790337]
[2.044483, 0.89825463, 1.0451183, 0.10111]
[1.876403, 0.991107, 0.7819926, 0.10330329]
[2.071452, 1.0509716, 0.91941166, 0.101068646]
[1.8472428, 0.9110428, 0.844414, 0.09178603]
[1.8963699, 0.8794246, 0.9256948, 0.091250494]
[1.9989662, 0.9517506, 0.95142657, 0.09578913]
[2.0245717, 0.9608865, 0.9734004, 0.0902849]
[1.8975258, 0.85109735, 0.95446503, 0.09196336]
[1.8177078, 0.93695635, 0.8049689, 0.07578255]
[1.8915513, 0.85438263, 0.94528836, 0.09188026]
[1.799566, 0.92716265, 0.7788912, 0.093512215]
[1.9887564, 0.9025815, 0.99507284, 0.09110217]
[2.0208857, 0.919178, 1.0101564, 0.091551214]
[1.8834251, 0.9470974, 0.8467922, 0.08953553]
[1.8629686, 0.91781545, 0.8537072, 0.09144595]
[1.8473305, 0.97604203, 0.7810849, 0.09020354]
[1.9257556, 0.97133994, 0.867193, 0.08722266]
[1.7539307, 0.9661906, 0.70359874, 0.08414142]
[1.9575019, 0.70446503, 1.1598608, 0.09317595]
[1.931686, 0.9948875, 0.85485697, 0.081941634]
[1.8554982, 0.9350499, 0.82627606, 0.094172195]
[1.7846239, 0.8291462, 0.8650775, 0.09040016]
[1.9499125, 0.9734219, 0.88681453, 0.08967615]
[1.8139316, 0.75534594, 0.975433, 0.0831527]
[1.7440284, 0.7398156, 0.9167318, 0.08748111]
[1.7660824, 0.8028202, 0.8679375, 0.095324606]
[1.8778766, 0.8745793, 0.9034313, 0.099866025]
[1.943302, 0.9285835, 0.91798306, 0.09673549]
[1.7816317, 0.8687258, 0.8158353, 0.09707065]
[1.818378, 0.8058574, 0.9169375, 0.09558313]
[1.7376354, 0.9056497, 0.7305851, 0.10140066]
[2.0470028, 0.80422103, 1.1350359, 0.10774581]
[1.7996051, 0.84106445, 0.8615142, 0.097026415]
[1.9900179, 1.1594262, 0.726704, 0.10388769]
[1.9023864, 0.73677295, 1.0653253, 0.10028821]
[1.7490736, 0.9640439, 0.6888864, 0.09614335]
[2.0909534, 1.0224785, 0.9755737, 0.0929012]
[1.8440709, 0.8335221, 0.9283799, 0.08216888]
[1.9487057, 1.1291635, 0.7359658, 0.0835765]
[1.7320865, 0.9436176, 0.7031889, 0.085280076]
[2.0034459, 0.9034569, 1.0133567, 0.08663231]
[2.047423, 0.98261803, 0.9739802, 0.0908245]
[1.9515958, 1.1212084, 0.7535516, 0.07683581]
[1.944449, 0.92571443, 0.9365546, 0.08217995]
[1.8200599, 0.88080466, 0.8607377, 0.07851751]
[1.930091, 0.88235533, 0.96273136, 0.08500434]
[1.9242998, 1.0082135, 0.83130956, 0.08477671]
[1.8889452, 0.93620807, 0.8702487, 0.08248842]
[1.9627638, 0.9443438, 0.94569993, 0.07272005]
[1.9328079, 0.9469153, 0.91431093, 0.07158166]
[1.9162513, 0.7582469, 1.0858455, 0.07215898]
[1.8843975, 0.89928883, 0.9075985, 0.077510156]
[1.7519786, 0.79761165, 0.8749231, 0.07944392]
[1.9584988, 0.9616246, 0.9148967, 0.08197753]
[1.9699308, 0.9560375, 0.93854743, 0.075345874]
[1.8011478, 0.92215973, 0.80805135, 0.07093681]
[1.7517987, 0.84568214, 0.82004035, 0.08607631]
[1.7411466, 0.7807787, 0.87771857, 0.08264917]
[1.8759942, 0.8688619, 0.92274714, 0.084385194]
[1.7980552, 0.9570353, 0.7385142, 0.10250571]
[1.9078289, 0.92013144, 0.89992523, 0.08777228]
[1.8784399, 0.7480581, 1.0357516, 0.0946302]
[1.7116871, 0.7854699, 0.828389, 0.0978282]
[2.0400782, 1.1218482, 0.81873465, 0.09949532]
[1.8674276, 0.82413685, 0.96192443, 0.08136631]
[1.807486, 0.7327262, 0.97832215, 0.0964377]
[1.9243411, 0.8537698, 0.9708301, 0.0997412]
[1.8732848, 0.88539636, 0.89514124, 0.09274727]
[1.7688053, 0.6772195, 0.98722935, 0.10435642]
[1.9019039, 0.98325336, 0.8316443, 0.0870062]
[1.8438066, 0.8377695, 0.91577756, 0.09025956]
[1.7567875, 0.80894804, 0.8527343, 0.09510518]
[1.8709719, 0.780486, 0.99837005, 0.09211588]
[1.9721762, 0.95400643, 0.9227973, 0.09537241]
[1.8109272, 0.82357323, 0.89899325, 0.08836063]
[1.9320642, 1.0139625, 0.82242495, 0.09567683]
[1.7268829, 1.0336373, 0.60144985, 0.09179574]
[1.9168519, 0.8539157, 0.96804714, 0.094889045]
[1.6868151, 0.8433531, 0.73879695, 0.10466516]
[1.8484269, 0.70809007, 1.0281527, 0.11218421]
[1.7618332, 0.95863295, 0.7029678, 0.10023236]
[1.8634992, 0.80855876, 0.95390594, 0.10103445]
[1.7962022, 0.75883806, 0.93682635, 0.10053776]
[1.786823, 0.8357751, 0.83240277, 0.1186452]
[1.8043405, 0.76422143, 0.9297536, 0.110365465]
[1.9716043, 0.8749442, 0.9658681, 0.13079202]
[1.9698777, 0.9276922, 0.9463686, 0.09581699]
[1.8677341, 0.9015976, 0.8709618, 0.095174626]
[1.7363408, 0.71095943, 0.9098187, 0.11556263]
[2.0432281, 0.97809374, 0.95911735, 0.10601709]
[1.754858, 0.71596575, 0.9268556, 0.112036675]
[1.7228129, 0.880782, 0.7324873, 0.10954352]
[1.9475567, 0.8589345, 0.9815647, 0.10705753]
[1.7843299, 0.7880566, 0.8884344, 0.10783881]
[1.8117095, 0.9534791, 0.74517643, 0.11305395]
[1.8057935, 0.7451394, 0.9368218, 0.12383217]
[1.7673079, 0.82912254, 0.8072487, 0.1309366]
[1.6896396, 0.8928539, 0.6762526, 0.12053296]
[1.8535905, 0.85531473, 0.8759516, 0.12232429]
[1.8285203, 0.8673429, 0.84179294, 0.11938454]
[2.0311606, 0.91166496, 1.0029944, 0.116501264]
[1.8253738, 0.91290164, 0.79843456, 0.11403762]
[1.81922, 0.86339295, 0.84782404, 0.10800299]
[2.159429, 0.9801023, 1.06447, 0.11485665]
[1.8309115, 0.81155014, 0.9004017, 0.11895972]
[1.9748673, 0.9700006, 0.90054846, 0.10431824]
[1.6825477, 0.7705725, 0.80455804, 0.10741725]
[1.8846503, 0.9776901, 0.8053132, 0.101647004]
[1.9400227, 0.95111585, 0.8786231, 0.11028368]
[1.7671404, 0.7514378, 0.9152353, 0.100467354]
[1.8422277, 0.7761151, 0.9716991, 0.09441355]
[2.0943427, 1.0670987, 0.9158739, 0.11137019]
[2.0034902, 0.80619484, 1.1003003, 0.096995115]
[1.8301697, 0.9103554, 0.8236091, 0.096205294]
[1.9355013, 0.71605945, 1.1223223, 0.09711958]
[1.930462, 0.91640854, 0.9139182, 0.10013521]
[1.8420154, 0.89998984, 0.8475821, 0.094443455]
[1.9617232, 0.98982376, 0.8779107, 0.093988776]
[1.9643093, 0.82390237, 1.0511305, 0.08927648]
[2.033784, 1.0922501, 0.8442884, 0.09724547]
[2.0011141, 0.9487251, 0.97304046, 0.07934851]
[1.6745211, 0.8369607, 0.75465834, 0.08290209]
[1.9523286, 0.85394704, 1.0114911, 0.08689043]
[1.980004, 1.1726894, 0.7160778, 0.09123666]
[1.6804289, 0.70502734, 0.8985448, 0.076856725]
[1.9655293, 1.0272158, 0.8399149, 0.098398544]
[1.5834965, 0.7248279, 0.7727871, 0.0858815]
[1.9199584, 0.7721337, 1.0501595, 0.09766513]
[1.702691, 0.6445985, 0.97676367, 0.081328765]
[1.7842191, 0.8156074, 0.86559993, 0.10301173]
[1.929161, 0.99331516, 0.8290665, 0.10677926]
[1.7522062, 0.70371354, 0.9515718, 0.09692083]
[2.0036077, 1.1214478, 0.77843267, 0.10372737]
[1.8507024, 0.8614358, 0.89270884, 0.09655775]
[1.9509081, 0.9692887, 0.8840312, 0.09758813]
[2.105566, 1.1476102, 0.85629845, 0.10165739]
[1.7864964, 0.7781435, 0.9239926, 0.0843604]
[1.9474233, 0.9320874, 0.9284109, 0.08692501]
[2.0779738, 1.2021315, 0.784901, 0.090941384]
[1.6806989, 0.7920482, 0.8045037, 0.08414697]
[1.9299532, 1.0026315, 0.8384681, 0.08885358]
[1.9595555, 0.9164284, 0.9537804, 0.089346744]
[1.8180414, 0.7596066, 0.9810753, 0.07735953]
[1.866306, 1.0519851, 0.7313741, 0.08294666]
[1.7939193, 0.8522539, 0.8537714, 0.08789399]
[1.9153208, 1.0235966, 0.810312, 0.08141221]
[1.6988027, 0.8139361, 0.79561096, 0.08925555]
[1.8879293, 0.8676566, 0.9278357, 0.092437014]
[1.910023, 0.94907045, 0.874202, 0.08675048]
[1.8555013, 0.91372526, 0.85192716, 0.08984892]
[1.8460237, 0.8037847, 0.9385197, 0.103719234]
[1.8609161, 0.9051001, 0.8591067, 0.09670927]
[1.8843983, 0.8855704, 0.9036596, 0.095168374]
[1.8753227, 0.9820171, 0.7959156, 0.09739007]
[1.9635928, 0.7704547, 1.0947247, 0.09841341]
[1.9660686, 0.8000895, 1.081295, 0.08468409]
[1.8705074, 0.8354087, 0.95028317, 0.084815525]
[1.7057642, 0.8461568, 0.77595407, 0.08365333]
[1.8515217, 0.7925677, 0.96569574, 0.09325834]
[1.9788665, 1.0467064, 0.83405787, 0.09810226]
[1.7660971, 0.8812979, 0.79191077, 0.09288837]
[1.9237045, 0.9249797, 0.9029093, 0.09581557]
[1.7763976, 0.783913, 0.895497, 0.09698756]
[1.9401169, 0.93883955, 0.9027611, 0.098516256]
[1.9968219, 0.87709606, 1.0268738, 0.09285197]
[1.9283048, 0.94050276, 0.8991109, 0.0886911]
[1.7856816, 0.89677346, 0.7975667, 0.09134135]
[2.0034938, 0.9798672, 0.9253206, 0.09830603]
[1.7797434, 0.91419774, 0.7775745, 0.08797118]
[1.873168, 0.936317, 0.8383275, 0.09852337]
[1.8392506, 0.9599608, 0.78739905, 0.091890715]
[1.7218508, 0.7917365, 0.84179085, 0.08832343]
[1.8715078, 0.85812557, 0.91330403, 0.100078225]
[1.6861821, 0.8121704, 0.76675797, 0.10725382]
[1.6927909, 0.8190553, 0.7775794, 0.096156135]
[1.7374648, 0.7357662, 0.89451563, 0.10718302]
[1.8913536, 0.97988236, 0.78909326, 0.12237798]
[1.7908813, 0.7251976, 0.9575408, 0.108142816]
[1.9871695, 1.1134868, 0.77072155, 0.10296114]
[1.9525971, 0.8216095, 1.0313051, 0.099682584]
[1.9128214, 1.0240433, 0.7706294, 0.11814863]
[1.9239143, 0.73670226, 1.0880905, 0.0991215]
[1.9994802, 0.8468673, 1.052201, 0.10041191]
[1.9087143, 1.080091, 0.72974396, 0.09887929]
[1.7906772, 0.7626511, 0.93257695, 0.0954491]
[1.6695708, 0.6952053, 0.8743069, 0.10005866]
[1.8897061, 0.908599, 0.8732194, 0.10788776]
[2.078755, 0.8919866, 1.0857086, 0.10105959]
[1.7928354, 0.809367, 0.8835129, 0.09995544]
[1.7975793, 0.90304846, 0.79670715, 0.09782362]
[1.7576206, 0.90216976, 0.7544334, 0.10101743]
[1.9144759, 0.7695639, 1.0391736, 0.10573834]
[2.0672183, 0.9122962, 1.0569667, 0.09795548]
[1.7873931, 0.91087735, 0.7790775, 0.09743837]
[1.9938818, 0.8513193, 1.0445166, 0.09804593]
[1.9921327, 0.94406384, 0.9448963, 0.103172556]
[1.8675952, 0.9098817, 0.8668562, 0.09085728]
[1.7023408, 0.73708725, 0.8722744, 0.092979245]
[1.9073391, 0.96287835, 0.8467537, 0.09770708]
[2.0144541, 0.9449559, 0.96552324, 0.103975065]
[2.0130088, 0.8781644, 1.0485048, 0.08633959]
[2.0242538, 0.953122, 0.97429526, 0.09683662]
[1.7373519, 0.7015159, 0.9400754, 0.09576062]
[1.9854572, 1.0811923, 0.8135629, 0.09070206]
[1.8067139, 0.82441485, 0.8897345, 0.09256454]
[1.9107064, 1.0379658, 0.77992857, 0.09281208]
[1.6417196, 0.81368744, 0.731308, 0.09672419]
[1.8504373, 0.9052119, 0.85299814, 0.09222723]
[1.7046244, 0.7952973, 0.8108017, 0.09852544]
[1.8340154, 1.001462, 0.750282, 0.08227138]
[1.798599, 0.74397826, 0.9534149, 0.101205826]
[1.8669081, 0.92919874, 0.8360312, 0.1016781]
[1.8696665, 0.8873295, 0.8836131, 0.098723814]
[2.0003216, 0.88746667, 1.0119478, 0.100907244]
[1.8140433, 0.8241066, 0.89844763, 0.09148905]
[2.0430334, 0.7893394, 1.1584386, 0.0952553]
[1.9644887, 1.043078, 0.82867754, 0.09273328]
[1.7638775, 0.903997, 0.7704673, 0.08941327]
[1.9468629, 0.8969489, 0.9654484, 0.08446573]
[1.9370215, 0.9446169, 0.9068788, 0.085525714]
[1.8270735, 0.62382746, 1.1129293, 0.09031665]
