[1.8057946, 0.7986692, 0.9077206, 0.09940474]
[1.9042224, 0.9261199, 0.8636383, 0.11446412]
[2.0179815, 1.0288845, 0.88908243, 0.10001457]
[2.0409381, 0.8768593, 1.0562909, 0.107788]
[1.9319466, 0.93965787, 0.8904435, 0.10184531]
[1.7708019, 0.74196804, 0.9337711, 0.09506283]
[1.9609222, 0.7096102, 1.1468074, 0.1045046]
[1.9366368, 0.90131724, 0.9428538, 0.09246573]
[1.8380679, 0.88762736, 0.8623307, 0.08810985]
[1.779335, 0.86289513, 0.81911093, 0.097328946]
[1.9396347, 0.7774331, 1.0637722, 0.09842929]
[1.7366118, 0.7858511, 0.85191536, 0.09884541]
[1.9152417, 0.9511952, 0.860388, 0.10365851]
[1.6983167, 0.84395874, 0.7486255, 0.10573241]
[1.70321, 0.6720034, 0.9309161, 0.10029053]
[1.5707994, 0.7062813, 0.7517256, 0.11279246]
[1.9009426, 0.8667854, 0.91490924, 0.11924797]
[1.7848623, 1.0503521, 0.62066966, 0.11384058]
[1.6298577, 0.71960086, 0.7974491, 0.11280765]
[1.546541, 0.5955454, 0.8348031, 0.11619242]
[2.024253, 1.0122509, 0.8836609, 0.12834114]
[1.7934308, 0.7673784, 0.90211767, 0.1239347]
[1.6103845, 0.8140741, 0.67994285, 0.11636758]
[1.739175, 0.7521576, 0.85321665, 0.13380064]
[1.8618137, 0.85515684, 0.88083434, 0.12582245]
[2.0150476, 1.1494168, 0.7513718, 0.11425911]
[1.7333202, 0.79870236, 0.80239916, 0.13221869]
[1.6156349, 0.707173, 0.77973944, 0.12872246]
[1.7920164, 0.9243443, 0.74061084, 0.12706126]
[1.9472399, 1.0081406, 0.81159186, 0.12750748]
[2.0199535, 1.0301038, 0.86082506, 0.12902452]
[1.6887699, 0.64457333, 0.933294, 0.11090265]
[2.0456302, 1.1695039, 0.7431419, 0.13298438]
[1.8685122, 0.9539781, 0.80144346, 0.113090515]
[1.8534365, 0.85940725, 0.87320155, 0.12082771]
[1.8289688, 1.0692587, 0.63491243, 0.12479762]
[1.8373781, 0.8427274, 0.87984407, 0.11480662]
[1.9172335, 0.81995356, 0.98617125, 0.11110869]
[1.7764562, 0.9202847, 0.7390346, 0.117136925]
[2.0261278, 1.094639, 0.8162902, 0.11519849]
[2.0567174, 0.86650676, 1.0819913, 0.10821949]
[1.9316854, 0.8763642, 0.9462434, 0.10907794]
[1.6014029, 0.82994163, 0.6661683, 0.10529287]
[1.9342031, 0.83349466, 0.98695946, 0.113749005]
[1.9623082, 1.0318781, 0.82495856, 0.10547147]
[1.9719416, 0.83776426, 1.0328686, 0.10130867]
[1.897743, 1.0655283, 0.7356349, 0.09657979]
[1.7197846, 0.90392506, 0.71366227, 0.10219724]
[1.9736907, 0.86550665, 0.99489415, 0.11328989]
[1.7575899, 0.7057587, 0.95093846, 0.10089283]
[1.9849946, 0.8594153, 1.0256773, 0.099902086]
[1.8937249, 0.84668684, 0.93742514, 0.10961291]
[1.9038875, 0.9550022, 0.84565085, 0.10323456]
[1.7431124, 0.74069834, 0.8953605, 0.10705367]
[1.7702558, 0.89456165, 0.7687052, 0.10698886]
[1.554034, 0.7170478, 0.7325299, 0.10445633]
[1.7543777, 0.81355083, 0.82881385, 0.11201301]
[1.9087336, 0.88304967, 0.9130658, 0.112618215]
[1.6204503, 0.79709053, 0.7013669, 0.12199277]
[1.8062072, 0.7413398, 0.94080657, 0.12406089]
[1.7437774, 0.8635659, 0.7529054, 0.12730612]
[1.9193524, 0.95942974, 0.8331725, 0.12675008]
[1.9318608, 0.8376398, 0.9661275, 0.12809344]
[1.8294721, 0.81210375, 0.90659547, 0.11077283]
[1.8361896, 0.90240014, 0.81272304, 0.12106641]
[1.9877992, 0.8425065, 1.0390042, 0.10628848]
[1.8109604, 1.0270652, 0.6806818, 0.103213385]
[1.7554644, 0.8568013, 0.77292824, 0.12573496]
[1.8512067, 0.8463826, 0.89340127, 0.11142282]
[1.84204, 0.8150462, 0.91754365, 0.10945007]
[1.9684061, 0.95589083, 0.89085364, 0.121661544]
[1.9653127, 0.8585888, 0.99289954, 0.11382437]
[1.727856, 0.79704165, 0.8164419, 0.11437248]
[1.6045363, 0.72922844, 0.7473248, 0.12798311]
[1.7509121, 0.8187859, 0.80371416, 0.12841198]
[1.8515195, 0.78215414, 0.9475661, 0.121799275]
[2.1326592, 0.96107006, 1.0691605, 0.10242878]
[1.8570858, 0.9725083, 0.77765065, 0.10692683]
[1.820804, 0.7401006, 0.96515304, 0.11555039]
[1.7388664, 0.9062798, 0.7119706, 0.12061607]
[1.6439644, 0.52062464, 1.0181261, 0.10521361]
[1.9711866, 1.0906482, 0.76847184, 0.11206658]
[2.0373204, 0.886073, 1.0330422, 0.11820513]
[1.7157252, 0.8167766, 0.79341805, 0.105530486]
[1.877815, 0.7945392, 0.9760396, 0.1072361]
[1.6961577, 0.8880372, 0.7041698, 0.10395069]
[1.6538575, 0.8069525, 0.73954284, 0.107362136]
[1.966308, 0.89770055, 0.9508961, 0.11771147]
[1.4833924, 0.6282414, 0.75415015, 0.101000756]
[1.5645531, 0.7385858, 0.70942676, 0.11654056]
[1.687842, 0.9401573, 0.6216971, 0.12598768]
[1.9713717, 0.8489094, 1.0068238, 0.11563854]
[1.9279385, 0.97846735, 0.81409085, 0.13538027]
[1.8693098, 0.77505684, 0.97867346, 0.115579486]
[1.8103719, 1.001975, 0.6830989, 0.1252979]
[1.8014517, 0.9082226, 0.75455624, 0.13867283]
[1.8338788, 0.8681934, 0.8369571, 0.12872832]
[1.8178866, 0.8412734, 0.8511636, 0.1254496]
[1.8307431, 1.0179446, 0.6845218, 0.12827677]
[1.9326923, 0.73920226, 1.0657139, 0.12777616]
[1.8479824, 1.0105729, 0.71650636, 0.120903075]
[2.1239183, 0.9896278, 1.0175173, 0.11677323]
[1.8558475, 0.9228023, 0.82167625, 0.11136886]
[2.1276963, 1.1920533, 0.8223873, 0.11325581]
[1.844506, 0.7433247, 0.99060833, 0.11057306]
[2.0066543, 0.97316957, 0.9405695, 0.0929152]
[1.9203297, 1.0095671, 0.8085363, 0.10222623]
[1.8367023, 0.8567916, 0.8808696, 0.09904115]
[1.9603871, 0.84666383, 1.0092628, 0.1044605]
[1.9275577, 0.86665547, 0.9625914, 0.098310865]
[1.8866962, 0.8093133, 0.9838122, 0.093570694]
[1.8102231, 0.8175819, 0.8943764, 0.098264754]
[1.9187797, 0.7791177, 1.0391014, 0.100560665]
[1.7835234, 0.89670044, 0.7867458, 0.10007732]
[1.861536, 0.7275025, 1.0284135, 0.10561986]
[1.883453, 0.9742424, 0.8130323, 0.0961783]
[1.9353093, 0.7374576, 1.0954399, 0.10241182]
[2.0078187, 0.9616319, 0.9497886, 0.09639828]
[1.7855989, 0.8288754, 0.86036277, 0.096360706]
[1.9093579, 0.74773526, 1.0566461, 0.10497649]
[1.9965327, 0.8955909, 0.9973117, 0.10363005]
[1.8451495, 0.8226186, 0.92848253, 0.094048396]
[1.7816699, 0.95585996, 0.73416996, 0.09163999]
[1.7865777, 0.7912695, 0.90027225, 0.09503601]
[1.7442834, 0.62448776, 1.0192039, 0.10059182]
[1.9322163, 0.82446843, 0.9956032, 0.11214464]
[1.851911, 0.9383315, 0.8139681, 0.099611394]
[1.7697341, 0.71240026, 0.95064527, 0.10668858]
[1.6842391, 0.7022337, 0.8763617, 0.10564372]
[1.9394398, 0.98456556, 0.83913803, 0.115736306]
[2.115283, 0.9621062, 1.0465441, 0.10663271]
[1.8695724, 0.91671544, 0.85227215, 0.100584716]
[1.7915593, 0.88465977, 0.81129456, 0.095605016]
[1.879354, 0.8423869, 0.9321979, 0.10476924]
[1.767479, 0.8025877, 0.86589396, 0.098997295]
[1.8391769, 0.8624558, 0.88935304, 0.08736795]
[1.7344635, 0.8212674, 0.80133176, 0.11186439]
[1.8730959, 0.9478695, 0.83182234, 0.09340407]
[1.8323414, 1.0488884, 0.6742454, 0.10920757]
[1.6660688, 0.85662025, 0.70201147, 0.107437134]
[1.7690465, 0.77233857, 0.8900616, 0.10664627]
[1.6685443, 0.7700768, 0.7862216, 0.11224578]
[2.0519855, 0.8998916, 1.0378972, 0.1141966]
[1.6728848, 0.8171353, 0.7430521, 0.1126975]
[2.0715997, 1.0813961, 0.87414736, 0.11605618]
[1.7911186, 0.8812462, 0.78991425, 0.11995821]
[1.7628527, 0.845562, 0.80819994, 0.10909084]
[1.7626678, 0.90838027, 0.74615103, 0.10813655]
[1.7221727, 0.9094126, 0.69803333, 0.11472675]
[1.6434035, 0.68497825, 0.8472105, 0.1112148]
[1.795068, 0.6753018, 0.98916423, 0.13060203]
[1.6413087, 0.738147, 0.7829711, 0.12019046]
[1.9258928, 1.0179639, 0.7791921, 0.12873688]
[1.5768442, 0.771126, 0.6875094, 0.11820893]
[1.7890719, 0.85223913, 0.80430937, 0.13252345]
[1.982537, 0.84176624, 1.0067987, 0.13397199]
[1.8200936, 0.97664046, 0.7135286, 0.12992454]
[1.7801135, 0.653744, 0.99608254, 0.13028693]
[1.7733802, 0.96277386, 0.67812824, 0.13247812]
[1.7523841, 0.8192431, 0.80167466, 0.1314663]
[1.8396742, 0.8219203, 0.8810034, 0.13675055]
[1.7857878, 0.6620604, 0.99738157, 0.12634589]
[1.9738517, 1.1762156, 0.6885464, 0.10908966]
[1.7875457, 0.74462974, 0.9112351, 0.13168079]
[1.7380487, 0.76997113, 0.842362, 0.12571564]
[1.8293657, 0.7388702, 0.96978515, 0.12071042]
[1.811455, 0.90940416, 0.7818548, 0.12019606]
[1.8967195, 0.845083, 0.9307992, 0.120837234]
[1.5775888, 0.5550365, 0.89350545, 0.12904686]
[1.9134595, 1.1120884, 0.6613963, 0.1399748]
[1.7889795, 0.66995525, 0.9921851, 0.12683922]
[1.822873, 0.9134475, 0.7838036, 0.12562189]
[1.9049292, 0.8088062, 0.9482269, 0.14789602]
[2.0951684, 0.779863, 1.170749, 0.14455636]
[1.898063, 1.1223586, 0.64196575, 0.13373864]
[1.9435661, 1.0011139, 0.82705736, 0.11539486]
[1.9193758, 0.95297617, 0.8478595, 0.11854018]
[1.7831485, 0.6891955, 0.9859427, 0.10801034]
[1.8771088, 0.9656032, 0.79975784, 0.11174771]
[1.9421312, 0.9226774, 0.89977634, 0.119677454]
[1.9603021, 0.9320738, 0.9103217, 0.117906585]
[1.6853848, 0.6978524, 0.8722239, 0.115308546]
[1.8321905, 0.98407936, 0.7351593, 0.112951934]
[1.8650215, 0.95798147, 0.79039013, 0.11664981]
[1.9152108, 1.0004082, 0.8047959, 0.11000672]
[1.6926506, 0.78507715, 0.8001919, 0.1073816]
[1.8722421, 0.89147353, 0.8731816, 0.107586935]
[1.7099364, 0.783224, 0.81502485, 0.11168751]
[2.0879524, 1.0241816, 0.95213616, 0.1116346]
[1.8068277, 0.860113, 0.83565485, 0.11105979]
[1.842392, 0.86276925, 0.87362146, 0.106001295]
[1.7308922, 0.711157, 0.9045144, 0.11522074]
[1.8648051, 0.9052932, 0.83146, 0.12805185]
[1.8635731, 0.84718174, 0.8977088, 0.11868265]
[2.1412563, 1.0257454, 0.9976145, 0.11789651]
[1.7223853, 0.75762236, 0.84827423, 0.11648869]
[1.8435003, 0.90102285, 0.83340967, 0.109067835]
[1.7467809, 0.6856614, 0.9447583, 0.11636113]
[1.8001293, 0.9342624, 0.7468637, 0.11900318]
[1.674779, 0.78770673, 0.76402354, 0.123048805]
[1.8341215, 0.9084251, 0.8072918, 0.11840468]
[1.8576796, 0.86667883, 0.8739276, 0.11707317]
[1.8268393, 0.74931747, 0.942997, 0.13452496]
[1.8975201, 0.8909695, 0.8804005, 0.12615018]
[1.9070916, 0.80979824, 0.9796805, 0.117612794]
[1.8841921, 0.95582575, 0.80533504, 0.12303128]
[1.7308923, 0.7503481, 0.853817, 0.1267272]
[1.8867528, 0.9576324, 0.81610036, 0.11302003]
[1.7076644, 0.8572794, 0.7416688, 0.10871615]
[1.906278, 0.8676902, 0.9154407, 0.12314716]
[1.9531273, 1.0111332, 0.82699203, 0.115002036]
[1.8142203, 0.8850113, 0.8055139, 0.12369499]
[1.879304, 0.7534702, 1.0102981, 0.1155357]
[1.984615, 0.97148097, 0.88429475, 0.12883925]
[1.7399734, 0.6970884, 0.921509, 0.12137595]
[1.8750453, 0.7685262, 0.98440945, 0.12210964]
[1.8387065, 0.8823587, 0.8460331, 0.110314734]
[1.7239265, 0.96448284, 0.6452106, 0.11423307]
[1.7242438, 0.80811113, 0.7887571, 0.12737553]
[1.7867274, 0.86880475, 0.8030689, 0.1148538]
[1.7482598, 0.7275721, 0.9123271, 0.10836047]
[1.8099012, 0.88879156, 0.79763204, 0.1234777]
[1.9827136, 0.92149574, 0.94644713, 0.114770785]
[1.8950577, 0.80133575, 0.9788978, 0.114824034]
[2.1193542, 1.0882974, 0.92838144, 0.10267548]
[1.9030284, 0.94430995, 0.84795773, 0.11076067]
[1.931868, 0.91372585, 0.89985573, 0.118286334]
[1.6253983, 0.79623806, 0.73156536, 0.09759483]
[1.9506094, 1.0702494, 0.7724059, 0.107954085]
[1.723566, 0.7778744, 0.84042394, 0.10526777]
[1.9413707, 0.8625422, 0.98153305, 0.09729554]
[1.99595, 0.9664335, 0.9199065, 0.10961001]
[1.9009545, 0.81728494, 0.9794383, 0.104231246]
[1.7400733, 0.77925813, 0.8522624, 0.108552836]
[1.7475224, 0.8677957, 0.7783139, 0.1014128]
[1.6840564, 0.5412202, 1.0468698, 0.0959665]
[1.604951, 0.7568511, 0.7303559, 0.11774412]
[1.9249656, 1.0028744, 0.820893, 0.101198204]
[2.0085015, 0.8551726, 1.046265, 0.10706407]
[1.8636225, 0.97508866, 0.77516365, 0.113370344]
[1.9422581, 0.7787557, 1.0523825, 0.111120015]
[1.8611621, 0.9300306, 0.81969917, 0.111432284]
[1.9408993, 1.0201423, 0.81597906, 0.10477798]
[1.8865476, 0.7410645, 1.0391378, 0.10634516]
[1.9408334, 1.0457969, 0.79334867, 0.10168788]
[1.7828506, 0.9780293, 0.7047652, 0.100056104]
[1.5763187, 0.7003888, 0.7634427, 0.11248726]
[1.8260065, 0.8471242, 0.86534506, 0.11353719]
[1.9169289, 0.936679, 0.8612857, 0.118964165]
[1.905567, 0.9696732, 0.8264964, 0.109397456]
[1.9185665, 0.7819368, 1.0348487, 0.10178092]
[2.0082397, 1.0394846, 0.8630647, 0.105690494]
[2.0150104, 1.1044419, 0.80521095, 0.10535747]
[1.8233343, 0.9375471, 0.7871479, 0.098639384]
[1.8654819, 0.8930692, 0.8823944, 0.09001823]
[1.9126626, 0.8395558, 0.96258146, 0.11052537]
[1.9309303, 0.9057648, 0.92705053, 0.09811486]
[1.8182378, 0.8000492, 0.92671716, 0.09147149]
[1.8196563, 0.94659853, 0.78302294, 0.09003489]
[1.861473, 0.80441093, 0.95678747, 0.10027458]
[1.7666819, 0.8297093, 0.83256626, 0.10440639]
[1.7783431, 0.74837583, 0.93022543, 0.099741854]
[2.016887, 0.97622806, 0.93670774, 0.103951246]
[1.7959452, 0.90743446, 0.7908754, 0.09763522]
[2.055201, 1.0045154, 0.9546033, 0.096082225]
[1.9138033, 1.11761, 0.70341253, 0.09278084]
[1.7855586, 0.8716357, 0.8231874, 0.0907355]
[1.8444381, 0.8037733, 0.9365754, 0.104089424]
[1.9443033, 0.9644748, 0.8825676, 0.09726089]
[1.8459896, 0.79596615, 0.94616497, 0.10385844]
[1.926456, 1.1261625, 0.7008494, 0.09944409]
[1.7274865, 0.7441696, 0.8910209, 0.09229605]
[1.9712129, 0.87130475, 1.0032876, 0.09662059]
[1.955657, 0.81469035, 1.0441802, 0.096786544]
[1.8599415, 1.0295411, 0.73731, 0.0930903]
[1.7746642, 0.73237985, 0.94766414, 0.09462029]
[1.6881205, 0.80920327, 0.7655048, 0.113412485]
[1.7232467, 0.78707105, 0.8406174, 0.09555824]
[1.9595003, 1.0745969, 0.7818292, 0.10307433]
[1.9297636, 0.7890311, 1.02739, 0.11334254]
[1.9148136, 0.9164578, 0.8977481, 0.10060777]
[1.891546, 0.945145, 0.85094833, 0.09545261]
[1.8795481, 0.85342443, 0.9166077, 0.109515965]
[1.8370805, 0.8506221, 0.88798106, 0.09847735]
[1.8636307, 1.0720181, 0.69644916, 0.0951633]
[1.8958551, 0.9060903, 0.8870728, 0.10269199]
[1.9005225, 0.8742832, 0.9270526, 0.099186696]
[1.7843413, 0.87308526, 0.8119348, 0.09932126]
[1.8988448, 1.0051969, 0.8003874, 0.09326048]
[1.8488683, 0.79523844, 0.9491756, 0.104454115]
[1.7299402, 0.9489856, 0.6920773, 0.088877305]
[1.8387246, 0.84010655, 0.88531494, 0.113303125]
[1.7461672, 0.7665992, 0.86926484, 0.110303104]
[1.7639571, 0.779355, 0.8802416, 0.10436056]
[2.1175106, 1.0560248, 0.9386058, 0.12288007]
[1.9290111, 0.8327263, 0.98390555, 0.11237931]
[1.6361587, 0.81406957, 0.7170274, 0.105061784]
[2.0750155, 1.0812054, 0.88363063, 0.11017955]
[1.966272, 0.7479528, 1.1222669, 0.0960523]
[1.9903879, 0.996693, 0.8902998, 0.103395164]
[1.569798, 0.67323446, 0.7983875, 0.098175995]
[1.7882724, 0.81736064, 0.8562076, 0.11470412]
[1.9224094, 0.970983, 0.8353685, 0.11605784]
[1.8926281, 1.0616564, 0.7350441, 0.09592764]
[1.8583869, 0.8400223, 0.91428155, 0.104082935]
[1.9060917, 0.85805166, 0.9555565, 0.092483506]
[1.8686625, 0.7948911, 0.97602904, 0.097742274]
[1.9701588, 0.9482417, 0.93320715, 0.088709936]
[1.8977296, 0.9014168, 0.89665675, 0.09965606]
[1.9450823, 0.9964564, 0.8527606, 0.09586541]
[2.0574455, 0.90128636, 1.0629663, 0.09319273]
[1.9441369, 0.93317235, 0.9229088, 0.08805573]
[1.9324454, 0.8980541, 0.95334524, 0.081046]
[1.8209822, 0.7808303, 0.9596455, 0.08050634]
[1.7611277, 0.8211454, 0.85311186, 0.0868704]
[1.8277117, 0.7948955, 0.9561009, 0.07671535]
[1.8845135, 1.1014388, 0.6995587, 0.08351601]
[1.8290306, 0.9515063, 0.79369056, 0.083833836]
[1.890241, 0.85383713, 0.95303553, 0.083368436]
[1.7617626, 0.86976105, 0.804319, 0.087682486]
[1.896685, 0.74700725, 1.0565823, 0.09309544]
[1.9567708, 1.0125804, 0.85162854, 0.092561804]
[1.8154495, 0.7634063, 0.95729053, 0.09475262]
[1.8164357, 0.8608318, 0.8636527, 0.09195129]
[1.81948, 0.9922171, 0.7369921, 0.09027074]
[1.9390978, 0.9036252, 0.9325354, 0.10293712]
[1.8388627, 0.77205, 0.9803464, 0.08646633]
[1.6747072, 0.8354994, 0.7389376, 0.1002702]
[1.9193017, 0.92747366, 0.8984245, 0.09340352]
[1.7741982, 0.7924859, 0.87984526, 0.10186712]
[1.7341727, 0.6883575, 0.9429544, 0.10286081]
[1.7057621, 0.79706335, 0.8050357, 0.10366306]
[1.7431855, 0.7263603, 0.90331507, 0.1135101]
[1.8042524, 0.83652365, 0.85577285, 0.11195584]
[1.8482472, 0.77663326, 0.9493921, 0.12222178]
[2.1234584, 1.0355844, 0.9719915, 0.11588232]
[1.8950396, 0.87810105, 0.9111608, 0.10577779]
[1.7147892, 0.7748952, 0.83538336, 0.104510546]
[1.6236681, 0.86340743, 0.64678353, 0.11347711]
[1.8198507, 0.9338228, 0.78122103, 0.10480687]
[2.0283024, 0.8798001, 1.0227907, 0.12571174]
[1.8363005, 1.109096, 0.6207862, 0.10641829]
[1.6943067, 0.74974775, 0.8406497, 0.103909224]
[1.778318, 0.9617775, 0.707711, 0.1088296]
[1.6757338, 0.81917286, 0.73764277, 0.11891823]
[1.8641871, 1.1058671, 0.63383555, 0.12448441]
[2.0498283, 0.8902818, 1.0496787, 0.10986774]
[1.8975796, 0.86985564, 0.92442954, 0.10329438]
[1.775783, 0.8811145, 0.7775749, 0.11709353]
[1.8703415, 1.0803275, 0.67853403, 0.11147995]
[1.7556919, 0.68685436, 0.95300114, 0.1158364]
[1.8606867, 0.86692154, 0.8703517, 0.12341344]
[1.806849, 0.835364, 0.8456139, 0.12587121]
[1.8535165, 0.9640938, 0.7711604, 0.11826221]
[1.7562001, 0.7631917, 0.8619251, 0.13108322]
[1.7363392, 0.80199456, 0.8118223, 0.12252231]
[2.1397521, 0.9993049, 1.0207675, 0.11967963]
[1.7886658, 0.978649, 0.6938443, 0.1161724]
[1.916503, 0.78980625, 1.0113931, 0.11530362]
[1.8178875, 0.97941554, 0.7279898, 0.11048223]
[1.7869923, 0.8546212, 0.81876177, 0.113609284]
[1.9806031, 0.85738474, 1.0073878, 0.11583052]
[1.7964512, 0.756173, 0.9299364, 0.11034177]
[1.9780642, 0.942002, 0.9158055, 0.12025666]
[1.8155568, 0.9103303, 0.7954663, 0.10976015]
[1.8050809, 0.79779994, 0.9032425, 0.1040385]
[1.7036217, 0.71170235, 0.87977886, 0.112140514]
[1.8371259, 0.9163781, 0.79936683, 0.12138094]
[1.8263997, 1.0916454, 0.61598516, 0.11876917]
[1.8248799, 0.81129444, 0.90313363, 0.11045176]
[1.8570147, 0.84990793, 0.88428116, 0.12282565]
[1.9775206, 0.9373771, 0.92476773, 0.11537579]
[1.8398341, 0.93509936, 0.7883892, 0.116345525]
[1.7927606, 0.7692174, 0.9019101, 0.121633105]
[1.7886026, 0.8807063, 0.79219115, 0.11570518]
[1.8328576, 0.9760397, 0.74357444, 0.113243416]
[1.667269, 0.72384346, 0.8236965, 0.11972903]
[1.8296379, 0.84468246, 0.87429273, 0.11066274]
[1.7457364, 0.8129492, 0.8072175, 0.12556976]
[1.7299591, 1.0571164, 0.5525317, 0.12031107]
[1.7650445, 0.7787409, 0.8654992, 0.12080436]
[2.0488954, 0.7834915, 1.1395764, 0.12582755]
[1.932623, 0.9006701, 0.9180738, 0.113879085]
[1.9756705, 0.75378585, 1.1150203, 0.10686436]
[1.6314396, 0.72725636, 0.7925379, 0.111645296]
[1.8639013, 0.8961214, 0.85861814, 0.109161705]
[1.8513056, 0.83124465, 0.90044796, 0.11961302]
[2.0039139, 0.9825851, 0.9038143, 0.11751439]
[1.9454103, 0.910632, 0.9300192, 0.10475894]
[1.9771045, 0.88846064, 0.96615976, 0.1224841]
[1.5908729, 0.7503523, 0.7223222, 0.118198246]
[1.8872554, 0.8416246, 0.9246756, 0.12095526]
[1.7833319, 0.8756628, 0.78394246, 0.12372665]
[1.9855628, 1.0348315, 0.8214339, 0.12929735]
[1.8307352, 0.97216415, 0.7475313, 0.11103974]
[1.8971752, 0.89584, 0.8887081, 0.11262712]
[1.9989148, 0.6593356, 1.2392282, 0.10035093]
[1.9987109, 1.1817734, 0.70426345, 0.11267403]
[1.9264375, 0.8308443, 1.002907, 0.092686154]
[1.745521, 0.8624594, 0.7874486, 0.09561288]
[1.8488563, 0.89706665, 0.8561189, 0.095670775]
[1.8828195, 0.942803, 0.83053434, 0.10948216]
[1.8609066, 0.773817, 0.981105, 0.105984606]
[1.8222524, 0.91460425, 0.8108665, 0.096781656]
[1.8721393, 0.7027276, 1.0801772, 0.089234516]
[1.8134776, 1.0557485, 0.6525823, 0.10514687]
[1.854618, 0.9462037, 0.80370045, 0.10471383]
[1.8135672, 0.7284915, 0.98127466, 0.10380104]
[1.8298699, 0.845837, 0.8803033, 0.10372956]
[1.9266921, 0.9494358, 0.8661287, 0.111127764]
[1.7965698, 0.7968608, 0.9026957, 0.09701322]
[1.613236, 0.68169117, 0.8347167, 0.09682813]
[1.6555878, 0.74769604, 0.7960595, 0.11183226]
[2.17057, 1.0648488, 0.9925762, 0.11314483]
[1.8588852, 0.88296163, 0.8687073, 0.107216194]
[1.8809724, 0.9792106, 0.7940016, 0.10776013]
[1.7117423, 0.7696912, 0.835638, 0.10641296]
[1.7664378, 0.71229374, 0.9554244, 0.09871954]
[1.7309642, 0.9356867, 0.67447484, 0.120802686]
[1.9591775, 0.92610013, 0.928165, 0.10491227]
[1.8721141, 0.7967376, 0.9720433, 0.10333315]
[1.7740241, 0.83824694, 0.8251902, 0.110586986]
[1.9370247, 0.8947528, 0.94072545, 0.101546355]
[1.8828751, 0.84999675, 0.9215486, 0.11132969]
[1.7033165, 0.788623, 0.8007302, 0.11396319]
[1.7689809, 0.797989, 0.8698273, 0.10116455]
[1.9877139, 0.9662961, 0.91501284, 0.10640504]
[1.7025396, 0.7891481, 0.81903774, 0.09435384]
[1.6693387, 0.7848996, 0.7633438, 0.12109525]
[1.7843168, 0.7271714, 0.9364138, 0.12073163]
[1.7373316, 0.80119056, 0.81685144, 0.11928967]
[1.845411, 0.7401056, 0.98856944, 0.11673586]
[1.8084219, 0.99451363, 0.6952404, 0.11866787]
[1.5892928, 0.6266185, 0.83094114, 0.13173312]
[1.9604406, 0.8401445, 0.9841458, 0.13615036]
[1.8982927, 1.0039058, 0.75587666, 0.13851026]
[1.8554944, 0.7070369, 1.0242655, 0.12419188]
[1.5869985, 0.80005896, 0.66870594, 0.11823355]
[1.7818305, 0.890113, 0.76959383, 0.12212367]
[1.9636022, 0.9145288, 0.92356145, 0.12551203]
[1.7810588, 0.8770506, 0.7831133, 0.1208949]
[1.8970838, 0.75949365, 0.99186057, 0.14572957]
[1.879104, 1.0250894, 0.7318451, 0.122169614]
[1.8956699, 1.0168381, 0.7518188, 0.12701315]
[1.8711807, 0.83622587, 0.904048, 0.13090672]
[1.9455276, 0.76535094, 1.0570195, 0.123157084]
[1.7312365, 0.7316293, 0.8874309, 0.11217621]
[1.9313011, 1.0050747, 0.8030374, 0.12318895]
[1.9279038, 0.8142032, 0.98318505, 0.1305155]
[1.8348124, 0.90323395, 0.8212912, 0.110287204]
[2.0109727, 1.1141782, 0.7684978, 0.12829676]
[1.7632165, 0.62721026, 1.023784, 0.112222254]
[1.9295226, 1.0734004, 0.73148835, 0.12463395]
[1.9949214, 0.9528166, 0.9315728, 0.11053199]
[1.6598797, 0.78082025, 0.7647167, 0.11434272]
[1.8604625, 0.9836553, 0.7543656, 0.122441664]
[1.8108089, 0.72234356, 0.96210253, 0.1263628]
[1.8172648, 1.010277, 0.69279814, 0.114189684]
[1.8772583, 0.94931555, 0.8094716, 0.11847111]
[1.8947264, 0.77193487, 1.0071915, 0.11559994]
[1.9651613, 1.1020145, 0.74373424, 0.11941256]
[1.805161, 0.9375006, 0.7673557, 0.10030473]
[1.78379, 0.99587774, 0.68593925, 0.10197292]
[1.661748, 0.75102836, 0.80347395, 0.1072458]
[1.9966547, 1.0857476, 0.7917582, 0.119149]
[1.751705, 0.74240696, 0.8980141, 0.111283876]
[1.7987957, 0.77517784, 0.9024831, 0.12113474]
[1.8709673, 0.81731373, 0.93453586, 0.11911763]
[1.9225132, 0.6991992, 1.1056237, 0.11769028]
[1.9317806, 0.9383838, 0.88892233, 0.10447445]
[1.8414742, 0.9486003, 0.7881683, 0.10470552]
[1.979698, 0.79215705, 1.0860817, 0.101459146]
[2.0079978, 0.88802433, 1.0109324, 0.109040886]
[1.8363991, 0.9000375, 0.83904827, 0.097313285]
[1.7772328, 0.7791569, 0.891199, 0.10687685]
[1.9413234, 0.86925036, 0.9612603, 0.110812835]
[1.7084148, 0.6967819, 0.9181051, 0.09352776]
[1.8016825, 0.8012867, 0.8907299, 0.10966587]
[1.7637315, 0.80912054, 0.8458518, 0.108759224]
[1.8581095, 1.0154028, 0.7372333, 0.1054734]
[1.8800576, 0.73487985, 1.0328145, 0.112363175]
[1.893872, 0.9152249, 0.8725543, 0.106092826]
[1.8052114, 0.8982816, 0.7990159, 0.107914]
[1.7086314, 0.8658095, 0.72037673, 0.12244517]
[1.9575156, 0.78386146, 1.048862, 0.124792226]
[1.8434798, 0.9272171, 0.7943424, 0.12192027]
[1.8383179, 0.8928071, 0.8298862, 0.11562461]
[1.9336716, 1.1112828, 0.6996665, 0.1227223]
[1.9176346, 0.7797823, 1.0242577, 0.11359466]
[1.8181024, 0.88706213, 0.819225, 0.11181522]
[1.8123652, 0.944083, 0.7549844, 0.113297775]
[1.7171904, 0.84594023, 0.7630911, 0.10815906]
[2.0452878, 0.9713001, 0.96265674, 0.11133088]
[2.0201895, 1.1313918, 0.7846494, 0.10414848]
[1.808409, 0.921606, 0.784719, 0.10208386]
[1.8118186, 1.0490581, 0.66235983, 0.10040067]
[1.8094736, 0.7065867, 0.986933, 0.11595393]
[1.7789959, 0.9048245, 0.7672318, 0.1069396]
[1.740703, 0.76376116, 0.8680308, 0.10891109]
[1.7508022, 0.8708738, 0.77788687, 0.10204149]
[1.8786054, 0.8823257, 0.88747394, 0.108805604]
[1.7887924, 0.9225056, 0.75447917, 0.11180754]
[1.8269016, 0.82035756, 0.8992965, 0.10724746]
[1.8454766, 0.8589183, 0.87725073, 0.10930753]
[1.9607899, 0.66117626, 1.1809705, 0.118642986]
[1.8881439, 0.96690357, 0.8061459, 0.11509438]
[1.9169548, 1.0434896, 0.76955706, 0.103908055]
[1.8139606, 0.8025845, 0.9003917, 0.11098431]
[1.7367874, 0.8941985, 0.7374177, 0.10517129]
[2.024507, 0.69604623, 1.2092685, 0.11919224]
[1.7353468, 0.7361361, 0.88410676, 0.11510396]
[1.7201645, 0.91597, 0.6931547, 0.11103991]
[1.769619, 0.726011, 0.9302601, 0.11334793]
[1.9472191, 0.9359982, 0.9042605, 0.106960446]
[1.7564018, 0.7849124, 0.85484266, 0.11664673]
[1.8470589, 0.96718633, 0.7703582, 0.10951441]
[1.7993464, 0.9391049, 0.7474928, 0.112748794]
[1.7534204, 0.8975228, 0.7398584, 0.11603913]
[1.7365617, 0.73927236, 0.8964906, 0.10079877]
[1.8167694, 0.790069, 0.9200794, 0.106621064]
[2.0051916, 0.9159388, 0.9688374, 0.12041555]
[1.7605908, 0.75300646, 0.8897469, 0.117837474]
[1.7792283, 1.1716086, 0.4882497, 0.1193701]
[1.7897936, 0.7771886, 0.90261376, 0.10999122]
[1.822106, 0.6729575, 1.0189984, 0.13015017]
[1.783624, 0.851603, 0.80366033, 0.1283608]
[1.854098, 1.0234982, 0.7105055, 0.12009433]
[1.7988837, 0.6373093, 1.0304796, 0.13109481]
[2.1133487, 1.2774327, 0.71404946, 0.121866606]
[1.8150679, 0.9583272, 0.7552456, 0.1014952]
[1.7501683, 0.7855928, 0.8500641, 0.11451143]
[1.9919115, 0.9042657, 0.9718261, 0.11581986]
[1.8095505, 0.90696, 0.79799664, 0.10459385]
[2.1285532, 1.0559654, 0.96213853, 0.110448994]
[1.9158964, 1.0123991, 0.80346036, 0.10003704]
[1.916446, 0.8204537, 0.9913348, 0.104657404]
[1.8109515, 0.90225303, 0.8020171, 0.10668133]
[1.7778091, 0.76321226, 0.9121572, 0.10243964]
[1.7609621, 0.8730728, 0.7864918, 0.10139751]
[1.7939541, 0.8891965, 0.7957952, 0.10896246]
[1.8875932, 0.71189296, 1.0730511, 0.10264913]
[1.8725994, 0.95054674, 0.80789626, 0.11415638]
[1.9697857, 0.91585445, 0.94488406, 0.10904716]
[1.9007258, 0.7809546, 0.9990517, 0.12071957]
[1.9994557, 0.8307848, 1.0523643, 0.11630659]
[2.0566072, 1.0439095, 0.9020095, 0.11068821]
[1.6408486, 0.71957386, 0.8163098, 0.10496493]
[1.8789736, 0.8991592, 0.8694575, 0.11035697]
[1.8708249, 0.91869605, 0.8468161, 0.105312705]
[1.7966582, 0.7701974, 0.9278666, 0.0985942]
[1.987262, 1.0718976, 0.81577766, 0.099586666]
[1.9725487, 1.0248433, 0.84804755, 0.09965781]
[2.0596423, 1.0553601, 0.91051304, 0.09376915]
[1.8133172, 0.831193, 0.88728976, 0.09483442]
[1.8891493, 0.91448236, 0.87906015, 0.09560682]
[2.0105608, 0.94053864, 0.97102875, 0.09899339]
[1.8561913, 0.95949954, 0.8127941, 0.083897665]
[1.8923639, 0.9087213, 0.89372766, 0.08991494]
[1.8250092, 0.8913077, 0.84865546, 0.08504608]
[1.7968658, 0.90392715, 0.8054584, 0.08748016]
[1.8968048, 0.9509538, 0.85232985, 0.09352113]
[1.7467266, 0.75029016, 0.9135006, 0.08293593]
[1.7818207, 0.7382126, 0.9415444, 0.10206363]
[1.8846631, 0.8657135, 0.9133506, 0.105599105]
[2.0251284, 1.0073674, 0.9212387, 0.09652232]
[1.7579408, 0.88414127, 0.78607535, 0.087724194]
[1.9089085, 0.83074594, 0.97636765, 0.101794794]
[1.8386728, 0.8947249, 0.8445512, 0.09939659]
[1.8986386, 1.0310664, 0.76254797, 0.105024196]
[1.8507185, 0.9037911, 0.85877943, 0.08814787]
[1.8893425, 1.0100614, 0.7847606, 0.09452058]
[1.7550385, 0.738764, 0.9267715, 0.089503095]
[1.8358029, 0.9052055, 0.821122, 0.109475456]
[1.8359361, 0.6896974, 1.0420806, 0.10415806]
[1.9123552, 0.83667725, 0.9694965, 0.10618144]
[1.8187224, 0.87287456, 0.8461089, 0.099738955]
[1.8489841, 0.7687222, 0.9791142, 0.10114777]
[1.7339215, 0.8147023, 0.81708765, 0.10213162]
[1.9650432, 1.0093241, 0.8464266, 0.10929254]
[1.7836823, 0.7945994, 0.8896917, 0.09939121]
[1.622395, 0.7599777, 0.74310553, 0.119311854]
[1.7580733, 0.7861499, 0.8612921, 0.11063121]
[1.9159429, 0.938282, 0.85595936, 0.121701494]
[1.7696806, 0.8610431, 0.7957726, 0.1128649]
[1.8678616, 0.8274927, 0.9309124, 0.10945656]
[2.000028, 0.86303633, 1.0113592, 0.12563223]
[1.8624268, 0.8769176, 0.8678668, 0.11764241]
[1.8467267, 0.94643694, 0.7973858, 0.1029038]
[1.7833487, 0.7197483, 0.94263405, 0.12096637]
[1.849207, 1.0053006, 0.7259618, 0.11794463]
[1.9715588, 0.83706886, 1.0183454, 0.11614463]
[1.6275033, 0.8697062, 0.6494006, 0.108396426]
[1.6487241, 0.83895373, 0.6811759, 0.12859437]
[1.798869, 0.73157686, 0.9521248, 0.115167394]
[1.7412649, 0.8391185, 0.77219313, 0.1299533]
[1.6854072, 0.6594049, 0.8735899, 0.15241246]
[1.7827141, 0.7371874, 0.9215364, 0.123990335]
[1.9859731, 1.0230348, 0.82873416, 0.13420412]
[2.020687, 0.92892873, 0.9609082, 0.13085008]
[2.0517614, 0.988811, 0.9439163, 0.11903411]
[2.0341828, 0.9440148, 0.9756297, 0.11453823]
[2.0970047, 0.9477674, 1.0391468, 0.1100906]
[1.9306457, 0.7641016, 1.0571063, 0.10943785]
[1.8283267, 0.8311439, 0.8969796, 0.10020323]
[1.8378254, 0.75530326, 0.97941905, 0.10310307]
[1.758514, 0.9454874, 0.70759773, 0.10542892]
[1.8205218, 0.82181203, 0.9020069, 0.09670287]
[1.7898468, 0.7829491, 0.91057324, 0.09632449]
[1.8362741, 0.9319391, 0.80321, 0.10112496]
[1.601946, 0.6623364, 0.83914125, 0.100468285]
[1.8177215, 0.6077276, 1.0894046, 0.12058932]
[1.8222727, 1.1082897, 0.60252684, 0.11145608]
[1.682273, 0.7066264, 0.8556103, 0.12003625]
[1.8138565, 0.80018616, 0.89885336, 0.11481705]
[1.7480785, 0.70142794, 0.9303406, 0.11630999]
[1.6303825, 0.8104806, 0.6956768, 0.12422515]
[1.9812638, 0.99691856, 0.86095977, 0.12338546]
[1.7729421, 0.9211652, 0.73086196, 0.12091492]
[1.9569958, 0.8872509, 0.9558332, 0.1139117]
[2.0293221, 0.8770561, 1.038985, 0.1132811]
[2.0300314, 0.941495, 0.97693074, 0.11160567]
[1.8280163, 0.94351536, 0.7800467, 0.104454264]
[1.7767328, 0.697482, 0.97345924, 0.10579161]
[1.8943293, 0.862846, 0.92501247, 0.10647087]
[1.8720834, 0.8475708, 0.9091553, 0.11535744]
[1.7596735, 1.0857899, 0.56606203, 0.10782157]
[1.7436358, 0.7466806, 0.9052358, 0.09171927]
[1.8677194, 0.9191178, 0.84091216, 0.107689425]
[1.9688698, 1.0953214, 0.7567997, 0.116748646]
[1.8737266, 0.8798924, 0.89675844, 0.0970757]
[1.8901309, 0.86540145, 0.9247025, 0.10002692]
[1.8758401, 0.8578726, 0.92335796, 0.094609536]
[1.8264234, 0.8670323, 0.8534437, 0.105947435]
[1.8641012, 0.972376, 0.78801745, 0.103707775]
[1.966256, 0.8669174, 1.002019, 0.097319566]
[1.6897175, 0.86810374, 0.7154949, 0.10611887]
[1.7685063, 0.8363598, 0.82517195, 0.10697454]
[2.0228107, 0.96983784, 0.9468452, 0.106127724]
[2.0098035, 1.062495, 0.8448386, 0.10246988]
[2.0634937, 0.9817403, 0.97776294, 0.10399051]
[1.7604005, 0.84367704, 0.83136463, 0.08535885]
[2.029364, 1.0698869, 0.8624722, 0.097005084]
[1.8463409, 0.9864953, 0.76617557, 0.09367006]
[1.835979, 0.8738537, 0.87371194, 0.08841339]
[1.8861072, 0.9452287, 0.8466716, 0.094206944]
[1.6694899, 0.8386152, 0.7403792, 0.09049553]
[1.8994548, 0.87193704, 0.9265995, 0.10091834]
[1.7884055, 0.91273504, 0.78177464, 0.09389581]
[1.7140888, 0.8432549, 0.7663608, 0.10447297]
[1.7653474, 0.8440305, 0.8168097, 0.1045071]
[1.8911552, 0.68384516, 1.1108813, 0.09642877]
[1.7922337, 0.96770835, 0.7116956, 0.112829745]
[1.8521612, 0.76015866, 0.971787, 0.12021554]
[1.8822578, 0.80469185, 0.96598834, 0.111577585]
[1.8607295, 0.76692045, 0.98224586, 0.11156326]
[1.7605423, 0.8282563, 0.8227558, 0.10953009]
[1.923602, 1.0562558, 0.76245785, 0.104888275]
[1.8843547, 0.82545424, 0.9448339, 0.11406664]
[1.9753755, 0.97718924, 0.8912283, 0.10695808]
[1.8325006, 0.86604047, 0.8588047, 0.10765538]
[1.8504618, 0.78988767, 0.9533943, 0.10717985]
[1.8425934, 0.93540955, 0.7913603, 0.11582356]
[1.6376127, 0.69791347, 0.84708464, 0.09261454]
[1.896568, 0.8177676, 0.958061, 0.120739385]
[1.9481057, 1.1361578, 0.70324385, 0.10870408]
[1.730006, 0.72539544, 0.89151764, 0.113092944]
[1.9464953, 0.89745414, 0.9469582, 0.10208299]
[1.7768275, 0.80296123, 0.8670824, 0.10678373]
[1.8648288, 0.84955937, 0.906007, 0.10926249]
[1.8657039, 0.87116987, 0.8841761, 0.11035798]
[1.9500167, 0.936723, 0.9060961, 0.10719764]
[1.7215517, 0.7971972, 0.8174857, 0.10686871]
[1.9178518, 0.89041257, 0.9137069, 0.11373231]
[1.9278373, 0.9157358, 0.9088055, 0.10329588]
[2.1038845, 1.0124028, 0.97596806, 0.11551359]
[2.0041072, 1.0634942, 0.8520193, 0.08859371]
[1.7891601, 0.6846502, 1.0161047, 0.08840528]
[1.793476, 0.8753784, 0.81505513, 0.103042476]
[1.8223275, 0.6771026, 1.0489899, 0.096234865]
[1.8269844, 1.020278, 0.70189905, 0.10480739]
[1.8673794, 0.91819596, 0.85313624, 0.09604715]
[1.8311336, 0.63850474, 1.0996528, 0.09297605]
[1.7120619, 0.9394636, 0.6613711, 0.1112272]
[1.7320744, 0.63736504, 0.9956684, 0.0990409]
[2.0135233, 1.1391057, 0.7604917, 0.113925874]
[1.867039, 0.6429662, 1.1164845, 0.10758829]
[1.8434323, 0.8664292, 0.8741662, 0.102836944]
[1.6745247, 0.744568, 0.8207294, 0.109227285]
[1.82369, 0.8012624, 0.9244735, 0.0979542]
[1.8919173, 0.990872, 0.79048795, 0.11055742]
[1.7025299, 0.90361786, 0.69028294, 0.10862914]
[1.7116413, 0.7298006, 0.84899795, 0.13284278]
[1.8466718, 0.97050196, 0.75285447, 0.12331529]
[1.9268742, 0.9973723, 0.8322868, 0.097215116]
[1.8270489, 0.82217604, 0.88859844, 0.116274424]
[1.9050722, 0.9620085, 0.8282138, 0.114849985]
[1.8617921, 0.98618984, 0.77036566, 0.10523658]
[1.7907491, 0.7698138, 0.9191896, 0.10174571]
[1.6535269, 0.75414836, 0.77982765, 0.11955078]
[1.9269423, 1.0728728, 0.7350551, 0.119014464]
[1.8614908, 0.83098483, 0.9098692, 0.12063687]
[1.7951627, 0.9262259, 0.75258446, 0.116352335]
[1.8907901, 0.9584279, 0.8080253, 0.12433681]
[1.8332703, 0.9765041, 0.74504495, 0.11172129]
[1.9094479, 0.8549795, 0.9365481, 0.11792031]
[1.5965416, 0.80958456, 0.6775635, 0.10939363]
[1.7333629, 0.8556895, 0.771075, 0.10659839]
[1.7220483, 0.84240776, 0.7490229, 0.13061757]
[1.8928545, 0.83551323, 0.9261508, 0.13119039]
[1.8260865, 0.8373429, 0.8683466, 0.12039711]
[1.9849778, 0.76190513, 1.0962324, 0.1268402]
[1.8596967, 0.9848112, 0.7620521, 0.112833336]
[1.9953825, 0.7239013, 1.1591837, 0.11229755]
[1.6773303, 0.7128006, 0.8347169, 0.12981275]
[1.8603389, 0.94091296, 0.79708475, 0.12234117]
[1.5686603, 0.7899352, 0.66922534, 0.10949973]
[1.9764372, 0.7911849, 1.0587431, 0.12650919]
[1.945516, 1.050604, 0.7733479, 0.12156398]
[1.7880058, 0.7782713, 0.8892884, 0.12044604]
[1.8141265, 0.99797946, 0.6980061, 0.118140906]
[1.9236689, 0.8572042, 0.9411298, 0.12533487]
[1.9012817, 0.8687707, 0.92160606, 0.11090489]
[1.8369498, 0.89895463, 0.81382036, 0.12417477]
[1.700426, 0.68183756, 0.9055902, 0.11299826]
[1.856788, 0.953349, 0.7771447, 0.12629433]
[1.8015993, 0.71091413, 0.9789896, 0.11169554]
[1.821769, 0.7693081, 0.9355898, 0.11687116]
[1.8608754, 0.88984394, 0.8537227, 0.117308706]
[2.1529238, 1.3383324, 0.6911533, 0.12343821]
[1.7534751, 0.578724, 1.0712371, 0.103513904]
[1.9227781, 0.88648534, 0.9215938, 0.114699036]
[1.8664334, 0.9525448, 0.80483794, 0.10905057]
[1.8535532, 0.8110607, 0.92832994, 0.114162564]
[1.7758753, 0.86500055, 0.79162467, 0.11925009]
[1.7542604, 0.89360756, 0.7417375, 0.118915476]
[1.8840482, 0.78622866, 0.98722535, 0.11059433]
[1.6557719, 0.72216046, 0.8142977, 0.11931375]
[1.7968119, 0.9601017, 0.71538603, 0.12132414]
[1.8982618, 1.0091023, 0.7645178, 0.12464163]
[1.9251636, 0.83633685, 0.9698255, 0.11900128]
[1.8965586, 0.93081, 0.8524027, 0.11334595]
[1.8399073, 0.65169716, 1.0649557, 0.123254366]
[2.1538992, 1.2286042, 0.82373464, 0.101560414]
[1.9649185, 0.8853778, 0.9808797, 0.098660916]
[1.8055725, 0.9259502, 0.77245575, 0.10716655]
[1.8083344, 1.0349176, 0.65644693, 0.11696988]
[1.5991907, 0.77995074, 0.71497536, 0.10426456]
[1.666081, 0.77071095, 0.77153957, 0.12383041]
[1.924579, 0.8825482, 0.91703874, 0.12499199]
[2.0603914, 1.0688426, 0.87222147, 0.11932726]
[1.8256524, 0.883592, 0.82167566, 0.12038474]
[1.956397, 0.6578679, 1.189715, 0.10881416]
[1.8475101, 0.80654395, 0.9203683, 0.12059785]
[2.101368, 1.0104091, 0.98891366, 0.1020453]
[1.8909199, 0.8643848, 0.9186413, 0.107893825]
[1.8651276, 0.95532787, 0.8175886, 0.09221097]
[1.8532126, 0.8405777, 0.91917044, 0.093464345]
[1.6737312, 0.8543677, 0.7290744, 0.090289064]
[2.0292735, 0.87142503, 1.0505052, 0.10734323]
[1.8859693, 0.9185551, 0.8673804, 0.10003383]
[1.7574756, 0.8092462, 0.84505475, 0.103174746]
[1.850424, 0.9038676, 0.84592295, 0.10063349]
[1.8244635, 0.81245995, 0.9114034, 0.10060015]
[1.935976, 1.1042476, 0.74407226, 0.087656304]
[1.8043466, 0.8475244, 0.8619167, 0.09490541]
[1.8225995, 0.7662833, 0.9524101, 0.10390616]
[1.9125417, 0.8152143, 1.0012467, 0.096080825]
[1.8193175, 0.80116135, 0.9174401, 0.10071604]
[1.7390556, 0.80371046, 0.8316872, 0.103658006]
[1.6119217, 0.7932511, 0.7125699, 0.10610065]
[1.9150608, 0.7842536, 1.0138919, 0.116915196]
[1.8364583, 1.0041416, 0.7338892, 0.09842757]
[1.8057408, 0.87131244, 0.8203243, 0.11410406]
[1.8445574, 0.92683375, 0.81384027, 0.10388334]
[1.8922913, 0.74491936, 1.0317645, 0.115607545]
[1.8022625, 0.7512983, 0.9407003, 0.11026395]
[1.7356075, 0.9388397, 0.67879915, 0.11796871]
[1.864685, 0.8945877, 0.8452569, 0.12484054]
[1.7884699, 0.80114174, 0.8810102, 0.10631795]
[1.5497441, 0.76723397, 0.66867054, 0.113839604]
[1.9365724, 0.796715, 1.0162721, 0.12358537]
[1.9478604, 1.0489063, 0.7791668, 0.11978717]
[1.6079721, 0.6713942, 0.8294507, 0.107127234]
[1.6274434, 0.83712083, 0.6733569, 0.11696564]
[1.7497015, 0.8217382, 0.80602264, 0.12194056]
[1.87316, 0.8433869, 0.9021192, 0.12765391]
[1.9675336, 0.82373595, 1.0245235, 0.11927417]
[1.6680824, 0.7475126, 0.7963129, 0.124256834]
[1.6568835, 0.80633295, 0.730626, 0.11992457]
[1.7680509, 0.6707005, 0.97301567, 0.1243348]
[1.6195155, 0.59337544, 0.89222294, 0.13391718]
[1.9385334, 0.8968465, 0.9132334, 0.12845357]
[2.108265, 1.1621696, 0.81203294, 0.13406244]
[1.6845131, 0.73899335, 0.8278718, 0.117647946]
[1.948324, 0.97412527, 0.85332507, 0.12087372]
[2.0789611, 1.0578152, 0.89277726, 0.12836865]
[1.7255914, 0.58233076, 1.0348572, 0.108403444]
[1.9697951, 1.0718853, 0.783496, 0.11441369]
[1.7114488, 0.8559216, 0.74771214, 0.107815]
[1.6352825, 0.8235721, 0.6947407, 0.11696972]
[1.8719816, 0.677957, 1.0758195, 0.11820509]
[2.0752337, 0.92729354, 1.0245354, 0.123404734]
[2.01617, 1.0586712, 0.85070455, 0.10679416]
[1.9632496, 0.91851044, 0.9468918, 0.09784736]
[2.0198007, 0.87096775, 1.0500473, 0.09878565]
[1.7593614, 0.8613744, 0.7868732, 0.11111379]
[2.014115, 1.0631359, 0.85384625, 0.09713286]
[1.9476151, 0.99644005, 0.8501253, 0.10104972]
[1.9625418, 1.0289276, 0.8300254, 0.10358882]
[1.7300947, 0.7943963, 0.84156567, 0.09413263]
[1.745318, 0.9113859, 0.7379397, 0.095992476]
[1.8512448, 0.8625126, 0.89111567, 0.0976166]
[1.8619802, 0.92793417, 0.8338241, 0.100221865]
[1.8302597, 0.8467231, 0.8762822, 0.107254386]
[2.07613, 0.9877316, 0.980374, 0.1080243]
[1.8706295, 0.90309197, 0.87602794, 0.091509596]
[2.0061343, 1.0206251, 0.88518643, 0.10032274]
[1.8085326, 0.8027703, 0.9116338, 0.09412851]
[1.9052408, 1.0887274, 0.7141758, 0.10233763]
[2.0285583, 0.83718145, 1.1013968, 0.08997991]
[1.7087256, 0.8069991, 0.80607533, 0.09565118]
[1.8651731, 0.8201472, 0.9440977, 0.10092819]
[1.9521677, 0.97614324, 0.88584554, 0.09017901]
[1.739883, 0.8579408, 0.7859683, 0.095973864]
[1.7716184, 0.82346165, 0.8486689, 0.09948781]
[2.014534, 1.2651637, 0.64425063, 0.10511981]
[1.65259, 0.71560794, 0.8400776, 0.09690448]
[1.6551312, 0.83452034, 0.71620756, 0.104403414]
[1.7535328, 0.6720383, 0.9816965, 0.09979798]
[1.8730469, 1.0266159, 0.72709584, 0.11933516]
[1.7655498, 0.7901724, 0.87090915, 0.10446822]
[1.8063716, 0.90803784, 0.78223157, 0.116102114]
[1.7528955, 0.82998043, 0.8113558, 0.11155927]
[1.8828056, 1.0686626, 0.70114607, 0.11299686]
[1.7518795, 0.7685739, 0.85749495, 0.12581058]
[1.905379, 0.9217885, 0.8567581, 0.1268325]
[1.5992901, 0.8098199, 0.66819793, 0.121272296]
[1.5420357, 0.743806, 0.67669106, 0.12153869]
[1.7546858, 0.8684374, 0.7655733, 0.120675]
[2.0503907, 0.98829794, 0.9399991, 0.12209369]
[1.9847441, 0.9687639, 0.89163244, 0.12434772]
[1.709969, 0.7781468, 0.81535125, 0.11647104]
[1.9279054, 0.8710843, 0.9367783, 0.12004294]
[1.9465953, 0.94115686, 0.88717425, 0.118264176]
[1.8855147, 0.8781867, 0.89536846, 0.11195963]
[1.6697314, 0.7547961, 0.8036825, 0.11125275]
[1.8158842, 0.96198887, 0.7261224, 0.12777294]
[1.8675566, 0.9481324, 0.7872036, 0.1322205]
[1.7624104, 0.6900226, 0.9442813, 0.1281066]
[1.8127582, 1.0025262, 0.6679003, 0.14233172]
[1.8909601, 0.74848616, 1.0164955, 0.12597844]
[2.0061593, 1.0121536, 0.87847143, 0.11553435]
[2.000999, 0.9253746, 0.94725835, 0.12836604]
[1.6672126, 0.7724791, 0.77133715, 0.123396225]
[1.943777, 0.9478594, 0.86820805, 0.12770954]
[1.8735754, 0.7503196, 0.99807346, 0.12518233]
[1.8769773, 0.9829055, 0.7716853, 0.12238662]
[1.8220282, 0.75206774, 0.95172954, 0.11823083]
[1.7017736, 0.88172174, 0.70816493, 0.111887]
[1.6770525, 0.72501963, 0.83453715, 0.117495805]
[1.725888, 0.7015438, 0.89573336, 0.12861085]
[1.811996, 0.78907526, 0.8893922, 0.13352841]
[1.8897629, 0.7616627, 1.0032507, 0.12484939]
[1.6974623, 0.56930345, 1.0119884, 0.11617045]
[1.7782093, 0.8830981, 0.76583755, 0.12927367]
[1.8361075, 0.7795745, 0.9373051, 0.11922783]
[1.8003255, 0.7832761, 0.89142275, 0.12562665]
[1.844237, 0.9002305, 0.8097363, 0.13427006]
[1.9026309, 0.9603571, 0.82177347, 0.12050036]
[1.8200796, 0.84430796, 0.85868394, 0.11708756]
[1.963148, 0.8981025, 0.94109154, 0.12395397]
[1.6375543, 0.84312534, 0.6790675, 0.1153615]
[1.7983485, 0.8249262, 0.8359202, 0.13750207]
[1.9598613, 1.0011265, 0.84394985, 0.114784956]
[1.9422262, 0.8493253, 0.9726195, 0.1202814]
[1.7677587, 1.0423148, 0.6080828, 0.11736115]
[1.7947187, 0.8585695, 0.8366539, 0.099495426]
[1.8530627, 0.83535445, 0.8935275, 0.12418082]
[1.8234202, 0.85276085, 0.8614943, 0.10916506]
[1.7867099, 0.78878033, 0.8778719, 0.12005772]
[1.9581686, 0.9777056, 0.86089003, 0.119572945]
[1.817109, 0.7894156, 0.90883267, 0.11886071]
[1.8545259, 0.9740671, 0.7790072, 0.10145162]
[1.9198643, 0.8183882, 0.9816665, 0.1198095]
[1.8119242, 0.93955886, 0.7488626, 0.12350273]
[1.9021103, 0.8393611, 0.95391417, 0.10883504]
[1.7362976, 0.7574504, 0.8622473, 0.11659991]
[2.0155625, 1.0085819, 0.8867477, 0.12023302]
[1.782111, 0.8497493, 0.82325923, 0.10910244]
[1.6958325, 0.70726734, 0.87004125, 0.118523836]
[1.8395232, 0.71138465, 1.0079399, 0.12019859]
[1.7689286, 0.92759085, 0.72203004, 0.119307764]
[1.5379374, 0.82743484, 0.58976054, 0.12074203]
[1.8900243, 0.983112, 0.7816044, 0.12530793]
[1.7998455, 0.89461744, 0.7837031, 0.12152496]
[1.8480701, 0.7669341, 0.96527225, 0.11586375]
[1.808735, 0.9977869, 0.6780339, 0.13291423]
[1.6731477, 0.6279263, 0.9340675, 0.11115379]
[1.7818153, 0.90556455, 0.7345923, 0.14165837]
[1.9134192, 0.9185445, 0.85935926, 0.13551539]
[1.6881428, 0.69733703, 0.8591022, 0.13170356]
[2.180923, 0.9124328, 1.1285868, 0.13990343]
[1.8255069, 0.91344905, 0.7752874, 0.1367705]
[1.7710116, 0.83070916, 0.81382895, 0.12647337]
[1.7227188, 0.85962117, 0.717779, 0.14531863]
[2.0195065, 1.0051215, 0.88170516, 0.13267994]
[1.7889158, 0.83530736, 0.83962697, 0.11398135]
[1.857758, 0.966038, 0.77076083, 0.12095925]
[1.9863168, 0.8889487, 0.96491313, 0.13245504]
[1.7155678, 0.7782397, 0.8126548, 0.12467338]
[1.8473033, 0.8119757, 0.9189724, 0.11635518]
[1.658477, 0.8245019, 0.70129144, 0.13268366]
[1.8720311, 0.7600584, 0.98173004, 0.13024266]
[1.632569, 0.7849666, 0.7128874, 0.13471495]
[2.1830342, 0.8059255, 1.2553045, 0.12180427]
[1.6943885, 0.92187905, 0.66228926, 0.11022017]
[1.7086651, 0.93950886, 0.6447891, 0.12436728]
[1.8461992, 0.8346939, 0.88625115, 0.12525402]
[1.5987254, 0.6714394, 0.8151451, 0.11214097]
[1.7460886, 0.8137628, 0.80775523, 0.12457064]
[1.7634891, 0.84015524, 0.797784, 0.1255499]
[1.7312545, 0.7486594, 0.8447733, 0.13782181]
[1.6963531, 0.75246876, 0.81204396, 0.13184038]
[1.7426076, 0.8526857, 0.7238026, 0.1661193]
[1.9034789, 0.715549, 1.0486372, 0.13929275]
[1.7616546, 0.8496183, 0.76944077, 0.14259556]
[1.8605709, 1.0243716, 0.6914555, 0.14474386]
[1.8677801, 0.76934445, 0.95231426, 0.14612138]
[1.8279493, 0.9322347, 0.7543553, 0.14135936]
[1.9695334, 0.9017938, 0.934736, 0.13300373]
[1.7635983, 0.7263589, 0.9205791, 0.11666033]
[1.9389637, 0.9070289, 0.9002027, 0.13173193]
[1.9364634, 0.9002912, 0.90871644, 0.12745574]
[1.8072644, 0.95605594, 0.728353, 0.12285559]
[1.7466359, 0.8803722, 0.7335097, 0.13275394]
[1.853026, 0.90910023, 0.81950545, 0.12442031]
[1.6851419, 0.68983537, 0.8807937, 0.114512786]
[1.7348399, 0.97515535, 0.62636536, 0.13331914]
[2.150203, 1.0895654, 0.92806256, 0.13257506]
[1.6987972, 0.6851759, 0.89789623, 0.11572502]
[1.8543329, 0.9626988, 0.7612222, 0.13041191]
[1.7239605, 0.790611, 0.8109728, 0.122376725]
[1.8713342, 0.744981, 1.0014508, 0.1249024]
[1.7081288, 0.79142225, 0.79188395, 0.12482263]
[1.7084566, 0.8908876, 0.68923634, 0.12833276]
[1.7611274, 0.86315787, 0.78169763, 0.11627188]
[1.9786143, 0.9620822, 0.8803419, 0.13619012]
[1.8229214, 0.71825486, 0.9724692, 0.1321973]
[1.9246706, 0.99923146, 0.7919047, 0.13353443]
[1.7362894, 0.75914156, 0.8473977, 0.12975016]
[2.003063, 0.9276483, 0.9479568, 0.1274579]
[1.8385559, 0.7737895, 0.9355021, 0.12926425]
[1.8699934, 0.88721985, 0.8504469, 0.13232669]
[1.7777671, 0.8379653, 0.8226924, 0.11710937]
[1.578884, 0.68361014, 0.7587579, 0.136516]
[1.8482028, 0.81552994, 0.896502, 0.13617088]
[1.8311242, 0.85494316, 0.8405747, 0.13560638]
[1.8589952, 0.97918606, 0.7473732, 0.13243596]
[1.731879, 0.72351694, 0.88379997, 0.124562085]
[1.8767264, 0.9510889, 0.786377, 0.13926059]
[1.9915752, 0.9181013, 0.9337411, 0.13973287]
[2.0360663, 0.8889828, 1.0222586, 0.12482489]
[1.7394481, 0.8912965, 0.7244749, 0.12367662]
[1.797266, 0.8387722, 0.8398643, 0.118629426]
[1.8777316, 0.826152, 0.9283668, 0.123212755]
[2.0201254, 0.83199227, 1.0712179, 0.116915315]
[1.9866086, 0.8950243, 0.980719, 0.11086536]
[1.8944492, 0.975341, 0.80389345, 0.115214765]
[1.9495137, 0.98836863, 0.84881544, 0.11232957]
[2.0394444, 0.8873815, 1.0456283, 0.10643464]
[1.7931082, 0.8412304, 0.84277856, 0.10909931]
[1.953655, 0.94872177, 0.89714336, 0.10778984]
[1.8693491, 0.80075425, 0.9647012, 0.10389361]
[1.8990549, 0.84280723, 0.9565043, 0.099743396]
[1.7959392, 0.85402656, 0.8458885, 0.09602414]
[1.8569275, 0.93750954, 0.817134, 0.10228396]
[1.7577133, 0.8969339, 0.76052403, 0.10025534]
[1.7708611, 0.7879033, 0.87329215, 0.109665595]
[1.7806861, 0.85161924, 0.8110378, 0.11802916]
[1.9572656, 0.7699031, 1.0875496, 0.09981303]
[1.802803, 0.7613498, 0.9065025, 0.13495071]
[1.9228024, 0.9582362, 0.84748423, 0.117082044]
[1.7440892, 0.6667448, 0.9692186, 0.108125836]
[1.9543198, 0.8012202, 1.0359194, 0.11718025]
[1.9243618, 1.1056718, 0.7097282, 0.10896198]
[1.7086132, 0.73331, 0.86724067, 0.10806255]
[1.7701511, 0.92753375, 0.7386061, 0.10401128]
[1.8014951, 0.7922407, 0.9024933, 0.10676116]
[1.7224325, 0.7589456, 0.84906125, 0.114425674]
[1.7041467, 0.9861494, 0.5925174, 0.12548006]
[2.0353642, 0.8721896, 1.0435063, 0.119668126]
[1.6060312, 0.75826997, 0.73096144, 0.1167998]
[1.7726681, 0.8547486, 0.7996637, 0.118255824]
[2.1049998, 0.9689734, 1.0074759, 0.12855044]
[2.1025503, 1.0532932, 0.92950344, 0.11975353]
[1.8625269, 1.0584446, 0.70508313, 0.09899911]
[1.7993126, 0.60867316, 1.0851734, 0.10546609]
[1.699636, 0.8823303, 0.70422274, 0.11308284]
[1.9593885, 1.1242477, 0.72269046, 0.11245042]
[1.701787, 0.7528332, 0.8523273, 0.09662646]
