[1.9674402, 0.8537405, 1.009435, 0.104264624]
[1.8082823, 0.7494838, 0.94133914, 0.11745928]
[1.9241298, 0.8585503, 0.94342065, 0.1221589]
[1.7369212, 0.81423366, 0.8054733, 0.11721422]
[1.892204, 0.94295806, 0.8309146, 0.11833149]
[1.6836431, 0.88065267, 0.6989721, 0.104018286]
[1.846778, 0.880905, 0.85099167, 0.114881404]
[1.649234, 0.82795584, 0.6978947, 0.123383485]
[1.844817, 0.6672368, 1.0522223, 0.12535799]
[1.8776466, 1.115431, 0.6503035, 0.11191209]
[1.9701577, 0.8008341, 1.0514978, 0.11782583]
[1.8395376, 0.80110097, 0.91539043, 0.1230461]
[1.8759744, 0.98307157, 0.7771977, 0.1157051]
[1.6035424, 0.7529767, 0.7309638, 0.11960184]
[2.005612, 1.0469084, 0.8434153, 0.1152882]
[1.7480648, 0.8944703, 0.7328776, 0.12071678]
[2.0296788, 1.1228411, 0.79478645, 0.11205133]
[1.9278318, 0.6607735, 1.1552761, 0.11178219]
[1.9813105, 1.1495514, 0.7172786, 0.11448045]
[2.000855, 0.9716997, 0.9304365, 0.09871868]
[1.9933673, 0.9186481, 0.98215145, 0.09256777]
[1.7250555, 0.7988212, 0.8359381, 0.0902962]
[1.9251112, 0.85743594, 0.9590307, 0.10864462]
[2.0031486, 0.7320988, 1.1768768, 0.0941729]
[1.7216699, 0.9382891, 0.6953754, 0.088005394]
[1.7513074, 0.9099939, 0.7314731, 0.10984035]
[1.8566492, 0.77313364, 0.97544074, 0.108074725]
[1.7257036, 0.71584964, 0.912902, 0.09695193]
[1.7888616, 1.0140729, 0.6648031, 0.10998566]
[1.7629303, 0.8228842, 0.8342454, 0.10580073]
[1.7950081, 0.64093333, 1.0413117, 0.11276304]
[1.7622482, 0.764622, 0.8968917, 0.10073446]
[1.8231252, 0.8633231, 0.8454654, 0.11433668]
[1.8580081, 0.9062399, 0.84093577, 0.11083244]
[1.9154239, 1.0150057, 0.77660394, 0.12381419]
[1.8082533, 0.8733587, 0.8193897, 0.115504816]
[1.7920551, 0.77142626, 0.90772676, 0.11290211]
[1.9501616, 1.0320735, 0.8046276, 0.11346044]
[1.8466314, 0.8322867, 0.898083, 0.11626171]
[1.7694964, 0.7877171, 0.87214, 0.10963939]
[1.8601489, 0.793775, 0.95263803, 0.113735914]
[1.870537, 1.028967, 0.72811717, 0.11345288]
[1.7267663, 0.75009114, 0.85759276, 0.11908243]
[2.0963767, 0.96063423, 1.0266695, 0.10907303]
[1.734628, 0.78631675, 0.8372508, 0.111060336]
[1.7521026, 0.9231175, 0.7173836, 0.11160143]
[1.8071957, 0.80993474, 0.8785181, 0.11874287]
[1.9321189, 0.8565073, 0.9600141, 0.11559746]
[1.7991903, 1.0155625, 0.6732256, 0.11040208]
[2.243634, 0.9221175, 1.2145133, 0.10700316]
[1.860001, 0.981083, 0.7790105, 0.09990753]
[1.5958674, 0.85523796, 0.63770676, 0.10292273]
[1.9136614, 0.97578305, 0.82967854, 0.1081997]
[1.972852, 0.86437607, 0.9933115, 0.11516446]
[1.910966, 0.80037725, 1.0028838, 0.10770504]
[1.84204, 0.77849936, 0.9461093, 0.1174313]
[2.1198845, 1.1021006, 0.9129478, 0.10483587]
[1.8174608, 0.9577026, 0.7515433, 0.108214796]
[1.9310101, 0.68009543, 1.1365733, 0.11434138]
[1.7425575, 0.8307368, 0.81423426, 0.097586334]
[1.9358058, 0.96102536, 0.87057924, 0.10420115]
[1.8264669, 0.9039928, 0.8165624, 0.1059117]
[1.744597, 0.7975606, 0.8474598, 0.099576615]
[1.8925468, 0.8409557, 0.9333765, 0.118214615]
[2.006779, 0.93188876, 0.9617683, 0.11312188]
[1.8314146, 0.8636438, 0.8625139, 0.105256885]
[1.8295158, 0.90607786, 0.82279855, 0.10063945]
[1.8146678, 0.828318, 0.88744557, 0.09890422]
[1.8835986, 0.89975417, 0.87767464, 0.10616973]
[1.9567027, 0.9279158, 0.9242677, 0.10451907]
[1.8076866, 0.7763046, 0.93455756, 0.09682441]
[1.6990522, 0.8868775, 0.7075206, 0.10465416]
[1.912975, 0.8643131, 0.94592535, 0.10273646]
[2.0149808, 1.2487755, 0.66510427, 0.101101145]
[1.9707456, 0.9780098, 0.8900573, 0.10267836]
[1.7444007, 0.75285184, 0.90429926, 0.087249696]
[1.8532242, 1.0681641, 0.67957896, 0.10548107]
[1.9382968, 1.0781034, 0.7557987, 0.104394615]
[1.7665869, 0.90270376, 0.77226204, 0.09162107]
[1.6537862, 0.6145353, 0.9444601, 0.09479079]
[2.0353682, 1.0489658, 0.8801267, 0.106275596]
[1.9079261, 0.86407006, 0.9355711, 0.10828489]
[1.9184552, 1.0152092, 0.8015751, 0.101670854]
[1.8396847, 0.9233345, 0.81820536, 0.0981449]
[2.087427, 1.0147003, 0.9710412, 0.10168532]
[1.7750865, 0.85496867, 0.83911777, 0.08100011]
[1.7193533, 0.70094514, 0.921463, 0.09694514]
[1.764681, 0.8589786, 0.8144764, 0.09122598]
[1.8273985, 0.8285062, 0.9074998, 0.091392525]
[1.7065499, 0.78945875, 0.82135177, 0.095739424]
[1.938776, 0.9580853, 0.8706906, 0.11000009]
[1.9594897, 0.8931705, 0.96099377, 0.105325475]
[1.7898651, 0.86579156, 0.82304144, 0.10103212]
[1.6820949, 0.9334768, 0.6537488, 0.0948693]
[1.8364118, 0.8171233, 0.9165499, 0.102738634]
[1.9348123, 0.7868359, 1.0373757, 0.11060065]
[1.8259672, 0.9316191, 0.78192306, 0.112424925]
[1.7773777, 0.7950319, 0.8799182, 0.1024276]
[1.6954151, 0.8333645, 0.7613099, 0.10074082]
[1.8224038, 0.9252703, 0.7828256, 0.1143079]
[1.7400988, 0.69579005, 0.9334687, 0.1108401]
[1.720497, 0.927019, 0.67020875, 0.12326923]
[1.8126959, 0.8571904, 0.8304631, 0.12504233]
[2.204003, 1.0299232, 1.0574672, 0.116612665]
[2.0169992, 0.88224036, 1.0223956, 0.11236324]
[1.7609191, 0.70094365, 0.95653147, 0.10344395]
[1.6406124, 0.8244698, 0.71327794, 0.102864645]
[1.8979468, 0.9369441, 0.8465795, 0.114423335]
[2.0355525, 0.99139893, 0.92568016, 0.118473485]
[1.9631442, 0.8456621, 1.005177, 0.11230502]
[1.7756857, 0.7118029, 0.949903, 0.11397972]
[1.9867718, 1.0335007, 0.8360524, 0.11721875]
[1.8461139, 0.70603704, 1.0256099, 0.11446707]
[1.8000298, 0.82915443, 0.855925, 0.114950284]
[1.8272433, 0.84225065, 0.88010633, 0.10488634]
[1.763485, 0.8317544, 0.81965595, 0.11207463]
[1.8623097, 0.6211806, 1.1273241, 0.11380506]
[1.6890342, 0.9599527, 0.62501276, 0.10406874]
[1.6577245, 0.7059472, 0.8382722, 0.11350499]
[1.7086332, 0.9053829, 0.6789226, 0.124327615]
[1.7299796, 0.70610183, 0.8914085, 0.1324693]
[1.7337368, 0.9245528, 0.6850804, 0.12410353]
[1.8143392, 0.90307176, 0.79151297, 0.11975439]
[1.9294393, 0.7552067, 1.0515978, 0.12263471]
[2.0191088, 0.8666501, 1.0140555, 0.13840315]
[1.8395743, 1.0593634, 0.6557306, 0.12448034]
[1.9900985, 0.9785279, 0.88663155, 0.12493901]
[1.9329721, 0.9817527, 0.8399489, 0.11127059]
[1.874708, 0.73691964, 1.0314183, 0.10637012]
[1.84453, 0.89156586, 0.8325592, 0.12040481]
[1.7914797, 0.73742586, 0.9457701, 0.10828371]
[1.9788805, 0.95801514, 0.914108, 0.10675736]
[1.8747708, 0.79140526, 0.9634954, 0.11987005]
[1.9143319, 1.0314184, 0.7827541, 0.10015937]
[1.7640321, 0.69945467, 0.95335805, 0.11121942]
[1.9141741, 1.0184362, 0.7802923, 0.11544557]
[1.8623838, 0.84380347, 0.9043112, 0.11426922]
[1.9943378, 0.773995, 1.1107384, 0.10960439]
[1.7312146, 1.0682456, 0.5503249, 0.11264408]
[1.7716511, 0.71091235, 0.94791025, 0.11282864]
[1.7079037, 0.71360314, 0.8880579, 0.1062428]
[1.944483, 1.0378865, 0.80265355, 0.103943005]
[1.8300593, 0.82061416, 0.88816047, 0.12128477]
[1.5818472, 0.72289014, 0.746929, 0.11202807]
[1.9263974, 0.8188871, 0.98381215, 0.12369813]
[1.5751058, 0.82362294, 0.640115, 0.11136778]
[2.0218413, 0.8835612, 1.0057063, 0.13257386]
[1.8323331, 0.78095144, 0.9436104, 0.10777115]
[1.9432484, 0.80327153, 1.0273147, 0.11266224]
[1.8899235, 0.92837125, 0.8414043, 0.12014784]
[1.7578067, 0.76088744, 0.8762532, 0.12066599]
[1.856455, 0.8973051, 0.8336977, 0.12545212]
[1.7890038, 0.894593, 0.7611154, 0.13329554]
[1.8262926, 0.76980364, 0.9425577, 0.11393131]
[1.8978357, 1.0802046, 0.6951724, 0.12245865]
[1.6007504, 0.7404022, 0.7486671, 0.11168106]
[1.8359926, 0.85970736, 0.85453343, 0.12175174]
[1.7811657, 0.87248474, 0.77099466, 0.1376864]
[1.847693, 0.8811336, 0.83913594, 0.12742344]
[1.996476, 1.0561861, 0.82097864, 0.119311385]
[2.0070052, 0.7530341, 1.1392295, 0.11474168]
[1.8022686, 1.020302, 0.6690283, 0.112938255]
[1.985839, 0.95676255, 0.9091049, 0.11997168]
[1.71216, 0.8214629, 0.76884353, 0.12185347]
[1.9578763, 0.9007429, 0.9401623, 0.11697118]
[1.8307892, 0.9310434, 0.78399885, 0.11574702]
[1.940774, 0.920473, 0.9030655, 0.117235415]
[1.9675355, 0.9954127, 0.85508645, 0.11703634]
[1.7615708, 0.73573595, 0.9176886, 0.10814636]
[1.8233194, 0.8859189, 0.84524894, 0.09215163]
[1.8009368, 0.845935, 0.8384543, 0.11654742]
[1.9448104, 1.0078448, 0.82496196, 0.11200361]
[1.8906854, 0.88682985, 0.8927928, 0.11106281]
[1.8129462, 0.7779212, 0.9290031, 0.10602186]
[1.7656109, 0.7362793, 0.9146844, 0.114647195]
[1.8427815, 0.8750628, 0.8577091, 0.1100097]
[1.759082, 0.7714001, 0.8785516, 0.10913021]
[1.7328868, 0.62601775, 0.9987737, 0.10809542]
[1.7480028, 0.919459, 0.7144873, 0.11405646]
[1.7724432, 0.6570613, 1.0115259, 0.10385595]
[1.7287349, 0.78444296, 0.84126353, 0.10302845]
[1.7832608, 0.82092047, 0.8420089, 0.12033157]
[1.8860621, 0.9616005, 0.7979273, 0.12653434]
[1.8581734, 0.85722315, 0.8786603, 0.12228994]
[1.8817534, 0.90127337, 0.8532002, 0.12727986]
[1.9003214, 0.85200715, 0.92914796, 0.11916621]
[1.8699166, 0.81173366, 0.95256615, 0.10561674]
[1.6618462, 0.8022509, 0.7349854, 0.12460989]
[2.1303413, 0.8422258, 1.1670599, 0.12105563]
[1.8219669, 1.0112159, 0.70134985, 0.10940106]
[1.974797, 1.0461748, 0.8044152, 0.124207035]
[1.8177142, 0.72532445, 0.9801628, 0.11222691]
[1.8747727, 1.0124642, 0.7358091, 0.1264994]
[2.0105119, 1.072412, 0.83121663, 0.10688332]
[1.8467417, 0.7591404, 0.9803562, 0.10724515]
[1.7432195, 0.9069665, 0.7265787, 0.1096743]
[1.8344175, 0.9652437, 0.76145583, 0.10771792]
[1.9054297, 1.0544446, 0.7385632, 0.11242194]
[1.7348197, 0.8555536, 0.783287, 0.09597903]
[1.8299192, 0.8335744, 0.89045537, 0.10588947]
[1.9459865, 0.88033605, 0.9612814, 0.10436908]
[1.696625, 0.7744436, 0.82226527, 0.099916086]
[1.8374943, 1.0343921, 0.69687736, 0.10622482]
[1.6519973, 0.8328899, 0.7031275, 0.11597987]
[1.7003853, 0.7771903, 0.8104685, 0.11272651]
[1.7843341, 0.86495996, 0.799453, 0.11992113]
[1.7281646, 0.8623929, 0.7385813, 0.12719034]
[1.8698661, 1.0224704, 0.7170384, 0.13035734]
[1.9307929, 0.9340951, 0.87599134, 0.120706394]
[1.7863609, 0.84549344, 0.82058436, 0.12028302]
[1.5898595, 0.62144434, 0.84540325, 0.12301184]
[1.7486166, 0.877217, 0.74103737, 0.13036212]
[1.7624394, 0.58494097, 1.0479611, 0.12953725]
[1.8334914, 1.0210536, 0.68756783, 0.12487002]
[1.8979081, 0.7559778, 0.9969308, 0.1449995]
[1.8362467, 0.83985627, 0.8695606, 0.12682983]
[1.8033128, 0.7552272, 0.9145184, 0.1335671]
[1.7145473, 0.8461064, 0.7294853, 0.13895556]
[2.036917, 0.70887876, 1.1854146, 0.14262356]
[1.7701495, 0.9449694, 0.68988895, 0.13529108]
[2.1217709, 0.88403165, 1.1108582, 0.12688106]
[1.9002851, 0.95276916, 0.82131857, 0.12619749]
[2.0411518, 0.833421, 1.0935636, 0.11416714]
[1.7980272, 0.9116703, 0.7760614, 0.11029543]
[2.0141976, 0.88848037, 1.0094833, 0.1162339]
[1.7703534, 0.8545084, 0.7996279, 0.1162171]
[2.1298685, 0.9623456, 1.0460821, 0.121440895]
[1.9869361, 1.1233839, 0.7577982, 0.10575406]
[1.7556696, 0.74054193, 0.903973, 0.11115462]
[1.6260375, 0.71430415, 0.80441463, 0.107318774]
[2.0196593, 1.1253252, 0.7779568, 0.11637746]
[1.813679, 0.80619925, 0.89215946, 0.115320146]
[1.760004, 0.7398001, 0.9090654, 0.11113852]
[1.7512772, 0.8077221, 0.82871324, 0.11484195]
[1.8826764, 0.8259047, 0.94402456, 0.11274703]
[1.79783, 0.85002685, 0.83962923, 0.10817392]
[2.0155394, 1.1005197, 0.80645454, 0.108565226]
[1.7660567, 0.8050195, 0.8606983, 0.10033883]
[1.8395901, 0.7583662, 0.97277427, 0.10844958]
[1.709089, 0.91272074, 0.69368196, 0.1026864]
[1.9135748, 0.79450953, 1.0119457, 0.10711957]
[1.6165557, 0.7576175, 0.7469994, 0.111938775]
[1.8349959, 0.8068013, 0.9041405, 0.12405406]
[1.8780432, 0.76389736, 0.9971705, 0.11697532]
[1.6817162, 0.8077235, 0.73867404, 0.13531858]
[1.8689768, 1.0184796, 0.7276763, 0.12282101]
[1.8885598, 0.8795041, 0.88017905, 0.12887672]
[1.8167747, 0.84817827, 0.8531238, 0.11547263]
[1.6498015, 0.6539858, 0.8706466, 0.1251691]
[1.80757, 1.0401181, 0.6414149, 0.12603703]
[1.7558801, 0.70837224, 0.9296068, 0.11790106]
[1.9748458, 0.83629256, 1.0132955, 0.12525761]
[1.8234534, 1.018648, 0.6682434, 0.136562]
[1.6994202, 0.80689526, 0.76627743, 0.12624756]
[1.9174702, 0.8862897, 0.91361547, 0.117565066]
[1.805883, 0.86046237, 0.8310165, 0.11440419]
[1.9242699, 0.8206521, 0.97726566, 0.12635203]
[1.7393377, 0.88034135, 0.74194837, 0.11704801]
[1.7954508, 0.75095457, 0.93476987, 0.109726295]
[1.5004196, 0.62437, 0.7686821, 0.10736754]
[2.1044168, 1.2358603, 0.7368809, 0.13167551]
[1.9541814, 1.048754, 0.7902035, 0.11522386]
[1.9593365, 0.8290627, 1.0035892, 0.12668473]
[1.6442677, 0.6632912, 0.87692887, 0.10404761]
[1.9510409, 1.052009, 0.7750467, 0.123985216]
[1.7371075, 0.88308, 0.742779, 0.11124845]
[1.5017661, 0.67097366, 0.72721916, 0.10357315]
[1.9277709, 0.8493785, 0.9589564, 0.119435884]
[1.8233044, 0.97998524, 0.718747, 0.12457222]
[1.8496618, 0.77799416, 0.95402366, 0.11764413]
[1.8941289, 0.88959205, 0.89920646, 0.10533033]
[1.8054022, 0.9130275, 0.7750993, 0.117275394]
[1.8462982, 0.9537171, 0.77134895, 0.1212321]
[1.7352351, 0.69828594, 0.91343784, 0.123511344]
[1.4132835, 0.71374327, 0.58568275, 0.1138574]
[2.0996115, 1.1486866, 0.8189777, 0.13194723]
[1.6556718, 0.6657429, 0.856599, 0.13332994]
[1.7757496, 0.7761582, 0.8765751, 0.12301625]
[1.683761, 0.67410076, 0.8844985, 0.1251618]
[1.7459558, 0.87728, 0.73871434, 0.12996149]
[1.8861287, 0.74870753, 1.012316, 0.12510517]
[1.8009456, 0.7896566, 0.86310166, 0.1481874]
[2.2674904, 0.85189253, 1.2805732, 0.13502462]
[1.9716873, 0.9235058, 0.9248143, 0.12336727]
[1.8968482, 0.9718084, 0.8120422, 0.11299765]
[1.6515331, 0.7145978, 0.8203846, 0.11655065]
[1.8932086, 0.9214375, 0.8456681, 0.12610307]
[1.6381919, 0.7902816, 0.7176263, 0.13028413]
[1.893662, 0.7914479, 0.9763868, 0.12582728]
[1.9017844, 0.8966105, 0.8851248, 0.12004918]
[1.926306, 0.956501, 0.8551856, 0.114619404]
[1.9049658, 0.8306694, 0.9512502, 0.12304613]
[1.9115031, 0.7273741, 1.0670545, 0.117074445]
[1.9314015, 1.010983, 0.7966558, 0.12376269]
[1.9631679, 0.99342436, 0.8407256, 0.12901796]
[1.894352, 1.0773759, 0.7014165, 0.11555958]
[1.879142, 0.8851948, 0.8851165, 0.10883074]
[1.7730151, 0.87043, 0.79750985, 0.105075225]
[1.7660116, 0.8160732, 0.8438083, 0.10613012]
[1.7795323, 0.7980437, 0.87093985, 0.110548705]
[1.8680683, 1.0155041, 0.747113, 0.10545118]
[1.8844806, 0.86804354, 0.90029407, 0.116142996]
[1.9404954, 1.0757945, 0.76007754, 0.10462346]
[1.9699261, 0.85529625, 1.0053784, 0.10925153]
[1.991648, 0.9761772, 0.905648, 0.109822705]
[2.0608966, 0.8783833, 1.0755451, 0.106968224]
[1.8975862, 0.8565084, 0.9349607, 0.10611708]
[1.8011265, 0.81182146, 0.8880972, 0.1012077]
[1.8439372, 0.8238578, 0.9185567, 0.10152273]
[1.7531464, 0.8309238, 0.8306817, 0.09154096]
[1.994346, 0.94704294, 0.93666404, 0.110638976]
[1.9315004, 1.000597, 0.8329701, 0.0979333]
[1.9750789, 0.84391737, 1.0364399, 0.09472165]
[1.9669429, 1.0048435, 0.8617321, 0.10036736]
[1.9778037, 0.8429265, 1.043644, 0.09123324]
[1.8120915, 0.97392094, 0.7457483, 0.09242224]
[1.9135289, 0.7772138, 1.0495489, 0.086766295]
[1.8447472, 0.86705935, 0.8822894, 0.095398426]
[1.7493238, 0.765553, 0.89098334, 0.09278755]
[1.758927, 0.65953153, 0.99867225, 0.10072317]
[1.7335216, 0.8157847, 0.8122156, 0.10552137]
[1.8327278, 0.7489541, 0.9762373, 0.107536405]
[1.8927081, 0.9350418, 0.8468209, 0.11084537]
[1.8066348, 0.95435804, 0.7508189, 0.10145779]
[1.961844, 0.8753747, 0.9726756, 0.11379359]
[1.9021412, 0.79620063, 1.0141739, 0.09176668]
[1.6237383, 0.94531775, 0.5743941, 0.10402643]
[1.8579795, 0.89795303, 0.86143047, 0.098596156]
[1.9892269, 1.0390399, 0.8499652, 0.10022187]
[1.9424254, 1.0101728, 0.8317599, 0.10049264]
[1.9175605, 0.8544546, 0.96696925, 0.09613665]
[1.8094217, 0.84187376, 0.8596132, 0.10793476]
[1.7486284, 0.78220177, 0.8628657, 0.10356094]
[1.9799095, 0.8256689, 1.0492927, 0.10494794]
[1.7508943, 0.7824472, 0.8803188, 0.088128276]
[1.7626367, 0.80244416, 0.8573833, 0.102809206]
[1.9111392, 0.8926792, 0.9169927, 0.10146741]
[1.922157, 0.831472, 0.97511125, 0.11557383]
[1.8438736, 0.914688, 0.8291271, 0.10005854]
[1.7869341, 0.82203007, 0.86207455, 0.10282946]
[1.8533186, 0.9689148, 0.78066134, 0.10374253]
[1.6806093, 0.8306927, 0.73726934, 0.11264724]
[1.832227, 0.77766395, 0.950032, 0.1045311]
[1.950242, 0.9430462, 0.88596857, 0.12122728]
[1.805368, 0.9547683, 0.74315226, 0.10744733]
[1.8136157, 0.7362976, 0.97133946, 0.105978556]
[1.9755511, 1.0103878, 0.85303146, 0.112131804]
[1.8370965, 0.9798807, 0.74887156, 0.10834414]
[1.8391641, 0.89830947, 0.83547115, 0.1053835]
[1.7678626, 0.71662414, 0.94896376, 0.10227463]
[1.804812, 0.9888826, 0.71693265, 0.09899658]
[1.8852876, 0.98622906, 0.78425395, 0.114804596]
[2.0363195, 0.9973619, 0.93021894, 0.10873873]
[1.7166681, 0.758211, 0.86194766, 0.09650948]
[1.8728948, 1.0230212, 0.7459016, 0.10397196]
[1.8526856, 0.98519516, 0.76208067, 0.10540972]
[1.8381382, 0.772198, 0.95960355, 0.10633667]
[2.0200756, 0.83416873, 1.0896895, 0.096217334]
[1.8065494, 0.8842948, 0.82266146, 0.09959312]
[1.8491445, 0.9286994, 0.8207931, 0.09965203]
[1.8189659, 0.9371619, 0.7775743, 0.104229696]
[1.7904043, 0.79349625, 0.9001712, 0.0967369]
[1.909573, 0.7847464, 1.0076524, 0.11717419]
[1.8422853, 0.9094137, 0.8217994, 0.11107218]
[1.9007576, 0.8472322, 0.94545627, 0.10806911]
[1.7375325, 0.93188214, 0.6970402, 0.10861013]
[1.7057515, 0.8378773, 0.759199, 0.10867526]
[1.8045644, 0.83888835, 0.8627549, 0.10292113]
[1.82362, 0.8815946, 0.83515954, 0.10686575]
[1.8302457, 0.65606356, 1.0468948, 0.12728736]
[1.8103448, 0.8230747, 0.86743516, 0.11983502]
[2.0148773, 0.8925736, 1.0066783, 0.11562547]
[1.7178547, 0.810727, 0.7863866, 0.12074115]
[1.8200387, 0.72805405, 0.97469866, 0.11728592]
[1.8992729, 1.0339676, 0.74864984, 0.116655424]
[1.7379365, 0.8900647, 0.7470418, 0.100829944]
[1.992759, 0.7545262, 1.1166306, 0.12160231]
[1.8062217, 0.75867474, 0.9448736, 0.102673426]
[1.9354903, 0.9516233, 0.87538093, 0.10848606]
[1.7361361, 0.72230405, 0.9029063, 0.11092581]
[1.8839685, 0.9427748, 0.82538736, 0.11580631]
[1.7940615, 0.84069526, 0.83162355, 0.12174271]
[1.8225367, 0.9370141, 0.7758924, 0.10963023]
[1.8144966, 0.7920052, 0.9134369, 0.10905458]
[1.9256406, 0.9769111, 0.83502966, 0.11369982]
[1.6615733, 0.83768535, 0.71312904, 0.11075893]
[1.8991753, 0.7652759, 1.0236818, 0.110217676]
[1.9129039, 0.8766762, 0.92357934, 0.11264832]
[1.81057, 0.88732123, 0.8071867, 0.116062105]
[1.7013247, 0.7075255, 0.88138485, 0.112414405]
[2.1469047, 0.95176715, 1.0741549, 0.1209826]
[1.904736, 1.005516, 0.79366195, 0.10555803]
[1.8887732, 0.8575567, 0.9309075, 0.100308955]
[1.9078363, 1.0356635, 0.7635069, 0.10866598]
[1.7697775, 0.8139988, 0.8503036, 0.10547513]
[1.8891832, 0.96800584, 0.82117295, 0.10000436]
[1.7515453, 0.81483924, 0.83902013, 0.09768592]
[1.7851205, 0.7290152, 0.9451854, 0.11091995]
[1.904057, 0.95261985, 0.84489393, 0.10654333]
[1.8306756, 0.7805028, 0.93307966, 0.117093116]
[1.9282105, 1.1236587, 0.6929196, 0.11163229]
[1.9171491, 0.81013274, 1.0046128, 0.10240346]
[1.8513328, 0.842965, 0.9078642, 0.10050359]
[1.9799149, 0.9110004, 0.9651628, 0.10375172]
[1.8318228, 0.77269816, 0.9542994, 0.10482509]
[1.9815214, 0.9511852, 0.9278632, 0.102473]
[1.7827507, 1.0045614, 0.6756167, 0.10257258]
[1.945578, 0.8938284, 0.9589105, 0.09283917]
[1.9372306, 0.83991706, 1.0040388, 0.093274735]
[1.6814281, 0.8179952, 0.76858675, 0.094846085]
[1.8041501, 0.71881706, 0.97887224, 0.10646085]
[1.8922033, 0.975335, 0.8127262, 0.10414222]
[1.8093832, 0.89225566, 0.8178024, 0.09932508]
[1.7013748, 0.7216355, 0.87284136, 0.106897816]
[1.9554491, 0.88977253, 0.9527935, 0.112883046]
[1.8676726, 0.9158399, 0.8477036, 0.10412903]
[1.8144075, 0.8074832, 0.90650845, 0.10041577]
[1.786301, 0.9508766, 0.72836167, 0.10706265]
[1.9858776, 0.8626251, 1.0217106, 0.10154185]
[1.887737, 0.8843248, 0.89516175, 0.108250454]
[2.065145, 0.88175136, 1.0823662, 0.10102756]
[1.7787782, 0.7419383, 0.93274295, 0.104097016]
[1.8980206, 1.0590123, 0.7376564, 0.10135183]
[2.009061, 0.8859834, 1.0181333, 0.10494456]
[1.758144, 0.8173964, 0.8289397, 0.11180793]
[1.9963816, 1.0162157, 0.888563, 0.09160291]
[1.7392572, 0.84939116, 0.79382706, 0.09603893]
[1.9326892, 0.992277, 0.8359438, 0.10446832]
[1.8392832, 0.86516285, 0.87399125, 0.100129105]
[1.8750869, 0.9644607, 0.811934, 0.09869228]
[1.902897, 0.8657706, 0.94985026, 0.08727613]
[1.7020482, 0.77500427, 0.824828, 0.10221593]
[1.758202, 0.8440229, 0.8079872, 0.10619177]
[1.7993972, 0.74891794, 0.9382021, 0.11227721]
[1.7290496, 0.80310416, 0.8013911, 0.12455425]
[1.8157675, 0.73104334, 0.96792895, 0.116795324]
[1.6735283, 0.8275345, 0.73584664, 0.11014707]
[1.9596233, 0.9080941, 0.9355546, 0.115974694]
[1.7818913, 0.7442948, 0.92640746, 0.11118914]
[1.8822374, 0.74861324, 1.0131695, 0.12045462]
[1.7728641, 0.6921738, 0.95335436, 0.12733603]
[1.7275482, 0.7617123, 0.8431744, 0.122661516]
[1.8246989, 1.036926, 0.6672673, 0.12050551]
[1.8768421, 0.8809472, 0.88030946, 0.11558549]
[1.752273, 0.76140094, 0.8710026, 0.11986934]
[1.9020717, 0.85722685, 0.92077875, 0.124066144]
[1.8162472, 1.0480871, 0.6463277, 0.12183238]
[1.7597505, 0.8317633, 0.8028533, 0.12513389]
[1.6307274, 0.799092, 0.7132385, 0.11839686]
[1.7533545, 0.81240726, 0.8115901, 0.12935725]
[1.7402672, 0.8022425, 0.8093682, 0.12865655]
[1.828295, 0.8510752, 0.8444253, 0.13279447]
[1.9036467, 0.932323, 0.84636384, 0.124959916]
[1.6948595, 0.8808267, 0.6983917, 0.115641125]
[2.0499086, 1.0862575, 0.8517958, 0.11185542]
[1.7018536, 0.7237744, 0.86746526, 0.11061394]
[1.9406714, 0.8476974, 0.963549, 0.12942502]
[1.9264201, 0.908616, 0.8992085, 0.11859561]
[1.8624998, 0.954542, 0.78987813, 0.11807978]
[1.7088631, 0.7820169, 0.8117769, 0.11506939]
[1.8516017, 0.87535375, 0.85671294, 0.11953507]
[1.8482513, 0.86805606, 0.8619473, 0.11824801]
[2.0784974, 0.78842354, 1.1730894, 0.11698455]
[2.080446, 0.9536489, 1.0180123, 0.10878491]
[2.1145098, 1.0528831, 0.9541674, 0.107459255]
[1.8217624, 0.8320497, 0.88460755, 0.10510512]
[1.781251, 0.81102777, 0.86977863, 0.10044454]
[1.8063953, 0.8009738, 0.9077159, 0.09770554]
[1.7547542, 0.93594027, 0.7163599, 0.102454096]
[1.8934886, 0.9353194, 0.8531574, 0.105011836]
[1.7897708, 0.8808339, 0.8018792, 0.10705772]
[1.9627309, 0.99076676, 0.85935205, 0.112612054]
[1.7918571, 0.7483109, 0.9536945, 0.08985179]
[1.9766282, 1.0050111, 0.8644345, 0.107182674]
[2.1693838, 1.2128267, 0.8689036, 0.087653324]
[1.6561799, 0.7145467, 0.8441181, 0.09751516]
[1.6768082, 0.9469338, 0.6441896, 0.0856849]
[1.845985, 0.9021435, 0.8448066, 0.09903489]
[1.7795817, 0.767648, 0.91119885, 0.100734815]
[1.9190246, 0.96257544, 0.84599745, 0.11045174]
[1.85932, 0.9809903, 0.7641542, 0.11417556]
[1.9146726, 0.72816104, 1.0762092, 0.11030246]
[1.9256595, 1.0143788, 0.8052104, 0.106070444]
[2.0508947, 0.7839063, 1.1580337, 0.10895466]
[1.8856537, 1.0110016, 0.78431076, 0.09034139]
[1.8773714, 0.91351753, 0.8624618, 0.101392135]
[1.8969902, 1.0250412, 0.7755604, 0.09638855]
[1.8390044, 0.80611825, 0.94138724, 0.09149893]
[1.7439795, 0.8123401, 0.8280302, 0.10360904]
[1.8104813, 0.870175, 0.83831704, 0.101989284]
[2.0318005, 0.86992127, 1.0598257, 0.10205364]
[1.7418929, 0.8489185, 0.7893602, 0.10361418]
[1.6879781, 0.7712585, 0.809359, 0.10736072]
[1.9349126, 0.94294965, 0.8841435, 0.10781948]
[1.8981802, 0.9194289, 0.86946094, 0.10929031]
[1.8094817, 0.81739306, 0.88068163, 0.111407034]
[1.8420439, 1.0322928, 0.6899345, 0.11981654]
[1.7321273, 0.7590559, 0.841972, 0.13109937]
[1.8959299, 1.0647159, 0.7312867, 0.09992729]
[1.8450303, 0.7473506, 0.9890044, 0.10867533]
[1.6892086, 0.8975754, 0.6834117, 0.10822151]
[1.9880823, 0.92234063, 0.9473325, 0.118409194]
[1.9093814, 0.87894976, 0.91302574, 0.1174059]
[1.742108, 0.86234134, 0.7819092, 0.09785732]
[1.7869716, 0.8928366, 0.77481437, 0.119320616]
[2.0268018, 1.1402664, 0.77727187, 0.10926353]
[1.6829729, 0.5016587, 1.0775996, 0.10371459]
[1.651919, 0.7950735, 0.74870706, 0.10813846]
[1.730876, 0.72548366, 0.8860355, 0.11935693]
[1.8414211, 0.8202168, 0.9103426, 0.11086184]
[1.7065405, 0.8794751, 0.70647347, 0.120591894]
[1.755439, 0.62193817, 1.0217538, 0.11174708]
[2.0123796, 0.9906683, 0.905439, 0.11627242]
[2.046554, 0.73634166, 1.199732, 0.11048061]
[1.6483209, 0.86652267, 0.6749694, 0.10682894]
[1.6026148, 0.6861036, 0.8014148, 0.115096435]
[1.7299302, 0.8562988, 0.75030816, 0.12332318]
[1.7584194, 0.6789049, 0.95413315, 0.12538137]
[2.0671144, 1.2684553, 0.6698904, 0.1287686]
[1.9607729, 0.6903645, 1.1514666, 0.1189418]
[1.843298, 0.89348584, 0.82694095, 0.12287118]
[1.729142, 0.897178, 0.70694566, 0.1250183]
[1.8276806, 0.680274, 1.0244673, 0.12293925]
[1.888918, 0.92745674, 0.840009, 0.12145233]
[1.9117601, 0.9023381, 0.8902357, 0.11918625]
[1.520435, 0.6615815, 0.73470676, 0.12414675]
[2.0216794, 1.0469185, 0.852177, 0.12258378]
[1.8968805, 0.96063507, 0.8033975, 0.1328479]
[1.902073, 0.70565337, 1.0863664, 0.110053234]
[1.8101461, 0.91978097, 0.7740209, 0.116344154]
[1.981668, 1.0812759, 0.77285933, 0.12753278]
[1.9635496, 0.9388064, 0.9133574, 0.11138588]
[1.85782, 0.9820497, 0.764047, 0.111723244]
[1.7678382, 0.8467277, 0.8106098, 0.11050066]
[2.2094898, 1.1655464, 0.9226255, 0.12131794]
[1.6354383, 0.8219718, 0.71218526, 0.10128127]
[1.7370172, 0.9142249, 0.70964843, 0.11314381]
[1.8887725, 0.9449086, 0.83359414, 0.1102698]
[2.0819066, 0.8452327, 1.1221867, 0.114487156]
[1.8552415, 0.9335493, 0.8081045, 0.11358769]
[1.9549859, 0.8333013, 1.0212601, 0.10042444]
[1.7118258, 0.7737004, 0.836233, 0.10189244]
[1.9143107, 0.90485144, 0.9042475, 0.105211735]
[1.9641068, 0.9410033, 0.9182062, 0.104897246]
[1.7981137, 0.87752247, 0.8199495, 0.10064176]
[1.8458412, 0.94972867, 0.7863053, 0.10980723]
[1.8679662, 0.955337, 0.80189216, 0.11073703]
[1.9182436, 0.93260664, 0.8735906, 0.11204651]
[1.7950393, 0.806951, 0.8908717, 0.09721659]
[1.8252275, 0.93403983, 0.79070204, 0.10048556]
[1.492065, 0.70574665, 0.6869852, 0.09933299]
[1.9881343, 0.9075941, 0.96981657, 0.11072358]
[2.0597029, 0.9642439, 0.98772144, 0.107737616]
[1.7025542, 0.7476641, 0.8567083, 0.098181844]
[2.0256681, 0.889851, 1.0181617, 0.11765556]
[1.8313937, 0.91025454, 0.82193625, 0.09920282]
[1.6291423, 0.7449159, 0.78113437, 0.103091985]
[1.9006548, 0.9825216, 0.8124969, 0.10563636]
[1.8726006, 0.79423964, 0.97333026, 0.1050306]
[1.862583, 0.8660852, 0.8936186, 0.10287933]
[1.9919907, 1.0221164, 0.8516584, 0.11821595]
[1.751522, 0.64431405, 0.9986927, 0.1085151]
[1.8714215, 0.9713299, 0.7807917, 0.119299784]
[1.900179, 0.9533702, 0.83675015, 0.11005865]
[1.8808368, 1.0901856, 0.6877278, 0.10292343]
[1.7819943, 0.73505914, 0.93569934, 0.11123587]
[1.7938062, 0.8069337, 0.87868404, 0.10818852]
[1.9481752, 0.9657154, 0.87019324, 0.11226654]
[1.7014683, 0.58602947, 1.0023087, 0.11313026]
[1.7269732, 0.8756368, 0.728462, 0.12287438]
[2.0386233, 0.9870198, 0.9283159, 0.12328762]
[2.051949, 1.0991367, 0.84052634, 0.11228585]
[1.81471, 0.83193827, 0.88798964, 0.094782084]
[1.8247786, 0.8309146, 0.8900225, 0.103841454]
[1.8740215, 1.0080546, 0.75571907, 0.110247865]
[1.9192808, 0.8942394, 0.91854113, 0.1065002]
[1.7120297, 0.7940755, 0.8110442, 0.106909975]
[1.7132956, 0.72056264, 0.885154, 0.10757889]
[1.8166233, 0.8568553, 0.8450171, 0.114751026]
[1.9334917, 0.9606299, 0.8629059, 0.10995597]
[1.912512, 0.7509398, 1.0516031, 0.10996902]
[1.8732017, 0.8832565, 0.86895764, 0.12098758]
[1.8416511, 0.64597404, 1.0823174, 0.113359734]
[1.8299402, 1.023747, 0.691678, 0.11451518]
[2.0855265, 1.0423372, 0.9276163, 0.115572944]
[1.8781487, 0.84901726, 0.9266292, 0.10250223]
[1.9937606, 0.90050066, 0.98166126, 0.1115987]
[1.926224, 1.0768834, 0.7474939, 0.101846665]
[1.9108943, 0.86171746, 0.9418851, 0.10729171]
[1.8245884, 0.8412894, 0.8947083, 0.08859072]
[1.8570573, 0.93875855, 0.8221394, 0.09615948]
[1.820631, 0.8761103, 0.85300994, 0.09151074]
[2.0253327, 1.1761836, 0.749639, 0.099510185]
[1.8041179, 0.8092542, 0.8963274, 0.09853627]
[1.8241591, 0.8112942, 0.9106376, 0.10222739]
[1.9240416, 0.9121566, 0.91563636, 0.096248716]
[1.9607921, 1.076343, 0.7982305, 0.0862185]
[1.6733859, 0.72617483, 0.847432, 0.09977901]
[1.8823111, 0.7528877, 1.018731, 0.11069232]
[1.6842623, 0.9787959, 0.6045872, 0.10087918]
[1.8031124, 0.7357446, 0.96056765, 0.10680015]
[1.9211671, 0.87036204, 0.9573875, 0.0934176]
[1.8297505, 0.85268366, 0.8670521, 0.110014774]
[1.8089674, 0.81231457, 0.88956237, 0.10709046]
[1.7681909, 0.8749058, 0.77767396, 0.11561105]
[1.8379155, 0.9872562, 0.73754203, 0.11311735]
[1.7881256, 0.8229703, 0.86608577, 0.09906964]
[1.834889, 0.7246051, 1.0104527, 0.099831216]
[1.8806347, 1.0167631, 0.74429774, 0.11957387]
[1.8059599, 0.8488573, 0.841336, 0.11576663]
[2.0516682, 0.8815365, 1.062082, 0.10804962]
[1.8425832, 0.66937363, 1.074182, 0.09902753]
[1.8038969, 0.78093094, 0.9157331, 0.10723283]
[1.7623544, 0.6989573, 0.9529834, 0.11041367]
[1.6787729, 0.78748846, 0.77632535, 0.114959136]
[1.5889683, 0.7825488, 0.69221735, 0.11420208]
[1.7199761, 0.75142586, 0.85506654, 0.11348366]
[1.7270622, 0.88105315, 0.7260661, 0.11994295]
[1.7165685, 0.78291535, 0.8072678, 0.12638533]
[1.8107516, 0.88016486, 0.7977714, 0.13281523]
[1.9710112, 0.98834026, 0.8564091, 0.1262618]
[1.9074197, 0.9184819, 0.86089766, 0.1280401]
[1.7125851, 0.7879714, 0.7907286, 0.13388501]
[2.1202855, 0.9678411, 1.0319746, 0.1204699]
[1.6660213, 0.72161317, 0.8331543, 0.11125383]
[1.7431974, 0.9736514, 0.64281094, 0.12673515]
[1.8504342, 0.8606173, 0.8694822, 0.12033471]
[1.7349619, 0.88846225, 0.72792983, 0.11856968]
[1.8037496, 0.7962809, 0.8840512, 0.12341732]
[1.7925661, 0.88841075, 0.7790358, 0.12511942]
[2.1335456, 1.0991616, 0.91269314, 0.12169096]
[1.9087796, 0.9738897, 0.82585394, 0.10903601]
[1.6971161, 0.6728262, 0.9066844, 0.11760557]
[1.7229363, 0.7848032, 0.81785405, 0.12027895]
[1.8122578, 0.83492, 0.87271357, 0.10462427]
[1.7503557, 0.8171604, 0.8068336, 0.12636158]
[1.9875181, 0.9608072, 0.90280503, 0.12390594]
[1.6680079, 0.83536136, 0.7098857, 0.12276072]
[1.7975861, 0.943256, 0.7346972, 0.119632855]
[1.7743742, 0.79770434, 0.84910405, 0.12756583]
[1.8666509, 0.86386794, 0.8712703, 0.13151273]
[1.9643706, 0.8592171, 0.97517776, 0.12997565]
[2.0083919, 0.7558385, 1.1285677, 0.123985656]
[1.9851787, 1.1570306, 0.71207356, 0.11607459]
[1.6904747, 0.68667555, 0.8839013, 0.11989778]
[1.6922536, 0.8807975, 0.6781244, 0.13333169]
[1.8964243, 0.889272, 0.88792413, 0.11922818]
[1.9517763, 0.7807023, 1.05529, 0.11578392]
[1.759566, 0.80885464, 0.83256245, 0.11814889]
[2.1374443, 1.0692501, 0.94914484, 0.11904941]
[1.6917378, 0.58142895, 1.0079141, 0.102394685]
[1.7141504, 0.5921234, 1.0134948, 0.10853216]
[1.9726481, 1.077821, 0.76712406, 0.12770301]
[1.779958, 0.8273892, 0.8373123, 0.11525656]
[1.931694, 0.9994556, 0.82259166, 0.10964675]
[1.6105171, 0.71078753, 0.79101074, 0.10871883]
[1.8601949, 0.9285506, 0.8117076, 0.1199367]
[1.8697945, 0.7554364, 0.9990239, 0.11533417]
[1.8619739, 0.93749434, 0.80841625, 0.11606329]
[1.8131226, 0.78258073, 0.91220486, 0.11833702]
[1.8753747, 0.9608445, 0.8021011, 0.11242902]
[1.9087756, 0.815381, 0.9715957, 0.12179884]
[1.727871, 0.79748046, 0.79972434, 0.13066617]
[1.986601, 1.1149749, 0.75691235, 0.11471376]
[1.8771703, 0.55155003, 1.218178, 0.107442245]
[1.737613, 0.9718009, 0.6438951, 0.12191701]
[1.5004777, 0.68846697, 0.69901943, 0.11299126]
[1.6976651, 0.79560673, 0.77389884, 0.12815952]
[1.6550062, 0.6580982, 0.8572932, 0.13961485]
[1.795287, 0.9195123, 0.7498573, 0.12591743]
[1.9371743, 0.8948257, 0.91361713, 0.12873153]
[1.8640023, 0.7587471, 0.9805073, 0.12474784]
[1.8710176, 0.91966283, 0.81660014, 0.13475454]
[2.088255, 1.1275446, 0.8402356, 0.12047467]
[1.6085949, 0.640918, 0.8391658, 0.12851107]
[1.8474284, 0.74866617, 0.9708879, 0.12787436]
[1.707048, 0.7786058, 0.78324854, 0.14519373]
[1.8225068, 0.89704776, 0.79177135, 0.13368759]
[1.9655805, 0.95306563, 0.8796586, 0.13285622]
[1.960829, 0.9915675, 0.85235775, 0.11690376]
[1.728777, 0.75297934, 0.8599097, 0.115887955]
[1.7387719, 0.67168677, 0.9401647, 0.12692046]
[1.9876096, 0.91272956, 0.94858927, 0.1262908]
[1.7663985, 0.7158396, 0.9245198, 0.12603915]
[1.7559936, 0.8628983, 0.77393377, 0.11916161]
[1.8370223, 0.80072254, 0.9126408, 0.12365892]
[1.9861182, 0.8441725, 1.0181103, 0.12383541]
[1.7687782, 0.945133, 0.7076242, 0.11602104]
[1.754326, 0.9993063, 0.648734, 0.10628564]
[1.8707188, 0.73586047, 1.0059569, 0.12890147]
[1.6403675, 0.7699754, 0.73724484, 0.1331472]
[1.9298855, 0.7134771, 1.0974553, 0.11895314]
[1.7143127, 0.8330904, 0.7610107, 0.120211504]
[1.8054082, 0.7971065, 0.8849554, 0.123346314]
[1.8304126, 0.939715, 0.766729, 0.12396855]
[1.6254416, 0.7626872, 0.73867154, 0.124082774]
[1.6839037, 0.7210908, 0.8417487, 0.12106415]
[1.6336462, 0.7110727, 0.7788476, 0.14372593]
[1.806756, 0.7454135, 0.93438673, 0.12695575]
[1.9094476, 1.0593903, 0.7006349, 0.14942227]
[1.6607064, 0.5820845, 0.9403202, 0.13830172]
[1.981425, 1.1054187, 0.734012, 0.14199436]
[1.9567599, 1.0068583, 0.82510173, 0.12479979]
[1.9981575, 0.88087636, 0.9815501, 0.13573092]
[1.9792254, 0.82554924, 1.0225039, 0.13117227]
[1.9301301, 1.0070417, 0.80295694, 0.120131485]
[2.129272, 1.0754611, 0.9438529, 0.10995794]
[1.8954855, 1.0272579, 0.7476037, 0.12062396]
[1.7281476, 0.8447008, 0.7697935, 0.11365325]
[1.5523212, 0.6592345, 0.77346957, 0.11961709]
[1.6390281, 0.9553797, 0.553045, 0.13060331]
[1.8512709, 0.6977369, 1.03111, 0.12242387]
[2.136366, 1.123299, 0.8893029, 0.12376414]
[1.8095722, 0.88551736, 0.8087433, 0.11531166]
[1.9916651, 0.7305504, 1.1327139, 0.12840085]
[1.7098441, 0.91997313, 0.68031114, 0.10955982]
[1.6562672, 0.78920066, 0.7439343, 0.123132184]
[1.8593618, 0.81312233, 0.92243075, 0.12380879]
[2.0023854, 0.9395164, 0.9419268, 0.120942004]
[1.8651823, 0.89479786, 0.83612466, 0.13425979]
[1.9867177, 0.841015, 1.025428, 0.12027472]
[1.955334, 0.9391812, 0.90355176, 0.11260107]
[2.0490017, 0.9941306, 0.9377219, 0.11714907]
[2.062939, 1.0298624, 0.93318224, 0.09989423]
[1.9548953, 1.0224581, 0.83561945, 0.09681777]
[1.8163284, 0.80227095, 0.91211355, 0.10194382]
[1.6476845, 0.80355, 0.7479273, 0.096207105]
[1.7416196, 0.8909574, 0.74389744, 0.10676475]
[2.026935, 0.77567714, 1.1393392, 0.11191881]
[1.7833624, 0.6727558, 1.0108411, 0.09976548]
[1.8722721, 1.1327729, 0.62611043, 0.11338876]
[2.0028877, 0.99978673, 0.89959013, 0.10351076]
[2.0146859, 0.9718919, 0.94884497, 0.093948975]
[1.9607083, 0.9517243, 0.9085399, 0.10044403]
[1.9086177, 0.87004167, 0.94020164, 0.09837433]
[1.8285477, 0.85426, 0.88346016, 0.090827465]
[1.9085418, 1.0350872, 0.78235906, 0.09109561]
[1.9759374, 0.9215567, 0.9521518, 0.10222883]
[1.7779146, 0.834111, 0.85746497, 0.08633867]
[1.7518007, 0.9398463, 0.71440774, 0.0975467]
[1.6814835, 0.7605706, 0.82611936, 0.09479362]
[1.6680652, 0.81233996, 0.742886, 0.11283921]
[2.0632184, 0.8958585, 1.0615954, 0.105764344]
[1.8854281, 0.9400946, 0.8494525, 0.09588097]
[1.77542, 0.85108906, 0.82743615, 0.09689477]
[1.8017588, 0.95095307, 0.749436, 0.10136956]
[1.807774, 0.9291276, 0.7641221, 0.114524215]
[1.9323584, 1.0433058, 0.7809691, 0.10808356]
[1.6062099, 0.665732, 0.82563114, 0.11484669]
[1.8043245, 0.8434912, 0.85800636, 0.10282698]
[1.7534326, 0.79303503, 0.84091777, 0.119479746]
[1.7959694, 0.7885643, 0.8908551, 0.116550006]
[1.9374089, 0.8954942, 0.92819655, 0.11371814]
[1.7675328, 0.7584343, 0.9027002, 0.1063983]
[1.8981127, 1.0338656, 0.75025755, 0.11398949]
[1.7734522, 0.7869226, 0.8685099, 0.118019715]
[2.1476607, 1.0568438, 0.97369266, 0.117124215]
[1.8616447, 0.812894, 0.94278514, 0.105965585]
[1.9212301, 1.0559831, 0.7613052, 0.10394177]
[1.8949302, 1.0758208, 0.71049446, 0.10861501]
[1.702157, 0.7766795, 0.8191601, 0.106317356]
[1.9139011, 0.7578551, 1.0407529, 0.11529303]
[1.7979926, 0.68457973, 1.0017908, 0.11162206]
[1.979292, 0.9759442, 0.88842285, 0.114925]
[2.1495047, 1.2093391, 0.82434213, 0.115823306]
[1.8690782, 0.93945754, 0.8324567, 0.09716392]
[1.8169165, 0.830104, 0.8889254, 0.09788708]
[1.8252605, 0.72895455, 0.99630487, 0.10000111]
[1.8500177, 0.799317, 0.95242584, 0.09827478]
[1.8539486, 0.9431449, 0.8203274, 0.09047633]
[1.8786627, 0.67445827, 1.1069045, 0.09729992]
[1.7885338, 0.82903016, 0.85663545, 0.10286817]
[1.8035792, 0.8731048, 0.82006216, 0.110412225]
[1.8274629, 0.79798853, 0.91845447, 0.111019865]
[2.040093, 0.9449967, 0.9846774, 0.11041872]
[1.7740737, 0.84829074, 0.83064365, 0.09513943]
[1.8245549, 0.7303426, 0.98724127, 0.106971055]
[1.9257406, 0.9557368, 0.8665749, 0.103428975]
[1.6947228, 0.7594481, 0.83669895, 0.09857566]
[1.9859809, 0.99834776, 0.877537, 0.11009605]
[1.7411872, 0.7799999, 0.868778, 0.09240924]
[1.737547, 0.86697257, 0.77192473, 0.098649725]
[1.9873602, 0.912615, 0.9658077, 0.1089375]
[1.7134587, 0.7786575, 0.83618, 0.09862125]
[1.9749488, 0.87360066, 0.9889637, 0.11238444]
[1.6544161, 0.8224597, 0.7309892, 0.10096719]
[1.7387844, 0.84353745, 0.78310883, 0.1121381]
[1.9523032, 1.2226986, 0.62029016, 0.10931446]
[1.8974632, 0.86780995, 0.9140918, 0.11556134]
[1.8375877, 0.85458976, 0.8806431, 0.102354854]
[1.7634397, 0.8029325, 0.855813, 0.10469419]
[1.8008585, 1.0254738, 0.65781426, 0.11757046]
[1.7020001, 0.71435934, 0.8759013, 0.1117395]
[1.7014927, 0.89789724, 0.69136274, 0.112232655]
[1.681246, 0.7991469, 0.75977755, 0.122321635]
[1.957534, 0.8290038, 1.0056865, 0.12284366]
[1.798971, 1.0261147, 0.6433904, 0.12946591]
[2.0623512, 1.0174084, 0.9146788, 0.13026398]
[1.7915909, 0.87150806, 0.8046371, 0.11544581]
[1.7866926, 0.70459104, 0.96209425, 0.12000726]
[1.9650472, 1.0982133, 0.72366697, 0.14316687]
[1.7915409, 0.7549464, 0.9115885, 0.12500592]
[1.9335659, 0.9969218, 0.8225357, 0.11410837]
[1.867415, 0.8300581, 0.9211031, 0.11625378]
[2.0322008, 0.94727623, 0.97392213, 0.11100239]
[1.8208607, 0.6709492, 1.042239, 0.10767262]
[1.8274633, 1.0408334, 0.67055357, 0.116076306]
[1.8943245, 0.7120924, 1.0754739, 0.10675828]
[1.700233, 0.7993357, 0.7994475, 0.101449676]
[1.77009, 0.86341095, 0.7910564, 0.11562265]
[1.9852238, 1.1762779, 0.69423175, 0.114714175]
[1.7639015, 0.7024383, 0.9670213, 0.09444191]
[1.8835285, 0.9497861, 0.81978387, 0.11395844]
[1.8549201, 0.84159464, 0.90476155, 0.10856384]
[1.9428914, 0.8881501, 0.9473813, 0.107359946]
[1.839189, 0.81640124, 0.9030563, 0.11973144]
[1.7420805, 0.8143384, 0.81648445, 0.11125749]
[1.6184889, 0.82654625, 0.6766515, 0.115291245]
[1.7670705, 0.8242352, 0.82244825, 0.12038705]
[1.6625547, 0.6265696, 0.93179274, 0.10419243]
[1.8531314, 1.0641923, 0.6609841, 0.12795511]
[1.7798523, 0.6551093, 1.0124865, 0.1122565]
[1.8508565, 0.89635164, 0.8281212, 0.12638378]
[1.8132982, 0.83555144, 0.85898316, 0.11876369]
[1.841235, 0.7089126, 1.0104837, 0.12183865]
[1.498681, 0.6859288, 0.69670576, 0.11604634]
[1.9461625, 0.93531764, 0.8824667, 0.1283782]
[1.7965417, 0.8961523, 0.7824369, 0.1179525]
[1.7233989, 0.7070373, 0.8835579, 0.13280362]
[1.6847885, 0.71825284, 0.8388316, 0.12770405]
[1.8679862, 0.90276706, 0.82286656, 0.14235252]
[1.8112953, 0.8738837, 0.7836394, 0.15377207]
[1.8069701, 0.90093774, 0.77347744, 0.13255501]
[1.8227339, 0.88362026, 0.80302733, 0.13608624]
[1.7642716, 0.86125326, 0.7665472, 0.13647115]
[1.7864144, 0.6127813, 1.0474032, 0.12622993]
[1.9261875, 1.0806112, 0.7000799, 0.14549643]
[1.8309202, 0.81875706, 0.879107, 0.13305612]
[1.8026916, 0.8156527, 0.8629323, 0.12410657]
[1.8476926, 0.7997265, 0.9269037, 0.12106244]
[1.7311591, 0.9788408, 0.6131757, 0.13914263]
[1.6609359, 0.5339354, 0.98490787, 0.14209262]
[1.8925595, 1.0041101, 0.75010645, 0.13834295]
[1.8193501, 0.74910754, 0.9308793, 0.13936326]
[1.9578768, 0.96656823, 0.86411, 0.12719855]
[1.8752695, 1.0472724, 0.68927383, 0.13872325]
[2.0296671, 0.7498777, 1.1612636, 0.11852585]
[1.805081, 0.88673866, 0.7833632, 0.13497913]
[1.790583, 0.84748226, 0.8104464, 0.13265435]
[1.9315801, 1.0300187, 0.7712985, 0.13026279]
[1.9425284, 0.8018697, 1.0305805, 0.11007818]
[1.819488, 0.85549366, 0.8622442, 0.10175009]
[1.9669887, 0.9494498, 0.89355135, 0.12398756]
[1.8715408, 0.7367543, 1.0185103, 0.1162762]
[1.7891723, 0.7959143, 0.87633145, 0.11692655]
[1.6744639, 0.9009072, 0.66105974, 0.112497]
[1.7460487, 0.69965774, 0.92828476, 0.118106164]
[2.0171351, 1.1860096, 0.7150103, 0.11611514]
[1.766517, 0.87897664, 0.78096116, 0.10657915]
[1.8167853, 0.89647925, 0.8006599, 0.11964622]
[1.92654, 0.8177357, 0.9901383, 0.11866605]
[2.1260676, 1.0971638, 0.9200939, 0.10880999]
[1.7834, 0.94506437, 0.7301703, 0.108165324]
[2.0154073, 0.9510015, 0.955259, 0.109146774]
[2.0324802, 1.0248989, 0.8995375, 0.10804385]
[1.7377346, 0.95254695, 0.67853165, 0.10665597]
[1.807514, 0.8226016, 0.8728966, 0.112015724]
[1.9530545, 1.0356472, 0.82127297, 0.09613446]
[1.7396952, 0.8171088, 0.81725454, 0.10533179]
[1.6556908, 0.88212264, 0.6639105, 0.109657615]
[1.6316866, 0.867527, 0.6539602, 0.11019929]
[1.8197924, 0.7680124, 0.936954, 0.11482598]
[1.9660937, 1.0453427, 0.8009711, 0.119779915]
[1.7682334, 0.8836329, 0.7685813, 0.11601921]
[2.002668, 0.7570516, 1.1337345, 0.11188181]
[1.7277749, 0.884143, 0.7275975, 0.11603433]
[1.8206725, 0.8003398, 0.9126744, 0.10765825]
[1.8427522, 0.8722217, 0.8672192, 0.103311315]
[1.9526745, 1.065541, 0.76989985, 0.117233664]
[1.6591959, 0.6714262, 0.8747125, 0.11305712]
[1.9047078, 0.87468654, 0.9116683, 0.11835298]
[1.9013569, 0.81713164, 0.97178435, 0.11244096]
[1.8332053, 0.88328123, 0.84045076, 0.10947334]
[1.8888689, 0.85202616, 0.92296654, 0.11387622]
[1.9352112, 0.88211435, 0.93742955, 0.1156673]
[1.8747269, 1.020519, 0.7378651, 0.11634281]
[1.8599739, 0.6571054, 1.0946887, 0.108179785]
[1.809926, 0.7916621, 0.9138464, 0.10441759]
[1.9394133, 0.9226364, 0.91305554, 0.10372141]
[1.842454, 0.76010394, 0.9856818, 0.096668184]
[2.019073, 1.0778042, 0.8267034, 0.11456536]
[1.9010385, 0.72276795, 1.074107, 0.104163505]
[1.8214717, 0.7940665, 0.93020535, 0.09719998]
[1.8894311, 0.95169365, 0.8335669, 0.10417053]
[1.8869615, 0.8129909, 0.9750997, 0.09887089]
[2.0352294, 1.0549089, 0.8770733, 0.10324734]
[2.0275564, 0.9738693, 0.9577818, 0.09590536]
[1.6637809, 0.7360152, 0.8261866, 0.10157915]
[1.7741793, 0.9380184, 0.73069036, 0.10547057]
[1.9414728, 0.79861295, 1.0402246, 0.10263528]
[1.8768588, 1.0245862, 0.75074005, 0.101532556]
[2.003723, 0.9048855, 0.9947924, 0.10404508]
[1.769655, 0.93076944, 0.73754597, 0.101339564]
[1.9234145, 0.86094505, 0.9541277, 0.10834171]
[1.9253172, 1.0637796, 0.75972956, 0.10180795]
[2.0067747, 1.0126425, 0.90034664, 0.09378544]
[1.7844092, 0.8160156, 0.87794566, 0.09044792]
[1.808567, 0.82220757, 0.89068496, 0.09567451]
[1.92625, 1.0235137, 0.7998909, 0.1028454]
[1.8595724, 0.84240144, 0.904222, 0.112948954]
[1.7413735, 0.71756077, 0.92119753, 0.10261522]
[1.9112203, 0.93563664, 0.8621596, 0.11342404]
[1.845702, 0.8041857, 0.9418988, 0.09961761]
[2.0104094, 1.0520031, 0.8526083, 0.10579781]
[1.9782594, 0.891682, 0.986524, 0.100053474]
[1.8513777, 1.047102, 0.71426594, 0.09000983]
[1.7177571, 0.774454, 0.844521, 0.09878217]
[1.7320883, 0.84990275, 0.7608232, 0.12136239]
[1.8591099, 0.96027046, 0.78850985, 0.11032967]
[1.722346, 0.8583399, 0.7550638, 0.108942285]
[1.8327931, 0.6761466, 1.0475867, 0.10905984]
[1.7911026, 0.8667856, 0.8139373, 0.11037968]
[1.8236077, 0.92137325, 0.790238, 0.111996464]
[1.8230276, 0.94983697, 0.75557625, 0.11761445]
[1.9735513, 0.8006505, 1.0623925, 0.11050828]
[1.7691262, 0.9960751, 0.66670775, 0.10634326]
[2.0100415, 1.1031629, 0.8095412, 0.0973373]
[1.6107967, 0.6812921, 0.82194567, 0.10755896]
[1.7847024, 0.92681116, 0.75302666, 0.10486455]
[1.6844071, 0.70603716, 0.86625504, 0.11211492]
[1.9040492, 0.7051548, 1.0765203, 0.122374]
[1.7256091, 0.93945664, 0.65691423, 0.12923807]
[1.8469462, 0.75478715, 0.972508, 0.11965106]
[1.822517, 0.73995453, 0.95460254, 0.12795994]
[1.579351, 0.7304889, 0.73677814, 0.11208391]
[1.7536143, 0.68744147, 0.9367701, 0.12940273]
[2.0303323, 1.0475233, 0.8619834, 0.12082575]
[1.6371261, 0.7443061, 0.77931803, 0.113501936]
[1.9241921, 0.89510703, 0.9052074, 0.123877674]
[1.5832235, 0.74444306, 0.7225419, 0.116238445]
[1.7919983, 0.7560433, 0.9059766, 0.12997831]
[2.0694504, 0.79559267, 1.1399344, 0.1339232]
[1.7928077, 1.1320773, 0.52357525, 0.13715515]
[1.8580933, 0.6714276, 1.0529048, 0.13376077]
[1.7748346, 0.848968, 0.81425136, 0.11161517]
[2.0099251, 0.98558235, 0.9042295, 0.12011334]
[1.9655061, 0.95264906, 0.8792727, 0.1335842]
[1.8638366, 0.8698393, 0.8809318, 0.11306555]
[1.7344748, 0.69237375, 0.91510177, 0.1269993]
[2.0566587, 1.2223349, 0.71197385, 0.12235004]
[1.8751523, 0.7779726, 0.9869231, 0.11025664]
[2.0976884, 1.1502645, 0.83789456, 0.1095293]
[1.7220279, 0.91828966, 0.7005125, 0.10322566]
[1.8248205, 0.84945464, 0.87084645, 0.10451942]
[1.8749013, 0.9496299, 0.81634796, 0.10892342]
[1.6824266, 0.7828691, 0.7970487, 0.10250881]
[2.013432, 1.0452639, 0.8557006, 0.11246744]
[1.8790259, 0.77687716, 1.0001934, 0.10195537]
[1.9619842, 1.0043943, 0.8422884, 0.11530155]
[1.9150019, 0.9932404, 0.82301676, 0.09874466]
[1.7844536, 0.79952824, 0.89110005, 0.09382528]
[2.0422423, 0.89512515, 1.0476114, 0.09950569]
[1.9229528, 0.8035829, 1.0210112, 0.098358646]
[1.8400711, 0.7645103, 0.9813194, 0.09424143]
[1.9229308, 1.0080009, 0.8225068, 0.09242317]
[1.7432057, 0.80168724, 0.8456996, 0.09581883]
[1.8454977, 0.8662882, 0.88523865, 0.09397088]
[1.6022315, 0.7430546, 0.7612663, 0.09791059]
[1.7854974, 0.8253207, 0.8578198, 0.10235694]
[1.5608404, 0.6848266, 0.764734, 0.111279696]
[1.5215871, 0.5466683, 0.850517, 0.12440186]
[1.920942, 0.9391363, 0.8666639, 0.115141794]
[1.8741646, 0.6589155, 1.101795, 0.11345416]
[1.8362334, 0.91529197, 0.8022504, 0.11869091]
[1.9506328, 0.8882582, 0.9435014, 0.11887315]
[1.8416779, 0.86437875, 0.8494308, 0.12786847]
[1.720917, 0.8221859, 0.7851893, 0.11354181]
[1.8422109, 0.9239167, 0.80080396, 0.1174902]
[1.9528329, 0.77054214, 1.0714259, 0.11086487]
[2.0289896, 1.0642377, 0.849977, 0.114774905]
[1.8943317, 0.80220026, 0.9643791, 0.12775224]
[1.9244107, 0.91477805, 0.8947559, 0.1148767]
[1.8101604, 0.8297372, 0.8568765, 0.12354674]
[1.8894088, 0.91905147, 0.8521991, 0.11815836]
[1.718812, 0.8478503, 0.7563388, 0.11462279]
[1.9269234, 0.9382229, 0.874683, 0.11401745]
[1.5343887, 0.7648035, 0.6580903, 0.11149491]
[1.899571, 0.8031391, 0.96430403, 0.13212773]
[1.7898381, 0.8463278, 0.83549124, 0.10801917]
[1.8073589, 0.8600715, 0.8342078, 0.113079675]
[1.8532608, 0.74361706, 1.0022807, 0.107363045]
[1.9003767, 0.944813, 0.8381199, 0.11744373]
[1.6796654, 0.9542265, 0.6012551, 0.124183804]
[1.8347311, 0.72313976, 0.9828321, 0.12875926]
[1.788193, 0.9056221, 0.77121335, 0.111357495]
[1.9361972, 0.6596149, 1.1515714, 0.12501086]
[1.7262866, 0.94131714, 0.65315294, 0.13181663]
[1.680584, 0.85658616, 0.6992517, 0.124746054]
[1.5737071, 0.76904285, 0.681295, 0.12336925]
[1.7353587, 0.8602376, 0.759971, 0.115150064]
