[1.845732, 0.8382039, 0.89771426, 0.10981381]
[1.9521289, 0.9043304, 0.9510855, 0.09671309]
[1.7431161, 0.9017051, 0.7344972, 0.10691383]
[1.753415, 0.8020201, 0.8506534, 0.10074154]
[2.0446873, 0.8933996, 1.0500208, 0.10126693]
[1.870013, 0.9215504, 0.8452624, 0.103200175]
[1.808389, 0.85853237, 0.85776806, 0.09208852]
[1.8283778, 0.87675357, 0.85038245, 0.101241775]
[1.8939102, 0.95908463, 0.82974726, 0.10507825]
[1.7678115, 0.7160707, 0.9407127, 0.11102821]
[1.6983094, 0.6973367, 0.89733756, 0.10363515]
[1.9475021, 0.9945117, 0.83995533, 0.11303512]
[1.997804, 0.79219556, 1.1007026, 0.104905866]
[1.7910972, 0.9920032, 0.6904903, 0.108603746]
[1.9217978, 0.8414869, 0.9816927, 0.09861825]
[1.9201247, 1.0848002, 0.72349954, 0.11182483]
[1.8028529, 0.84327793, 0.8514453, 0.1081296]
[1.7961019, 0.8346666, 0.8623226, 0.0991126]
[1.6304154, 0.82999986, 0.70404243, 0.09637304]
[1.7382766, 0.6607087, 0.9645684, 0.11299957]
[1.8201796, 0.8529908, 0.85114455, 0.11604416]
[1.879851, 0.75888073, 1.0035601, 0.11741015]
[1.876706, 0.9428399, 0.8187845, 0.11508169]
[2.0879667, 1.0745726, 0.8963572, 0.11703697]
[1.7947713, 1.0032977, 0.6772945, 0.11417915]
[1.9822338, 1.0597775, 0.82544625, 0.09701004]
[1.8660511, 1.0001587, 0.7633982, 0.10249422]
[1.9515076, 0.93972194, 0.9124733, 0.099312365]
[1.6958584, 0.8529169, 0.7385553, 0.104386225]
[1.7912064, 0.813686, 0.86725676, 0.110263556]
[1.8251514, 0.7691749, 0.9562399, 0.09973665]
[1.831591, 0.78575385, 0.9296832, 0.11615395]
[1.9971799, 1.0279312, 0.8608858, 0.10836279]
[1.955934, 0.9342622, 0.90711313, 0.11455876]
[1.8090262, 0.7842924, 0.91838384, 0.10634991]
[1.7942666, 0.878477, 0.8025169, 0.1132728]
[1.7996197, 0.84903336, 0.8515948, 0.09899145]
[1.7612784, 0.7482571, 0.90553045, 0.10749084]
[1.6410888, 0.66792494, 0.8720292, 0.10113467]
[1.760767, 0.9573742, 0.6821968, 0.12119606]
[1.8405005, 0.8092725, 0.9116105, 0.11961745]
[1.9292481, 0.90104973, 0.90479976, 0.12339853]
[1.7834122, 0.8021047, 0.8722061, 0.109101355]
[1.930305, 0.9074127, 0.91097033, 0.11192198]
[1.6363641, 0.66611755, 0.85580945, 0.11443707]
[1.7375718, 0.86588246, 0.7443454, 0.12734401]
[1.8909314, 0.87335265, 0.8927095, 0.12486926]
[1.9582136, 1.0292124, 0.79457897, 0.13442233]
[1.7291427, 0.8902142, 0.72315055, 0.115778]
[1.812929, 0.7373045, 0.95934784, 0.1162766]
[1.8575991, 0.8382218, 0.90883195, 0.11054538]
[1.9999655, 1.0206581, 0.8588873, 0.12042005]
[1.8634747, 0.9035677, 0.8403164, 0.11959062]
[1.8614886, 0.93241394, 0.81187856, 0.11719606]
[1.9579704, 1.155174, 0.68690217, 0.11589426]
[1.8780563, 0.66283107, 1.1013788, 0.11384642]
[1.8658639, 0.93731964, 0.8184576, 0.110086665]
[1.7888267, 0.9301702, 0.74827456, 0.11038196]
[1.8302174, 0.8715315, 0.8456539, 0.11303204]
[1.8644571, 1.0459018, 0.70571065, 0.112844765]
[1.7996534, 0.8413608, 0.8501773, 0.108115286]
[1.8547775, 0.86552525, 0.8702844, 0.118967906]
[1.8161998, 0.93474734, 0.7706223, 0.11083007]
[1.7895758, 0.77158403, 0.9099503, 0.10804158]
[1.8096648, 0.7352697, 0.94765395, 0.12674117]
[1.83079, 0.86205745, 0.8445547, 0.12417796]
[2.1040678, 0.9288458, 1.0609142, 0.114308]
[2.01072, 0.8483703, 1.0574832, 0.10486659]
[1.8333019, 0.91805094, 0.806256, 0.10899492]
[1.9942005, 0.96456796, 0.9253578, 0.10427481]
[2.0244212, 1.0184121, 0.90189844, 0.10411083]
[1.8669182, 0.7737028, 0.9937141, 0.09950121]
[2.0217853, 1.1292093, 0.7891388, 0.103437245]
[1.6425914, 0.7545883, 0.7884166, 0.09958635]
[1.7317001, 0.85072124, 0.76942396, 0.111554906]
[1.8355441, 0.9040675, 0.82386243, 0.10761417]
[1.8105278, 0.7075378, 0.9956646, 0.107325375]
[1.6342459, 0.9720926, 0.5649696, 0.097183645]
[1.8996085, 0.6983068, 1.094403, 0.10689872]
[1.682735, 0.7760706, 0.8016924, 0.104971826]
[1.965881, 0.9873441, 0.8645527, 0.11398424]
[1.8451852, 0.7132909, 1.0271049, 0.10478935]
[1.7979586, 0.9049349, 0.78057545, 0.112448245]
[1.8852456, 1.0367044, 0.7462688, 0.10227229]
[1.9531839, 0.9606645, 0.8762835, 0.11623585]
[1.7443488, 0.76835823, 0.87419844, 0.10179214]
[1.9157964, 1.0587056, 0.7425193, 0.11457149]
[1.9016001, 0.8776394, 0.90724933, 0.11671138]
[1.7461991, 0.95473313, 0.68255377, 0.10891222]
[1.9629685, 0.92431784, 0.9349606, 0.103690006]
[1.8003334, 1.0096071, 0.6887456, 0.10198065]
[1.7460796, 0.87793314, 0.75783944, 0.11030693]
[1.9152809, 1.0734775, 0.7249146, 0.11688885]
[1.7615004, 0.8137636, 0.83533764, 0.11239909]
[1.8655907, 0.8787013, 0.8860802, 0.10080917]
[1.6507583, 0.7822018, 0.76091826, 0.10763809]
[1.7334261, 0.81515443, 0.8255782, 0.09269349]
[1.7804554, 0.91459006, 0.757603, 0.108262345]
[2.1115727, 1.0022731, 1.0010295, 0.10827029]
[1.7543772, 0.9410075, 0.7108772, 0.10249254]
[1.7770388, 0.6989157, 0.9779706, 0.100152455]
[1.7853785, 0.7997569, 0.88018817, 0.10543345]
[2.0258422, 1.1788316, 0.7301098, 0.11690086]
[1.7097516, 0.673403, 0.9283098, 0.10803875]
[1.9473064, 0.8879276, 0.958849, 0.10052982]
[1.8179193, 0.88787186, 0.826597, 0.10345036]
[1.9360157, 0.9678076, 0.8619712, 0.10623698]
[1.8451501, 0.74224627, 0.9941735, 0.108730264]
[1.8478976, 1.0254214, 0.71484864, 0.10762764]
[1.9947653, 0.79220974, 1.0847031, 0.11785248]
[2.0269945, 1.0813667, 0.8387654, 0.106862515]
[2.0637274, 1.0586005, 0.9061169, 0.099009894]
[1.8316339, 0.7753869, 0.95774317, 0.09850384]
[1.7911733, 0.7711581, 0.9316658, 0.08834946]
[1.7989041, 0.97075695, 0.71788716, 0.110259876]
[1.7797996, 0.6901354, 0.99493057, 0.0947336]
[1.9252608, 0.96235216, 0.85033816, 0.11257058]
[1.8624616, 0.80077434, 0.9575937, 0.10409349]
[1.6796695, 0.91114944, 0.6582651, 0.11025483]
[1.7406996, 0.82519305, 0.81406105, 0.101445585]
[1.8654075, 0.7484385, 1.0084949, 0.10847416]
[1.8843138, 0.9319788, 0.8469539, 0.105381]
[1.8903213, 0.93047106, 0.8423552, 0.11749509]
[1.7491429, 0.7674555, 0.8789673, 0.10272005]
[1.8975753, 0.87749195, 0.90467775, 0.115405545]
[2.0063584, 0.98427546, 0.91235685, 0.10972596]
[1.6460321, 0.7582344, 0.7763486, 0.11144917]
[1.7455703, 0.821701, 0.814879, 0.10899036]
[1.7951715, 0.84633875, 0.8252393, 0.123593494]
[1.8180479, 0.93795496, 0.75157946, 0.1285135]
[1.9713163, 0.80130297, 1.0651641, 0.10484931]
[1.6977723, 0.8211155, 0.7706996, 0.10595709]
[2.0441306, 1.0438194, 0.87474775, 0.12556332]
[1.9316812, 0.85821104, 0.9700535, 0.103416696]
[1.7599916, 0.7910143, 0.86040807, 0.108569235]
[1.7929848, 0.87257344, 0.813383, 0.10702838]
[1.8359245, 0.9157386, 0.8183878, 0.10179819]
[1.7491407, 0.72114605, 0.9192766, 0.10871813]
[1.8995773, 0.8875738, 0.9041566, 0.10784685]
[1.6368037, 0.7555759, 0.788745, 0.09248296]
[2.0189116, 0.99285996, 0.90620774, 0.119843885]
[2.0140958, 0.95782745, 0.9421492, 0.11411901]
[1.9538606, 0.9661539, 0.87094, 0.11676672]
[1.8269701, 0.9219916, 0.793002, 0.111976534]
[1.8280853, 0.7745948, 0.9320892, 0.121401295]
[1.9467425, 1.1223452, 0.7159499, 0.10844744]
[1.650148, 0.75668514, 0.7893189, 0.10414397]
[1.7322952, 0.89508855, 0.72953844, 0.10766811]
[1.7333014, 0.80767405, 0.8150747, 0.11055271]
[1.8622818, 0.77699405, 0.9700395, 0.11524823]
[2.0122914, 1.0424528, 0.85148996, 0.11834853]
[1.8328736, 0.95883924, 0.7542069, 0.1198275]
[1.8654032, 0.7624631, 0.9820882, 0.12085183]
[1.796133, 0.7378215, 0.9392844, 0.119027086]
[1.7584215, 0.86856663, 0.7692113, 0.1206436]
[1.8100222, 1.0485444, 0.65146065, 0.11001718]
[2.022323, 0.8826236, 1.0261178, 0.11358132]
[1.7670332, 0.8450064, 0.8080095, 0.114017375]
[1.875474, 0.85584104, 0.9050479, 0.114585094]
[1.9723268, 1.0751069, 0.78526795, 0.111951955]
[1.8611953, 0.66756177, 1.0927823, 0.1008513]
[1.73855, 0.844435, 0.78439534, 0.109719604]
[1.8067075, 0.8256296, 0.87363183, 0.10744606]
[1.6701791, 0.92390084, 0.6436094, 0.10266882]
[1.9023843, 0.8045001, 0.9852687, 0.11261541]
[1.8895487, 0.97437084, 0.80471146, 0.11046637]
[1.9035064, 0.8734022, 0.91792655, 0.11217768]
[1.8061503, 0.64857745, 1.0513327, 0.10624012]
[1.7346674, 0.875388, 0.75628996, 0.102989435]
[1.8160608, 0.8251095, 0.87002534, 0.12092595]
[1.8486832, 0.8733097, 0.85495645, 0.12041713]
[1.6549143, 0.8245464, 0.7219295, 0.108438395]
[1.7483457, 0.7830509, 0.85268617, 0.112608686]
[2.0403445, 0.87271726, 1.055356, 0.1122712]
[1.8137417, 0.97354996, 0.72531587, 0.11487581]
[1.966381, 0.9686558, 0.8830149, 0.11471022]
[1.8124079, 0.69208217, 1.0078257, 0.11249997]
[1.6503962, 0.7379881, 0.785213, 0.12719512]
[1.7915328, 0.747007, 0.93260837, 0.111917324]
[2.083903, 1.0742488, 0.89641106, 0.113243245]
[1.8615055, 0.8540497, 0.88843054, 0.11902523]
[1.7934899, 0.88408554, 0.79060113, 0.1188033]
[1.8090465, 0.8752701, 0.81652486, 0.11725157]
[1.8724802, 0.76217175, 0.9837862, 0.12652223]
[1.7153264, 0.8012954, 0.79144514, 0.12258592]
[2.0164714, 1.0744338, 0.82801294, 0.11402476]
[1.751323, 0.75783896, 0.87587464, 0.11760932]
[1.8128014, 0.8378121, 0.84773105, 0.1272582]
[1.8550981, 0.6981607, 1.0338527, 0.123084635]
[1.7919128, 0.85446703, 0.8219922, 0.115453444]
[1.7742934, 0.8480401, 0.7958475, 0.13040584]
[1.8113933, 0.8477535, 0.8312665, 0.13237324]
[1.9423068, 0.9188875, 0.8982024, 0.1252168]
[1.7138551, 0.66354483, 0.9229509, 0.12735936]
[1.746801, 0.8844811, 0.730759, 0.13156092]
[1.6675369, 0.76714736, 0.7776975, 0.122691974]
[1.7379452, 0.96896386, 0.6381128, 0.13086857]
[1.9007319, 1.006376, 0.77234894, 0.12200698]
[1.8750277, 0.976182, 0.7577827, 0.14106292]
[1.7808377, 0.81004024, 0.84699523, 0.12380216]
[1.6304454, 0.74346864, 0.7498541, 0.13712266]
[1.8923004, 0.9738034, 0.7800596, 0.13843745]
[2.280012, 1.1046093, 1.0415695, 0.13383317]
[1.9872489, 1.087049, 0.7867347, 0.113465235]
[1.8508677, 0.76752317, 0.9681503, 0.11519426]
[1.8328948, 0.84131044, 0.8651167, 0.1264677]
[1.6182936, 0.69054526, 0.8221977, 0.10555062]
[1.9306496, 0.95939654, 0.8471306, 0.12412254]
[1.850941, 0.7598371, 0.97471017, 0.116393715]
[1.9135827, 0.8433714, 0.9578086, 0.11240265]
[1.9316494, 0.8829031, 0.93635464, 0.11239165]
[1.8240554, 0.80355483, 0.918884, 0.10161656]
[2.0689776, 1.1486349, 0.8204566, 0.09988603]
[1.6973041, 0.8378465, 0.74676126, 0.112696275]
[1.9934233, 0.9061986, 0.9844233, 0.10280146]
[1.7946879, 0.75187314, 0.9404057, 0.10240904]
[1.7934315, 0.84099317, 0.85109437, 0.10134402]
[1.9411541, 0.78551793, 1.0422988, 0.113337375]
[1.6509032, 0.7513175, 0.7846106, 0.11497504]
[1.7153277, 0.9708854, 0.6347889, 0.1096535]
[1.9069597, 0.77687037, 1.0220623, 0.10802697]
[1.8870642, 0.95128334, 0.81903684, 0.116744]
[1.8955082, 0.9085079, 0.8717886, 0.11521159]
[1.8883487, 1.0692521, 0.710504, 0.10859263]
[1.8146772, 0.72462034, 0.9743464, 0.11571044]
[1.8499935, 0.8713816, 0.873279, 0.105332896]
[1.8963264, 0.8002287, 0.9769197, 0.11917799]
[1.7980545, 0.73904, 0.9489908, 0.11002361]
[1.9631996, 1.120748, 0.7093334, 0.13311815]
[1.780011, 0.8024013, 0.88086987, 0.09673993]
[1.7332442, 0.7867708, 0.82952714, 0.11694619]
[1.9043162, 0.8286705, 0.951778, 0.123867705]
[1.6905265, 0.9544189, 0.627257, 0.10885058]
[1.7733215, 0.7529402, 0.89584625, 0.12453512]
[1.9150028, 0.69726586, 1.0971118, 0.12062518]
[1.8250301, 1.0578685, 0.63553244, 0.13162926]
[1.5990155, 0.64281434, 0.8420122, 0.114188865]
[1.9285474, 0.8861137, 0.9139893, 0.1284444]
[1.9013692, 0.9929537, 0.79716784, 0.11124761]
[1.674263, 0.8274288, 0.74066186, 0.10617233]
[1.8068191, 0.9217596, 0.75624657, 0.12881294]
[1.6759417, 0.6377878, 0.9175724, 0.12058157]
[1.6665627, 0.75264037, 0.79326755, 0.1206547]
[1.8609917, 0.88735706, 0.84410954, 0.12952515]
[1.8274949, 0.9483476, 0.75980663, 0.1193406]
[1.8489218, 0.874628, 0.85381967, 0.12047407]
[1.6891111, 0.72559226, 0.82848376, 0.13503511]
[1.8577131, 1.1753738, 0.5584623, 0.123876885]
[1.7362622, 0.76725376, 0.8431973, 0.1258112]
[1.7199066, 0.7681954, 0.8404686, 0.11124252]
[1.9482555, 1.1002874, 0.73442817, 0.11353995]
[1.9737442, 0.94573456, 0.89676285, 0.13124675]
[2.091513, 1.0699171, 0.90850294, 0.11309294]
[1.7990253, 0.8210803, 0.86599994, 0.111945]
[1.7678332, 0.85156846, 0.8026073, 0.11365746]
[1.9315788, 0.89769983, 0.92543906, 0.10843979]
[1.7262971, 0.9745109, 0.6440412, 0.10774511]
[1.9829252, 0.83637327, 1.0352743, 0.11127754]
[1.6920843, 0.9198004, 0.6606364, 0.11164743]
[1.7801746, 0.8601209, 0.7989385, 0.12111523]
[1.8090025, 0.6266724, 1.0535629, 0.12876722]
[1.9662555, 1.1028461, 0.73713535, 0.12627397]
[1.8309829, 0.77485025, 0.9395007, 0.11663203]
[1.8707957, 0.9445847, 0.81095374, 0.11525726]
[1.680552, 0.7705728, 0.797673, 0.11230625]
[1.8071659, 0.82388353, 0.8574605, 0.12582189]
[1.78265, 0.7111681, 0.9516181, 0.11986379]
[1.9322779, 0.933479, 0.87387466, 0.12492417]
[1.770926, 0.853666, 0.8040647, 0.113195285]
[2.033349, 0.9643271, 0.94862825, 0.120393835]
[1.8996142, 0.9172816, 0.86261463, 0.119717956]
[1.8550014, 0.8677683, 0.8698728, 0.11736036]
[2.0026798, 1.0382988, 0.8553052, 0.109075874]
[1.8747197, 0.85791504, 0.9082478, 0.1085569]
[1.8023231, 0.9090651, 0.78513646, 0.10812151]
[1.6422443, 0.76839644, 0.7589575, 0.114890285]
[1.8234755, 0.83692724, 0.8673277, 0.1192206]
[1.7140702, 0.89777505, 0.70076096, 0.11553416]
[1.8500742, 0.86614823, 0.87240624, 0.111519665]
[1.7927412, 0.7509493, 0.92354214, 0.118249744]
[1.8728707, 0.79716045, 0.9764659, 0.09924431]
[1.8136698, 0.7927187, 0.907748, 0.11320321]
[1.8601916, 0.74522877, 1.0055654, 0.10939737]
[1.9285522, 0.917117, 0.8940449, 0.11739023]
[1.9122976, 0.8131749, 0.98368096, 0.11544167]
[1.7001501, 0.7830574, 0.7973696, 0.119723216]
[1.6670192, 0.8478629, 0.6867062, 0.13245022]
[1.6335888, 0.7566511, 0.75497884, 0.12195889]
[1.7571942, 0.75665677, 0.8807533, 0.11978413]
[1.6669666, 0.7634729, 0.7807203, 0.122773334]
[1.7093207, 0.68923026, 0.8791758, 0.14091459]
[1.782457, 0.7792465, 0.8629198, 0.14029057]
[1.8331072, 0.91638875, 0.77172554, 0.14499292]
[1.7564665, 0.7912439, 0.82604134, 0.13918123]
[1.8099384, 0.67021513, 1.0083963, 0.13132702]
[1.8126587, 0.9019508, 0.7595176, 0.15119025]
[1.8128519, 0.64248633, 1.0130153, 0.15735024]
[1.7215695, 0.78279376, 0.8013424, 0.13743329]
[1.9984789, 0.78983015, 1.062778, 0.14587063]
[1.9613363, 1.0079954, 0.8105785, 0.14276226]
[1.849621, 0.78924775, 0.9253897, 0.13498351]
[1.8168403, 0.8229114, 0.86114585, 0.13278309]
[2.135634, 0.9533235, 1.0408196, 0.14149071]
[1.6776952, 0.9156965, 0.6336219, 0.12837686]
[2.0731552, 0.82671964, 1.1102786, 0.13615695]
[1.8342354, 0.97383285, 0.73396176, 0.12644073]
[1.8130277, 0.80385214, 0.88918877, 0.11998689]
[1.9015799, 0.90408254, 0.87541586, 0.12208155]
[1.8482331, 0.8845068, 0.848323, 0.115403265]
[1.8180839, 0.7505396, 0.948901, 0.1186433]
[1.7831694, 0.6622909, 0.9935589, 0.12731966]
[1.773741, 0.8815617, 0.76803905, 0.12414024]
[1.7999626, 0.9541093, 0.7188483, 0.12700503]
[2.0154076, 0.9962795, 0.89572394, 0.1234042]
[1.768716, 0.75225425, 0.8968767, 0.11958502]
[1.8221546, 0.98180383, 0.72327393, 0.11707685]
[1.7571393, 0.7912098, 0.8478295, 0.1181]
[2.0273426, 0.9423577, 0.95978945, 0.12519549]
[1.7907475, 0.81447124, 0.8710788, 0.105197586]
[1.7067633, 0.87697566, 0.71176445, 0.1180232]
[2.065605, 0.9937626, 0.95203245, 0.11980978]
[1.9930121, 0.8191038, 1.0472772, 0.12663114]
[2.0756538, 1.0412915, 0.9199774, 0.114384845]
[1.9045553, 0.7911737, 0.9963904, 0.11699131]
[1.9650232, 0.9655046, 0.8936417, 0.10587685]
[1.6978188, 0.7646128, 0.8249787, 0.108227246]
[1.6811844, 0.903435, 0.6766903, 0.10105905]
[1.8620896, 0.84158325, 0.9149656, 0.10554075]
[2.0503528, 0.8669156, 1.0871371, 0.096300155]
[1.973253, 1.023165, 0.84861624, 0.10147176]
[1.9109641, 0.9474838, 0.85883045, 0.10464987]
[1.9092796, 0.8967965, 0.9151749, 0.097308196]
[1.9219357, 0.97781855, 0.8418259, 0.102291256]
[1.8096006, 0.8352759, 0.8761993, 0.09812545]
[1.989006, 0.8531264, 1.0340791, 0.10180061]
[1.9479465, 1.050584, 0.79474294, 0.102619685]
[1.8931462, 0.88519436, 0.91591877, 0.09203306]
[1.7287691, 0.84422684, 0.7815865, 0.10295576]
[1.8109236, 1.0344895, 0.6705657, 0.105868354]
[1.8095274, 0.8057414, 0.90608627, 0.09769967]
[1.6587701, 0.6526064, 0.9044037, 0.101759925]
[1.8950124, 0.82868165, 0.9612946, 0.105036184]
[1.9759082, 0.9202586, 0.9534112, 0.10223825]
[1.828589, 0.7995041, 0.9283613, 0.10072348]
[1.873567, 0.9582387, 0.8198379, 0.09549038]
[1.7743249, 0.8570944, 0.8258767, 0.09135383]
[1.7088703, 0.7939813, 0.8123052, 0.10258379]
[1.9700719, 0.9372932, 0.935308, 0.097470805]
[1.8003316, 0.8725505, 0.82389843, 0.103882685]
[1.715722, 0.7796743, 0.8343897, 0.10165796]
[1.7805562, 0.84940875, 0.8217516, 0.10939592]
[2.0099454, 0.9107029, 0.97892916, 0.120313466]
[1.8538738, 0.9119067, 0.83378625, 0.108180925]
[1.6601915, 0.6156043, 0.9389225, 0.10566472]
[1.7426556, 0.8627982, 0.768837, 0.11102049]
[1.914992, 0.8900527, 0.9138262, 0.11111307]
[1.666053, 0.700251, 0.85532963, 0.11047242]
[1.8095713, 0.88058543, 0.8078129, 0.121172905]
[1.7327678, 0.76779497, 0.8288059, 0.13616696]
[1.8100659, 1.1308045, 0.5420048, 0.1372565]
[1.9029343, 0.74063075, 1.0405953, 0.12170823]
[1.9126306, 0.75212604, 1.0463148, 0.11418958]
[1.8136631, 0.95507467, 0.74260443, 0.11598412]
[1.6449571, 0.7502827, 0.78228223, 0.1123922]
[1.613007, 0.7894353, 0.6958209, 0.12775072]
[1.6832454, 0.8321021, 0.70900977, 0.1421335]
[1.8629224, 0.8965454, 0.8317479, 0.13462919]
[1.8419075, 0.8636273, 0.8450328, 0.13324732]
[1.7565569, 0.7796792, 0.8345598, 0.14231794]
[1.7570153, 0.90409195, 0.7128925, 0.14003102]
[1.616041, 0.7697909, 0.7306246, 0.11562532]
[2.1698709, 1.183402, 0.8475581, 0.13891083]
[2.0136776, 1.0125297, 0.8643811, 0.13676667]
[1.8770014, 0.97773707, 0.7822534, 0.117010966]
[1.8968585, 0.8678099, 0.9087139, 0.12033468]
[1.9193772, 0.7968289, 0.99153733, 0.13101093]
[1.7819608, 0.76167935, 0.9079217, 0.11235987]
[1.7856209, 0.70081425, 0.9564922, 0.12831444]
[1.8765427, 0.848142, 0.9091615, 0.119239256]
[1.8903916, 0.90825856, 0.8671953, 0.11493777]
[1.6852487, 0.7785341, 0.7974639, 0.1092507]
[1.8898371, 0.88862056, 0.8872032, 0.11401333]
[1.6217709, 0.76064384, 0.7472224, 0.113904566]
[1.9972919, 0.8298376, 1.0510032, 0.11645109]
[1.9046028, 0.9834409, 0.8015746, 0.11958735]
[1.68084, 0.79035926, 0.7718246, 0.11865612]
[1.8444065, 0.947116, 0.77369964, 0.12359081]
[1.8174891, 0.8000992, 0.90118754, 0.116202354]
[1.8464268, 0.82986, 0.8944234, 0.12214339]
[1.8069444, 0.9941401, 0.6940652, 0.11873914]
[1.8665438, 0.70308554, 1.0421656, 0.12129255]
[2.0354035, 0.9820351, 0.92160547, 0.13176301]
[1.9174559, 0.7409004, 1.0527225, 0.123833016]
[1.7624263, 0.692387, 0.9505122, 0.119527146]
[1.8374168, 0.89063346, 0.824475, 0.12230839]
[1.917716, 0.83566356, 0.9601041, 0.12194838]
[1.7985752, 0.8724092, 0.8163757, 0.109790325]
[1.8981959, 0.59034413, 1.2051635, 0.10268816]
[1.8841577, 1.0731418, 0.68816435, 0.12285153]
[1.8135715, 0.83661836, 0.85500246, 0.12195066]
[1.7747394, 0.76226205, 0.90906906, 0.10340819]
[1.7105386, 0.79482293, 0.78455025, 0.13116556]
[1.7216933, 0.73085976, 0.882679, 0.10815455]
[1.8901372, 0.79606855, 0.9768825, 0.11718612]
[1.8771492, 0.85436416, 0.9074249, 0.11536015]
[1.7579526, 1.0023365, 0.64282084, 0.11279528]
[1.8280909, 0.7332719, 0.97983503, 0.11498398]
[1.7621046, 0.92539245, 0.73431563, 0.10239658]
[1.8366817, 0.8573318, 0.85677475, 0.122575216]
[1.8908925, 0.94399166, 0.83368003, 0.11322081]
[1.8400866, 0.8641932, 0.85582924, 0.120064095]
[2.0844433, 0.80479145, 1.1646601, 0.11499186]
[1.7759626, 0.9258696, 0.74125385, 0.108839154]
[1.8843763, 0.7963159, 0.9869422, 0.10111816]
[1.8571091, 0.8306198, 0.9114686, 0.11502066]
[1.8751605, 1.0080354, 0.76179653, 0.10532861]
[1.7997, 0.81055456, 0.8874308, 0.101714626]
[1.8844978, 0.94555664, 0.8284299, 0.11051123]
[1.8146901, 0.89270234, 0.8210541, 0.10093367]
[1.7943007, 0.89306086, 0.79805344, 0.10318636]
[1.9739618, 0.82002413, 1.0337791, 0.12015858]
[1.8696243, 1.120187, 0.63953996, 0.109897256]
[1.8906353, 0.95158195, 0.8287126, 0.11034072]
[2.0357635, 0.98225003, 0.94801235, 0.105501115]
[1.8194153, 0.9295347, 0.78577626, 0.104104355]
[1.9603198, 1.1830503, 0.67884254, 0.09842695]
[1.8610454, 0.9206614, 0.83849335, 0.10189058]
[1.8854076, 0.9114446, 0.8796455, 0.09431745]
[1.8233697, 0.9125074, 0.80799615, 0.10286619]
[1.849653, 0.885389, 0.87000394, 0.0942601]
[2.0345473, 0.86364377, 1.0699667, 0.1009369]
[1.7495611, 0.8117492, 0.83585465, 0.10195716]
[1.7615942, 0.78243494, 0.8737773, 0.105382]
[1.837255, 0.9433749, 0.79296297, 0.100917086]
[2.022538, 0.92900884, 0.9923132, 0.101215735]
[1.7503736, 0.84887147, 0.80369216, 0.09781004]
[1.7949519, 0.88317937, 0.8104522, 0.101320215]
[1.7471914, 0.84122646, 0.80036485, 0.10560018]
[1.6978137, 0.7337968, 0.85519344, 0.10882349]
[1.7610697, 0.82459545, 0.8150012, 0.1214729]
[1.9356972, 0.89099556, 0.93504447, 0.10965716]
[1.8157346, 0.8845685, 0.82123816, 0.10992794]
[1.6421793, 0.79581296, 0.7205374, 0.12582892]
[1.5877982, 0.7779968, 0.6805059, 0.12929559]
[1.8081677, 0.7771367, 0.91082394, 0.12020712]
[1.82823, 0.9651401, 0.7381299, 0.12496005]
[1.6930139, 0.7362133, 0.82143116, 0.13536943]
[1.8209538, 0.7350264, 0.9477484, 0.1381791]
[1.6227256, 0.8487579, 0.63151133, 0.14245641]
[1.8564464, 0.8740064, 0.84207976, 0.1403602]
[1.7894468, 0.7686806, 0.88013, 0.1406362]
[1.8006768, 0.9080701, 0.7539849, 0.13862185]
[1.8320545, 0.6707045, 1.0160699, 0.14528015]
[1.7976459, 0.8997829, 0.7598359, 0.13802707]
[1.9743356, 0.80581546, 1.0251791, 0.14334095]
[1.8754728, 1.0363479, 0.7120404, 0.12708446]
[1.8899609, 0.765084, 1.0087053, 0.11617155]
[1.770091, 0.85498476, 0.79947746, 0.11562888]
[1.8867595, 0.6624756, 1.0978683, 0.1264156]
[1.9368615, 1.0724814, 0.7273134, 0.1370667]
[1.7707369, 0.7707087, 0.8760762, 0.123952]
[1.7103617, 0.8736957, 0.6989505, 0.13771555]
[1.8969485, 0.8629502, 0.9002178, 0.1337805]
[1.8694797, 0.82146513, 0.92555565, 0.12245899]
[1.9359722, 0.8512969, 0.9599251, 0.12475019]
[1.8519846, 0.9450228, 0.78095067, 0.12601113]
[1.8835833, 0.9541185, 0.81333935, 0.116125435]
[1.8698224, 0.78433824, 0.9516049, 0.1338793]
[1.9003669, 0.990722, 0.78514355, 0.12450138]
[1.7566662, 0.82559085, 0.81828964, 0.11278566]
[1.9308566, 0.87974846, 0.92783874, 0.12326946]
[1.786398, 0.80753374, 0.8564869, 0.122377396]
[2.051883, 1.0151114, 0.93305266, 0.10371891]
[1.7371589, 0.7011623, 0.9252955, 0.110701196]
[1.8439903, 0.82041574, 0.9052522, 0.1183224]
[1.9301944, 0.86847997, 0.92907786, 0.13263652]
[1.7231773, 0.7139468, 0.90376055, 0.10546997]
[1.621143, 0.71993464, 0.7875103, 0.113698095]
[1.9446831, 1.2142861, 0.60594463, 0.124452315]
[1.9279174, 0.6489829, 1.155049, 0.123885535]
[1.9154166, 0.99771285, 0.80069596, 0.11700786]
[1.7791445, 0.8062884, 0.8554703, 0.117385894]
[1.6549671, 0.7024938, 0.83579624, 0.116676986]
[1.8907032, 0.9398567, 0.8387495, 0.11209703]
[1.9766617, 0.8094957, 1.0512608, 0.1159052]
[1.9473572, 1.0258985, 0.8054018, 0.116056934]
[1.6026127, 0.8366748, 0.6513589, 0.114579]
[1.8872213, 0.96724737, 0.80435574, 0.115618184]
[1.6109358, 0.738202, 0.7496947, 0.12303914]
[1.7358774, 0.8989104, 0.71824676, 0.118720174]
[1.9759936, 0.93220127, 0.90614563, 0.1376467]
[1.8905596, 0.9619255, 0.80075246, 0.12788169]
[1.8649876, 0.9554944, 0.7944213, 0.11507187]
[1.6636813, 0.6027103, 0.9480868, 0.11288422]
[1.7715389, 0.81226456, 0.8407998, 0.11847447]
[1.9095945, 1.0111147, 0.78278875, 0.115691036]
[1.6482005, 0.8144176, 0.71552134, 0.11826153]
[1.9138708, 0.72719705, 1.0661237, 0.12055004]
[1.9571494, 0.90447915, 0.92064285, 0.13202742]
[1.8102418, 0.9267281, 0.7633423, 0.12017146]
[2.1545532, 0.8795817, 1.1432137, 0.13175763]
[1.8333286, 0.9271229, 0.7873936, 0.1188121]
[1.7449751, 0.8977877, 0.72860175, 0.11858558]
[2.0248148, 0.8361397, 1.0653567, 0.12331833]
[1.8920076, 1.106126, 0.67476535, 0.11111624]
[1.7642701, 0.6352141, 1.0139487, 0.11510724]
[1.5442843, 0.675757, 0.7485957, 0.11993174]
[1.8229406, 1.0818136, 0.6255952, 0.11553185]
[1.8576565, 0.7745658, 0.9704766, 0.112614036]
[1.7394528, 0.95800185, 0.66118217, 0.12026878]
[1.839371, 0.90042377, 0.8194218, 0.11952542]
[2.1724732, 1.1420283, 0.9128375, 0.11760734]
[1.7042698, 0.8450873, 0.74847007, 0.11071238]
[1.7476728, 0.80081, 0.8140509, 0.13281184]
[1.7171773, 0.701339, 0.89756364, 0.11827454]
[1.7641501, 0.7227949, 0.92308795, 0.11826734]
[1.8330748, 0.8472955, 0.8551041, 0.13067517]
[1.7520157, 0.81251574, 0.81870586, 0.12079414]
[2.1103234, 0.98289037, 1.0008076, 0.1266254]
[1.8307654, 0.89542925, 0.82558453, 0.10975161]
[1.9777514, 0.9511627, 0.90426666, 0.12232197]
[1.8334523, 0.7119819, 0.99888873, 0.122581676]
[1.8773743, 0.97777086, 0.7891687, 0.1104346]
[1.9189737, 0.83537245, 0.9734766, 0.11012465]
[1.7345849, 0.76272726, 0.86379755, 0.1080601]
[1.7106452, 0.74473435, 0.8486372, 0.117273614]
[1.6956338, 0.8210895, 0.75496393, 0.11958036]
[1.7767732, 0.7583729, 0.8887161, 0.1296842]
[1.914919, 0.75086457, 1.0476904, 0.11636408]
[1.6517242, 0.9644109, 0.562349, 0.12496432]
[1.7031227, 0.67183983, 0.904883, 0.1263999]
[1.7596289, 1.0471482, 0.5931177, 0.11936297]
[1.7563684, 0.59242004, 1.0384258, 0.12552257]
[1.8848484, 1.1176157, 0.63922024, 0.12801248]
[1.8877335, 0.84607834, 0.9124, 0.12925503]
[1.9388039, 0.93426883, 0.88403356, 0.12050156]
[2.0211627, 0.93815964, 0.9641342, 0.11886872]
[1.7433866, 0.81052643, 0.8092265, 0.123633705]
[1.8853701, 0.8668846, 0.89724934, 0.1212362]
[1.852087, 0.90547246, 0.8219588, 0.12465573]
[1.8132317, 0.77099025, 0.9146566, 0.127585]
[1.8295382, 0.8585793, 0.8569319, 0.11402704]
[1.8777378, 0.89852804, 0.8570961, 0.12211375]
[1.9596642, 0.92586946, 0.92689085, 0.10690388]
[1.8495492, 0.9270276, 0.804438, 0.118083544]
[1.7014674, 0.8930156, 0.70197713, 0.10647464]
[1.7303948, 0.77968925, 0.8401571, 0.11054847]
[1.641903, 0.7411906, 0.79035807, 0.11035427]
[1.8931468, 0.9400276, 0.8231772, 0.12994194]
[1.7776932, 0.8545904, 0.80550766, 0.11759508]
[1.7629579, 0.8697128, 0.77139294, 0.121852145]
[2.068941, 0.8663689, 1.0757667, 0.12680565]
[1.8523744, 0.9238264, 0.80409354, 0.12445448]
[2.11108, 0.9492056, 1.0458827, 0.11599152]
[1.6639756, 0.8945045, 0.6680685, 0.10140266]
[1.9566786, 0.8920647, 0.94757986, 0.11703406]
[1.8293451, 0.8403355, 0.88391, 0.10509959]
[1.9791355, 0.97894335, 0.8881794, 0.112012684]
[1.8121518, 0.7406678, 0.96798134, 0.10350262]
[1.9108667, 0.8810877, 0.9228074, 0.10697162]
[1.9578657, 1.0287225, 0.8153267, 0.11381647]
[1.9139928, 0.910924, 0.8972148, 0.105853945]
[2.0174968, 0.8075205, 1.1059747, 0.1040016]
[1.8213116, 0.74688005, 0.97706056, 0.09737097]
[1.94788, 1.0479672, 0.7860787, 0.11383416]
[1.8690084, 0.90478015, 0.8691865, 0.09504175]
[1.7247132, 0.873315, 0.74584365, 0.10555456]
[2.0680308, 0.8701757, 1.0998065, 0.098048545]
[1.9582318, 0.86383104, 1.007586, 0.08681481]
[1.7316138, 0.5528354, 1.0793092, 0.09946906]
[1.886432, 1.0472497, 0.7290975, 0.11008486]
[1.8043058, 0.7545164, 0.948322, 0.10146743]
[1.9290482, 0.8710413, 0.951269, 0.10673794]
[1.9333147, 0.8487398, 0.98759884, 0.096976]
[1.8143494, 0.8926077, 0.82674587, 0.094995886]
[1.8331405, 0.9179947, 0.81120527, 0.10394066]
[1.7611797, 0.82421625, 0.83659583, 0.100367576]
[1.9965127, 0.9027463, 1.0049622, 0.08880408]
[1.9743518, 0.9735371, 0.9051026, 0.09571205]
[1.9311324, 1.0613121, 0.7853649, 0.08445535]
[1.9480984, 0.86552525, 0.9856988, 0.09687431]
[1.7065352, 0.80219805, 0.80937463, 0.09496243]
[1.9861757, 0.8502756, 1.0352091, 0.100690976]
[1.7822255, 0.8848642, 0.80382025, 0.09354102]
[1.9887266, 0.92595303, 0.9625348, 0.10023883]
[1.7403054, 0.8886404, 0.75504965, 0.096615255]
[2.0412555, 1.0521361, 0.88943386, 0.09968562]
[1.6802906, 0.8012948, 0.7832942, 0.09570161]
[1.8268914, 0.9915747, 0.7460317, 0.089285046]
[1.8316962, 0.8399415, 0.8957522, 0.09600241]
[1.8798602, 0.7725192, 0.99970794, 0.10763308]
[1.8137901, 0.7758719, 0.9359092, 0.10200912]
[1.791971, 0.93151605, 0.76271653, 0.09773839]
[1.8247453, 0.9051887, 0.82050395, 0.09905264]
[1.8436867, 0.8467024, 0.89079297, 0.10619126]
[1.5734377, 0.6128561, 0.8524585, 0.10812303]
[1.9871469, 1.1820543, 0.6887702, 0.11632243]
[1.8593515, 0.7036733, 1.0609018, 0.09477647]
[1.7511178, 0.7643758, 0.8896215, 0.09712049]
[1.9640009, 0.7927135, 1.0548152, 0.116472214]
[1.7702819, 0.9565613, 0.7060569, 0.10766379]
[1.8467709, 0.76690173, 0.9892046, 0.0906645]
[1.89692, 0.96643543, 0.8293482, 0.1011363]
[2.0397267, 0.97967696, 0.95740247, 0.10264729]
[1.8871454, 0.9022639, 0.8890425, 0.095838994]
[2.0589075, 0.9277979, 1.0276058, 0.10350379]
[1.8590329, 0.8476231, 0.91910374, 0.09230606]
[1.8164427, 0.87996256, 0.8446642, 0.091815904]
[2.0191607, 1.1229954, 0.807654, 0.08851132]
[1.903008, 0.7593875, 1.052293, 0.091327496]
[1.9106992, 0.8096489, 1.0210392, 0.08001118]
[1.7791958, 0.7712229, 0.9265332, 0.08143973]
[1.7217271, 0.7389294, 0.89206934, 0.09072845]
[1.7988756, 0.7896098, 0.91223556, 0.09703021]
[1.9350623, 0.8396269, 1.0030663, 0.09236905]
[1.8949943, 0.99490404, 0.80421185, 0.09587834]
[1.8701987, 0.78883046, 0.9886836, 0.092684686]
[1.7812406, 0.8961719, 0.78198445, 0.10308422]
[1.8206738, 0.71814054, 1.0063573, 0.096176036]
[1.7881174, 0.8265079, 0.8615763, 0.10003315]
[1.741471, 0.9010234, 0.74016607, 0.10028163]
[1.8151155, 0.97773767, 0.7225224, 0.11485535]
[1.7283038, 0.743159, 0.8754797, 0.10966508]
[1.8295587, 1.0439024, 0.68447685, 0.101179525]
[1.6157701, 0.7016605, 0.81342787, 0.10068177]
[1.9158512, 1.1011792, 0.70019394, 0.11447804]
[1.6379843, 0.8826769, 0.6505728, 0.104734704]
[1.7386026, 0.7801653, 0.8505361, 0.107901216]
[1.871587, 0.816272, 0.9477621, 0.107553005]
[1.8298516, 0.76802784, 0.94725657, 0.114567325]
[1.7655752, 1.0497798, 0.59323496, 0.12256049]
[1.834091, 0.74981415, 0.9687878, 0.11548905]
[1.967752, 0.8023821, 1.0560328, 0.109337084]
[1.782836, 0.90521467, 0.75424635, 0.123375]
[1.957202, 1.0466263, 0.7961054, 0.11447021]
[1.7190123, 0.7126369, 0.8939278, 0.11244744]
[1.9418039, 0.846855, 0.97077966, 0.124169365]
[1.8341093, 1.0478463, 0.667335, 0.11892793]
[1.7684315, 0.6334981, 1.0282128, 0.1067207]
[1.8120852, 0.866022, 0.8142539, 0.13180918]
[1.8365581, 0.95162606, 0.76249707, 0.12243496]
[1.8453152, 0.90121347, 0.8283895, 0.115712196]
[1.7400202, 0.81529176, 0.7956184, 0.12911001]
[1.8444829, 0.8106872, 0.9130987, 0.12069702]
[1.6644784, 0.9868244, 0.55829483, 0.119359165]
[1.9361215, 0.8495387, 0.9648281, 0.12175463]
[1.9013057, 0.92896503, 0.8521465, 0.12019424]
[1.7082818, 0.910375, 0.6860224, 0.11188434]
[1.9066852, 0.9371886, 0.8477497, 0.12174689]
[1.829303, 0.7492471, 0.9585146, 0.12154133]
[1.8405943, 0.98729914, 0.7449913, 0.1083038]
[1.8454431, 0.8256244, 0.8926426, 0.1271762]
[1.8746204, 0.77609795, 0.99919605, 0.0993264]
[1.7145044, 0.72021383, 0.8719199, 0.12237062]
[1.8793381, 0.95361954, 0.7873279, 0.13839063]
[1.6974136, 0.68721735, 0.89710915, 0.113087095]
[1.8896548, 0.9611298, 0.805184, 0.123340994]
[1.8810921, 0.7442468, 1.0185143, 0.11833097]
[1.7218167, 0.8568673, 0.7404945, 0.12445487]
[1.7211972, 0.5299449, 1.0813979, 0.10985445]
[1.8434998, 1.081278, 0.63231796, 0.1299039]
[1.8810077, 0.7503931, 0.9935964, 0.13701817]
[1.7430394, 0.9197749, 0.70212966, 0.12113481]
[1.6535854, 0.6305255, 0.91521084, 0.10784917]
[1.6861149, 0.6810527, 0.8797698, 0.12529238]
[1.7183576, 0.9517234, 0.6307609, 0.13587336]
[1.9988502, 1.0162224, 0.854084, 0.1285439]
[1.8625075, 1.0129215, 0.7237383, 0.12584774]
[1.9567002, 0.81833124, 1.0124274, 0.1259415]
[1.8077197, 0.9782234, 0.6980502, 0.13144618]
[1.6905271, 0.86319023, 0.6967354, 0.13060153]
[1.9765651, 0.9190676, 0.92938226, 0.12811515]
[1.8582671, 0.7563915, 0.96554875, 0.13632679]
[1.7305685, 0.9540627, 0.6596947, 0.11681118]
[1.9077952, 0.7950618, 0.9938706, 0.11886269]
[1.657051, 0.81495994, 0.7165538, 0.12553732]
[1.9700013, 1.0423795, 0.8003433, 0.1272786]
[1.5966479, 0.6596931, 0.80444515, 0.13250957]
[1.9245459, 0.90249795, 0.8902209, 0.13182704]
[1.8281424, 0.7279599, 0.97689056, 0.12329203]
[2.0243974, 0.92535764, 0.964995, 0.13404468]
[1.6990299, 0.7898619, 0.76617897, 0.14298904]
[1.8825272, 0.9579123, 0.7970774, 0.12753746]
[1.8813305, 0.98408276, 0.7733199, 0.12392779]
[1.9557811, 0.7419029, 1.0822759, 0.13160239]
[1.7846705, 0.9117101, 0.7484288, 0.12453161]
[1.8526375, 0.831269, 0.89489645, 0.12647204]
[1.8694562, 0.86623544, 0.8704541, 0.1327666]
[1.7332543, 0.7411083, 0.85621727, 0.13592875]
[1.9066312, 0.9360362, 0.8643441, 0.10625087]
[1.7715845, 0.70556545, 0.9278866, 0.13813251]
[1.8613161, 0.95095855, 0.77512395, 0.13523355]
[1.6891359, 0.48703045, 1.0633368, 0.13876855]
[1.687298, 0.9318758, 0.6315713, 0.12385092]
[1.8683034, 0.5714272, 1.1816024, 0.11527388]
[1.8353878, 0.94126314, 0.7531482, 0.14097655]
[1.8285534, 0.8316448, 0.86563146, 0.1312772]
[1.613709, 0.6946419, 0.79690534, 0.12216173]
[1.760891, 0.98219895, 0.63957006, 0.13912195]
[1.8864691, 0.8426883, 0.90870893, 0.1350719]
[2.1170585, 1.0149217, 0.9818733, 0.120263666]
[1.9067812, 0.6884837, 1.1000189, 0.11827858]
[1.7485826, 0.78498334, 0.8415264, 0.12207292]
[1.8525664, 0.6465241, 1.0672352, 0.13880706]
[1.622626, 0.80900437, 0.683764, 0.12985763]
[1.7692475, 0.93856966, 0.7049823, 0.12569559]
[1.9183676, 0.86867285, 0.9162432, 0.13345152]
[1.806958, 0.86145985, 0.8254086, 0.12008959]
[1.597245, 0.62993586, 0.83527666, 0.13203236]
[1.6204166, 0.57890964, 0.9170316, 0.12447548]
[1.9155257, 0.98291373, 0.80299544, 0.12961644]
[1.8766671, 0.9592321, 0.7957449, 0.12169011]
[1.726279, 0.84898764, 0.73955727, 0.13773412]
[2.008121, 1.1494544, 0.7394182, 0.11924845]
[1.8928009, 0.8026408, 0.9618925, 0.12826765]
[1.9579175, 1.1126673, 0.71909344, 0.12615675]
[1.712863, 1.0058441, 0.59064573, 0.11637311]
[1.7956207, 0.7588315, 0.925353, 0.1114361]
[1.765711, 0.8578321, 0.7922134, 0.11566555]
[1.8262004, 1.0359757, 0.6711438, 0.11908085]
[1.8252476, 0.7118287, 0.9850511, 0.12836781]
[1.9212441, 0.93202037, 0.84633684, 0.14288692]
[1.7337484, 1.0288501, 0.5720812, 0.1328172]
[1.5974797, 0.615744, 0.84733504, 0.13440074]
[1.9018916, 0.9129344, 0.85808194, 0.13087523]
[1.7294658, 0.8502737, 0.7416558, 0.13753629]
[1.7862296, 0.7669387, 0.8851444, 0.13414645]
[1.7632636, 0.87013245, 0.75796765, 0.13516347]
[1.7353541, 0.595999, 0.98852956, 0.15082546]
[1.7075928, 0.9070832, 0.6630113, 0.13749829]
[1.8625913, 0.7819121, 0.94222957, 0.1384497]
[1.8981057, 0.85578275, 0.90342367, 0.1388993]
[1.7974014, 0.72274834, 0.9378563, 0.13679673]
[1.9851965, 1.047559, 0.7915983, 0.14603914]
[1.8326216, 0.85890734, 0.8374375, 0.13627666]
[1.9603977, 0.75135815, 1.0670967, 0.14194292]
[1.8477836, 0.749334, 0.9632939, 0.13515562]
[1.8839166, 1.0788225, 0.6761806, 0.1289135]
[1.9010328, 0.85899574, 0.91480094, 0.12723614]
[1.8259035, 0.7598367, 0.93552524, 0.13054165]
[2.0613682, 1.023942, 0.9067062, 0.13072011]
[1.9384518, 0.94719994, 0.8706586, 0.12059337]
[1.9110761, 0.91326034, 0.8697029, 0.12811273]
[1.9466307, 0.917364, 0.9084806, 0.12078625]
[2.0150836, 0.9507538, 0.9427388, 0.12159092]
[1.7577499, 0.7924458, 0.85690635, 0.10839783]
[1.7033668, 0.8357091, 0.766027, 0.10163066]
[1.9002231, 0.758782, 1.0240988, 0.11734231]
[1.8140715, 0.8158627, 0.8791777, 0.119031034]
[1.8900481, 1.052636, 0.7173179, 0.12009421]
[1.7900412, 0.71792525, 0.9584348, 0.113681056]
[1.7242807, 0.6134689, 0.98721004, 0.123601794]
[1.8007377, 0.9484912, 0.73733294, 0.11491358]
[1.8510367, 0.7803025, 0.9489918, 0.12174238]
[1.6891375, 0.8123075, 0.74878156, 0.12804836]
[1.9631622, 0.84596217, 0.99859464, 0.118605405]
[1.7522314, 0.8697711, 0.7564691, 0.12599108]
[1.7050673, 0.73660564, 0.83204293, 0.13641867]
[1.6266717, 0.67467207, 0.8147466, 0.13725288]
[1.6373532, 0.7032131, 0.80339044, 0.13074972]
[1.7699735, 0.80898225, 0.81800485, 0.14298642]
[2.1297045, 1.1687355, 0.8250688, 0.13590023]
[1.8335621, 0.7004125, 1.0061779, 0.12697175]
[1.9433942, 0.89888394, 0.91933954, 0.12517065]
[1.8009319, 0.75258964, 0.914111, 0.13423133]
[1.928044, 1.0411949, 0.754755, 0.13209407]
[1.9242982, 0.98886645, 0.8075998, 0.12783194]
[1.7893114, 0.6377694, 1.0285354, 0.123006634]
[1.8400644, 1.0277368, 0.6932318, 0.11909585]
[1.9862124, 0.8880309, 0.96561635, 0.13256514]
[1.8718995, 1.092524, 0.6603594, 0.119016096]
[1.707783, 0.7597089, 0.8341559, 0.113918215]
[1.8800567, 0.96354717, 0.79103374, 0.12547576]
[1.997092, 1.0085465, 0.86777276, 0.12077279]
[1.6467776, 0.7978866, 0.73794955, 0.11094143]
[1.7766892, 0.8706054, 0.7830635, 0.123020306]
[1.8225075, 0.8586306, 0.8356159, 0.12826099]
[1.8560138, 0.9732888, 0.7576053, 0.12511975]
[1.9529427, 1.0081917, 0.8242409, 0.12051007]
[1.8866683, 0.97593886, 0.79899657, 0.111732885]
[1.7115786, 0.6972543, 0.8921566, 0.12216774]
[2.0171769, 1.2669957, 0.62484324, 0.12533797]
[1.8375977, 0.7912897, 0.9344361, 0.111872]
[1.986083, 0.96238697, 0.9003882, 0.12330795]
[2.004697, 1.0205479, 0.87970734, 0.104441956]
[1.9895995, 1.0045266, 0.87948525, 0.105587564]
[1.8178616, 0.85884905, 0.8607476, 0.09826495]
[1.8040752, 0.79633486, 0.89941967, 0.10832072]
[1.7077216, 0.8899212, 0.7083249, 0.10947554]
[1.7844017, 0.8044209, 0.86495984, 0.11502105]
[1.6241088, 0.65959346, 0.8525227, 0.11199266]
[1.7863189, 0.8713398, 0.7969774, 0.118001655]
[2.0866451, 1.1129053, 0.8539455, 0.11979441]
[1.8119036, 0.84325784, 0.8561498, 0.112496]
[1.9591256, 1.0117137, 0.8303195, 0.11709239]
[1.8590364, 0.7924806, 0.9631026, 0.10345322]
[1.9439107, 0.9258461, 0.91141033, 0.10665424]
[1.8379705, 0.6567379, 1.0747823, 0.106450304]
[1.6944542, 0.88258666, 0.69090235, 0.12096526]
[1.7045797, 0.90618056, 0.699219, 0.09918012]
[1.6765149, 0.69339603, 0.880877, 0.10224178]
[1.8674462, 0.92617023, 0.84034485, 0.100931175]
[1.7961512, 0.77817506, 0.8945147, 0.123461515]
[1.7799582, 0.92177457, 0.74779046, 0.11039334]
[1.7405645, 0.74739766, 0.88346565, 0.10970114]
[1.6918845, 0.71695083, 0.85443515, 0.12049858]
[1.671661, 0.6889012, 0.8561566, 0.12660328]
[1.7150134, 1.0051084, 0.5807237, 0.1291813]
[1.663202, 0.71607333, 0.8239745, 0.12315413]
[1.8215637, 0.69689095, 0.99123454, 0.13343827]
[1.8600017, 0.88349473, 0.84499574, 0.13151118]
[1.9513056, 0.82430345, 0.99933344, 0.12766871]
[1.8779854, 0.70317113, 1.0323063, 0.14250788]
[1.8763657, 0.9292257, 0.82497036, 0.12216967]
[1.9149259, 0.9144945, 0.8798026, 0.12062888]
[1.9767171, 0.85288733, 0.9946796, 0.12915032]
[1.7828528, 1.015368, 0.647159, 0.12032576]
[1.9259979, 0.8147837, 0.996248, 0.11496612]
[1.714458, 0.92543435, 0.67190146, 0.11712213]
[1.7675781, 0.87754595, 0.7766887, 0.11334352]
[1.7315118, 0.5857787, 1.0256335, 0.12009968]
[1.8024178, 0.9633656, 0.72603285, 0.113019235]
[1.9533954, 0.9398526, 0.89446735, 0.1190754]
[1.813253, 0.9052539, 0.7737451, 0.13425411]
[2.0084932, 0.8686085, 1.0251019, 0.114782825]
[1.8592997, 0.7654844, 0.9719217, 0.12189369]
[1.7586316, 0.9519779, 0.6999615, 0.10669222]
[1.8195225, 0.8482479, 0.85755235, 0.11372219]
[1.7354451, 0.7278637, 0.88893354, 0.1186479]
[1.9927491, 1.01276, 0.85976255, 0.1202265]
[1.7137766, 0.74446106, 0.8451707, 0.12414483]
[1.9142364, 0.97041535, 0.81163013, 0.1321909]
[1.741152, 0.82227254, 0.79704535, 0.12183415]
[1.710221, 0.5968808, 0.9782488, 0.13509157]
[2.010833, 1.228359, 0.65549505, 0.12697904]
[1.8824791, 0.89841086, 0.86843807, 0.11563018]
[1.8836144, 0.8617821, 0.91657066, 0.1052617]
[1.8412975, 0.865728, 0.8625307, 0.11303877]
[1.9066459, 0.9733185, 0.8287723, 0.104555]
[1.8129201, 0.7351056, 0.95878804, 0.119026445]
[1.8145589, 0.82280946, 0.8877821, 0.10396734]
[1.6561365, 0.78440154, 0.75235367, 0.11938129]
[1.8227711, 0.8962857, 0.8024019, 0.12408348]
[1.8666312, 0.88249695, 0.8615244, 0.1226097]
[1.9134421, 0.8264113, 0.9679573, 0.119073465]
[1.886806, 0.9901387, 0.78134805, 0.1153192]
[1.8246533, 0.8155856, 0.8914126, 0.11765502]
[1.8789725, 0.9108765, 0.8464954, 0.12160068]
[1.8630264, 0.67753506, 1.0606805, 0.124810845]
[1.7172673, 0.5932373, 1.004143, 0.119887054]
[1.91757, 1.089996, 0.7073357, 0.12023834]
[1.9585783, 0.7368612, 1.0919728, 0.12974423]
[1.5802729, 0.8623759, 0.5985664, 0.11933066]
[1.883301, 0.91500735, 0.85676676, 0.11152698]
[1.666084, 0.738739, 0.80634636, 0.12099863]
[1.8058074, 0.9165034, 0.77829456, 0.111009344]
[1.7026317, 0.81303656, 0.75674593, 0.13284922]
[1.7445692, 0.80895746, 0.816936, 0.118675694]
[1.8470228, 1.0118262, 0.71254617, 0.122650445]
[1.9319783, 0.67115295, 1.1343638, 0.12646158]
[1.9086379, 0.9646492, 0.81706345, 0.12692526]
[1.9729129, 1.1180658, 0.7394934, 0.11535369]
[1.9856008, 0.928953, 0.9424567, 0.114191145]
[1.8431971, 0.8152684, 0.9168946, 0.11103417]
[2.1196926, 0.86739564, 1.1339936, 0.11830329]
[1.8860981, 0.84327567, 0.9371153, 0.10570719]
[1.811679, 0.99856615, 0.7037741, 0.10933876]
[1.8789647, 0.9286283, 0.83947575, 0.1108606]
[1.7695873, 0.7716752, 0.8991256, 0.09878643]
[1.783867, 0.9465883, 0.7268427, 0.11043605]
[1.7247387, 0.69132555, 0.92594, 0.10747328]
[1.9343845, 0.8803301, 0.9431474, 0.11090696]
[1.9251047, 0.7167235, 1.0975342, 0.11084715]
[2.0813096, 1.1472275, 0.8208349, 0.11324714]
[1.7913357, 0.7553287, 0.9251059, 0.11090104]
[1.7636125, 0.82658565, 0.82475615, 0.11227073]
[1.784544, 0.93223923, 0.7378876, 0.11441713]
[1.7861065, 0.76937354, 0.9058852, 0.11084776]
[1.7989671, 0.8686848, 0.80876297, 0.12151934]
[1.732358, 0.8429662, 0.7788214, 0.11057049]
[1.9144137, 0.8704101, 0.92248374, 0.12151979]
[1.8126808, 0.76425695, 0.9305929, 0.11783102]
[1.9088056, 0.9015501, 0.90787476, 0.09938072]
[1.7475519, 0.68783426, 0.9366066, 0.123110965]
[1.8059775, 0.8017224, 0.8680318, 0.13622317]
[1.777437, 0.8215915, 0.8275256, 0.1283199]
[1.7627971, 0.76360786, 0.8840061, 0.11518307]
[1.6459625, 0.8836571, 0.64096105, 0.12134428]
[1.7171903, 0.5520723, 1.0299914, 0.13512665]
[2.028232, 1.1113571, 0.79068327, 0.12619169]
[1.8232851, 0.72141933, 0.9737797, 0.12808603]
[1.7776766, 0.8264351, 0.82628614, 0.12495541]
[1.8849039, 0.92553, 0.8280039, 0.13137007]
[1.8026265, 0.94955, 0.73144126, 0.12163531]
[1.5797927, 0.49756074, 0.96651834, 0.115713626]
[1.9131113, 1.0998456, 0.6995715, 0.11369424]
[1.7661213, 0.8810227, 0.76018363, 0.12491505]
[1.7947015, 0.74031234, 0.93937063, 0.1150185]
[1.7720468, 0.77893543, 0.8567894, 0.13632202]
[1.8310661, 0.8720176, 0.8242614, 0.13478702]
[1.9506599, 0.81396306, 1.0204451, 0.11625171]
[1.9083967, 0.85559005, 0.9293214, 0.12348536]
[1.8840581, 0.80711293, 0.9601147, 0.11683051]
[1.6626439, 0.6446717, 0.9086853, 0.10928686]
[1.8059032, 0.8333336, 0.85349256, 0.119077]
[1.8273627, 0.8889834, 0.826422, 0.1119572]
[1.7720513, 0.76569873, 0.8887334, 0.11761922]
[1.9226619, 0.83330464, 0.9641572, 0.12520006]
[1.7465835, 0.9811306, 0.6506003, 0.11485259]
[1.9159902, 0.9633107, 0.8210158, 0.1316637]
[1.5463068, 0.68742484, 0.7504822, 0.10839984]
[1.8766617, 0.796705, 0.95268846, 0.1272682]
[1.9836237, 1.2614491, 0.6052872, 0.11688748]
[2.0618005, 0.83842033, 1.0955935, 0.12778662]
[1.8200951, 0.9029785, 0.80148023, 0.1156363]
[1.8644054, 0.99975866, 0.7413207, 0.12332608]
[1.7252804, 0.8669855, 0.74280655, 0.11548837]
[2.01217, 1.020273, 0.87511176, 0.1167852]
[1.8764755, 1.0958667, 0.6655644, 0.115044326]
[1.7690561, 0.8716226, 0.787703, 0.10973047]
[1.8912382, 0.97205126, 0.7948954, 0.12429155]
[1.6483407, 0.8048212, 0.73124313, 0.11227628]
[1.9209547, 1.0460169, 0.7685631, 0.10637477]
[1.997736, 0.8636799, 1.0312068, 0.10284919]
[1.6936387, 0.88130796, 0.698092, 0.114238776]
[2.0151277, 1.0183038, 0.88533664, 0.11148732]
[1.5951061, 0.6635782, 0.82537013, 0.106157765]
[2.0299203, 1.189347, 0.7329234, 0.10764985]
[1.9091991, 0.8025527, 1.0046532, 0.1019932]
[1.897932, 0.86990535, 0.9287345, 0.09929223]
[1.6979564, 0.82830584, 0.7515079, 0.11814274]
[1.6506568, 0.7375348, 0.8076393, 0.10548269]
[1.9529386, 0.88693213, 0.9517944, 0.114212066]
[1.8951019, 1.1765139, 0.60754824, 0.1110398]
[1.7591536, 0.87968063, 0.7832663, 0.0962067]
[1.9888324, 1.0386249, 0.8430771, 0.107130446]
[1.7314254, 0.7593155, 0.86459637, 0.10751353]
[1.7576637, 0.9357288, 0.71313614, 0.1087987]
[1.8677722, 0.8597206, 0.9072853, 0.10076632]
[1.9007542, 1.0503433, 0.73455834, 0.115852654]
[1.8186015, 0.8556373, 0.8554268, 0.10753743]
[1.863697, 0.924963, 0.8314637, 0.107270315]
[2.1446986, 0.9699755, 1.0660299, 0.1086932]
[1.8412774, 0.9111205, 0.82655704, 0.10359983]
[1.9057338, 0.8067684, 0.99255013, 0.10641526]
[1.8518649, 0.9001331, 0.8478898, 0.103842154]
[1.8683476, 0.8868136, 0.8833099, 0.09822419]
[1.7692057, 0.8214071, 0.8462414, 0.101557165]
[1.7621882, 0.7458381, 0.91330934, 0.10304074]
[1.6423001, 0.73883486, 0.79175997, 0.111705266]
[1.9031348, 0.9354757, 0.8607646, 0.10689449]
[1.7442614, 0.74090815, 0.89508516, 0.10826819]
[1.7931724, 0.5807812, 1.0970753, 0.115315795]
[1.956109, 1.0561273, 0.78270423, 0.11727752]
[1.9070163, 0.88250077, 0.9122149, 0.112300694]
[1.7883557, 0.8654585, 0.81939924, 0.10349801]
[1.9797682, 0.93258417, 0.9354201, 0.11176379]
[1.7118715, 0.7246113, 0.88045883, 0.10680138]
[1.7838467, 0.8254222, 0.8466109, 0.11181365]
[1.6139085, 0.6873565, 0.8073913, 0.119160734]
[1.746344, 0.7783066, 0.851215, 0.11682233]
[1.7480856, 0.6749723, 0.94109684, 0.13201657]
[1.828324, 0.7991451, 0.9072906, 0.12188828]
[1.9356894, 0.8719642, 0.9448875, 0.118837684]
[1.7429608, 0.85398704, 0.76056254, 0.12841117]
[1.7868085, 0.7752843, 0.90202665, 0.10949757]
[1.608943, 0.8079598, 0.6724553, 0.12852786]
[2.067041, 0.93410915, 0.99990857, 0.13302314]
[1.8347344, 0.89935136, 0.8244437, 0.110939324]
[1.7262548, 0.90280235, 0.7079832, 0.11546935]
[1.5203027, 0.72470677, 0.6765583, 0.11903752]
[1.8232309, 0.7677269, 0.93061346, 0.12489042]
[1.878904, 1.1600134, 0.5922456, 0.126645]
[2.022125, 0.80310285, 1.099754, 0.11926809]
[1.8581369, 0.87118113, 0.86642396, 0.12053186]
[2.0743299, 0.96461105, 0.9754982, 0.13422063]
[1.916397, 1.0218794, 0.7735462, 0.12097129]
[1.6294615, 0.78192544, 0.7289692, 0.118566826]
[1.7387918, 0.7909132, 0.8231536, 0.12472504]
[1.6631052, 0.803086, 0.73460305, 0.1254163]
[1.9258373, 0.93873966, 0.8563961, 0.13070151]
[1.8052976, 0.6385444, 1.0466353, 0.1201179]
[1.9533609, 1.1006362, 0.7130599, 0.13966474]
[2.0099192, 0.9817015, 0.90585095, 0.12236677]
[1.8105389, 0.7674556, 0.91784346, 0.1252398]
[1.9347672, 1.0070593, 0.80647, 0.12123804]
[1.9550695, 0.7836193, 1.0578761, 0.11357421]
[1.8449913, 1.0564699, 0.6679392, 0.12058225]
[1.7327591, 0.5929682, 1.0187056, 0.12108525]
[1.8555193, 0.9617667, 0.7792253, 0.11452723]
[1.7313123, 0.70796835, 0.9049107, 0.11843322]
[1.7234013, 0.9169705, 0.6885327, 0.11789806]
[1.7617716, 0.8659666, 0.7647792, 0.13102567]
[1.7805172, 0.7261509, 0.92169327, 0.13267316]
[2.0305932, 1.0596851, 0.8390446, 0.13186343]
[1.6606796, 0.7144184, 0.8085696, 0.13769145]
[1.6308148, 0.6627729, 0.8429503, 0.12509155]
[1.6092039, 0.7829847, 0.6936557, 0.13256344]
[1.6566856, 0.88614714, 0.6235366, 0.14700192]
[1.786478, 0.5266305, 1.1167033, 0.14314419]
