[1.9298247, 0.832616, 0.95980567, 0.13740316]
[1.7398322, 1.0259895, 0.5659809, 0.14786172]
[1.7157751, 0.7090468, 0.8658886, 0.14083973]
[1.8441074, 0.89754605, 0.79420733, 0.15235402]
[1.9369855, 0.9361361, 0.8618536, 0.13899581]
[1.9039952, 0.9349551, 0.8322683, 0.1367718]
[1.7958373, 0.76749, 0.88846326, 0.13988402]
[1.836149, 0.9298898, 0.7791848, 0.12707442]
[1.9508331, 0.9864105, 0.8364834, 0.12793928]
[1.6559598, 0.6691979, 0.8489858, 0.13777617]
[1.7094507, 0.80638546, 0.7638134, 0.139252]
[1.8370395, 0.74614906, 0.93334186, 0.15754855]
[1.7345877, 0.89110893, 0.70627105, 0.13720772]
[1.8227473, 0.90593827, 0.78034407, 0.13646497]
[1.8095169, 0.81586325, 0.8570991, 0.1365545]
[1.9973485, 0.9699165, 0.8814317, 0.14600034]
[1.6540904, 0.58959246, 0.9248971, 0.13960087]
[1.8796625, 0.9264655, 0.825071, 0.12812608]
[1.7294046, 0.7951144, 0.79070985, 0.14358032]
[1.7718974, 0.8923092, 0.7486969, 0.1308913]
[1.6869671, 0.76710486, 0.7796693, 0.14019302]
[1.9619235, 0.82885957, 0.99033797, 0.14272596]
[1.8765004, 1.0527511, 0.68409157, 0.1396578]
[1.5691546, 0.60735494, 0.8256179, 0.13618171]
[1.8697736, 0.91869533, 0.81991136, 0.13116695]
[1.8513521, 0.9011409, 0.8273315, 0.12287968]
[1.9568695, 0.9493759, 0.8751014, 0.1323922]
[1.8770198, 0.85363114, 0.88695765, 0.13643093]
[1.9238491, 0.95789826, 0.8362031, 0.12974769]
[1.8352653, 0.7751337, 0.93340456, 0.12672696]
[1.7981726, 0.8884459, 0.7804235, 0.12930308]
[2.0306783, 0.93867075, 0.964826, 0.12718141]
[1.734537, 0.76962006, 0.8439869, 0.12093003]
[1.6654816, 0.69640696, 0.8467541, 0.12232053]
[1.969769, 1.0322421, 0.8102494, 0.12727755]
[1.786025, 0.7769089, 0.87636733, 0.13274881]
[1.5548334, 0.6829282, 0.7456712, 0.1262341]
[2.044544, 1.0452139, 0.86415416, 0.13517603]
[1.7528195, 0.80960417, 0.81616575, 0.12704974]
[1.8475267, 0.9589481, 0.7701715, 0.11840717]
[1.9315431, 0.9430241, 0.8565558, 0.13196322]
[1.8273464, 0.8208817, 0.8868758, 0.119588956]
[1.8254663, 0.8216009, 0.88089144, 0.12297395]
[1.922155, 0.8253029, 0.9635793, 0.13327277]
[1.896687, 0.8937969, 0.8762307, 0.12665944]
[1.8918132, 1.060826, 0.7151581, 0.11582906]
[1.7434465, 0.7630143, 0.854113, 0.12631916]
[1.9576448, 1.1020269, 0.723076, 0.13254192]
[1.6664996, 0.65908945, 0.893271, 0.114139065]
[2.006109, 0.95766443, 0.9253608, 0.12308374]
[1.815844, 1.0104265, 0.68867224, 0.116745286]
[1.9818658, 0.91474044, 0.9554736, 0.111651726]
[1.8800836, 0.9563991, 0.8178031, 0.10588139]
[1.7973871, 0.72541714, 0.97780377, 0.09416634]
[1.758562, 0.8802663, 0.7641044, 0.11419112]
[1.7821801, 0.92826957, 0.739717, 0.114193395]
[1.8582144, 0.8690858, 0.87419826, 0.114930354]
[1.7937219, 0.8162852, 0.86518234, 0.11225434]
[1.7438257, 0.6676198, 0.9586272, 0.11757859]
[1.9800041, 1.1865739, 0.6783891, 0.1150412]
[1.9631418, 0.761662, 1.0806372, 0.120842546]
[1.6990311, 0.78336716, 0.7953248, 0.12033912]
[1.6228976, 0.76708436, 0.73206663, 0.123746574]
[1.7403601, 0.85333335, 0.74735224, 0.13967457]
[1.743029, 0.9348432, 0.6924193, 0.115766525]
[1.8838464, 0.85078263, 0.9101019, 0.12296191]
[1.8636974, 0.8239862, 0.92317384, 0.1165374]
[1.955674, 1.1496607, 0.6738755, 0.13213794]
[1.9313661, 0.8253008, 0.98894143, 0.11712383]
[1.9833386, 1.0325592, 0.84776706, 0.10301231]
[1.7297374, 0.65991694, 0.9613332, 0.10848722]
[1.8391063, 0.7580446, 0.9681277, 0.11293395]
[1.8714628, 0.86839235, 0.89321697, 0.109853566]
[1.781184, 0.61011946, 1.0526787, 0.11838585]
[1.7122067, 0.8790618, 0.7111064, 0.122038536]
[1.7345428, 0.84210837, 0.7760243, 0.11641022]
[1.9130964, 0.8462202, 0.9463711, 0.12050515]
[1.8493186, 0.9041598, 0.8246942, 0.1204647]
[1.6232282, 0.70058596, 0.8058634, 0.1167789]
[1.5652344, 0.8246763, 0.6183513, 0.12220691]
[1.5727388, 0.6532342, 0.79887474, 0.12062994]
[1.6839952, 0.87566024, 0.67049813, 0.1378369]
[1.7143326, 0.6215812, 0.9546297, 0.13812159]
[1.9910119, 1.0381411, 0.83008003, 0.122790664]
[1.9950069, 0.72665167, 1.1195414, 0.14881384]
[1.7853123, 0.93587327, 0.7032961, 0.14614281]
[1.6570269, 0.49203643, 1.0398524, 0.12513807]
[1.823056, 0.81840324, 0.86434567, 0.1403071]
[1.7956616, 1.0877174, 0.5836898, 0.12425433]
[1.6144507, 0.63898945, 0.848244, 0.12721731]
[1.8775232, 0.95994854, 0.77731043, 0.14026433]
[1.9070446, 0.85377365, 0.9315873, 0.12168378]
[1.8689749, 1.0818353, 0.6550094, 0.13213027]
[1.7968168, 0.855237, 0.8060747, 0.13550523]
[1.6561377, 0.822114, 0.70148814, 0.1325356]
[1.8041315, 0.8912046, 0.77811277, 0.13481414]
[1.7607652, 0.6591486, 0.957276, 0.1443406]
[1.8260107, 0.9996238, 0.6929082, 0.13347858]
[1.854649, 0.8968849, 0.8210787, 0.1366853]
[1.8026094, 0.8233122, 0.8519243, 0.12737301]
[1.7390703, 0.64826643, 0.9597587, 0.13104519]
[1.8300658, 1.0351071, 0.6654189, 0.12953989]
[2.0121317, 0.9425403, 0.9343729, 0.13521844]
[1.894597, 0.8587714, 0.9221969, 0.11362878]
[1.8888513, 0.9215224, 0.83612406, 0.13120483]
[1.8734926, 0.62088, 1.1297596, 0.12285307]
[1.6861466, 0.86037976, 0.6846714, 0.14109549]
[1.8351837, 0.95276415, 0.7561666, 0.12625305]
[1.7257639, 0.7395761, 0.85947514, 0.12671266]
[2.0131373, 0.96802914, 0.91991425, 0.1251939]
[1.9521496, 0.9102026, 0.9208369, 0.12111013]
[1.6999117, 0.7069807, 0.8661006, 0.12683043]
[1.834979, 0.8946227, 0.81887394, 0.12148243]
[1.8273069, 0.899909, 0.80338085, 0.12401697]
[2.0125332, 0.7166985, 1.167289, 0.12854555]
[1.948501, 1.0348287, 0.7932882, 0.12038408]
[1.85998, 0.82611984, 0.91360486, 0.120255366]
[1.7919168, 0.8242416, 0.8536234, 0.11405179]
[1.7458382, 0.70921755, 0.9169495, 0.11967106]
[1.879778, 0.93833274, 0.81973946, 0.121705934]
[1.8145063, 0.78777003, 0.8998847, 0.12685154]
[1.8421512, 0.75286305, 0.9792685, 0.11001964]
[1.7504038, 0.8870505, 0.738351, 0.12500226]
[1.8309351, 0.7870569, 0.91323113, 0.13064702]
[1.8590956, 0.8707682, 0.8605957, 0.12773164]
[1.8017637, 0.70531666, 0.97467244, 0.121774584]
[1.6829727, 0.98493993, 0.5636404, 0.1343922]
[1.8459328, 0.84449786, 0.8697306, 0.13170442]
[1.8026423, 0.81768405, 0.85888904, 0.1260693]
[1.8190941, 0.9616649, 0.74180466, 0.11562455]
[1.8916016, 0.7685956, 0.98456234, 0.13844365]
[1.7043561, 0.82947105, 0.7540262, 0.120858766]
[1.8186127, 0.81562907, 0.88417405, 0.11880954]
[1.9083283, 0.84769607, 0.94077563, 0.11985664]
[1.7432967, 0.759293, 0.853163, 0.13084064]
[1.825486, 1.0512843, 0.65991974, 0.11428189]
[1.9672267, 0.8877696, 0.9437325, 0.13572466]
[1.7914237, 0.7722619, 0.9062897, 0.112872005]
[1.8268027, 0.8751081, 0.824409, 0.12728561]
[1.9295999, 0.9303091, 0.87237847, 0.12691222]
[1.8290534, 0.7885502, 0.9121119, 0.1283913]
[2.1215081, 1.0346868, 0.9657316, 0.1210898]
[1.9441841, 1.0307549, 0.8040993, 0.10932979]
[1.8093964, 0.7705053, 0.94036907, 0.09852209]
[1.981286, 0.8798051, 0.9956224, 0.10585857]
[1.6981643, 0.8236116, 0.7586323, 0.11592038]
[1.9245648, 0.8836714, 0.91756296, 0.12333047]
[1.7061436, 0.9146689, 0.67392933, 0.11754531]
[1.8816645, 0.8425081, 0.9191127, 0.12004381]
[2.0681415, 0.87799454, 1.0782986, 0.11184827]
[2.0854855, 1.1237833, 0.8526668, 0.10903524]
[1.9235173, 0.9199121, 0.89733934, 0.10626595]
[1.7991062, 0.77688754, 0.9282758, 0.093942925]
[1.7822728, 0.86938876, 0.8061459, 0.10673812]
[1.883332, 0.87711704, 0.90799224, 0.09822272]
[1.7885537, 0.92908883, 0.7608439, 0.098620966]
[1.8229427, 0.9414863, 0.7792414, 0.102215]
[1.6367244, 0.7956243, 0.74032044, 0.10077967]
[1.8810643, 0.75065815, 1.0181744, 0.11223178]
[1.6026503, 0.8290819, 0.6712156, 0.10235274]
[1.7579275, 0.8880893, 0.7668004, 0.10303781]
[1.7735175, 0.8066071, 0.848467, 0.118443385]
[1.8783513, 0.7804379, 0.98075634, 0.11715706]
[1.7007743, 0.9041922, 0.6905609, 0.10602129]
[1.996058, 1.0806674, 0.79811084, 0.11727982]
[1.7960027, 0.7455658, 0.93250656, 0.1179304]
[1.7412124, 0.92981106, 0.68586963, 0.1255317]
[2.0386634, 0.76861286, 1.1608737, 0.1091769]
[1.7158082, 1.0223597, 0.5895561, 0.10389234]
[1.8041375, 0.906833, 0.78885746, 0.10844702]
[1.7009184, 0.7603164, 0.8161371, 0.12446498]
[1.961221, 0.8697189, 0.9908592, 0.10064298]
[1.904486, 0.9792335, 0.8056625, 0.11958994]
[1.8400884, 0.74419904, 0.97934353, 0.116545804]
[1.6578276, 0.7508439, 0.79098904, 0.115994714]
[1.5977914, 0.6574961, 0.8240432, 0.11625217]
[1.6916547, 0.7515098, 0.81106514, 0.12907982]
[1.9257416, 1.0515686, 0.7410902, 0.13308273]
[2.0953972, 1.1185135, 0.8372488, 0.13963497]
[1.4998722, 0.56813055, 0.8163652, 0.11537652]
[2.0933824, 1.032779, 0.93652904, 0.12407431]
[1.9487516, 0.9698886, 0.85582125, 0.12304178]
[1.9291062, 0.9182873, 0.89017314, 0.12064578]
[1.7989429, 0.80260086, 0.87915915, 0.11718282]
[1.7750633, 0.8224782, 0.820516, 0.13206917]
[1.8155923, 0.8400065, 0.8505901, 0.12499568]
[1.9265538, 0.9937974, 0.80781734, 0.124939136]
[1.7872393, 0.90013945, 0.7687082, 0.11839167]
[1.8614496, 0.91210127, 0.82183164, 0.12751658]
[1.9146005, 0.84749746, 0.943779, 0.12332403]
[1.8522114, 0.91319263, 0.81662685, 0.12239182]
[1.7085419, 0.61214125, 0.96395355, 0.13244702]
[1.8451476, 0.9683272, 0.748575, 0.12824537]
[1.8069156, 0.9021162, 0.78983474, 0.11496471]
[1.8591981, 0.73125863, 1.0128387, 0.11510071]
[1.9251732, 0.9741524, 0.8205323, 0.13048849]
[1.8266194, 0.88876295, 0.8237534, 0.11410314]
[1.9053836, 0.8720834, 0.91333663, 0.11996354]
[1.6914157, 0.8562053, 0.71933585, 0.1158745]
[1.643132, 0.60066664, 0.92167616, 0.120789185]
[1.7497835, 0.9710988, 0.65644723, 0.122237444]
[1.7394247, 0.794135, 0.8114169, 0.13387273]
[1.6631951, 0.7490374, 0.7957565, 0.11840124]
[1.886181, 0.9894361, 0.76752484, 0.12922008]
[1.9328046, 0.975241, 0.8215507, 0.13601276]
[1.9061342, 1.0329998, 0.7421119, 0.13102259]
[1.6922283, 0.7184482, 0.8429483, 0.13083178]
[1.7371837, 0.7270984, 0.879009, 0.1310762]
[2.06691, 1.0037977, 0.93010986, 0.13300261]
[1.9366773, 1.013693, 0.78517425, 0.13781014]
[1.83381, 0.91155314, 0.80260736, 0.119649544]
[1.8723719, 0.92079675, 0.84118754, 0.110387586]
[1.9892002, 0.8296533, 1.0403438, 0.11920319]
[1.9465176, 1.0767934, 0.7493273, 0.12039687]
[1.8470975, 0.68045664, 1.0508153, 0.115825504]
[1.9559813, 0.9784632, 0.8658435, 0.11167449]
[1.8098353, 0.64223135, 1.0586699, 0.10893402]
[1.9920828, 0.9610745, 0.9187015, 0.11230687]
[1.6667649, 0.85821056, 0.6902019, 0.11835237]
[1.7910986, 0.79741454, 0.88114154, 0.11254253]
[1.6865257, 0.88971436, 0.6881387, 0.10867259]
[1.9327662, 0.7345742, 1.0810578, 0.11713418]
[1.5808703, 0.8075688, 0.6516086, 0.12169294]
[2.0388348, 0.931415, 0.99516654, 0.11225313]
[1.9389768, 0.98534966, 0.84742904, 0.10619806]
[1.8706231, 0.98722494, 0.7685736, 0.1148245]
[1.770174, 0.7634287, 0.8920262, 0.11471921]
[1.706454, 0.7955338, 0.7945772, 0.11634307]
[1.7776861, 0.7429101, 0.9084473, 0.12632875]
[1.9148921, 0.9296073, 0.8486833, 0.13660158]
[1.704492, 0.88960767, 0.6927688, 0.12211554]
[1.9045835, 0.9110453, 0.8756178, 0.117920384]
[1.8290429, 0.86807823, 0.8449516, 0.116013095]
[1.9590063, 0.97900605, 0.8642882, 0.115712]
[1.6118512, 0.7957778, 0.7007234, 0.11534998]
[1.729203, 0.75112104, 0.85855526, 0.11952664]
[1.9332232, 0.9538758, 0.873373, 0.10597441]
[1.8075712, 0.8406378, 0.8469081, 0.120025255]
[1.8578768, 0.9483602, 0.80901515, 0.100501366]
[1.723446, 0.6436807, 0.96836185, 0.111403435]
[1.9445983, 1.032514, 0.79008186, 0.12200249]
[1.7521924, 0.76662767, 0.87021214, 0.11535248]
[1.6416936, 0.83589125, 0.6799848, 0.1258176]
[2.082753, 1.0537891, 0.9025926, 0.1263711]
[1.8485229, 0.9928034, 0.7301161, 0.12560347]
[1.7527511, 0.8297449, 0.8036883, 0.11931801]
[1.8670107, 0.89035434, 0.8575156, 0.119140774]
[1.8671683, 0.78199077, 0.9612915, 0.12388602]
[1.7616255, 0.7941242, 0.8284731, 0.13902831]
[1.8586744, 0.9596702, 0.77860296, 0.12040131]
[1.8176703, 0.8996713, 0.79194593, 0.12605304]
[1.7227844, 0.65734524, 0.95835793, 0.107081346]
[1.7062774, 0.91423804, 0.6630143, 0.12902492]
[1.780417, 0.7049602, 0.9450373, 0.13041946]
[1.999912, 0.839556, 1.0319996, 0.12835652]
[1.8709985, 1.0022769, 0.74130195, 0.12741962]
[1.8131644, 0.78167605, 0.9160434, 0.115444854]
[1.8333553, 0.76352084, 0.9632081, 0.10662638]
[1.8429081, 0.9488867, 0.7801328, 0.11388872]
[1.9484984, 0.7244283, 1.096652, 0.12741803]
[1.785834, 0.7397556, 0.929564, 0.11651431]
[1.8736548, 0.78324914, 0.9553051, 0.13510056]
[1.8074496, 0.8492421, 0.82747275, 0.13073473]
[2.1560304, 1.2283584, 0.8091247, 0.11854726]
[1.7404611, 0.68398803, 0.94296, 0.11351298]
[1.9689844, 1.0110464, 0.8462403, 0.11169772]
[1.7241737, 0.75688046, 0.8631975, 0.10409568]
[1.6241014, 0.8120146, 0.70851153, 0.10357527]
[1.776276, 0.63689405, 1.0144489, 0.12493312]
[1.7061807, 0.80541563, 0.77485204, 0.12591302]
[1.8802284, 0.8579596, 0.8887931, 0.13347569]
[1.9345875, 0.6759115, 1.1268635, 0.13181253]
[1.8678292, 1.1210213, 0.6208013, 0.12600659]
[1.8951368, 0.8214284, 0.945149, 0.12855938]
[1.9883727, 0.8830721, 0.97449696, 0.13080367]
[1.880655, 0.94658744, 0.81532323, 0.1187444]
[1.7637856, 0.79948974, 0.84631765, 0.11797826]
[2.0714202, 1.03178, 0.9249665, 0.11467362]
[1.836256, 0.8424422, 0.8824956, 0.111318246]
[1.697796, 0.70163864, 0.8886346, 0.107522696]
[1.8341067, 0.8687532, 0.8495636, 0.11578991]
[1.8934047, 1.0560102, 0.72500014, 0.11239434]
[1.8255078, 0.7387092, 0.96803147, 0.11876715]
[1.8093314, 0.8892279, 0.80077934, 0.11932423]
[1.8517238, 0.9172709, 0.82263935, 0.11181356]
[1.8816053, 0.8368243, 0.9340147, 0.11076634]
[1.7381227, 0.75694495, 0.8771256, 0.10405211]
[1.58955, 0.6684736, 0.8034464, 0.117630035]
[1.8414547, 0.97175795, 0.7426451, 0.12705177]
[1.8764857, 0.6775001, 1.0818174, 0.11716817]
[1.7853352, 0.82672817, 0.84339297, 0.11521396]
[1.9708452, 0.9340662, 0.91722214, 0.11955696]
[1.7982118, 0.8365199, 0.84862363, 0.113068335]
[1.6293654, 0.6440859, 0.87693465, 0.10834494]
[1.773935, 0.92316055, 0.7337992, 0.11697522]
[1.8018082, 0.90758634, 0.7712777, 0.12294428]
[1.8696167, 1.0376698, 0.710727, 0.12121997]
[1.6441249, 0.7708066, 0.75562835, 0.11768997]
[1.7400815, 0.9088912, 0.6918882, 0.13930213]
[1.8705513, 0.8587134, 0.87581706, 0.13602085]
[1.825542, 0.82620966, 0.8594675, 0.13986477]
[1.6955761, 0.8633503, 0.6944363, 0.13778947]
[1.8696874, 0.7236225, 1.0179652, 0.12809983]
[1.7886469, 1.0666068, 0.5941452, 0.127895]
[1.6098956, 0.73016286, 0.74835765, 0.1313751]
[1.6399447, 0.79183114, 0.72105, 0.12706351]
[1.8764058, 0.83955586, 0.8964343, 0.14041562]
[1.8656005, 0.95024014, 0.78370297, 0.1316574]
[1.722113, 0.8653465, 0.7213887, 0.13537776]
[1.845768, 0.94477284, 0.7494613, 0.1515339]
[1.967006, 1.0230219, 0.8206762, 0.12330788]
[1.7778056, 0.6778439, 0.96218455, 0.13777712]
[2.0153985, 1.0849054, 0.8046732, 0.1258198]
[1.6665747, 0.82120776, 0.7300055, 0.11536142]
[1.7327993, 0.90719116, 0.6883762, 0.13723189]
[2.0357332, 1.265044, 0.63714373, 0.13354558]
[1.916274, 0.6426103, 1.1460166, 0.12764701]
[1.8171786, 0.9972042, 0.7078319, 0.11214247]
[1.839337, 0.69322705, 1.0408988, 0.10521114]
[1.9388247, 0.914322, 0.90702903, 0.11747359]
[1.8482312, 0.78844166, 0.93926, 0.12052955]
[2.0286658, 0.94036335, 0.9848936, 0.10340877]
[1.7985249, 0.7958636, 0.8806467, 0.12201448]
[1.7420725, 0.7440115, 0.8761312, 0.121929795]
[1.84171, 0.8847694, 0.84119284, 0.115747795]
[1.8177627, 0.79084504, 0.8971018, 0.12981594]
[1.9977671, 0.86739385, 1.0129727, 0.117400534]
[1.6641128, 0.75614303, 0.777302, 0.13066769]
[1.7143289, 0.8453927, 0.7626728, 0.1062634]
[2.0308318, 0.8065383, 1.0912919, 0.13300148]
[1.934925, 0.94929737, 0.85887176, 0.12675582]
[1.6640664, 0.7089314, 0.8465228, 0.1086122]
[1.8433803, 0.73455477, 0.988468, 0.12035766]
[1.8104473, 0.78127223, 0.92089313, 0.108281985]
[1.9493575, 0.94900334, 0.87343085, 0.12692332]
[1.6996725, 0.72843957, 0.85861754, 0.112615354]
[1.6736642, 0.7629912, 0.7911451, 0.11952789]
[1.8702741, 0.9727063, 0.77157485, 0.12599292]
[1.6210374, 0.6076118, 0.8748547, 0.13857086]
[1.9131037, 0.735651, 1.030711, 0.14674166]
[1.6293923, 0.8964313, 0.5874022, 0.14555867]
[1.9409649, 0.711142, 1.0801873, 0.14963561]
[1.83908, 1.0484247, 0.6549851, 0.13567023]
[1.8527106, 0.8257921, 0.89751077, 0.12940776]
[1.8638344, 0.93246096, 0.8105875, 0.12078601]
[1.925428, 0.63385767, 1.1685956, 0.122974776]
[2.0100718, 1.1502647, 0.7230496, 0.1367573]
[1.7475995, 0.9136462, 0.69883573, 0.13511758]
[1.626244, 0.58151066, 0.908625, 0.13610825]
[1.8045994, 1.0143403, 0.6535651, 0.13669407]
[1.9195036, 0.7901894, 0.9988138, 0.1305004]
[1.9443972, 0.7333078, 1.0809534, 0.13013595]
[1.9917867, 1.1617163, 0.7091123, 0.12095806]
[1.7345427, 0.87235075, 0.7308686, 0.13132349]
[2.0615087, 0.97654176, 0.9601082, 0.12485872]
[1.8664427, 0.8575779, 0.8980342, 0.11083049]
[1.8148433, 0.81772566, 0.89210516, 0.10501259]
[1.6830928, 0.51352954, 1.0553896, 0.11417359]
[2.0720186, 1.3815072, 0.56991225, 0.120599285]
[1.8859856, 0.7217819, 1.056783, 0.10742074]
[1.7810689, 0.76307285, 0.92253387, 0.095462255]
[1.8269112, 0.9676392, 0.75196856, 0.1073034]
[1.928913, 0.8159891, 1.021302, 0.09162198]
[1.8464621, 0.8359864, 0.9051129, 0.10536274]
[1.7452983, 0.82039326, 0.8278144, 0.097090565]
[1.708014, 0.7659266, 0.8276471, 0.11444038]
[1.9135015, 0.92954844, 0.8703149, 0.11363822]
[1.7993661, 0.9662401, 0.7077837, 0.12534228]
[1.8864117, 0.86618614, 0.9136143, 0.106611215]
[1.8359708, 0.83985245, 0.8794733, 0.11664502]
[1.7299693, 0.78389084, 0.82348824, 0.122590154]
[1.7830338, 0.85373974, 0.8130497, 0.116244435]
[1.827803, 0.7773615, 0.93676525, 0.113676175]
[1.8964605, 1.0817032, 0.7033584, 0.11139896]
[1.9773089, 0.97189564, 0.8964746, 0.1089386]
[1.6949307, 0.9019133, 0.6747404, 0.118276976]
[1.953995, 0.86808264, 0.9712824, 0.11463003]
[1.8223662, 0.93799424, 0.77946764, 0.10490446]
[2.030651, 1.029028, 0.8946328, 0.10699029]
[1.8205129, 0.9041895, 0.8148464, 0.10147698]
[2.0231056, 1.0058175, 0.91085637, 0.10643181]
[1.9090955, 1.0231469, 0.77889603, 0.10705255]
[1.7935034, 0.80296826, 0.8855277, 0.10500755]
[1.6920952, 0.74476844, 0.84098315, 0.10634361]
[1.9446582, 1.139207, 0.7020877, 0.10336345]
[1.6548561, 0.7263211, 0.80337614, 0.12515895]
[1.8354584, 0.94581234, 0.77764523, 0.11200084]
[1.8559192, 0.80718595, 0.940642, 0.10809118]
[1.9977963, 0.87259215, 1.0207155, 0.10448861]
[1.8866639, 0.9200606, 0.84722877, 0.11937454]
[2.0258155, 1.0074651, 0.9175327, 0.10081759]
[1.8539625, 0.8032724, 0.9598608, 0.09082921]
[1.9674476, 0.905598, 0.96257627, 0.0992733]
[1.8969566, 0.9532588, 0.84555966, 0.098138064]
[1.8003861, 1.0191507, 0.68958795, 0.09164739]
[2.056873, 1.0610209, 0.9010793, 0.09477301]
[1.8223634, 0.81419516, 0.9151316, 0.09303662]
[1.9483815, 0.93926114, 0.9193841, 0.08973636]
[1.7815934, 0.882807, 0.80905676, 0.0897297]
[1.8222992, 0.86914015, 0.84726745, 0.10589176]
[2.009642, 0.95798326, 0.9488605, 0.10279821]
[1.9600956, 0.9945704, 0.86905766, 0.096467584]
[1.9517233, 0.94714004, 0.90660924, 0.097974]
[1.7402115, 0.8210664, 0.8242574, 0.094887786]
[1.8595719, 0.8271873, 0.9375746, 0.09481002]
[1.6966826, 0.73830414, 0.86092323, 0.0974551]
[1.8844193, 0.80626655, 0.97865236, 0.09950037]
[1.8326908, 0.805564, 0.92511076, 0.10201614]
[1.7976632, 0.8061869, 0.8910694, 0.100406915]
[1.8799341, 0.8858186, 0.8925048, 0.101610705]
[2.0512733, 0.89680207, 1.0471972, 0.10727414]
[1.8730483, 0.91129804, 0.86287534, 0.09887495]
[1.7901257, 0.88178384, 0.8094919, 0.098850004]
[2.0724244, 0.80143595, 1.171442, 0.09954646]
[1.9987711, 1.1163743, 0.78791404, 0.094482735]
[1.8873541, 0.71202064, 1.0809106, 0.09442291]
[1.9481753, 1.0782583, 0.7698928, 0.10002417]
[1.7084061, 0.7749848, 0.8421258, 0.091295555]
[1.9238608, 0.890633, 0.9364327, 0.09679513]
[1.7871094, 0.8738178, 0.8230779, 0.090213686]
[1.885874, 0.9408046, 0.8522729, 0.09279656]
[1.8387084, 0.83840716, 0.89439845, 0.105902806]
[1.818648, 0.786321, 0.929735, 0.102592014]
[1.87342, 1.0015523, 0.78620464, 0.08566305]
[1.6927216, 0.64642775, 0.9355122, 0.11078161]
[1.6632835, 0.85824144, 0.69939834, 0.105643645]
[1.9499353, 0.77193975, 1.0717621, 0.10623346]
[1.8122977, 0.8176672, 0.8870063, 0.107624225]
[1.778381, 0.77104473, 0.90615296, 0.10118327]
[1.8259745, 0.88773566, 0.83417034, 0.10406847]
[1.7929466, 0.8915266, 0.79966307, 0.101756886]
[1.7293991, 0.8573123, 0.7678144, 0.10427235]
[1.658891, 0.84236145, 0.7151935, 0.10133595]
[1.8583843, 0.8865931, 0.86357296, 0.10821816]
[2.0031567, 1.0482793, 0.83924824, 0.11562918]
[1.7802434, 0.79183316, 0.88606834, 0.10234184]
[1.5839664, 0.7277267, 0.7570231, 0.09921654]
[1.7189223, 0.7481289, 0.86289954, 0.10789377]
[1.9008307, 0.8008246, 0.9745965, 0.12540959]
[1.8307192, 0.89568144, 0.82458603, 0.11045166]
[1.8901402, 0.9456865, 0.8218109, 0.12264281]
[2.083504, 0.85758793, 1.1190002, 0.10691585]
[1.7632264, 0.70215523, 0.9529878, 0.10808335]
[1.7203393, 0.9749652, 0.62843764, 0.11693649]
[1.9753394, 0.7752336, 1.0916667, 0.10843903]
[1.7049487, 0.8347626, 0.7634363, 0.10674977]
[1.8139056, 0.7740737, 0.9263308, 0.11350105]
[1.5794054, 0.7598965, 0.69669455, 0.12281428]
[1.9316943, 0.9576712, 0.8273387, 0.14668447]
[2.0700395, 1.1249243, 0.82294, 0.12217517]
[2.0621316, 1.0690699, 0.87754595, 0.115515806]
[2.0126793, 1.010102, 0.9001093, 0.102467924]
[1.9332097, 1.0442556, 0.7799306, 0.10902341]
[1.8889265, 0.978595, 0.8123472, 0.09798437]
[1.8978938, 0.7891613, 1.0098419, 0.098890565]
[1.7743862, 1.0307117, 0.6401217, 0.10355288]
[1.7129757, 0.8846458, 0.7304171, 0.09791274]
[1.7390828, 0.91940844, 0.71186644, 0.107807934]
[1.7222283, 0.83698654, 0.77644664, 0.108795166]
[1.6996038, 0.84222984, 0.7451494, 0.112224616]
[1.6471539, 0.77464974, 0.7580534, 0.114450656]
[1.7864885, 0.9664066, 0.7065847, 0.11349731]
[1.6779783, 0.66100955, 0.90571845, 0.11125025]
[2.0765862, 0.964977, 0.9829497, 0.12865947]
[1.932939, 0.86861455, 0.95381594, 0.11050856]
[1.783609, 0.77105063, 0.8940174, 0.11854105]
[1.6084182, 0.64478064, 0.8563275, 0.10731001]
[1.7362956, 0.72353816, 0.9105623, 0.102195114]
[1.8735632, 0.90887773, 0.8403033, 0.12438215]
[1.8248627, 0.7352806, 0.96013814, 0.12944397]
[1.8353822, 0.74046075, 0.9885243, 0.1063972]
[1.8564565, 0.897715, 0.8444318, 0.11430977]
[1.8160346, 0.7254826, 0.95413744, 0.1364145]
[1.8443801, 0.8607724, 0.86122346, 0.122384325]
[1.924323, 0.8783444, 0.92816055, 0.11781795]
[1.9046094, 1.009145, 0.7728169, 0.12264757]
[1.5394901, 0.5938121, 0.82033306, 0.12534484]
[1.7616711, 0.934557, 0.6911044, 0.1360097]
[1.8326988, 0.66442645, 1.0380404, 0.13023198]
[1.8760135, 1.112269, 0.63872755, 0.12501696]
[2.0349104, 0.6188183, 1.2975771, 0.118515104]
[1.7966629, 0.95918334, 0.718303, 0.11917646]
[1.9579238, 0.8478429, 0.97975445, 0.13032643]
[1.8339543, 0.8608515, 0.8593528, 0.11375004]
[1.8181593, 0.7225334, 0.9834017, 0.11222416]
[1.7322102, 0.83551496, 0.76536214, 0.13133307]
[1.8661475, 0.88045967, 0.87362194, 0.112065926]
[1.67148, 0.83165044, 0.7137667, 0.12606284]
[1.8645059, 0.9042283, 0.8374601, 0.12281735]
[2.0029125, 0.9427168, 0.9357262, 0.124469504]
[2.1314895, 1.1746788, 0.8261169, 0.1306937]
[1.763426, 0.79946196, 0.8656933, 0.09827073]
[1.788484, 0.990602, 0.6784666, 0.11941545]
[1.7811688, 0.892008, 0.7755872, 0.11357368]
[1.8903798, 0.7982814, 0.98277146, 0.10932695]
[1.8797644, 0.9046552, 0.86121655, 0.11389263]
[1.8904085, 0.99113166, 0.7888093, 0.11046761]
[2.0026014, 0.79115826, 1.1066897, 0.10475354]
[1.8874681, 1.017447, 0.7557271, 0.11429401]
[1.7475265, 0.8835466, 0.7489291, 0.11505091]
[1.8600943, 0.89045674, 0.8389623, 0.13067533]
[1.9333189, 0.9822719, 0.84473896, 0.10630795]
[1.8106893, 0.7059189, 0.9971986, 0.10757187]
[1.830691, 0.9208579, 0.78904164, 0.120791435]
[1.7015191, 0.6949169, 0.8923029, 0.11429946]
[1.7625539, 0.8719883, 0.7689376, 0.121628076]
[1.8456346, 0.7514292, 0.9764693, 0.117736146]
[1.8557221, 0.93411195, 0.7998234, 0.12178668]
[1.8210669, 0.8037779, 0.8865794, 0.13070963]
[1.850589, 0.8433521, 0.8996917, 0.10754524]
[2.0180306, 0.95594, 0.94472027, 0.11737025]
[1.7174292, 0.8184601, 0.77589893, 0.12307008]
[1.730323, 0.89818335, 0.7225031, 0.109636456]
[1.9163189, 0.6721127, 1.1256508, 0.1185554]
[1.5725783, 0.7441926, 0.71128535, 0.11710032]
[1.7558095, 0.8313559, 0.8001119, 0.12434175]
[1.8706985, 0.98787874, 0.7450144, 0.13780522]
[1.784023, 0.53132194, 1.1207587, 0.13194247]
[1.8286682, 1.1216857, 0.5795083, 0.1274742]
[1.7626938, 0.82040066, 0.8203589, 0.1219343]
[1.8016039, 0.78005874, 0.89656657, 0.12497867]
[1.7477008, 0.818131, 0.80619454, 0.123375244]
[1.7085302, 0.75610924, 0.83232355, 0.12009741]
[1.7886052, 0.5311076, 1.1290759, 0.12842184]
[1.7535946, 0.93200296, 0.6814607, 0.14013095]
[1.6791525, 0.6213336, 0.92021966, 0.13759921]
[1.8685365, 0.96167874, 0.75329596, 0.15356185]
[1.7535418, 0.537866, 1.0711873, 0.14448856]
[1.830766, 0.9284778, 0.767601, 0.13468722]
[1.6900127, 0.83411163, 0.7293992, 0.12650175]
[1.6276511, 0.6519555, 0.842787, 0.13290861]
[2.0667512, 1.0002642, 0.93249613, 0.133991]
[1.6798484, 0.7963278, 0.7428968, 0.14062376]
[1.8123702, 0.9349928, 0.74939144, 0.12798597]
[1.9099716, 0.99381924, 0.7805298, 0.13562265]
[1.7592845, 0.7743155, 0.8603536, 0.12461537]
[1.9468514, 0.95666975, 0.86192113, 0.12826052]
[1.8044972, 0.8012979, 0.8731283, 0.13007109]
[1.8404194, 1.1311036, 0.573098, 0.13621771]
[1.6548973, 0.7381264, 0.7909763, 0.12579463]
[1.7245528, 0.8302995, 0.7605562, 0.13369705]
[1.6551352, 0.7101621, 0.8102858, 0.13468719]
[1.9359338, 0.84749854, 0.94266164, 0.14577371]
[1.7480737, 0.8173413, 0.80172265, 0.12900975]
[1.8611165, 1.0712991, 0.64978254, 0.1400349]
[1.6760325, 0.7569902, 0.7790948, 0.1399476]
[1.6815342, 0.66462183, 0.873989, 0.14292334]
[1.8208065, 0.7980543, 0.87761974, 0.14513254]
[2.0451338, 0.89590126, 1.0045254, 0.14470723]
[1.8887857, 0.99770176, 0.7618317, 0.12925231]
[1.8433851, 0.88388795, 0.82471776, 0.13477932]
[1.8747106, 0.763015, 0.9868827, 0.12481278]
[1.7540183, 0.962117, 0.6570284, 0.1348729]
[1.7470096, 0.79107183, 0.8225178, 0.13342004]
[1.8354654, 0.85157895, 0.8548981, 0.12898833]
[1.6919235, 0.9087963, 0.65130687, 0.13182035]
[1.7071184, 0.7671745, 0.79836714, 0.1415768]
[1.8523201, 0.8000046, 0.92808044, 0.12423504]
[2.1499834, 1.1720142, 0.8409123, 0.13705675]
[1.6931926, 0.6788404, 0.89561033, 0.11874191]
[1.8769366, 0.8245585, 0.92037904, 0.13199906]
[1.9322504, 0.7911563, 1.0066667, 0.13442744]
[2.0356188, 1.0025984, 0.8953302, 0.13769025]
[1.993355, 0.8737087, 0.9923555, 0.12729067]
[1.8571824, 0.8560456, 0.880342, 0.12079479]
[1.7954544, 0.8727776, 0.7972276, 0.12544914]
[1.7743347, 0.85599077, 0.7874004, 0.1309435]
[1.6911362, 0.7479155, 0.8295807, 0.113639966]
[1.7842641, 0.9261291, 0.7326376, 0.12549731]
[1.7933173, 0.8975139, 0.7623456, 0.13345778]
[1.686572, 0.6859242, 0.8679613, 0.13268653]
[1.7870333, 0.8829941, 0.76773494, 0.1363042]
[1.7407732, 0.6732534, 0.94268465, 0.12483515]
[1.9335966, 1.0883317, 0.70134676, 0.14391816]
[1.6470371, 0.57787836, 0.93805486, 0.13110384]
[2.0019426, 0.88802207, 0.9785556, 0.13536513]
[1.7956016, 0.8156134, 0.84022915, 0.13975905]
[1.829977, 0.8879175, 0.81308466, 0.12897491]
[1.9685882, 0.7790202, 1.0561342, 0.13343382]
[1.9451027, 0.9483736, 0.86024225, 0.13648683]
[1.9262457, 0.8754207, 0.9046531, 0.14617187]
[1.9262612, 0.79480046, 1.0079459, 0.12351486]
[1.7843558, 0.79776925, 0.86262816, 0.123958394]
[1.8225603, 0.8412147, 0.845479, 0.13586667]
[1.8818733, 0.86039126, 0.9043335, 0.11714851]
[1.9414629, 1.0333744, 0.7878158, 0.12027266]
[1.8136961, 0.74470735, 0.9479792, 0.12100965]
[1.6380981, 0.8009026, 0.7081033, 0.12909226]
[1.884623, 0.8976586, 0.8560119, 0.1309526]
[1.9083276, 0.78427404, 0.9960946, 0.12795897]
[2.1151915, 1.0299184, 0.95912963, 0.12614337]
[1.8459295, 0.80327475, 0.93432534, 0.1083294]
[2.1365354, 1.0413008, 0.97894263, 0.116292045]
[1.7679756, 0.87777936, 0.7808617, 0.10933441]
[1.7017182, 0.88992804, 0.70156854, 0.11022168]
[1.80344, 0.83451796, 0.8459934, 0.12292867]
[1.6840222, 0.776025, 0.79070926, 0.11728793]
[1.8063838, 0.8703729, 0.81376344, 0.122247435]
[1.5961242, 0.7258108, 0.7541333, 0.11618]
[1.898603, 0.8680037, 0.9088495, 0.12174976]
[1.6931643, 0.74984145, 0.80625933, 0.13706344]
[2.0017555, 0.9669546, 0.91505945, 0.119741485]
[1.8842633, 0.9736348, 0.79001355, 0.120615065]
[1.9144058, 0.7658744, 1.0300508, 0.1184807]
[1.8353359, 0.9250933, 0.79347914, 0.11676342]
[1.8248711, 0.9278369, 0.7783545, 0.11867958]
[1.734103, 0.6544494, 0.96284413, 0.11680937]
[1.7356567, 0.81401694, 0.7840143, 0.1376254]
[1.9455996, 1.0454955, 0.78415525, 0.11594875]
[1.9501804, 0.7470372, 1.0872264, 0.11591684]
[1.9014988, 0.8570956, 0.92168903, 0.12271421]
[1.7757742, 0.9346861, 0.72835463, 0.11273351]
[1.8478584, 0.918665, 0.8169242, 0.11226912]
[1.9978714, 0.85593903, 1.019423, 0.12250938]
[1.8889681, 1.0422187, 0.73332953, 0.11341986]
[1.9919312, 0.95042294, 0.9286287, 0.112879544]
[1.8386079, 0.8313608, 0.8947574, 0.11248974]
[1.8372934, 0.8094761, 0.9195866, 0.108230725]
[1.6945754, 0.8246685, 0.75821626, 0.11169066]
[1.7394382, 0.8792925, 0.7370606, 0.12308518]
[1.7570567, 0.73502505, 0.91200143, 0.11003014]
[2.0357673, 1.0478396, 0.87033826, 0.11758946]
[1.7501237, 0.87065256, 0.76948833, 0.10998283]
[2.0617123, 0.86457217, 1.0783887, 0.11875142]
[1.8536959, 0.89397365, 0.85182464, 0.10789753]
[1.8631626, 0.9477981, 0.80545044, 0.10991421]
[1.6834137, 0.7582531, 0.8110337, 0.11412689]
[1.775599, 0.8280144, 0.82813734, 0.11944722]
[2.0585055, 1.0630939, 0.87630165, 0.11911011]
[1.8664145, 0.7473803, 1.0082756, 0.110758595]
[1.9260465, 1.0248746, 0.78304964, 0.11812219]
[1.80561, 0.86099607, 0.83658755, 0.10802625]
[1.7856078, 0.81345105, 0.8620428, 0.11011396]
[1.9701748, 0.99984205, 0.85798925, 0.11234353]
[1.7401992, 0.79381025, 0.8298044, 0.11658451]
[1.9620931, 1.0050875, 0.84605634, 0.11094932]
[2.0759587, 0.88162714, 1.0895457, 0.104785934]
[1.7415472, 0.84010863, 0.7944269, 0.10701166]
[1.7662662, 0.8208743, 0.83526385, 0.110128075]
[1.7504736, 0.63645935, 1.010654, 0.10336031]
[2.0999455, 1.0319606, 0.9495977, 0.11838724]
[1.8105568, 0.9049159, 0.7980349, 0.10760592]
[1.8068136, 0.8006921, 0.9043765, 0.10174501]
[1.905704, 1.0473408, 0.7497101, 0.10865313]
[1.7786484, 0.71720344, 0.96038663, 0.10105822]
[1.7484653, 0.8366267, 0.79850423, 0.113334395]
[1.9257578, 0.8829179, 0.92826957, 0.114570245]
[1.8266797, 0.90146226, 0.8181819, 0.107035585]
[1.6710577, 0.71350336, 0.8443799, 0.113174394]
[1.9710368, 0.88974583, 0.9628122, 0.11847872]
[1.8889947, 0.9294255, 0.85520434, 0.104364924]
[1.9729648, 0.9249864, 0.9490789, 0.0988994]
[1.7877039, 0.8751508, 0.7966138, 0.11593926]
[1.977117, 0.8922173, 0.97369903, 0.11120066]
[1.8277808, 0.82347476, 0.895652, 0.10865412]
[1.7172472, 0.67082167, 0.9326352, 0.11379035]
[2.0507417, 1.1901343, 0.75219727, 0.10841012]
[1.8884457, 1.0536273, 0.73934376, 0.095474705]
[1.7353864, 0.8434917, 0.8012048, 0.09068996]
[1.8077619, 0.7877685, 0.91103506, 0.10895841]
[2.0734658, 0.96778893, 1.0050626, 0.10061422]
[1.8510046, 0.9336888, 0.81664366, 0.10067214]
[2.011385, 1.0271609, 0.89171445, 0.09250959]
[1.9166137, 0.89108586, 0.9299606, 0.095567234]
[1.7613624, 1.0113211, 0.6549368, 0.095104605]
[1.8626819, 0.79758203, 0.97874266, 0.08635718]
[1.8380089, 0.8612595, 0.8787571, 0.09799224]
[1.7326533, 0.69766355, 0.93250084, 0.1024889]
[1.753252, 0.8447869, 0.8135495, 0.09491564]
[1.7828648, 0.858398, 0.81917596, 0.10529089]
[1.7174361, 0.78900504, 0.8276427, 0.10078841]
[1.705644, 0.6181178, 0.97997093, 0.107555315]
[1.7801303, 0.86827797, 0.7986124, 0.11323991]
[2.0419922, 0.99202895, 0.93790334, 0.11205981]
[1.8695571, 0.64821756, 1.0946144, 0.12672515]
[1.97612, 0.9338403, 0.93549967, 0.10678007]
[1.8036791, 0.83322346, 0.8674393, 0.10301627]
[1.7915993, 0.86739665, 0.8104382, 0.113764435]
[1.6530023, 0.80101305, 0.7410235, 0.11096571]
[1.8397762, 0.8169281, 0.91513157, 0.10771648]
[1.6926105, 1.0065073, 0.56434464, 0.121758595]
[1.769227, 0.6968713, 0.93934727, 0.13300842]
[1.9518646, 1.0809147, 0.7486849, 0.12226499]
[2.009185, 0.89777446, 1.0036061, 0.10780458]
[1.7157123, 0.7839162, 0.8265856, 0.10521058]
[1.9403622, 1.0190227, 0.8114891, 0.10985036]
[1.7447146, 0.8502715, 0.7814288, 0.113014325]
[1.9351604, 0.9398834, 0.8925259, 0.10275107]
[1.9719081, 1.086786, 0.7782432, 0.10687888]
[1.5953126, 0.619504, 0.8590714, 0.11673721]
[1.9079692, 0.97192323, 0.82257533, 0.11347063]
[1.9326141, 0.8857713, 0.94052017, 0.106322706]
[1.682252, 0.7933362, 0.77645457, 0.112461165]
[1.944029, 0.9255546, 0.9095378, 0.10893665]
[1.8403004, 0.9854686, 0.7389418, 0.11589006]
[1.8220125, 0.72526574, 0.9869409, 0.109805934]
[1.8975022, 0.7798158, 1.0015728, 0.116113484]
[1.9817907, 1.1716149, 0.7069911, 0.10318465]
[1.8896248, 0.7678796, 1.0132357, 0.108509526]
[1.8050683, 0.7918005, 0.9103029, 0.102964915]
[2.017676, 0.86170346, 1.0465941, 0.10937854]
[1.9337198, 1.0003214, 0.82950187, 0.10389646]
[2.0382302, 0.8496007, 1.095906, 0.09272359]
[1.7415804, 0.92047715, 0.71958977, 0.10151349]
[1.6800479, 0.7837069, 0.79378796, 0.102553025]
[1.8906918, 1.0864142, 0.6903886, 0.113888934]
[1.7866842, 0.6873459, 0.99588203, 0.103456125]
[1.7211202, 0.83403075, 0.7777782, 0.10931126]
[1.7256867, 0.99960697, 0.6191807, 0.10689902]
[1.8009198, 0.8307829, 0.8582544, 0.11188245]
[1.9685053, 0.83170795, 1.0343128, 0.10248442]
[1.8650953, 0.9924731, 0.76291025, 0.109711856]
[1.9061595, 0.9421828, 0.85269874, 0.11127791]
[1.8674605, 0.85106915, 0.9070983, 0.10929303]
[1.7706771, 0.7238909, 0.94050336, 0.106282786]
[1.7653289, 0.9912236, 0.6624425, 0.111662805]
[1.7485855, 0.68913984, 0.9495802, 0.10986539]
[1.6953326, 0.80966854, 0.76892173, 0.11674234]
[1.979418, 0.98964435, 0.8729256, 0.11684813]
[1.8198923, 0.88412136, 0.8172705, 0.11850034]
[1.8335553, 0.83639675, 0.87795174, 0.119206786]
[1.806126, 0.9472159, 0.745722, 0.11318813]
[1.7755969, 0.6701242, 0.988926, 0.116546676]
[1.9429121, 1.153691, 0.6634785, 0.12574255]
[1.9590484, 0.91506916, 0.93664277, 0.10733643]
[1.8420601, 0.7361721, 1.0032218, 0.10266626]
[1.7914655, 0.84942746, 0.83450603, 0.107531965]
[1.9606874, 1.0628285, 0.78367144, 0.11418752]
[1.8739152, 0.7317537, 1.0289857, 0.11317578]
[1.601478, 0.7012069, 0.79587305, 0.10439803]
[1.7752739, 0.7756507, 0.873592, 0.12603128]
[1.9925854, 1.0477569, 0.8323778, 0.112450756]
[1.8626406, 0.7565576, 0.98548096, 0.12060213]
[1.9822848, 0.96314347, 0.9013665, 0.11777488]
[2.044792, 0.8939165, 1.041184, 0.1096915]
[1.8841778, 0.80708283, 0.9759572, 0.10113777]
[1.6989315, 0.8953892, 0.68837607, 0.11516613]
[1.9570299, 0.8242328, 1.0258563, 0.10694091]
[1.6699895, 0.8587326, 0.706432, 0.10482485]
[1.8766966, 1.0400126, 0.7323975, 0.10428649]
[1.8450482, 0.79516643, 0.9402705, 0.10961131]
[1.7269317, 0.81482005, 0.81137043, 0.10074122]
[1.9202883, 0.84514135, 0.9555583, 0.119588554]
[1.8025113, 0.8463187, 0.840158, 0.11603466]
[1.773464, 0.8692714, 0.78890264, 0.11528994]
[1.7199339, 0.90774566, 0.7044343, 0.10775386]
[1.6997349, 0.7356266, 0.859172, 0.10493642]
[1.908137, 1.0649836, 0.7320641, 0.111089274]
[1.688788, 0.62480575, 0.9559597, 0.10802256]
[1.8473362, 0.9543841, 0.77276397, 0.12018807]
[2.0719843, 0.9823349, 0.97073823, 0.11891116]
[1.7929219, 0.75072515, 0.9275105, 0.114686236]
[1.6966047, 0.8976289, 0.67409456, 0.12488128]
[1.6716131, 0.8256067, 0.73983085, 0.10617553]
[1.8678545, 0.90415806, 0.8381628, 0.1255337]
[1.7891098, 0.8358673, 0.8249402, 0.12830234]
[1.5921464, 0.5311238, 0.9379058, 0.123116754]
[1.7720168, 0.8626691, 0.7638387, 0.14550903]
[1.8224417, 0.787655, 0.9016673, 0.13311943]
[1.7144701, 0.81561655, 0.7671398, 0.13171387]
[1.6053487, 0.8680235, 0.61471057, 0.122614644]
[1.8241396, 0.78737175, 0.89460707, 0.14216073]
[1.8544409, 0.87897366, 0.8365228, 0.1389444]
[1.5342364, 0.5643254, 0.8431453, 0.12676571]
[1.9719828, 1.2855059, 0.54831916, 0.1381577]
[1.6474105, 0.5663543, 0.93698764, 0.14406863]
[2.0137856, 1.02073, 0.8514912, 0.14156431]
[1.6910545, 0.716915, 0.84543985, 0.12869962]
[1.6734093, 0.81401336, 0.7178354, 0.14156054]
[2.1528535, 0.9321132, 1.0896461, 0.13109425]
[1.6962425, 0.74094486, 0.81737494, 0.13792266]
[1.7850472, 0.93265796, 0.7104421, 0.14194715]
[1.6906949, 0.6228371, 0.93084246, 0.1370153]
[2.0009017, 0.9552938, 0.8987993, 0.14680868]
[2.1335254, 0.9630228, 1.0272572, 0.14324526]
[2.2164075, 1.0685678, 1.0146757, 0.13316411]
[1.8535883, 0.9261168, 0.80871, 0.11876153]
[1.7386074, 0.7424788, 0.86229247, 0.1338362]
[1.9330211, 1.1101725, 0.6999803, 0.12286827]
[1.7495174, 0.745838, 0.8886715, 0.11500791]
[1.888336, 0.79019076, 0.97059363, 0.1275516]
[1.7552459, 0.9404841, 0.7041724, 0.11058949]
[1.8202794, 0.830871, 0.8676652, 0.12174321]
[1.7064357, 0.6933737, 0.8865268, 0.1265352]
[1.6981386, 0.8670809, 0.6834497, 0.1476079]
[1.8760276, 0.8583179, 0.8947406, 0.12296909]
[1.6681993, 0.67601794, 0.8753182, 0.1168631]
[1.7550098, 0.7841973, 0.8526967, 0.11811576]
[1.6811814, 0.692462, 0.8638799, 0.12483956]
[1.8588985, 1.0552973, 0.67373407, 0.12986723]
[1.9397746, 0.73888266, 1.0769529, 0.12393904]
[1.9203234, 0.9579643, 0.8367422, 0.12561682]
[1.7054774, 0.7851684, 0.80298084, 0.11732806]
[2.0213463, 0.93430215, 0.9584463, 0.12859777]
[1.8634673, 0.84240806, 0.8988967, 0.122162536]
[1.7846949, 0.7843833, 0.8725302, 0.12778136]
[1.8870213, 0.9627089, 0.7973653, 0.12694722]
[1.7654464, 0.867646, 0.7794883, 0.11831212]
[1.5791872, 0.6037773, 0.8479569, 0.12745297]
[1.6688932, 0.9039927, 0.62439644, 0.14050402]
[1.9896309, 0.8188726, 1.047025, 0.123733416]
[1.9691789, 0.95111513, 0.9003098, 0.117754035]
[1.777, 0.78271127, 0.87288296, 0.121405765]
[1.7825947, 0.828861, 0.8320576, 0.121676095]
[1.8992637, 0.89022547, 0.8912245, 0.1178137]
[1.64727, 0.7837199, 0.72411215, 0.13943791]
[1.6868216, 0.6794949, 0.87310207, 0.13422456]
[2.0713155, 1.0470765, 0.89009154, 0.13414761]
[1.9047785, 0.9529762, 0.82331246, 0.12848979]
[1.6156231, 0.8323635, 0.6646061, 0.118653506]
[1.8416747, 0.84650695, 0.87718797, 0.11797972]
[1.8954341, 1.0429734, 0.72649574, 0.12596494]
[1.7275786, 0.95871425, 0.64800644, 0.12085792]
[1.928657, 0.832862, 0.97936094, 0.11643414]
[1.7970921, 1.0318445, 0.62993884, 0.13530871]
[1.7189498, 0.74224377, 0.85717905, 0.11952694]
[1.8665417, 0.8922061, 0.84922767, 0.12510797]
[1.8834896, 0.9514526, 0.7992778, 0.13275917]
[1.8690836, 0.9335836, 0.82235795, 0.113141954]
[1.9437032, 0.9197797, 0.88380855, 0.14011492]
[1.7945365, 0.8745525, 0.7929498, 0.12703422]
[1.6516122, 0.9155922, 0.6277391, 0.1082809]
[1.766391, 0.70454615, 0.9350133, 0.12683156]
[1.8029001, 0.825542, 0.85917914, 0.11817898]
[1.9071379, 0.7690827, 1.0059593, 0.13209587]
[1.862832, 0.9757251, 0.7591328, 0.12797402]
[1.8139354, 0.79257596, 0.8800413, 0.14131823]
[1.8294129, 0.81676084, 0.88082016, 0.13183194]
[1.8870573, 0.82373583, 0.93170154, 0.1316199]
[1.6905112, 0.7982404, 0.7743224, 0.11794835]
[1.734329, 0.78119576, 0.82298684, 0.13014641]
[1.9568077, 0.5959085, 1.226318, 0.13458118]
[1.8443904, 1.0129055, 0.70988905, 0.121595815]
[1.993001, 0.94421244, 0.9163898, 0.13239868]
[1.9556276, 1.0113482, 0.81989, 0.12438934]
[1.8719473, 0.7681017, 0.9762237, 0.12762195]
[1.8312583, 1.0199226, 0.69683194, 0.11450372]
[1.841168, 0.87082505, 0.8605411, 0.10980192]
[1.6719342, 0.68144894, 0.87387156, 0.11661374]
[1.8449299, 0.8086595, 0.9145113, 0.121759176]
[1.8667659, 0.82344604, 0.91882765, 0.124492206]
[1.7869453, 0.89915556, 0.757931, 0.12985875]
[1.7203542, 0.8881063, 0.69578767, 0.13646021]
[1.8580396, 0.98116535, 0.7403854, 0.13648894]
[1.9719266, 0.88587457, 0.96291804, 0.12313403]
[1.8824621, 0.83805084, 0.9210014, 0.12340991]
[1.8777459, 0.7651695, 0.99507356, 0.11750287]
[2.090452, 0.9082064, 1.0672159, 0.11502962]
[1.5936551, 0.8427366, 0.64223695, 0.108681545]
[1.7748266, 0.83759284, 0.81853557, 0.118698195]
[1.686276, 0.74493337, 0.81232035, 0.1290223]
[1.9788584, 1.1616579, 0.6938053, 0.123395085]
[1.784243, 0.7737514, 0.8899956, 0.12049608]
[1.9573194, 0.88576686, 0.9511505, 0.12040195]
[1.9202323, 1.0131673, 0.7966401, 0.11042505]
[1.6936218, 0.72305316, 0.85000753, 0.120561026]
[1.750038, 0.909008, 0.7232238, 0.117806196]
[1.8483934, 0.8048923, 0.9356367, 0.107864425]
[1.7194628, 0.71626306, 0.88242716, 0.120772436]
[1.737931, 0.8730948, 0.74132323, 0.123512946]
[1.8232379, 0.9175321, 0.7779217, 0.12778407]
[1.9251108, 0.88529944, 0.91376734, 0.12604406]
[1.9564869, 0.8906677, 0.93731403, 0.12850523]
[1.9245611, 0.7895794, 1.0232651, 0.1117166]
[1.9353185, 1.0333207, 0.79178643, 0.11021136]
[2.0343702, 0.8138027, 1.1120139, 0.10855347]
[1.8270398, 0.9228455, 0.7915406, 0.11265377]
[1.8485594, 0.89077413, 0.8455163, 0.112268984]
[1.8217586, 0.90451664, 0.8097335, 0.107508555]
[1.7760848, 0.92232084, 0.7464657, 0.10729821]
[1.7344911, 0.77521825, 0.8518611, 0.107411765]
[1.7117074, 0.7097741, 0.88575494, 0.11617828]
[1.97265, 1.0403043, 0.80093664, 0.13140921]
[1.7911652, 0.9329013, 0.74126226, 0.117001705]
[1.6865147, 0.6429945, 0.9345163, 0.10900387]
[1.6598132, 0.7844906, 0.74318385, 0.13213867]
[1.6367953, 0.8196188, 0.6889246, 0.12825182]
[1.7938321, 0.8064952, 0.85486084, 0.13247609]
[1.8039453, 0.99820834, 0.67764616, 0.12809083]
[1.8863827, 0.78355545, 0.9804287, 0.12239855]
[1.6562093, 0.69050187, 0.843026, 0.12268154]
[1.792251, 0.8321471, 0.83849376, 0.121610075]
[1.8108492, 0.799916, 0.8815634, 0.1293698]
[1.9049087, 0.8508164, 0.9076683, 0.14642389]
[1.6913974, 0.8767524, 0.68379647, 0.13084859]
[1.9941865, 1.0037127, 0.86272764, 0.12774625]
[1.811755, 0.8142992, 0.872875, 0.12458071]
[1.8858138, 0.89147055, 0.8764632, 0.11788015]
[1.9294447, 0.8702895, 0.9225342, 0.13662088]
[1.8300446, 0.8544246, 0.85683024, 0.11878975]
[1.7212931, 0.7783778, 0.83546305, 0.10745223]
[1.8217185, 0.8768541, 0.82372355, 0.12114075]
[1.7691799, 0.76247597, 0.91047466, 0.0962293]
[1.9027812, 0.95056975, 0.83362496, 0.118586555]
[1.7362713, 0.8145233, 0.79390836, 0.12783971]
[1.7270494, 0.75514543, 0.83991563, 0.13198824]
[1.7932391, 0.95406556, 0.70960456, 0.129569]
[1.7537386, 0.6919935, 0.92877775, 0.13296753]
[1.6683981, 0.72281563, 0.8199097, 0.12567282]
[1.8710814, 0.8496243, 0.89367515, 0.12778181]
[1.7393194, 0.7167412, 0.89433575, 0.12824246]
[1.8643652, 0.79580075, 0.9337146, 0.13484988]
[1.8381358, 0.77562773, 0.9204129, 0.14209525]
[1.9190114, 0.98609483, 0.8063879, 0.12652858]
[1.7751849, 0.6591313, 0.97772336, 0.13833022]
[1.9008908, 0.90027785, 0.86779416, 0.1328188]
[1.7580371, 0.7658017, 0.8613391, 0.13089639]
[1.7511942, 0.7742671, 0.83499944, 0.14192775]
[1.6391952, 0.7945142, 0.7131215, 0.13155967]
[1.6166276, 0.62414026, 0.8586252, 0.13386214]
[2.035138, 0.8705661, 1.0134542, 0.15111753]
[1.8497788, 1.0899451, 0.6149158, 0.14491785]
[1.995203, 0.788957, 1.073694, 0.13255209]
[1.7475561, 0.9107275, 0.71321595, 0.123612605]
[1.8991845, 0.9543467, 0.820824, 0.12401371]
[1.623251, 0.84339017, 0.645404, 0.13445684]
[1.740684, 1.0289288, 0.57608855, 0.13566679]
[1.8725092, 0.7833858, 0.95255226, 0.13657121]
[1.8712139, 1.0079398, 0.72804177, 0.13523233]
[1.645647, 0.75370705, 0.7517412, 0.14019883]
[1.8124208, 0.96787447, 0.7136048, 0.13094157]
[1.802875, 0.9149778, 0.75313824, 0.13475892]
[1.9317119, 0.84074306, 0.9484615, 0.14250726]
[2.0123706, 1.0468404, 0.83612263, 0.12940755]
[1.950942, 0.8242221, 0.9922267, 0.13449323]
[1.919092, 0.9325998, 0.8646961, 0.12179628]
[1.900409, 0.9612516, 0.82020414, 0.118953265]
[1.7751665, 0.9163667, 0.74299383, 0.11580604]
[1.6934519, 0.7807033, 0.7955278, 0.117220715]
[1.8500464, 0.7178222, 1.003966, 0.12825829]
[1.9210267, 1.0157518, 0.7857671, 0.1195078]
[1.8654529, 0.9708137, 0.77059776, 0.124041386]
[1.9820247, 0.9531268, 0.91231644, 0.11658147]
[2.0323594, 0.94084555, 0.98719877, 0.10431499]
[1.8388826, 0.8372881, 0.88705045, 0.11454399]
[1.9462438, 0.9558619, 0.8841821, 0.106199756]
[1.8616366, 0.8907716, 0.87165654, 0.09920847]
[1.8804245, 0.91711307, 0.8524534, 0.11085794]
[1.8610379, 0.91689587, 0.8350025, 0.10913958]
[1.7681354, 0.8830877, 0.7849592, 0.10008852]
[1.9706999, 0.88049805, 0.9828623, 0.10733952]
[1.8323056, 0.6056513, 1.1252897, 0.10136447]
[1.8155535, 0.7771988, 0.9234526, 0.1149021]
[1.68676, 0.7651156, 0.81482357, 0.10682082]
[1.927183, 1.0814955, 0.7250633, 0.120624185]
[1.9412844, 0.7621156, 1.0585208, 0.120648056]
[1.5230353, 0.6525445, 0.76185954, 0.10863127]
[1.8532546, 0.971398, 0.7675864, 0.11427018]
[1.7811145, 0.82776845, 0.8364871, 0.116858885]
[1.7138388, 0.73117495, 0.8634131, 0.11925076]
[1.9753734, 1.0160291, 0.84273845, 0.11660589]
[1.6687993, 0.7057808, 0.84838176, 0.11463679]
[1.843475, 0.998813, 0.7303201, 0.11434182]
[1.7073815, 0.8223375, 0.76112425, 0.12391971]
[1.8804413, 0.8331186, 0.92443776, 0.1228849]
[1.7479868, 0.6828543, 0.94209933, 0.123033196]
[1.825243, 0.79192126, 0.895399, 0.13792278]
[1.7586792, 0.6379443, 0.9792063, 0.14152865]
[1.7406597, 0.9436844, 0.66706884, 0.12990639]
[1.8659513, 0.64382505, 1.0944049, 0.12772125]
[1.9270656, 1.0006604, 0.7991793, 0.12722594]
[1.739232, 0.9288072, 0.68845296, 0.12197169]
[1.9339643, 0.82434094, 0.98835254, 0.121270716]
[1.6581184, 0.68248993, 0.85152364, 0.12410491]
[1.5049284, 0.56942904, 0.80460775, 0.13089159]
[1.9664472, 1.0831155, 0.74404085, 0.13929088]
[1.6835983, 0.6173638, 0.93787915, 0.1283552]
[1.8706665, 0.9694065, 0.75517046, 0.14608952]
[1.9424545, 0.86858326, 0.9383474, 0.13552377]
[1.8346784, 0.91210604, 0.7778586, 0.14471373]
[1.8083712, 0.920352, 0.7561303, 0.13188896]
[1.8526618, 0.71971095, 1.0073067, 0.12564424]
[1.8874775, 1.0303675, 0.73512614, 0.12198389]
[1.9704945, 0.6476013, 1.1892898, 0.13360336]
[1.9784461, 1.0672247, 0.78125274, 0.12996867]
[1.7191917, 0.91149616, 0.67868894, 0.12900652]
[1.6865082, 0.81882334, 0.7502675, 0.11741729]
[1.7816886, 0.8310758, 0.8338248, 0.116788045]
[1.744283, 0.8756686, 0.7330991, 0.13551523]
[1.6487404, 0.789423, 0.7331803, 0.1261371]
[1.9199104, 0.99065125, 0.7930834, 0.13617575]
[1.7450504, 0.8026899, 0.81020474, 0.13215572]
[1.9539572, 1.070747, 0.75918996, 0.124020256]
[2.0082493, 0.79774946, 1.0863233, 0.12417641]
[1.7168672, 0.90723276, 0.6970842, 0.11255029]
[1.655986, 0.66544294, 0.86988425, 0.12065871]
[1.688235, 0.8231089, 0.7375817, 0.12754443]
[1.7671419, 0.9698127, 0.66953266, 0.1277965]
[1.7156073, 0.76867807, 0.8247326, 0.1221965]
[1.7703549, 0.7667023, 0.89546114, 0.108191386]
[1.6491377, 0.7727227, 0.74921006, 0.12720484]
[1.7087514, 0.94595647, 0.6291659, 0.13362908]
[1.7468995, 0.73460615, 0.8644211, 0.14787218]
[1.8863742, 0.934762, 0.8074382, 0.14417411]
[1.9492296, 0.9319785, 0.87968266, 0.13756838]
[1.5882297, 0.7922691, 0.6540884, 0.14187212]
[1.9857305, 0.9529468, 0.89243746, 0.14034626]
[1.7256386, 0.8680969, 0.73077476, 0.1267669]
[1.6641004, 0.6817486, 0.84175515, 0.1405966]
[1.7352746, 0.6925356, 0.8908361, 0.15190291]
