[2.0807838, 0.9424462, 1.0061357, 0.13220188]
[1.7230164, 0.9450189, 0.65161383, 0.12638366]
[1.7779052, 0.8301494, 0.80841815, 0.13933766]
[1.6597025, 0.80245656, 0.7391758, 0.11807015]
[1.9667212, 0.8239448, 1.0150707, 0.12770566]
[1.916363, 0.72968507, 1.0539067, 0.13277125]
[1.806647, 0.8630261, 0.8204058, 0.123215094]
[1.6080264, 0.6631924, 0.81996995, 0.12486403]
[1.6711473, 0.80561566, 0.7408271, 0.12470459]
[1.7089782, 0.8644006, 0.7197102, 0.12486745]
[2.1011176, 0.91315365, 1.052873, 0.13509099]
[1.7288438, 0.7666353, 0.83589625, 0.12631227]
[1.8688518, 0.85266745, 0.8906131, 0.12557127]
[1.7569027, 0.6973715, 0.9243635, 0.13516773]
[1.7756805, 0.79831696, 0.86153185, 0.11583172]
[1.7312564, 0.7386781, 0.8597563, 0.13282192]
[1.7290127, 0.84497654, 0.7527413, 0.13129503]
[1.6893666, 0.80533683, 0.75801337, 0.12601641]
[1.8361832, 0.7851635, 0.9212953, 0.1297244]
[1.8924204, 0.80444765, 0.95491654, 0.13305631]
[1.8832495, 0.84839475, 0.89927965, 0.13557506]
[1.7726101, 0.9730824, 0.6693125, 0.13021514]
[1.5852022, 0.60081327, 0.8539287, 0.13046026]
[1.7126484, 0.8126576, 0.759454, 0.14053676]
[1.997341, 0.7296147, 1.1369396, 0.1307868]
[1.9264274, 0.9636374, 0.82789016, 0.13489981]
[1.8129365, 0.9626436, 0.7297977, 0.12049523]
[1.7015933, 0.8208363, 0.7451885, 0.13556848]
[2.0287063, 0.95244867, 0.93903387, 0.13722365]
[1.773616, 0.7862078, 0.8538445, 0.13356361]
[2.0660362, 0.91543573, 1.0220604, 0.12854011]
[1.9577978, 0.97260654, 0.86364675, 0.12154452]
[1.8349454, 0.7519946, 0.9666308, 0.11632004]
[1.7854173, 0.8996531, 0.7588358, 0.12692848]
[1.8644345, 0.91240376, 0.83589023, 0.116140455]
[1.767171, 0.843268, 0.80453587, 0.1193672]
[1.9033365, 1.0744758, 0.70559335, 0.123267464]
[1.721621, 0.80549216, 0.801586, 0.11454296]
[1.9706442, 0.97991276, 0.87171483, 0.11901671]
[1.774785, 0.8380532, 0.8138083, 0.122923456]
[1.8968143, 0.8358554, 0.9403759, 0.12058311]
[1.8854051, 0.9784803, 0.7922541, 0.11467073]
[2.0579784, 1.132805, 0.8043717, 0.12080164]
[1.7836665, 0.79707056, 0.87412035, 0.11247549]
[1.8573458, 0.92821014, 0.8106223, 0.118513376]
[1.8833729, 0.9189411, 0.85973233, 0.10469952]
[1.7611254, 0.80832636, 0.8343986, 0.11840044]
[1.7809218, 0.8476817, 0.8237848, 0.10945525]
[1.748085, 0.93433285, 0.704274, 0.109478295]
[1.7436212, 0.72030866, 0.9098816, 0.11343096]
[1.6870818, 0.75035536, 0.81780976, 0.11891672]
[2.127859, 0.9761324, 1.0334017, 0.11832489]
[1.9667938, 0.9427006, 0.90697056, 0.11712263]
[1.9038281, 0.9096302, 0.8854437, 0.10875422]
[1.8465598, 0.63537836, 1.091744, 0.11943744]
[1.8503553, 0.7731426, 0.9578836, 0.119329065]
[1.8528494, 0.8863636, 0.85830176, 0.10818396]
[1.8506542, 0.9261457, 0.80697244, 0.11753619]
[1.9529785, 0.7946285, 1.0471755, 0.11117442]
[1.875789, 0.7821673, 0.97740984, 0.11621186]
[1.8934739, 1.1141086, 0.67612773, 0.10323757]
[1.8975024, 0.7223902, 1.0649519, 0.110160396]
[1.9865934, 0.9794125, 0.89775634, 0.10942449]
[2.0103233, 0.83949155, 1.0751756, 0.09565616]
[1.8235741, 0.9326372, 0.7850393, 0.1058975]
[1.9143735, 0.8092105, 0.9994184, 0.10574468]
[1.7646183, 0.92212486, 0.74584204, 0.096651435]
[1.9063348, 1.0203083, 0.78480196, 0.10122454]
[1.6298168, 0.6584482, 0.8617881, 0.10958056]
[1.729669, 0.8501045, 0.77439725, 0.10516724]
[1.8305879, 0.66793895, 1.0539751, 0.108673766]
[1.8220677, 0.95184773, 0.7618742, 0.10834581]
[2.006816, 1.1018051, 0.7939224, 0.1110885]
[2.1759188, 1.0001199, 1.0697298, 0.10606918]
[1.8915648, 0.8681402, 0.91838455, 0.10504003]
[1.6989424, 0.80410755, 0.78651154, 0.108323306]
[1.8602757, 0.84304875, 0.9159189, 0.10130813]
[1.7244886, 0.7335819, 0.88229114, 0.108615525]
[1.7877996, 0.8135473, 0.8606018, 0.11365054]
[1.5750504, 0.78896654, 0.6716186, 0.114465185]
[1.9103402, 0.83548766, 0.96611977, 0.10873282]
[1.9113812, 0.8317851, 0.9677486, 0.11184765]
[1.8929825, 1.0013882, 0.76799667, 0.12359762]
[1.8719752, 0.8904498, 0.8585606, 0.12296469]
[1.8851544, 0.95025927, 0.8228609, 0.112034194]
[1.8259486, 0.83759516, 0.88096863, 0.107384786]
[1.9265788, 1.0350142, 0.7759527, 0.115611956]
[1.831721, 0.9204627, 0.80945134, 0.10180687]
[1.992879, 0.9113554, 0.97251534, 0.10900827]
[1.8652638, 1.0597336, 0.70725214, 0.09827806]
[1.9477491, 0.86607814, 0.97328603, 0.10838495]
[1.9484032, 0.88600445, 0.95505023, 0.107348524]
[1.8575991, 0.8774597, 0.88175565, 0.09838383]
[1.866823, 0.8480413, 0.9231988, 0.09558281]
[2.0200143, 0.9702089, 0.95428884, 0.09551652]
[1.7648113, 0.8174105, 0.8413026, 0.10609819]
[1.9944459, 0.98333514, 0.91197276, 0.09913801]
[1.8464518, 0.95406127, 0.7934445, 0.09894596]
[1.8646114, 0.96130556, 0.8032624, 0.100043386]
[1.7972996, 0.78447175, 0.9105675, 0.10226034]
[1.798385, 0.8819053, 0.8173742, 0.09910552]
[1.7285644, 0.81593937, 0.8085008, 0.1041242]
[1.7464335, 0.8610277, 0.7855456, 0.09986018]
[1.7366933, 0.5830697, 1.0382041, 0.11541946]
[1.9301364, 0.86733335, 0.9611536, 0.10164958]
[1.774684, 0.7080055, 0.951771, 0.11490747]
[1.9099782, 0.9041469, 0.88862354, 0.117207795]
[1.6476016, 0.7355802, 0.80013573, 0.11188572]
[1.7643331, 0.73954344, 0.9086598, 0.11612987]
[1.9138305, 0.69760627, 1.080601, 0.13562319]
[1.8201817, 0.9757918, 0.7249431, 0.11944687]
[1.843225, 0.77523005, 0.949247, 0.118747935]
[1.7884996, 0.9413401, 0.7421313, 0.1050282]
[1.7800243, 0.9331623, 0.7385782, 0.1082838]
[1.7285104, 0.80176497, 0.8121033, 0.11464215]
[1.6962442, 0.62922317, 0.9457424, 0.121278614]
[1.7975185, 0.7687689, 0.903391, 0.12535861]
[1.9157708, 1.0493109, 0.745999, 0.120460875]
[2.0391612, 0.84227955, 1.07331, 0.12357173]
[1.4622262, 0.6446643, 0.7061124, 0.11144944]
[1.7316612, 0.77077293, 0.84290206, 0.117986225]
[1.8223381, 0.9504271, 0.74415517, 0.12775594]
[1.9574021, 0.8994753, 0.9219204, 0.1360065]
[1.9028945, 1.0043681, 0.77142525, 0.12710121]
[1.8353894, 0.96983707, 0.73984903, 0.12570336]
[1.5305421, 0.7185689, 0.7034825, 0.10849068]
[1.8233395, 0.9004159, 0.80953616, 0.11338739]
[1.7108283, 0.64253676, 0.9380273, 0.13026434]
[1.786624, 0.8961896, 0.7603914, 0.13004297]
[1.6782155, 0.8409866, 0.73290586, 0.10432297]
[1.96565, 0.97409546, 0.8602141, 0.13134041]
[1.6132331, 0.7352658, 0.74707294, 0.13089438]
[1.6927811, 0.80274856, 0.7551373, 0.13489518]
[1.604888, 0.73389006, 0.72176325, 0.14923468]
[1.8032327, 0.9158202, 0.7421596, 0.14525293]
[1.6778557, 0.91306067, 0.6155617, 0.14923334]
[1.951332, 0.7561823, 1.0469772, 0.14817247]
[1.8796203, 0.9995183, 0.7456769, 0.1344251]
[1.7851362, 0.6855333, 0.95833164, 0.14127141]
[1.7354082, 0.9241942, 0.67529196, 0.1359221]
[1.9907734, 0.929418, 0.9321114, 0.12924404]
[1.8871617, 0.8412752, 0.90482616, 0.1410604]
[1.7632939, 0.70481575, 0.9214354, 0.13704269]
[1.7877858, 0.9505526, 0.7088531, 0.12838009]
[1.6674929, 0.80599034, 0.7201958, 0.14130674]
[2.0757668, 1.2438655, 0.70598483, 0.12591659]
[1.8558111, 0.5556283, 1.1720423, 0.12814058]
[1.7880262, 0.97941107, 0.68277186, 0.1258433]
[1.7779799, 0.7793462, 0.87966734, 0.118966304]
[1.9092042, 1.0956209, 0.6800604, 0.13352305]
[1.7214781, 0.79303694, 0.8136344, 0.1148068]
[2.1660652, 1.1636162, 0.8774567, 0.124992445]
[1.9474759, 0.86792326, 0.9477385, 0.13181409]
[1.9503808, 0.9161961, 0.9177496, 0.11643499]
[1.6692098, 0.8729968, 0.69315875, 0.10305424]
[1.8454952, 0.8770138, 0.86250514, 0.10597636]
[1.8142699, 0.8605329, 0.8331209, 0.12061604]
[1.8507806, 0.8229326, 0.9158789, 0.11196914]
[1.82267, 1.0036098, 0.6989827, 0.120077476]
[1.943901, 0.8183888, 1.0141572, 0.11135493]
[1.7580968, 0.71039337, 0.9328992, 0.1148043]
[2.078944, 1.1291893, 0.82892656, 0.120828204]
[1.8774102, 0.90581226, 0.85817736, 0.113420494]
[1.9402494, 0.8996638, 0.9229172, 0.11766839]
[1.7631705, 0.8592752, 0.79176223, 0.112133004]
[1.8676523, 0.97886884, 0.77812755, 0.11065592]
[1.7444307, 0.70137185, 0.9291768, 0.113881975]
[1.8394318, 0.8541648, 0.8747333, 0.11053367]
[1.7573556, 0.7962036, 0.84810054, 0.11305143]
[1.7829955, 0.96862805, 0.70049703, 0.11387036]
[1.7942035, 0.7522322, 0.91280776, 0.12916346]
[2.0034451, 0.96410775, 0.92495066, 0.11438688]
[1.875281, 0.8996153, 0.85394734, 0.12171834]
[1.6735704, 0.8546493, 0.69765, 0.12127119]
[1.767999, 0.69094896, 0.9483563, 0.12869385]
[1.7114781, 0.931638, 0.66129553, 0.11854461]
[1.8701909, 0.7698457, 0.96350324, 0.13684192]
[2.0186484, 0.9993886, 0.8908262, 0.12843351]
[1.7721817, 0.8411589, 0.8025111, 0.12851168]
[1.968353, 0.9925504, 0.85176957, 0.124033034]
[1.7186989, 0.87025785, 0.7321029, 0.116338134]
[1.6579766, 0.73424363, 0.8045926, 0.119140446]
[1.7952632, 0.8822815, 0.7851668, 0.12781489]
[2.0419693, 1.0452906, 0.86641634, 0.13026246]
[1.9221054, 0.93189526, 0.8717841, 0.1184261]
[1.7524055, 0.92412585, 0.7034939, 0.12478579]
[1.7934787, 0.7618838, 0.9062474, 0.1253476]
[1.8022007, 0.8919014, 0.7864679, 0.123831406]
[1.8272367, 0.80474204, 0.89157224, 0.1309223]
[1.8182566, 0.8437985, 0.8414191, 0.133039]
[1.984923, 0.9439595, 0.91439474, 0.12656878]
[1.5920236, 0.6783558, 0.7930691, 0.12059872]
[1.9804443, 0.93857455, 0.91699874, 0.12487104]
[1.8749224, 0.8991091, 0.8496989, 0.1261144]
[1.8607482, 1.0535461, 0.6857089, 0.12149321]
[1.7715411, 0.7692361, 0.88802814, 0.11427686]
[1.8811927, 0.88542634, 0.8758069, 0.11995937]
[1.590752, 0.7310202, 0.7338659, 0.1258658]
[1.681072, 0.810658, 0.74280924, 0.12760471]
[1.8075676, 0.7027811, 0.990451, 0.114335485]
[1.994959, 0.8088785, 1.049154, 0.1369265]
[1.843863, 0.9994014, 0.70887756, 0.13558418]
[1.7502625, 0.9408883, 0.68126506, 0.12810925]
[1.7993156, 1.0128689, 0.6644381, 0.12200854]
[1.6646057, 0.63249516, 0.9060687, 0.1260419]
[1.7509615, 0.8549801, 0.7626977, 0.13328373]
[1.6814643, 0.57656693, 0.96728575, 0.13761167]
[1.8904893, 0.9956833, 0.7557455, 0.13906048]
[1.8971602, 0.972342, 0.79405713, 0.13076103]
[2.0566416, 0.83478606, 1.096138, 0.12571757]
[1.8885176, 0.89605105, 0.8630171, 0.12944944]
[1.846477, 0.8095002, 0.91849095, 0.11848587]
[1.7399477, 0.76275784, 0.84555984, 0.13163008]
[1.7460461, 0.9054345, 0.7036019, 0.13700965]
[1.5319262, 0.62333643, 0.781931, 0.12665874]
[1.8325863, 0.7284706, 0.97081137, 0.13330434]
[1.9122196, 0.9948614, 0.78754735, 0.1298109]
[2.155399, 0.8382263, 1.1882732, 0.12889948]
[1.8360593, 0.9721342, 0.73839194, 0.12553318]
[1.8746928, 0.8835132, 0.86721706, 0.1239625]
[1.9532083, 0.83660924, 0.9830595, 0.13353953]
[1.7074852, 0.8709755, 0.70560265, 0.1309071]
[1.8824601, 0.82147723, 0.9443256, 0.1166572]
[1.8710209, 0.7893363, 0.95010304, 0.13158157]
[1.7959454, 0.8736622, 0.80900556, 0.113277696]
[1.9026351, 0.9781238, 0.79934406, 0.1251672]
[1.8481953, 0.96554005, 0.76664615, 0.116009116]
[1.7655268, 0.8181869, 0.8249051, 0.122434914]
[1.7980316, 0.91359925, 0.75417686, 0.13025543]
[1.8470719, 0.76121086, 0.9650591, 0.12080189]
[1.786595, 0.8531433, 0.8124665, 0.1209851]
[1.9220611, 0.74444747, 1.0510972, 0.1265165]
[1.74345, 0.9462353, 0.67216146, 0.12505326]
[1.9108295, 0.8290043, 0.959519, 0.12230624]
[1.7501501, 0.8377253, 0.7975596, 0.114865184]
[1.4891723, 0.6024324, 0.7655076, 0.121232346]
[1.9382993, 1.0531359, 0.7642093, 0.12095418]
[1.8184648, 0.866405, 0.8157116, 0.1363481]
[1.9288743, 0.9226599, 0.8695014, 0.13671297]
[1.6651002, 0.88012815, 0.6723467, 0.11262532]
[1.7824042, 0.8189517, 0.8401163, 0.12333603]
[1.8142238, 0.9210813, 0.7569147, 0.13622785]
[1.872161, 0.8129263, 0.93795013, 0.12128462]
[1.972225, 0.87328196, 0.9770566, 0.1218864]
[1.905245, 0.85325956, 0.93156075, 0.120424636]
[1.754768, 0.98650396, 0.6536112, 0.11465287]
[1.8237181, 0.8851017, 0.82114697, 0.117469475]
[1.925955, 0.9665897, 0.84401006, 0.11535526]
[1.9283752, 0.76722693, 1.0481033, 0.113044925]
[1.8531749, 0.8308329, 0.9059815, 0.11636059]
[1.7991656, 0.9120567, 0.7772962, 0.10981275]
[1.8175323, 0.8197884, 0.8861337, 0.1116102]
[1.8130611, 0.9542266, 0.75346076, 0.105373755]
[1.941166, 0.86063856, 0.9484539, 0.13207357]
[1.9194986, 1.1009836, 0.70340115, 0.11511384]
[1.7721167, 0.7005828, 0.9603901, 0.11114389]
[1.8648701, 0.9780669, 0.7731591, 0.11364415]
[1.70699, 0.7596363, 0.8397024, 0.10765123]
[1.7990727, 0.8466828, 0.8417821, 0.11060789]
[1.718299, 0.82662857, 0.77629244, 0.11537805]
[1.7740248, 0.8324647, 0.8219923, 0.11956783]
[1.7322588, 0.6639724, 0.93902314, 0.12926324]
[1.7975477, 0.87292767, 0.7974235, 0.1271966]
[2.0169, 0.70202935, 1.1986623, 0.116208315]
[1.9388053, 1.0767814, 0.73935974, 0.12266419]
[1.6853504, 0.9077702, 0.65704626, 0.12053392]
[1.8662933, 0.8050146, 0.9335929, 0.12768582]
[1.7403159, 0.8611284, 0.758772, 0.12041541]
[1.685859, 0.855216, 0.7016843, 0.12895866]
[1.9235082, 0.85685873, 0.9452673, 0.12138213]
[1.87801, 0.84485865, 0.90817136, 0.12497996]
[1.78053, 0.7748725, 0.88729477, 0.1183627]
[1.8695118, 0.9836673, 0.76225686, 0.12358761]
[1.7884176, 0.8044382, 0.8633299, 0.12064957]
[1.7457309, 0.7439526, 0.87292045, 0.12885788]
[1.9017985, 1.0470529, 0.7271084, 0.12763715]
[1.841272, 0.81012547, 0.8933378, 0.13780873]
[1.7121345, 0.7503499, 0.8308184, 0.13096616]
[1.7160277, 0.75515616, 0.81567323, 0.14519837]
[1.8816224, 0.8453902, 0.89526105, 0.14097115]
[1.8988187, 0.9980164, 0.77348685, 0.12731555]
[1.8537414, 0.64973855, 1.0719676, 0.13203524]
[1.8927125, 0.9399188, 0.8227594, 0.13003436]
[1.9368913, 0.92376894, 0.88718617, 0.1259363]
[2.0415535, 1.1088349, 0.80784106, 0.12487766]
[1.9112549, 0.98282826, 0.8016553, 0.12677139]
[1.8177276, 0.8777069, 0.8182942, 0.12172648]
[1.7205995, 0.802491, 0.80893147, 0.10917695]
[1.6505367, 0.813827, 0.7123958, 0.12431396]
[1.8100375, 0.8962345, 0.7884377, 0.12536526]
[1.7044415, 0.7545861, 0.8201711, 0.12968427]
[1.822309, 0.89773524, 0.7911619, 0.13341184]
[1.8030878, 0.7710277, 0.90375173, 0.12830842]
[1.8072741, 0.85692376, 0.81084865, 0.13950169]
[1.8430157, 0.8259133, 0.88841313, 0.12868932]
[1.6109443, 0.8056386, 0.6802355, 0.12507015]
[1.8559083, 0.71333086, 1.0169978, 0.12557963]
[1.7290473, 0.77368104, 0.8044468, 0.15091947]
[1.8208439, 0.9508815, 0.72824216, 0.14172034]
[1.7600956, 0.65367395, 0.9724996, 0.1339221]
[1.8493457, 0.84826577, 0.8699592, 0.13112065]
[1.7586204, 0.826583, 0.79943705, 0.13260028]
[1.7922933, 0.7756258, 0.89057624, 0.12609121]
[1.714618, 0.57620525, 1.0163767, 0.122035965]
[1.5956155, 0.7526134, 0.69692004, 0.14608209]
[2.0056443, 0.81714714, 1.0546981, 0.13379917]
[1.5646565, 0.71161366, 0.73662144, 0.116421476]
[1.7613144, 0.8767759, 0.7423445, 0.142194]
[1.8541901, 0.84565294, 0.8537188, 0.15481825]
[1.6016219, 0.5216793, 0.938817, 0.1411255]
[1.7802777, 1.0268303, 0.60818297, 0.1452644]
[1.8507438, 0.98644984, 0.7192402, 0.1450537]
[1.7907411, 0.68850636, 0.9880166, 0.11421814]
[1.845318, 0.97200936, 0.7311503, 0.14215827]
[1.6009022, 0.5517997, 0.9143158, 0.13478673]
[1.766011, 0.8170941, 0.7951269, 0.15379006]
[1.5521607, 0.70383996, 0.70552343, 0.14279729]
[1.5852901, 0.739199, 0.7152966, 0.13079436]
[1.8647559, 0.93134665, 0.78523386, 0.14817533]
[1.9094939, 0.81053126, 0.9493588, 0.14960378]
[1.644751, 0.8393282, 0.6615088, 0.1439139]
[2.013958, 0.9826418, 0.88645136, 0.14486486]
[1.9507246, 0.8403546, 0.96623164, 0.14413829]
[2.088085, 1.058008, 0.89744896, 0.13262801]
[1.6854982, 0.916067, 0.64124906, 0.12818211]
[1.9012436, 0.70904046, 1.0496591, 0.14254391]
[1.9228034, 1.0414256, 0.74391824, 0.13745946]
[1.8521242, 0.89326423, 0.8252793, 0.13358068]
[1.8481133, 0.8803264, 0.8233131, 0.14447378]
[1.7325617, 0.8626635, 0.72835517, 0.14154306]
[1.656126, 0.7422394, 0.77886814, 0.13501841]
[1.7299683, 0.8957985, 0.6917279, 0.14244196]
[1.8832437, 0.8276379, 0.9097103, 0.14589547]
[1.7796426, 1.0767555, 0.56158257, 0.14130443]
[1.7637041, 0.6947745, 0.9387167, 0.13021275]
[1.9506129, 0.88326025, 0.92218846, 0.14516413]
[1.8677343, 0.9294518, 0.8046698, 0.13361277]
[1.7409225, 0.8728776, 0.7376009, 0.13044387]
[1.7738285, 0.77430296, 0.87669826, 0.12282733]
[1.6344259, 0.7667238, 0.730021, 0.13768105]
[1.8118185, 0.8805968, 0.78107667, 0.15014496]
[1.7225368, 0.7000153, 0.8843988, 0.13812271]
[1.9138969, 1.0197288, 0.7511336, 0.14303455]
[1.7686487, 0.7411744, 0.893219, 0.13425533]
[1.7663276, 0.9056504, 0.71826506, 0.14241222]
[1.9218316, 0.8198565, 0.95559084, 0.14638418]
[1.8409576, 0.9023634, 0.80937314, 0.12922102]
[1.9190923, 0.78017175, 1.0076658, 0.13125476]
[1.770686, 0.9325186, 0.7058593, 0.13230808]
[1.820605, 0.8514252, 0.8504311, 0.1187488]
[1.8854454, 0.80024564, 0.96592665, 0.119273044]
[1.9122292, 0.8322264, 0.94849205, 0.13151078]
[1.9676623, 0.80010396, 1.0402242, 0.12733406]
[1.8119831, 0.8873925, 0.7893776, 0.13521284]
[1.5793046, 0.66548234, 0.7919111, 0.12191118]
[1.9547946, 0.85846543, 0.9647309, 0.13159817]
[1.8195777, 0.9840691, 0.7108904, 0.124618165]
[1.6251497, 0.65023756, 0.8443311, 0.13058111]
[1.844321, 0.93815553, 0.7685023, 0.13766319]
[1.7157038, 0.71881104, 0.87518865, 0.121704206]
[1.9708443, 0.81551576, 1.016526, 0.13880247]
[1.710239, 0.67608356, 0.89372945, 0.14042601]
[1.7124288, 0.85782516, 0.7192097, 0.13539402]
[1.9307704, 0.7658227, 1.033664, 0.13128377]
[1.7727255, 0.86944956, 0.76349235, 0.13978353]
[1.6760259, 0.821321, 0.7163619, 0.138343]
[1.717182, 0.58962363, 0.9945159, 0.13304248]
[1.6875532, 1.088018, 0.4485463, 0.150989]
[1.7869459, 0.5851919, 1.0581076, 0.14364637]
[1.8954849, 0.8728142, 0.8896276, 0.1330432]
[1.7127283, 0.6800853, 0.8992435, 0.13339949]
[2.0404463, 1.1390032, 0.76985073, 0.13159235]
[2.098218, 1.3391521, 0.6251533, 0.13391249]
[2.0089512, 0.8052759, 1.0813198, 0.122355506]
[1.8727959, 0.8598008, 0.8743496, 0.13864553]
[1.6508943, 0.8544537, 0.6601819, 0.13625875]
[1.7246268, 0.7970575, 0.7934046, 0.13416465]
[1.8121264, 0.8819834, 0.8129175, 0.117225565]
[1.7684083, 0.81203806, 0.8191148, 0.1372554]
[1.7673662, 0.949821, 0.6903255, 0.12721965]
[1.6616555, 0.71531254, 0.8049278, 0.14141527]
[1.658177, 0.7914498, 0.72345436, 0.1432729]
[1.9579816, 1.063417, 0.748996, 0.14556867]
[1.8421435, 0.87297106, 0.8150082, 0.15416436]
[1.8293447, 0.74894214, 0.9342457, 0.14615694]
[1.7222296, 0.97053164, 0.60332054, 0.14837739]
[1.7203774, 0.75249946, 0.81892353, 0.14895436]
[1.823457, 0.826223, 0.85135543, 0.14587858]
[1.6851294, 0.759609, 0.78208476, 0.14343569]
[1.6190598, 0.843855, 0.62491393, 0.1502909]
[2.046547, 0.8176278, 1.0878111, 0.14110798]
[1.7414402, 0.76492053, 0.808974, 0.16754569]
[1.801889, 1.1031135, 0.54187655, 0.15689881]
[1.9073356, 0.87513274, 0.8889899, 0.14321291]
[1.7885196, 0.56095, 1.06909, 0.15847963]
[1.7461451, 0.90537596, 0.69281983, 0.1479493]
[1.7420505, 0.6768633, 0.923061, 0.14212617]
[1.8182595, 0.80828017, 0.85727704, 0.15270227]
[1.8230019, 0.78178394, 0.8979543, 0.14326362]
[1.8958483, 1.0266063, 0.73821986, 0.13102216]
[1.9095476, 0.8132479, 0.9555986, 0.14070107]
[1.8909193, 0.98240864, 0.77153283, 0.13697779]
[1.8128176, 0.91718686, 0.7551223, 0.14050835]
[1.9651923, 0.93055797, 0.90664434, 0.12799007]
[2.0782971, 0.8687618, 1.0777129, 0.13182245]
[1.9419155, 1.0492442, 0.7605177, 0.13215365]
[1.6814277, 0.7627288, 0.7899555, 0.12874343]
[1.919128, 0.96760404, 0.8236791, 0.12784478]
[1.7037939, 0.72329724, 0.8647659, 0.11573078]
[1.9393952, 0.9272507, 0.8910632, 0.121081345]
[1.9477903, 0.7203218, 1.1063588, 0.12110977]
[1.8957592, 0.82625747, 0.9493433, 0.1201584]
[1.769843, 1.0029126, 0.65245247, 0.11447787]
[1.864261, 0.76241636, 0.99008894, 0.11175576]
[1.6187925, 0.76987064, 0.72148347, 0.12743849]
[1.8043861, 0.803985, 0.8653174, 0.13508373]
[1.8484352, 0.83825386, 0.8893503, 0.12083098]
[1.5117664, 0.76267564, 0.62244564, 0.12664503]
[1.6741811, 0.7240339, 0.8089614, 0.1411859]
[2.006793, 1.0217366, 0.8666829, 0.11837341]
[2.0329726, 0.78816056, 1.117503, 0.12730889]
[1.7996855, 0.97715133, 0.70236456, 0.12016968]
[1.7839127, 0.73055685, 0.9208706, 0.13248518]
[2.0335546, 1.115608, 0.7909472, 0.12699936]
[1.7873291, 0.7797532, 0.89696145, 0.110614374]
[1.687267, 0.79941213, 0.76886225, 0.11899252]
[1.6652129, 0.70046294, 0.8277203, 0.13702959]
[1.7727673, 0.8649821, 0.76829493, 0.13949028]
[1.984652, 0.84337234, 0.9972564, 0.14402324]
[1.9450424, 1.0010715, 0.81885946, 0.12511143]
[1.6307648, 0.69169486, 0.81563723, 0.1234328]
[1.8439734, 0.9465227, 0.7623765, 0.13507414]
[1.7872078, 0.94912386, 0.70823085, 0.12985313]
[1.8184836, 1.0220928, 0.6726, 0.123790696]
[1.5242615, 0.60819423, 0.774516, 0.14155132]
[1.9860317, 1.0239446, 0.8236313, 0.13845573]
[1.5426215, 0.6179921, 0.79396456, 0.13066481]
[1.7112958, 0.8135623, 0.77268827, 0.12504528]
[1.8028162, 0.6713797, 0.99520814, 0.13622832]
[1.9853547, 1.257973, 0.57904875, 0.1483329]
[1.7455183, 0.58004725, 1.0279043, 0.13756682]
[1.9107361, 0.7664769, 1.0011499, 0.14310926]
[1.8376572, 0.92476666, 0.76799285, 0.14489773]
[1.9207667, 0.99771357, 0.7853315, 0.13772169]
[1.9252162, 0.9586527, 0.8417173, 0.124846265]
[1.9452112, 0.85534286, 0.95178676, 0.13808155]
[1.9159044, 1.0235398, 0.77793574, 0.11442883]
[1.6692119, 0.84832686, 0.7036495, 0.11723537]
[1.7612135, 0.8054291, 0.83545625, 0.12032813]
[1.9953686, 0.91361386, 0.95265484, 0.1291]
[1.7447472, 0.73002875, 0.88297033, 0.13174811]
[1.9410667, 0.92108047, 0.886083, 0.1339033]
[1.738695, 0.9210849, 0.6833693, 0.13424087]
[2.0376434, 1.0583327, 0.85314673, 0.12616396]
[1.957242, 0.92764926, 0.89814717, 0.13144562]
[1.7764423, 0.9231061, 0.7403405, 0.1129958]
[1.6872909, 0.5990845, 0.95491713, 0.13328928]
[1.9139618, 0.9576404, 0.8369457, 0.11937557]
[1.8035508, 0.9717552, 0.72078025, 0.11101548]
[1.7837033, 0.8199502, 0.8379179, 0.12583512]
[1.809881, 0.89361763, 0.8028808, 0.113382526]
[2.0041559, 1.0133251, 0.8658708, 0.12495994]
[1.8098439, 0.74955636, 0.94511056, 0.11517699]
[1.9254287, 0.86683536, 0.9480199, 0.11057346]
[1.610691, 0.5516355, 0.93786407, 0.1211914]
[1.8431463, 0.9350479, 0.7865504, 0.12154788]
[1.937502, 0.78025854, 1.0350025, 0.12224102]
[1.6824627, 0.74021137, 0.8174658, 0.12478551]
[1.9022447, 0.8636838, 0.91953933, 0.119021505]
[1.8873237, 0.91206527, 0.8403747, 0.13488376]
[1.6946237, 0.6694893, 0.9105004, 0.11463404]
[1.7816341, 0.8249684, 0.8343301, 0.122335635]
[1.9482335, 0.7924192, 1.0237504, 0.1320639]
[1.6944406, 0.90456015, 0.66431236, 0.12556818]
[1.9561062, 0.83390963, 0.9899602, 0.13223632]
[1.8120371, 0.92704177, 0.7659538, 0.119041525]
[1.7023284, 0.64105093, 0.92588747, 0.13539009]
[1.7646894, 0.86154133, 0.7884755, 0.114672616]
[1.9451475, 0.9406913, 0.8822258, 0.12223041]
[1.6785536, 0.7116165, 0.85724556, 0.10969155]
[1.7981925, 0.6582826, 1.0125366, 0.12737328]
[1.965968, 0.9782601, 0.8580648, 0.12964305]
[1.864955, 1.087837, 0.65941703, 0.11770099]
[1.6848047, 0.66665447, 0.88409376, 0.13405642]
[1.9056377, 0.92232037, 0.86524844, 0.11806899]
[1.7095572, 0.8352808, 0.7559183, 0.118358046]
[1.8358964, 0.8948983, 0.821029, 0.11996898]
[1.7486567, 0.7283169, 0.8868737, 0.13346615]
[1.8245873, 0.8313335, 0.8710063, 0.12224744]
[1.7284279, 0.74929464, 0.8597189, 0.119414344]
[1.7636571, 0.79406786, 0.8372016, 0.1323876]
[1.8288095, 0.9893712, 0.71518207, 0.12425621]
[1.7618238, 0.8518204, 0.79124224, 0.11876123]
[1.8783538, 0.8868351, 0.85664487, 0.1348739]
[1.7846451, 0.8452907, 0.8129669, 0.12638745]
[1.6877693, 0.9511782, 0.60685873, 0.12973239]
[1.6542681, 0.7180915, 0.807964, 0.1282126]
[1.8136853, 0.9097291, 0.76426375, 0.13969243]
[1.8637365, 0.89129007, 0.84476495, 0.12768146]
[1.7742496, 0.8670685, 0.7792553, 0.12792575]
[1.7620357, 0.8568433, 0.7727556, 0.13243687]
[1.7838731, 0.96369195, 0.68107545, 0.13910566]
[1.8756456, 0.8493392, 0.8808725, 0.1454339]
[1.8447177, 0.8405332, 0.8619896, 0.14219493]
[1.8151312, 1.0461261, 0.62703276, 0.14197233]
[1.945905, 0.90823936, 0.8974058, 0.1402597]
[1.6815201, 0.72800046, 0.837826, 0.11569369]
[1.9554714, 0.9667805, 0.8558109, 0.13288009]
[1.7115582, 0.96761376, 0.61119354, 0.1327509]
[1.9254966, 0.9586586, 0.8428035, 0.124034576]
[1.798211, 0.78463906, 0.89678335, 0.116788454]
[1.7227584, 0.77831393, 0.8135655, 0.13087906]
[1.769355, 0.71680063, 0.92458093, 0.12797353]
[1.9192753, 1.056613, 0.72804236, 0.13461995]
[1.5619115, 0.69626117, 0.73657143, 0.12907888]
[1.8096473, 0.95601, 0.7208344, 0.1328029]
[1.8576992, 0.8267073, 0.89733374, 0.1336582]
[2.0005114, 0.8393472, 1.0303283, 0.13083598]
[1.7326496, 0.9037157, 0.7102202, 0.11871364]
[1.9663788, 0.8981839, 0.9427608, 0.125434]
[1.8762908, 0.888025, 0.85241115, 0.1358547]
[1.9644531, 0.97553474, 0.8612434, 0.12767492]
[1.8948832, 0.9640523, 0.81187713, 0.11895372]
[1.7584653, 0.8595518, 0.7759646, 0.1229489]
[1.9788446, 0.8330482, 1.0259316, 0.11986478]
[1.6158751, 0.694306, 0.80689985, 0.11466916]
[1.7168611, 0.59664226, 1.0025439, 0.11767493]
[1.7394015, 1.0638489, 0.5476385, 0.1279141]
[1.902897, 0.6209891, 1.1541883, 0.12771961]
[1.5442159, 0.6866813, 0.7336588, 0.123875916]
[1.9924132, 0.7996925, 1.0510962, 0.14162448]
[1.6784502, 0.7832707, 0.7534358, 0.14174378]
[1.9060403, 0.8180541, 0.9626982, 0.12528804]
[1.8045272, 0.9091722, 0.768962, 0.12639295]
[1.8274697, 0.9510863, 0.74324095, 0.13314247]
[1.9593849, 0.98220646, 0.83971703, 0.1374614]
[1.9257472, 0.93620336, 0.8653237, 0.12422016]
[2.008186, 1.0834775, 0.8058897, 0.118818924]
[1.8414664, 0.8079434, 0.90846366, 0.12505934]
[1.8627208, 0.8035877, 0.9395797, 0.11955349]
[1.9549767, 0.8887738, 0.95927817, 0.10692462]
[1.819249, 0.72489333, 0.9728396, 0.121516086]
[1.6390444, 0.6838423, 0.8541896, 0.10101259]
[1.7298806, 0.8689985, 0.7405068, 0.12037513]
[1.980307, 0.8348197, 1.0354666, 0.11002078]
[1.8841058, 0.9098944, 0.858048, 0.11616334]
[1.6696386, 0.7967023, 0.74833894, 0.12459727]
[1.7068429, 0.9193146, 0.6687723, 0.118756]
[1.8183645, 0.76997703, 0.92582774, 0.12255968]
[1.7790282, 0.7376598, 0.92211795, 0.1192504]
[1.8295343, 0.8421842, 0.8581542, 0.12919599]
[1.7663722, 0.9975291, 0.65053236, 0.118310705]
[1.9966366, 1.0160062, 0.8624232, 0.11820716]
[1.8365173, 0.79409516, 0.9215174, 0.12090478]
[1.8395712, 0.8544414, 0.86780274, 0.11732708]
[1.6932111, 0.8190613, 0.75285125, 0.12129849]
[1.765225, 0.6948172, 0.94807094, 0.12233695]
[1.8721088, 1.0882385, 0.6617172, 0.12215318]
[1.8182489, 0.875816, 0.8297447, 0.11268821]
[1.8552771, 0.69581836, 1.0211353, 0.1383233]
[1.7161193, 0.81935936, 0.7758064, 0.12095351]
[1.8765805, 0.8553018, 0.8937924, 0.12748617]
[1.6483096, 0.7168872, 0.7995615, 0.13186084]
[1.8481344, 0.7545364, 0.9700098, 0.12358822]
[1.8844361, 1.001686, 0.75915587, 0.123594254]
[1.6636169, 0.8369732, 0.6969398, 0.12970388]
[1.9328502, 0.871549, 0.92678165, 0.13451958]
[1.5937645, 0.7990614, 0.6712606, 0.123442516]
[1.9006025, 0.927611, 0.83656645, 0.13642497]
[1.906976, 0.8494134, 0.9306474, 0.12691528]
[1.9061728, 0.77408946, 0.99617183, 0.13591145]
[1.9317551, 0.9159791, 0.889847, 0.12592897]
[1.7974186, 0.9565558, 0.72225183, 0.11861094]
[1.7418897, 0.7803784, 0.84844816, 0.113063045]
[1.9060417, 0.91947484, 0.8703418, 0.11622514]
[1.7177297, 0.7505034, 0.8400433, 0.12718293]
[1.8008708, 0.9257305, 0.7368987, 0.13824156]
[1.5801461, 0.6478925, 0.7908786, 0.14137508]
[1.6111951, 0.73457193, 0.7411065, 0.13551658]
[1.6962336, 0.8342326, 0.7249119, 0.13708913]
[1.7970773, 0.8157541, 0.8358112, 0.145512]
[2.1812356, 0.96725094, 1.070158, 0.14382675]
[1.9795119, 0.9181515, 0.9387925, 0.12256782]
[1.7310158, 0.9050372, 0.68623805, 0.13974063]
[1.8440425, 0.99325347, 0.71902114, 0.13176802]
[1.7454271, 0.6602428, 0.94216466, 0.14301968]
[1.8711448, 1.0319191, 0.7090841, 0.13014144]
[1.9273157, 0.7855747, 1.0164275, 0.12531352]
[1.7590653, 0.91130483, 0.7173625, 0.13039792]
[1.7153773, 0.82592547, 0.7740985, 0.1153533]
[1.6965241, 0.6533822, 0.90504014, 0.13810185]
[1.8330628, 0.94028527, 0.76158977, 0.13118778]
[1.5089073, 0.5678222, 0.7986345, 0.14245051]
[2.0431602, 1.088056, 0.81959856, 0.13550572]
[2.2974148, 0.9773633, 1.1933182, 0.12673335]
[1.7567261, 0.9638908, 0.68195957, 0.11087577]
[1.7129042, 0.7334697, 0.8615872, 0.11784725]
[1.7663023, 0.7568035, 0.873932, 0.13556683]
[1.9519061, 0.9753728, 0.85224915, 0.1242841]
[1.8353305, 0.7218859, 0.9943602, 0.11908431]
[1.8274305, 0.8362363, 0.8696354, 0.121558756]
[1.9060148, 0.89847404, 0.8883455, 0.11919533]
[2.0608556, 0.82905376, 1.1125089, 0.119293086]
[1.8351614, 0.86051846, 0.8579153, 0.11672772]
[2.0170953, 1.0136533, 0.88615894, 0.117283136]
[1.7605003, 0.81356215, 0.83445674, 0.11248149]
[1.7048788, 0.8176494, 0.7722105, 0.115018874]
[2.0581384, 0.9015574, 1.0223219, 0.13425902]
[1.6098294, 0.7205679, 0.7793627, 0.1098988]
[1.9559507, 0.80975056, 1.0163735, 0.12982664]
[1.8864384, 1.0564424, 0.7162068, 0.113789245]
[1.755107, 0.86775696, 0.77131426, 0.11603587]
[1.7705535, 0.9219818, 0.73900294, 0.1095687]
[1.8221562, 0.9315851, 0.76843387, 0.122137316]
[1.9166191, 0.92435765, 0.8773545, 0.11490686]
[1.71457, 0.74926895, 0.84222555, 0.12307549]
[1.8992368, 0.8803071, 0.8993254, 0.119604334]
[1.753549, 0.791975, 0.8298427, 0.1317313]
[1.840869, 0.8217875, 0.89166206, 0.12741944]
[1.9166574, 0.8926293, 0.8954936, 0.12853453]
[2.006071, 1.0059159, 0.8771256, 0.123029664]
[1.8005637, 0.7182975, 0.9556807, 0.12658548]
[1.6491288, 0.6881619, 0.84937465, 0.11159219]
[1.765661, 0.9209591, 0.72380257, 0.120899364]
[1.9281993, 0.9869601, 0.8294806, 0.11175853]
[1.9194919, 0.76668555, 1.0326372, 0.12016904]
[1.5774384, 0.8557543, 0.59545374, 0.12623024]
[1.8887419, 0.882118, 0.86357236, 0.1430515]
[1.9917866, 0.8408395, 1.039135, 0.11181215]
[1.9033153, 0.8230927, 0.9660013, 0.1142213]
[1.7779495, 0.76888335, 0.89351165, 0.11555442]
[1.8140445, 0.7614907, 0.93144214, 0.1211116]
[1.9506629, 0.8826332, 0.9548892, 0.113140464]
[1.8064429, 0.8889442, 0.8036159, 0.113882646]
[1.9273751, 0.86345464, 0.94464314, 0.11927721]
[1.8432899, 0.8434957, 0.87484986, 0.12494415]
[1.721818, 0.9295957, 0.6793791, 0.112843156]
[1.8268327, 0.82041395, 0.8810394, 0.12537937]
[1.7393745, 0.9233113, 0.6889994, 0.12706384]
[1.8363074, 0.8538321, 0.8612561, 0.121219136]
[1.8699433, 0.906939, 0.83228976, 0.13071452]
[1.7386076, 0.85258645, 0.7665622, 0.11945887]
[1.860537, 0.7321601, 1.0040547, 0.124322295]
[1.7304505, 0.7880603, 0.8115895, 0.13080075]
[1.8410054, 0.93155354, 0.77997464, 0.12947723]
[1.8704855, 0.9050993, 0.8420772, 0.123309135]
[1.9475912, 0.79698133, 1.0382986, 0.1123112]
[1.795221, 0.98384523, 0.6930307, 0.11834501]
[1.7592283, 0.7941275, 0.84683526, 0.118265495]
[1.7309623, 0.818847, 0.7853514, 0.12676382]
[1.5053213, 0.66378474, 0.7220922, 0.1194444]
[1.8586938, 0.8843917, 0.83427, 0.14003202]
[1.677106, 0.60750663, 0.94001114, 0.12958829]
[1.8225782, 1.0149851, 0.67156875, 0.1360244]
[1.6948879, 0.79166317, 0.763847, 0.13937771]
[1.9368565, 1.003759, 0.8032772, 0.12982038]
[1.6886072, 0.7679498, 0.77709794, 0.1435594]
[1.906763, 1.0730598, 0.6996845, 0.13401866]
[1.7771277, 0.6937878, 0.9573133, 0.1260266]
[1.7556719, 0.8543457, 0.7726028, 0.12872337]
[1.9254723, 0.8657136, 0.9203172, 0.13944152]
[1.7314147, 0.84214103, 0.7466024, 0.14267126]
[1.668833, 0.7965708, 0.737887, 0.13437523]
[1.6677543, 0.67034984, 0.8623072, 0.13509725]
[1.7946348, 0.8794665, 0.76948714, 0.14568108]
[2.0183678, 1.1559839, 0.71494716, 0.1474365]
[1.8602477, 0.80411124, 0.9309295, 0.12520708]
[1.8283249, 0.88950485, 0.80434114, 0.13447891]
[1.7613652, 0.9830804, 0.6457531, 0.13253167]
[1.874687, 0.7491659, 0.9988743, 0.12664679]
[1.8680805, 0.9403826, 0.8115872, 0.11611064]
[1.8801998, 0.7461063, 1.0090191, 0.12507428]
[1.6910934, 0.71660817, 0.82763815, 0.14684707]
[1.7789409, 0.81288224, 0.8309343, 0.1351245]
[1.9341651, 0.91120625, 0.8887499, 0.134209]
[2.1281393, 0.9672452, 1.0346249, 0.126269]
[1.9456397, 1.0483134, 0.7601963, 0.13713002]
[1.8409297, 0.83578026, 0.8836391, 0.1215104]
[1.8318888, 0.7904126, 0.9140942, 0.12738189]
[1.6443158, 0.7956413, 0.72666955, 0.122004986]
[1.8337694, 0.98794997, 0.7244549, 0.12136454]
[1.7243106, 0.77440745, 0.8312244, 0.11867884]
[1.8338507, 0.9958376, 0.711428, 0.12658508]
[1.8545878, 0.8117134, 0.9142675, 0.12860698]
[1.6013063, 0.7688755, 0.6884594, 0.14397147]
[1.8994006, 0.8297918, 0.95355964, 0.11604922]
[1.7967908, 0.99901927, 0.6638711, 0.13390043]
[1.8816464, 0.8651703, 0.9009074, 0.11556863]
[1.780382, 0.7969172, 0.86667377, 0.11679108]
[1.8287389, 0.9332193, 0.76274604, 0.13277367]
[1.6740102, 0.67720866, 0.87159365, 0.1252078]
[1.8910462, 0.8589722, 0.9101491, 0.12192489]
[1.7094151, 0.7925941, 0.78965116, 0.12716986]
[1.603805, 0.62117964, 0.8645983, 0.11802705]
[1.7909734, 0.95345867, 0.6974341, 0.14008069]
[2.0440865, 0.9109417, 1.0134177, 0.11972697]
[1.9719558, 0.8934029, 0.94809836, 0.1304545]
[1.8181567, 0.9325761, 0.75366837, 0.13191226]
[1.8759536, 0.85761046, 0.8965195, 0.121823624]
[1.6761782, 0.7752634, 0.7654706, 0.1354442]
[1.9423953, 0.92539454, 0.8997969, 0.1172038]
[1.7794387, 0.8719816, 0.7878274, 0.119629785]
[1.974044, 0.70277286, 1.137385, 0.13388607]
[1.6310562, 0.6992614, 0.7929698, 0.13882497]
[1.9869409, 0.9532273, 0.91012454, 0.12358908]
[1.6936599, 0.9304385, 0.6361301, 0.12709126]
[1.8297997, 0.6449469, 1.064685, 0.12016769]
[1.7390766, 0.82706356, 0.787302, 0.12471104]
[1.7842371, 0.8103342, 0.8378006, 0.13610235]
[1.6882426, 0.8391981, 0.7223674, 0.126677]
[1.742739, 0.759338, 0.84260845, 0.14079243]
[1.8268191, 0.9912746, 0.6869887, 0.14855579]
[2.0453513, 0.93840736, 0.9639025, 0.14304128]
[2.0680344, 0.94421077, 1.0017549, 0.12206884]
[1.8870058, 0.9530796, 0.80551237, 0.12841396]
[1.7030045, 0.8292154, 0.7439693, 0.12981972]
[1.9661117, 0.96931505, 0.8777611, 0.11903547]
[1.5814588, 0.8550943, 0.6079248, 0.118439615]
[1.7479568, 0.7916394, 0.82180715, 0.13451031]
[1.8366451, 0.988709, 0.709038, 0.13889813]
[1.9001936, 0.8730717, 0.8890613, 0.13806064]
[1.9519658, 0.82990694, 0.98008645, 0.14197245]
[1.8792826, 0.75856113, 0.9865447, 0.13417673]
[1.9816973, 0.7911981, 1.0687478, 0.1217515]
[1.9151605, 1.1023391, 0.69567, 0.11715139]
[1.8791723, 0.8042438, 0.9469103, 0.12801813]
[1.794812, 0.91480064, 0.76285183, 0.117159486]
[1.9359882, 0.7401223, 1.0739682, 0.12189771]
[1.7972138, 0.94907, 0.7345351, 0.113608696]
[1.7097726, 0.58433664, 1.01192, 0.11351599]
[1.8084093, 0.8972865, 0.7906823, 0.12044062]
[1.7454592, 0.7110728, 0.9172467, 0.11713967]
[2.046165, 1.0596042, 0.8633518, 0.12320909]
[1.7880262, 0.71190214, 0.9634609, 0.112663135]
[1.775075, 0.78330487, 0.86533767, 0.12643236]
[1.73364, 0.80379766, 0.81270117, 0.1171411]
[1.7057489, 0.815502, 0.77469814, 0.11554871]
[1.7517768, 0.71024936, 0.9066402, 0.13488734]
[1.6573976, 0.8407527, 0.68690455, 0.12974037]
[1.8480663, 0.69342923, 1.0353969, 0.11924012]
[1.9005544, 0.954667, 0.82696146, 0.11892602]
[1.6521162, 0.6636374, 0.86409914, 0.12437965]
[1.6562729, 0.5124196, 1.0052328, 0.13862053]
[1.6615083, 0.94667554, 0.5733712, 0.1414616]
[2.1314402, 1.0224698, 0.96044445, 0.14852607]
[1.841411, 1.0608184, 0.6478429, 0.13274972]
[1.7800636, 0.59943396, 1.0569924, 0.12363715]
[1.9086078, 0.99234, 0.7855551, 0.13071266]
[1.8399976, 0.9712647, 0.74848557, 0.12024734]
[1.6939563, 0.75023425, 0.8172568, 0.12646523]
[1.7028773, 0.8673818, 0.7003784, 0.1351171]
[1.7225848, 0.80203027, 0.7918223, 0.1287323]
[1.9026383, 0.96752477, 0.8091717, 0.12594187]
[1.9422318, 0.977672, 0.83601034, 0.12854944]
[1.8710845, 0.8019123, 0.93753254, 0.1316396]
[1.6815403, 0.8382621, 0.7135365, 0.12974164]
[1.7729628, 0.9590514, 0.68190277, 0.13200867]
[1.7506967, 0.7660913, 0.8591343, 0.1254711]
[1.6922128, 0.75644505, 0.80130863, 0.13445912]
[1.5593951, 0.73455125, 0.69402015, 0.13082358]
[2.0195322, 1.0405885, 0.83672726, 0.14221652]
[1.857902, 0.6798439, 1.0201758, 0.15788235]
[1.6392008, 0.7627839, 0.73304105, 0.14337587]
[1.7127972, 0.63371736, 0.93948066, 0.13959914]
[2.0035145, 1.2293079, 0.6208484, 0.15335828]
[1.8423284, 0.7102989, 0.9852535, 0.14677605]
[1.8339634, 0.84832716, 0.84175956, 0.14387664]
[1.7683997, 0.937153, 0.6859857, 0.14526102]
[1.8449242, 0.91405183, 0.793643, 0.13722938]
[1.8668427, 0.6971474, 1.0319939, 0.13770153]
[1.6507018, 0.77574843, 0.7469147, 0.12803864]
[1.7583098, 0.9385747, 0.67734104, 0.14239405]
[1.7789332, 0.59795654, 1.0293016, 0.15167499]
[1.7888423, 0.8317198, 0.818056, 0.13906658]
[1.8782849, 0.9599649, 0.7697175, 0.14860249]
[1.8213272, 0.9972581, 0.69486403, 0.12920494]
[1.7930837, 0.926992, 0.7297662, 0.13632543]
[1.7871941, 0.6319543, 1.0210766, 0.13416325]
[1.7799213, 0.9495544, 0.6912081, 0.1391587]
[1.7343875, 0.7437671, 0.8290775, 0.16154301]
[2.0156097, 0.7991736, 1.0704162, 0.14601997]
[1.6701672, 0.8566203, 0.66817266, 0.14537424]
[1.9221141, 1.0510185, 0.7356684, 0.13542724]
[1.8449647, 0.7652534, 0.9396535, 0.14005777]
[1.893422, 0.86495984, 0.8857689, 0.1426933]
[1.7605901, 0.8564274, 0.7720521, 0.13211063]
[1.7473295, 0.8306025, 0.788556, 0.12817091]
[1.8430852, 0.88614106, 0.8168396, 0.14010449]
[1.852634, 0.88292694, 0.8283814, 0.14132558]
[1.9107968, 0.74774504, 1.0227969, 0.14025486]
[1.6886383, 0.8713283, 0.68621826, 0.13109168]
[1.9994252, 0.946946, 0.914819, 0.13766009]
[1.7322927, 0.85853004, 0.73892164, 0.134841]
[1.8517258, 0.6720147, 1.0497975, 0.12991363]
[2.0621986, 0.8623651, 1.0639577, 0.13587591]
[1.9425844, 1.0638998, 0.74966264, 0.129022]
[1.8301114, 0.9082183, 0.8035881, 0.11830492]
[1.7425836, 0.8562808, 0.75326556, 0.13303721]
[1.8036497, 0.79475594, 0.89425576, 0.11463803]
[1.7499061, 0.93079734, 0.69985706, 0.11925171]
[1.8919357, 0.8741813, 0.9007965, 0.116957985]
[1.7892191, 0.96087426, 0.69725454, 0.13109045]
[1.6192857, 0.6914127, 0.80537176, 0.122501254]
[1.8357404, 1.0035636, 0.70628095, 0.12589589]
[1.9730856, 0.81194055, 1.0399009, 0.12124413]
[1.8039508, 0.86207426, 0.8099623, 0.13191426]
[1.95611, 0.93940055, 0.90029824, 0.116411224]
[1.8335159, 0.94328713, 0.7592914, 0.13093732]
[1.8024533, 0.88018537, 0.79801095, 0.12425701]
[1.780378, 0.7278832, 0.9281695, 0.12432526]
[1.9592755, 0.8411356, 0.99272025, 0.12541965]
[1.786288, 0.96483743, 0.695719, 0.1257316]
[1.963864, 0.9033407, 0.9391359, 0.121387325]
[1.7609023, 0.93658465, 0.6957923, 0.12852538]
[1.7466999, 0.83562744, 0.79049706, 0.12057539]
[1.622226, 0.7257175, 0.7828741, 0.11363437]
[1.8576837, 0.9177895, 0.8162315, 0.123662725]
[1.689935, 0.91100013, 0.6560106, 0.12292418]
[1.773465, 0.72309434, 0.92790794, 0.12246272]
[1.5847466, 0.7791007, 0.6644546, 0.14119118]
[1.814579, 0.8519152, 0.8263216, 0.13634223]
[1.8119936, 0.97624063, 0.6987462, 0.13700676]
[1.8542588, 0.6988339, 1.0123172, 0.14310771]
[1.889042, 0.9179951, 0.8387903, 0.13225667]
[1.9025115, 0.9116626, 0.8643911, 0.12645778]
[1.6966803, 0.65422547, 0.91377854, 0.12867625]
[1.8228959, 0.8443052, 0.8538395, 0.124751255]
[1.6860179, 0.90058506, 0.6468965, 0.13853636]
[1.7618934, 0.78675544, 0.8433263, 0.13181177]
[1.7619358, 0.6293814, 1.0041678, 0.12838666]
[1.6293415, 0.6631267, 0.8329668, 0.13324794]
[1.8882012, 0.94963133, 0.79288816, 0.14568174]
[2.0280209, 0.9397606, 0.95519197, 0.13306823]
[1.5729424, 0.6477198, 0.78351164, 0.1417109]
[1.9826322, 1.1208599, 0.7261643, 0.13560793]
[1.6408404, 0.5553296, 0.94690186, 0.13860889]
[1.78506, 0.9264645, 0.7265506, 0.13204491]
[1.8163112, 0.7694669, 0.9076115, 0.13923287]
[1.8359032, 0.87106586, 0.82528335, 0.13955402]
[1.9584814, 0.8921727, 0.94041514, 0.12589356]
[1.6263826, 0.5358466, 0.9517132, 0.13882273]
[2.0920153, 1.3177996, 0.6400772, 0.13413861]
[2.002711, 0.8595786, 1.0180876, 0.12504485]
[1.8332762, 0.67922115, 1.0151032, 0.13895181]
[1.8886716, 0.7990495, 0.97403324, 0.11558886]
[1.8430878, 1.0071104, 0.71741873, 0.11855875]
[2.0046897, 1.0049986, 0.87848806, 0.121203184]
[1.7665854, 0.5796571, 1.065222, 0.12170627]
[1.8083128, 1.1408366, 0.5577671, 0.10970915]
[1.5441133, 0.6058384, 0.8317276, 0.10654728]
[1.9491926, 0.71613616, 1.1074653, 0.12559119]
[1.8131163, 0.8542706, 0.8418797, 0.11696602]
[1.9391484, 0.8330065, 0.9818424, 0.12429948]
[1.9915321, 1.0145497, 0.8598921, 0.11709024]
[1.7439147, 0.8765534, 0.7576579, 0.10970345]
[1.7101305, 0.7640855, 0.8360644, 0.10998059]
[1.8766646, 0.89832497, 0.86277807, 0.115561604]
[1.6985252, 0.81623745, 0.77021664, 0.112071]
[1.5250888, 0.833974, 0.56473255, 0.12638223]
[1.81863, 0.7245275, 0.98173594, 0.11236657]
[1.7923273, 0.9599399, 0.7136421, 0.118745215]
[1.7155308, 0.8692249, 0.7140687, 0.1322371]
[2.0690696, 0.9166236, 1.0235784, 0.12886769]
[2.0415454, 0.8541587, 1.0543875, 0.13299906]
[1.9245471, 1.0033989, 0.78724384, 0.13390431]
[1.8399204, 0.9936807, 0.71857387, 0.12766585]
[1.8426616, 0.697385, 1.0272753, 0.11800127]
[1.6640193, 0.92515314, 0.6186626, 0.120203674]
[1.8019668, 0.82864606, 0.85759723, 0.115723476]
[1.7635391, 0.70941496, 0.9404758, 0.113648355]
[1.7539929, 0.7706481, 0.8569201, 0.12642463]
[1.8739921, 1.1826248, 0.5672425, 0.124124736]
[2.0090694, 0.8900783, 1.0041306, 0.11486055]
[1.9563775, 0.85848415, 0.9810525, 0.11684086]
[1.8091577, 0.937362, 0.75619483, 0.11560098]
[1.8075783, 0.8239982, 0.87818253, 0.10539754]
[1.8423744, 0.7632906, 0.9671343, 0.11194958]
[1.8444223, 0.9118209, 0.81417286, 0.11842859]
[1.975803, 0.9768443, 0.8820409, 0.116917685]
[1.9321872, 0.9004383, 0.90586823, 0.12588061]
[1.9246302, 0.8717302, 0.93662894, 0.11627104]
[1.9773647, 0.82955813, 1.0350524, 0.11275415]
[1.7455145, 0.8922888, 0.7312864, 0.12193926]
[1.7090836, 0.7254007, 0.88035506, 0.10332771]
[1.7253815, 0.8168553, 0.7917701, 0.11675604]
[1.862885, 0.86593735, 0.8701322, 0.12681538]
[1.8930826, 0.8268595, 0.94556814, 0.120655105]
[1.7168962, 0.801406, 0.7909241, 0.124566056]
[1.806647, 0.91634035, 0.7549896, 0.13531694]
[1.8253336, 0.87750405, 0.8183768, 0.12945265]
[1.9358274, 0.92660534, 0.88051295, 0.12870908]
[1.7344623, 0.7714193, 0.8452748, 0.11776815]
[1.8614339, 0.70054936, 1.0252798, 0.13560475]
[1.7932175, 0.87311727, 0.79824924, 0.121851064]
[1.729266, 0.7995398, 0.8000948, 0.12963142]
[1.8554782, 0.99587476, 0.73501635, 0.12458706]
[1.8989053, 1.0041698, 0.76911616, 0.12561926]
[1.8670905, 0.70994145, 1.0341775, 0.12297148]
[1.7916961, 0.77636135, 0.87668395, 0.1386508]
[1.6176971, 0.66423166, 0.8140644, 0.13940111]
[1.6146969, 0.7575979, 0.7130655, 0.14403348]
[1.9044766, 0.9330952, 0.8311393, 0.14024204]
[1.9184573, 1.0645063, 0.7222178, 0.13173321]
[1.945641, 0.6628378, 1.1450918, 0.13771155]
[1.8586001, 0.96073794, 0.7687283, 0.12913395]
[1.7592763, 0.7687504, 0.86525524, 0.1252706]
[1.8227673, 0.74500823, 0.93141145, 0.1463475]
[1.6352572, 0.7836071, 0.714446, 0.1372042]
[1.7992762, 0.75568604, 0.90618944, 0.13740078]
[1.5886674, 0.7908374, 0.666571, 0.13125902]
[1.7271676, 0.65152645, 0.93384075, 0.14180045]
[1.8853087, 0.78812385, 0.9689508, 0.12823413]
[1.7896494, 0.7676698, 0.8889036, 0.13307595]
[2.1862469, 0.91836953, 1.1269615, 0.14091592]
[1.8684236, 0.9835204, 0.7579029, 0.12700024]
[1.988169, 0.8079045, 1.0645947, 0.11566973]
[1.821775, 0.86631215, 0.82317734, 0.13228554]
[1.6812361, 0.89154303, 0.66724455, 0.12244861]
[1.8518094, 0.7076869, 1.014132, 0.12999049]
[1.868506, 1.0585437, 0.6900606, 0.1199017]
[1.6530576, 0.7981937, 0.72718775, 0.12767611]
[1.610964, 0.4874512, 1.0169493, 0.106563404]
[1.9477215, 1.2122476, 0.5978395, 0.13763441]
[1.8399932, 0.8623866, 0.8515829, 0.12602372]
[2.032418, 1.1421094, 0.769716, 0.12059265]
[1.8604794, 0.86546504, 0.87940764, 0.115606666]
[1.7152185, 0.78348625, 0.8077048, 0.124027506]
[1.70417, 0.82920456, 0.75206697, 0.12289848]
[1.8528531, 0.8647171, 0.8735107, 0.11462517]
[1.7642019, 0.78782535, 0.8482923, 0.12808424]
[1.8913454, 0.7456367, 1.0008153, 0.14489344]
[1.8331927, 1.0788279, 0.62650913, 0.12785567]
[1.7926308, 0.7105029, 0.95198524, 0.13014255]
[1.6939989, 0.82820344, 0.7367337, 0.12906182]
[1.6816435, 0.85121125, 0.7036046, 0.12682778]
[1.8470591, 0.8928026, 0.8174561, 0.13680038]
[1.957987, 0.7809688, 1.0358104, 0.14120784]
[1.8545702, 0.82883686, 0.88759494, 0.13813826]
[2.0707638, 1.1177435, 0.80239046, 0.15062988]
[1.6832011, 0.9510416, 0.5992309, 0.13292864]
[1.8759727, 0.80968153, 0.94109446, 0.12519667]
[2.0274258, 1.3371694, 0.56965554, 0.120600864]
[1.8205783, 0.72438383, 0.96615165, 0.13004285]
[1.6975468, 0.9460428, 0.6270985, 0.12440548]
[1.9845033, 0.90933526, 0.9519267, 0.12324127]
[1.9822589, 0.9594698, 0.891246, 0.13154307]
[2.032773, 1.0495894, 0.86004114, 0.123142466]
[1.8243443, 0.9663603, 0.74786925, 0.11011464]
[1.9376938, 0.6990086, 1.1195147, 0.119170554]
[1.8942826, 0.8935255, 0.88878405, 0.11197306]
[2.044198, 0.9931, 0.93562275, 0.115475416]
[2.0505066, 1.087478, 0.861057, 0.10197154]
[2.0801108, 1.0018047, 0.98311305, 0.095192954]
[1.7434585, 0.8755454, 0.76368415, 0.104229]
[1.941005, 0.8616386, 0.98695564, 0.09241083]
[1.7688017, 0.87724185, 0.79043686, 0.10112294]
[1.7980199, 1.0028026, 0.691195, 0.10402225]
[1.7256644, 0.7826718, 0.8459706, 0.09702206]
[1.7906333, 0.84360564, 0.8535859, 0.09344187]
[1.6984352, 0.74887913, 0.83804125, 0.11151478]
[1.942972, 0.9963933, 0.8378004, 0.1087783]
[1.825889, 0.9209342, 0.79517496, 0.10977982]
[1.7994314, 0.83790255, 0.8557178, 0.10581115]
[1.9085804, 0.94939834, 0.8523327, 0.10684936]
[1.9797972, 0.8751097, 0.9975313, 0.10715623]
[1.7488482, 0.86281365, 0.7770105, 0.10902405]
[1.720676, 0.8201873, 0.7942546, 0.10623408]
[1.6727331, 0.7534541, 0.809017, 0.11026186]
[1.8209575, 0.8404016, 0.85387504, 0.12668097]
[1.7980357, 1.0117042, 0.6705302, 0.11580128]
[1.7325487, 0.7618685, 0.835827, 0.13485321]
[1.8316958, 0.65224147, 1.0562778, 0.123176605]
[1.6850668, 0.73190856, 0.8448652, 0.10829307]
[1.9134271, 0.96163875, 0.8088378, 0.14295056]
[1.9641842, 0.89221704, 0.9543484, 0.11761865]
[1.8232961, 0.8666887, 0.84755373, 0.10905367]
[1.5667452, 0.55420667, 0.88331044, 0.12922803]
[1.644437, 0.89325345, 0.62863255, 0.12255092]
[1.8419037, 0.82575595, 0.8929796, 0.12316805]
[1.7193141, 0.73918426, 0.8512578, 0.12887204]
[1.9029934, 0.81255436, 0.96565175, 0.12478733]
[1.7452912, 0.87880147, 0.7229343, 0.14355537]
[1.6771204, 0.76887035, 0.78719866, 0.12105149]
[1.9604272, 0.92578053, 0.9051019, 0.12954473]
[2.0208516, 0.9403757, 0.9534011, 0.1270748]
[1.7549686, 0.8833911, 0.74488854, 0.1266889]
[1.5886376, 0.8256419, 0.6455904, 0.11740525]
[1.9997845, 0.69001395, 1.1875299, 0.1222406]
[1.6930681, 0.9353106, 0.6343975, 0.12336002]
[1.9322709, 0.846944, 0.96462834, 0.12069853]
[1.8996348, 0.7597603, 1.0073186, 0.13255598]
[1.7236302, 0.7567494, 0.8433968, 0.12348396]
[1.64529, 0.6906183, 0.8221352, 0.13253656]
[2.0243232, 0.898857, 1.0029646, 0.122501634]
[1.8483688, 0.79053867, 0.93447137, 0.12335869]
[1.7659962, 0.8598853, 0.79908, 0.107030824]
[2.00309, 0.8777605, 0.99883837, 0.12649113]
[1.771944, 0.6839367, 0.98299074, 0.105016634]
[1.4909669, 0.75643605, 0.602064, 0.13246687]
[1.956695, 0.65818673, 1.1833014, 0.11520685]
