[1.9119298, 1.1967489, 0.6460193, 0.06916162]
[2.200819, 0.52790326, 1.5873687, 0.08554692]
[1.8982395, 1.1705387, 0.66087043, 0.066830404]
[1.7838466, 0.71696556, 0.9921994, 0.0746816]
[2.0257356, 0.9296764, 1.0012891, 0.09477003]
[1.747777, 0.9088626, 0.7576127, 0.081301644]
[2.2266893, 0.83204794, 1.3048855, 0.089756116]
[2.0331762, 1.4647157, 0.50710964, 0.061350837]
[2.1598482, 0.4643166, 1.6345032, 0.06102854]
[1.8106455, 1.0724622, 0.6769136, 0.061269682]
[1.9208276, 0.8670395, 0.98569113, 0.068097055]
[1.8994052, 1.0073825, 0.82785165, 0.06417112]
[1.9481202, 0.87026393, 1.0042541, 0.07360225]
[1.7726753, 0.79726833, 0.89317346, 0.08223342]
[2.0238109, 0.7802371, 1.1509116, 0.092662305]
[1.9853853, 1.1837542, 0.7247181, 0.07691297]
[1.7485628, 0.7016232, 0.97143877, 0.07550079]
[1.993827, 1.028992, 0.87541604, 0.08941888]
[2.0088568, 0.99057126, 0.93344814, 0.08483747]
[1.950367, 0.8931843, 0.98549485, 0.0716878]
[2.0046666, 0.9593783, 0.96911037, 0.07617781]
[1.8804095, 0.9893842, 0.8176013, 0.07342403]
[1.961942, 0.77025723, 1.1029505, 0.08873421]
[2.0305383, 1.1351657, 0.8026911, 0.09268154]
[1.994479, 0.924315, 0.98958224, 0.08058163]
[1.9216709, 0.83540905, 1.0116488, 0.07461314]
[2.0643468, 1.1364257, 0.8517128, 0.07620826]
[1.7798595, 0.67232764, 1.0424083, 0.0651235]
[2.0458205, 1.1167332, 0.8464192, 0.08266814]
[1.8272908, 0.57842076, 1.174777, 0.074092925]
[1.8640258, 1.1788257, 0.6142328, 0.07096736]
[2.1050477, 0.81870764, 1.2030357, 0.083304465]
[2.0258987, 1.3696826, 0.5965227, 0.059693474]
[1.9171933, 0.68866384, 1.15815, 0.07037944]
[1.8981805, 1.0324583, 0.8003726, 0.06534952]
[1.8904197, 1.2032498, 0.6262562, 0.060913645]
[1.8165543, 0.6385766, 1.1214331, 0.05654455]
[1.7071776, 0.81472737, 0.81588256, 0.076567605]
[2.0761883, 0.98806137, 1.0064743, 0.081652746]
[1.9907876, 1.0545121, 0.862546, 0.07372938]
[2.1185884, 0.9523345, 1.0943813, 0.071872815]
[1.8866417, 1.0340998, 0.7852049, 0.06733699]
[1.9520633, 0.90427524, 0.9708528, 0.076935306]
[1.9134549, 0.78223646, 1.0522641, 0.07895431]
[1.9389707, 0.91949654, 0.9293504, 0.09012373]
[2.1814167, 0.9620261, 1.1358769, 0.083513804]
[1.9226625, 1.1587596, 0.69723344, 0.06666945]
[1.956723, 0.7989868, 1.0838296, 0.073906556]
[1.8307793, 1.0062397, 0.7524251, 0.072114624]
[1.9457868, 0.9370651, 0.9287906, 0.07993116]
[1.8786236, 1.0877914, 0.7025456, 0.0882865]
[2.1399846, 0.78404796, 1.2689067, 0.08703003]
[2.0414693, 1.4599423, 0.5026716, 0.078855336]
[2.0742133, 0.6423484, 1.368609, 0.063255936]
[1.9738849, 1.0871458, 0.82359374, 0.063145354]
[1.8701915, 0.86568224, 0.94244075, 0.062068418]
[1.860465, 0.91263914, 0.87305975, 0.074766174]
[1.9029037, 1.0543967, 0.7778107, 0.070696235]
[1.8956896, 0.8339472, 0.9924247, 0.069317676]
[1.7472992, 0.8647664, 0.797037, 0.085495666]
[1.9252347, 0.62991774, 1.2123598, 0.082957126]
[1.9775846, 1.2524747, 0.6403843, 0.08472565]
[2.1446302, 0.6756452, 1.3869908, 0.08199423]
[1.9747524, 1.3783832, 0.51948386, 0.07688548]
[2.0384328, 0.7018511, 1.259648, 0.076933846]
[1.8928071, 1.081139, 0.7402798, 0.07138838]
[2.0415597, 0.809236, 1.1562359, 0.076087624]
[1.9472318, 1.1004647, 0.77283347, 0.073933564]
[1.8369204, 0.9671273, 0.7953427, 0.07445038]
[1.8878076, 0.814428, 0.9931051, 0.08027458]
[1.8809581, 1.1422899, 0.6474743, 0.09119387]
[2.1943905, 0.76820743, 1.3375802, 0.08860281]
[2.0029278, 1.2921382, 0.64131737, 0.06947231]
[1.8801048, 0.92894316, 0.88488615, 0.06627544]
[1.9842784, 0.82156396, 1.0912569, 0.071457565]
[2.0145888, 1.0125946, 0.9250868, 0.07690732]
[1.9670954, 1.0362682, 0.8572835, 0.073543675]
[1.9364847, 0.81502724, 1.0553316, 0.0661259]
[1.7924707, 0.89114046, 0.8425863, 0.05874392]
[1.9366946, 0.91841567, 0.9488486, 0.06943034]
[1.8927064, 0.8914263, 0.91798854, 0.08329159]
[1.818996, 0.8465384, 0.8954411, 0.07701638]
[1.902046, 1.0413196, 0.7827785, 0.07794784]
[2.1848822, 0.6162625, 1.488112, 0.080507755]
[2.139953, 1.6317811, 0.4342645, 0.0739074]
[2.0198946, 0.6025524, 1.362503, 0.05483917]
[1.9497186, 1.076835, 0.81005895, 0.06282463]
[1.8364638, 0.7015976, 1.063225, 0.07164122]
[1.9855624, 0.99560666, 0.9237796, 0.066176206]
[1.9591057, 0.85305035, 1.0338403, 0.07221513]
[1.9403459, 1.0527976, 0.83143234, 0.056115977]
[1.9388705, 0.7992503, 1.0714887, 0.06813158]
[2.0310333, 1.1744001, 0.78870845, 0.06792483]
[1.8877858, 0.8507856, 0.96805054, 0.06894954]
[2.0449808, 1.0131631, 0.9581206, 0.073697075]
[1.9280314, 0.9277973, 0.935385, 0.06484908]
[1.9274305, 0.8871938, 0.9677318, 0.07250484]
[1.9073126, 1.127599, 0.7079502, 0.0717635]
[2.0930498, 0.96515906, 1.0487398, 0.07915099]
[2.0273924, 0.9480926, 1.0181606, 0.061139174]
[2.0109384, 1.1469052, 0.7993347, 0.06469844]
[1.9602487, 0.8522019, 1.0389472, 0.06909965]
[1.8766292, 1.0048208, 0.80151063, 0.070297785]
[1.7477462, 0.8149945, 0.86173844, 0.07101317]
[1.78983, 0.8550508, 0.8528494, 0.08192973]
[1.941981, 1.1092213, 0.7478568, 0.084902845]
[2.1471872, 0.5058341, 1.5550371, 0.08631623]
[2.3038485, 1.86003, 0.3759631, 0.06785545]
[1.9579725, 0.7320424, 1.1695987, 0.05633136]
[1.9593048, 0.94746983, 0.9513473, 0.06048774]
[1.8735315, 0.9460175, 0.8658104, 0.061703566]
[1.9420875, 1.0266585, 0.8514877, 0.06394137]
[1.9255582, 0.96575797, 0.8934566, 0.066343635]
[1.9534476, 0.9382375, 0.9435984, 0.07161161]
[1.864663, 0.87656623, 0.91303205, 0.07506474]
[1.9244666, 0.92894346, 0.92017615, 0.07534691]
[1.9771475, 0.88147336, 1.0133075, 0.08236657]
[1.8824087, 0.85674715, 0.94282997, 0.08283162]
[1.7917707, 0.78471184, 0.9276103, 0.07944864]
[1.8241763, 0.77958167, 0.9566351, 0.08795956]
[1.8922645, 0.9502311, 0.8654491, 0.076584354]
[1.8207347, 0.9949576, 0.74161375, 0.0841634]
[1.9513005, 0.8208276, 1.0420287, 0.08844419]
[1.9663959, 1.3773041, 0.50973845, 0.079353325]
[2.169993, 0.44318455, 1.6417286, 0.0850797]
[1.871232, 1.2678387, 0.533666, 0.069727324]
[1.926774, 0.78652793, 1.0755911, 0.064655006]
[1.8702439, 1.0382898, 0.7601344, 0.071819656]
[1.8723184, 0.6859871, 1.1117893, 0.074541874]
[2.2430267, 1.4878416, 0.6734613, 0.08172374]
[2.0313504, 0.61239505, 1.350595, 0.068360254]
[1.9360565, 1.0652342, 0.80894655, 0.061875723]
[1.9820853, 0.9436585, 0.9732711, 0.06515587]
[1.8840002, 0.99273884, 0.8324338, 0.05882752]
[1.826781, 0.7710045, 0.9751332, 0.080643356]
[1.8671906, 0.8338818, 0.9432466, 0.09006214]
[2.0523932, 1.3248502, 0.6495783, 0.07796489]
[2.0022614, 0.65475625, 1.2790211, 0.068483956]
[1.941833, 1.3032331, 0.577506, 0.061093774]
[1.7592573, 0.73386514, 0.9599355, 0.065456636]
[1.8356847, 0.7982356, 0.95445645, 0.08299262]
[1.8386889, 0.6602654, 1.0811996, 0.09722378]
[1.750514, 1.0210726, 0.64064574, 0.08879569]
[1.9844346, 0.6436315, 1.2387296, 0.10207345]
[1.9767928, 1.2124966, 0.68018925, 0.08410692]
[2.1277485, 0.66298175, 1.3736174, 0.091149345]
[1.9151815, 1.3145554, 0.5275053, 0.07312082]
[2.0418627, 0.8914956, 1.0822161, 0.06815091]
[1.8422792, 1.139976, 0.64799464, 0.05430852]
[1.8751439, 0.8038193, 1.0160037, 0.055320814]
[1.8889569, 1.0971136, 0.73279744, 0.059045933]
[1.9530005, 0.6593542, 1.2223239, 0.07132242]
[2.017977, 1.2315751, 0.7140566, 0.0723453]
[2.0249872, 0.85861516, 1.0936658, 0.07270625]
[1.9351089, 0.98090667, 0.8810843, 0.07311799]
[2.037046, 0.8728968, 1.0868729, 0.07727611]
[1.9288943, 1.1417539, 0.711484, 0.075656414]
[1.8990102, 0.7257155, 1.0980968, 0.07519777]
[1.9902518, 1.2124283, 0.7039794, 0.07384412]
[2.084236, 0.6672884, 1.3475099, 0.06943781]
[2.1411014, 1.5076168, 0.573626, 0.05985863]
[1.8502567, 0.6147242, 1.193912, 0.041620456]
[1.8363873, 1.0618701, 0.7168981, 0.05761914]
[1.8899947, 0.8763169, 0.9479315, 0.0657463]
[1.9343989, 1.0409478, 0.8241191, 0.06933197]
[1.9674029, 0.9158044, 0.97853243, 0.07306609]
[2.019667, 1.0344946, 0.91381687, 0.07135539]
[1.8933645, 1.0879056, 0.7359915, 0.06946741]
[1.8195803, 0.68767476, 1.0593851, 0.07252054]
[2.265883, 1.2704394, 0.91262245, 0.0828211]
[1.9432486, 0.82300466, 1.0464833, 0.07376066]
[1.7695371, 0.9938115, 0.7064401, 0.06928554]
[1.9647536, 0.8095734, 1.0699534, 0.085226715]
[1.9649943, 1.1774839, 0.7080062, 0.0795041]
[1.8980086, 0.8666905, 0.9487629, 0.08255516]
[1.9374651, 0.8133548, 1.044219, 0.079891324]
[1.9592754, 1.0892656, 0.7803495, 0.08966031]
[1.889394, 0.8499863, 0.9537241, 0.08568359]
[1.9161196, 1.0853313, 0.7383516, 0.0924367]
[1.8671622, 0.6796662, 1.1121848, 0.07531118]
[2.0279975, 1.3291152, 0.6078267, 0.091055565]
[2.1056023, 0.48001695, 1.5500093, 0.075576186]
[2.0080771, 1.3786509, 0.555557, 0.07386927]
[1.9550976, 0.8336128, 1.0516171, 0.069867596]
[1.9479231, 0.85255563, 1.010009, 0.08535834]
[1.8755105, 1.0172822, 0.77978015, 0.07844807]
[1.8980967, 0.669586, 1.145721, 0.08278983]
[1.8774244, 1.1758158, 0.6285428, 0.073065795]
[1.7997912, 0.67305076, 1.0492039, 0.077536546]
[1.9440086, 0.960135, 0.8847856, 0.099087894]
[2.036856, 0.9195199, 1.026942, 0.09039411]
[2.0071776, 0.97411466, 0.9453013, 0.087761536]
[1.9323946, 0.9688357, 0.8772005, 0.08635844]
[2.2371736, 0.57137364, 1.5700874, 0.09571254]
[2.0511284, 1.5177095, 0.4647869, 0.068631984]
[1.8966081, 0.6704673, 1.1661936, 0.059947215]
[1.9623744, 0.89506036, 1.0005136, 0.06680064]
[1.9460828, 0.8348172, 1.0365922, 0.07467338]
[1.7844415, 0.86566365, 0.85196877, 0.066809]
[1.8249035, 0.8371406, 0.91702104, 0.070741944]
[1.95573, 0.93948793, 0.9292525, 0.08698952]
[1.9131368, 0.9355688, 0.889859, 0.0877091]
[1.8683679, 0.9404465, 0.8517528, 0.07616848]
[2.1609983, 0.9706919, 1.1105602, 0.07974619]
[1.869669, 1.1534647, 0.6399524, 0.076251805]
[2.2392778, 0.55289185, 1.6082014, 0.07818462]
[2.060774, 1.5913246, 0.3952021, 0.074247316]
[2.0545146, 0.52437794, 1.4669895, 0.063147165]
[2.067965, 1.2676902, 0.74881494, 0.051459856]
[1.8925807, 0.859836, 0.9716199, 0.061124742]
[1.991544, 0.92659587, 0.9868176, 0.07813046]
[1.9321148, 1.004397, 0.8663267, 0.061391145]
[2.0115578, 0.9047766, 1.0442984, 0.06248272]
[2.0470886, 1.1559432, 0.83607674, 0.055068716]
[1.9871407, 1.0342696, 0.9037174, 0.04915368]
[1.933582, 0.98764133, 0.8932488, 0.052691866]
[1.95481, 0.91682196, 0.9883545, 0.04963363]
[1.9364376, 1.0591623, 0.825338, 0.05193735]
[1.9839925, 0.80097765, 1.1305747, 0.05244007]
[1.8656508, 1.0107355, 0.79755366, 0.057361655]
[2.03226, 1.022599, 0.94479257, 0.06486847]
[1.9555844, 0.97884166, 0.922506, 0.054236732]
[1.9040095, 0.81659204, 1.0232332, 0.06418427]
[1.9124218, 1.042321, 0.81152, 0.058580823]
[1.9539245, 0.938509, 0.9532349, 0.062180668]
[2.0258338, 0.93363094, 1.0284164, 0.06378654]
[1.9370632, 1.0406047, 0.8262456, 0.070212886]
[1.9606154, 0.9575373, 0.93551505, 0.067563035]
[1.9445246, 0.9595589, 0.9180052, 0.06696041]
[1.9119185, 0.9659342, 0.86095995, 0.08502433]
[1.8942546, 0.82954305, 0.9838288, 0.08088268]
[1.9172051, 0.9935101, 0.8556056, 0.06808932]
[1.9985741, 0.7878494, 1.1359177, 0.07480703]
[1.9250225, 0.94562626, 0.9030798, 0.07631649]
[1.8726876, 0.9335971, 0.8515873, 0.087503225]
[2.037287, 0.9545567, 0.9981419, 0.08458835]
[2.0267513, 0.8391209, 1.1094267, 0.0782037]
[1.9780117, 0.97819316, 0.92525077, 0.074567825]
[1.9121172, 0.96744376, 0.86734056, 0.077333]
[2.050825, 0.88262606, 1.0905175, 0.07768142]
[1.9588088, 1.1552446, 0.7313843, 0.07217991]
[1.9146074, 0.9507007, 0.896729, 0.06717762]
[1.8329409, 0.8965461, 0.8614168, 0.07497804]
[1.9878529, 1.0044985, 0.90344775, 0.07990668]
[1.8481375, 0.9048128, 0.860617, 0.08270781]
[1.9024445, 0.7393479, 1.0722766, 0.09081997]
[2.3052576, 1.3761132, 0.85051954, 0.078624874]
[2.1417344, 0.6801667, 1.3986565, 0.06291132]
[1.8796942, 1.2051347, 0.6174924, 0.05706711]
[2.0120838, 0.802552, 1.1465255, 0.063006274]
[1.9286761, 1.0251428, 0.84163487, 0.06189844]
[1.8251176, 0.79878753, 0.9582897, 0.06804034]
[1.9127697, 0.998882, 0.84189105, 0.07199652]
[1.9230624, 0.84954035, 0.99841964, 0.075102486]
[1.7263448, 0.840966, 0.80050254, 0.08487626]
[2.002807, 1.0418115, 0.8610282, 0.09996714]
[2.083887, 1.1815777, 0.8229449, 0.079364456]
[2.1175482, 0.8082919, 1.2422129, 0.06704362]
[2.0098095, 1.2809098, 0.6553642, 0.073535554]
[1.9552692, 0.7103996, 1.1811305, 0.063739106]
[1.8692243, 1.0034028, 0.8010512, 0.06477022]
[1.9395956, 0.8018352, 1.0643883, 0.07337215]
[1.7606454, 1.0712314, 0.62402165, 0.065392375]
[2.108465, 0.55309474, 1.4842572, 0.071112856]
[2.1703775, 1.649045, 0.46119082, 0.06014183]
[1.9315732, 0.6525809, 1.2214384, 0.057553798]
[1.9895285, 0.8742621, 1.0515211, 0.063745394]
[1.9410201, 0.9345819, 0.94879776, 0.05764044]
[1.8121078, 0.816432, 0.9356433, 0.060032543]
[1.8710277, 0.7990532, 1.0048821, 0.06709239]
[1.8723497, 1.0045432, 0.8025481, 0.06525849]
[1.8719603, 0.87683094, 0.91771466, 0.07741466]
[1.9861771, 0.9256711, 0.9783771, 0.08212891]
[2.0741432, 1.02721, 0.9660164, 0.08091665]
[1.8530239, 0.9724412, 0.81355715, 0.067025535]
[1.9288406, 0.86408746, 0.99772006, 0.06703301]
[1.9133881, 0.72626364, 1.1176993, 0.069425255]
[1.9962273, 1.3085725, 0.6068579, 0.08079682]
[2.2982996, 0.53183985, 1.6842878, 0.08217202]
[1.9719979, 1.3997777, 0.5145997, 0.057620555]
[2.0001497, 0.95753443, 0.98368263, 0.058932606]
[1.8867779, 0.9191146, 0.9114499, 0.056213338]
[1.8081783, 0.74328804, 0.9965459, 0.06834438]
[1.9396678, 0.9607418, 0.9016472, 0.07727873]
[1.985553, 0.79965776, 1.1122173, 0.07367802]
[1.8335451, 1.0045686, 0.7572253, 0.0717512]
[1.8812679, 0.7881928, 1.021425, 0.07165011]
[1.7601545, 0.8186882, 0.8543908, 0.08707546]
[2.020788, 0.95118463, 0.9792773, 0.090326086]
[1.8789685, 1.0203669, 0.77716005, 0.08144158]
[2.0658097, 0.8352566, 1.1406738, 0.089879386]
[2.069353, 1.4410338, 0.54442286, 0.08389646]
[2.2168205, 0.4273188, 1.7141632, 0.07533866]
[1.9239523, 1.2750474, 0.59435344, 0.054551445]
[1.9032521, 0.9178623, 0.9280822, 0.057307627]
[1.9087478, 0.9270613, 0.9170119, 0.06467454]
[1.9530411, 1.016849, 0.8761709, 0.060021147]
[1.9342265, 0.9668994, 0.90686405, 0.060463022]
[1.9856936, 0.9209833, 1.0010722, 0.06363814]
[1.9749062, 0.9035482, 1.0060995, 0.06525845]
[1.9584345, 0.9983001, 0.8961125, 0.06402196]
[2.0321765, 0.962802, 0.9984536, 0.07092098]
[2.0374494, 1.157676, 0.8246138, 0.055159584]
[1.9232315, 0.8511256, 1.0196152, 0.052490715]
[1.9071059, 1.0554255, 0.79226875, 0.059411637]
[1.9662244, 0.9812473, 0.9240899, 0.060887218]
[1.9493, 0.94835186, 0.9431312, 0.057816964]
[1.8977373, 0.990723, 0.85198915, 0.055025097]
[1.8914047, 0.8014532, 1.031632, 0.058319733]
[2.0038888, 1.2891806, 0.6509819, 0.06372634]
[1.9924238, 0.68729496, 1.2444234, 0.06070545]
[1.9310949, 1.2208774, 0.65330446, 0.056913003]
[1.7927513, 0.655258, 1.0759825, 0.06151084]
[1.831704, 0.87411964, 0.8841395, 0.073445015]
[1.9021373, 0.9447306, 0.88199306, 0.07541376]
[1.9833715, 0.7771534, 1.1264071, 0.07981098]
[2.1480396, 1.2946358, 0.78182495, 0.071578704]
[1.9547306, 0.6757741, 1.2199054, 0.059051134]
[1.9713035, 1.1147223, 0.79367626, 0.0629049]
[1.9092948, 0.718322, 1.1316811, 0.059291795]
[1.8128577, 0.9132223, 0.82642746, 0.073207945]
[2.016707, 0.9308301, 1.0063066, 0.079570204]
[1.9213556, 0.9220178, 0.9287669, 0.070570834]
[1.9567468, 0.8111358, 1.0724608, 0.07315013]
[1.9377387, 0.9934404, 0.87895375, 0.06534454]
[1.9079816, 0.70034087, 1.1366296, 0.07101122]
[1.8698897, 1.1185355, 0.6741288, 0.07722548]
[1.9412315, 0.66355026, 1.2003374, 0.07734388]
[1.9877646, 1.2778325, 0.64440453, 0.06552757]
[1.9473493, 0.54279417, 1.33677, 0.06778505]
[1.790243, 0.93767333, 0.7842643, 0.06830539]
[1.8593291, 0.73041964, 1.0510101, 0.0778993]
[2.0960193, 0.986186, 1.0244485, 0.08538477]
[2.013959, 1.1814941, 0.7548284, 0.077636376]
[2.0818057, 0.6251384, 1.3774533, 0.07921413]
[2.14298, 1.6323578, 0.4404497, 0.07017261]
[1.9138702, 0.61072874, 1.2507248, 0.05241673]
[1.8567193, 0.97279835, 0.82361937, 0.060301587]
[1.892736, 0.8248146, 1.0036931, 0.064228356]
[1.9027927, 0.9641839, 0.8777886, 0.060820095]
[2.021949, 0.9253509, 1.0278239, 0.06877427]
[1.8802083, 0.9816591, 0.8305218, 0.06802724]
[1.879401, 0.84628344, 0.96788645, 0.06523105]
[2.0533707, 0.80025053, 1.1795158, 0.073604316]
[1.9590178, 0.99559474, 0.89093614, 0.07248683]
[2.0136662, 0.9089298, 1.0304333, 0.074302964]
[1.8171339, 0.94981813, 0.8033228, 0.06399297]
[1.9389203, 0.72115624, 1.1435709, 0.074193075]
[1.9632727, 1.2729526, 0.6211275, 0.06919269]
[2.0083709, 0.7199826, 1.2285132, 0.059874985]
[2.0364754, 1.2590897, 0.72199035, 0.055395395]
[1.9743487, 0.65658176, 1.2641377, 0.05362912]
[1.9588723, 1.1367934, 0.7646838, 0.057395257]
[1.8642589, 0.96973664, 0.8292862, 0.06523594]
[1.9284365, 0.76791006, 1.0934211, 0.06710529]
[1.9030018, 0.97899914, 0.8575413, 0.066461265]
[1.933104, 1.0083265, 0.8564161, 0.06836134]
[1.9699794, 1.0184697, 0.87946, 0.07204975]
[1.9159772, 0.8847825, 0.9649252, 0.06626952]
[1.9405525, 0.9827686, 0.88155794, 0.07622601]
[1.9593859, 0.902166, 0.9808579, 0.076361835]
[1.8456292, 0.88322353, 0.8868897, 0.075516]
[1.8787556, 0.84178525, 0.95641506, 0.08055515]
[1.9988619, 1.0551394, 0.8598193, 0.083903246]
[1.7953037, 0.6804278, 1.0269456, 0.08793034]
[1.8463848, 1.1059949, 0.635761, 0.10462877]
[1.9653267, 0.72218955, 1.1411407, 0.10199641]
[2.348507, 1.5613604, 0.66825485, 0.1188916]
[2.0791748, 0.553906, 1.4546208, 0.07064794]
[1.9712791, 1.2828026, 0.6215661, 0.06691046]
[1.9164252, 0.77395356, 1.0593139, 0.08315775]
[1.9025784, 0.94399333, 0.8861376, 0.07244736]
[1.8837821, 0.8965273, 0.90378267, 0.08347227]
[1.9632282, 0.8664768, 1.016201, 0.08055039]
[1.9927269, 1.1321152, 0.7779269, 0.08268477]
[2.06435, 0.7892132, 1.2069149, 0.06822184]
[2.007724, 1.0833442, 0.8585373, 0.06584241]
[1.972092, 0.90642583, 0.9979036, 0.06776266]
[1.997672, 1.134272, 0.80139273, 0.06200734]
[2.0271924, 0.71426845, 1.24489, 0.06803382]
[2.101243, 1.4933343, 0.5450189, 0.062889814]
[1.9051868, 0.6837101, 1.1691078, 0.052368905]
[1.9207081, 0.97385514, 0.89072615, 0.05612667]
[1.8730358, 0.74643195, 1.069557, 0.057046838]
[1.8442352, 0.9369571, 0.846467, 0.060811058]
[1.8947617, 0.95334905, 0.8768885, 0.064524084]
[2.1779225, 0.9576392, 1.142065, 0.07821812]
[1.9979504, 1.1718938, 0.76825595, 0.05780063]
[1.9982841, 0.715456, 1.2153981, 0.06743004]
[1.9585649, 1.1945575, 0.70912015, 0.054887176]
[1.8980436, 0.79261506, 1.0406134, 0.06481516]
[1.8652123, 0.9456663, 0.8504426, 0.069103345]
[1.8084534, 0.9482461, 0.7887421, 0.07146519]
[1.9937352, 0.8304734, 1.0839903, 0.07927148]
[1.8847975, 0.9723212, 0.81419307, 0.09828319]
[2.1397846, 0.7746394, 1.2680814, 0.09706367]
[2.0777407, 1.4721366, 0.54546845, 0.060135588]
[2.0779924, 0.5344479, 1.4909378, 0.052606598]
[1.9783491, 1.2421619, 0.6748464, 0.061340794]
[1.9183203, 0.79665905, 1.0552828, 0.06637849]
[1.9302504, 1.0493383, 0.8027091, 0.07820299]
[1.9431635, 0.79161525, 1.0777049, 0.07384336]
[1.8542962, 0.91793406, 0.8671222, 0.069240004]
[2.041124, 1.0266503, 0.9424327, 0.072040945]
[1.8003802, 0.85390484, 0.88632, 0.06015539]
[1.9197063, 0.7817099, 1.0701916, 0.0678048]
[1.8987005, 1.1674365, 0.65968275, 0.071581215]
[2.169233, 0.8196323, 1.2802906, 0.06931023]
[1.9363861, 1.074091, 0.8088278, 0.053467225]
[1.9624274, 0.9694673, 0.93187547, 0.061084665]
[2.0031347, 0.9345135, 1.0082245, 0.06039657]
[1.8339999, 0.97559553, 0.7896234, 0.0687809]
[1.9714218, 0.7948121, 1.1005, 0.07610978]
[2.0479233, 1.0945785, 0.8800527, 0.07329215]
[1.9504167, 0.652846, 1.2306211, 0.06694965]
[2.0263844, 1.4133108, 0.5504304, 0.0626431]
[2.0138628, 0.6342288, 1.3183033, 0.06133072]
[1.8992211, 1.0750368, 0.76805186, 0.056132454]
[2.0573351, 0.90366846, 1.0962048, 0.057461925]
[1.907508, 1.1264505, 0.725595, 0.055462454]
[1.8238608, 0.8791685, 0.88481927, 0.059872955]
[2.0475519, 0.80025494, 1.1900129, 0.057283893]
[2.0419269, 1.2757819, 0.7066659, 0.059479006]
[1.9588878, 0.65090156, 1.2534949, 0.05449143]
[2.0008357, 1.1438351, 0.79658496, 0.060415562]
[1.8644458, 0.92608875, 0.88446796, 0.053889133]
[1.8643832, 0.8185224, 0.9863828, 0.05947807]
[1.9512006, 0.8719312, 1.0070753, 0.07219407]
[1.9642829, 0.9324142, 0.96881807, 0.06305059]
[1.9488628, 1.0204556, 0.86249155, 0.065915525]
[2.0385964, 0.8283225, 1.1461545, 0.06411925]
[1.8482267, 1.0547172, 0.7323005, 0.06120902]
[1.9413086, 0.83246285, 1.0427645, 0.06608121]
[1.9735647, 1.0047998, 0.89489883, 0.073865965]
[1.9417092, 0.9952572, 0.87522066, 0.07123129]
[1.9682612, 0.9236446, 0.96674955, 0.077867046]
[1.8021778, 0.97663414, 0.75652874, 0.06901486]
[1.9899775, 0.93973213, 0.9726218, 0.07762346]
[1.7768072, 0.94469154, 0.756397, 0.07571864]
[1.6892414, 0.8905797, 0.7185521, 0.08010957]
[2.2577655, 0.99175966, 1.1710366, 0.09496926]
[1.9742908, 1.2078325, 0.6804928, 0.08596563]
[2.0800607, 0.6135459, 1.3888382, 0.07767645]
[2.2189355, 1.6807084, 0.46318167, 0.07504529]
[2.1224358, 0.54299486, 1.5206625, 0.05877861]
[2.019725, 1.1616778, 0.8148705, 0.04317677]
[1.949019, 0.96657276, 0.9422898, 0.04015635]
[1.8582127, 0.9041624, 0.910172, 0.043878306]
[2.025041, 0.978916, 0.9907514, 0.055373557]
[1.8729113, 0.819188, 1.001065, 0.052658282]
[1.8648251, 0.76891005, 1.0376835, 0.058231592]
[1.9209554, 0.9596852, 0.8990308, 0.062239394]
[1.8991894, 0.68298984, 1.1532686, 0.0629309]
[1.853312, 1.0204618, 0.7703144, 0.06253576]
[1.8333225, 0.92808294, 0.8369614, 0.06827817]
[1.8114547, 0.88548607, 0.8407023, 0.085266255]
[1.8770251, 0.9187809, 0.8671596, 0.091084555]
[1.8739438, 0.8165044, 0.9698802, 0.08755923]
[2.2295375, 1.5675001, 0.5719754, 0.09006196]
[3.049407, 0.13556448, 2.860651, 0.053191535]
[2.008501, 1.3108478, 0.6735878, 0.024065498]
[1.9634746, 1.1314676, 0.8061324, 0.025874685]
[1.8299706, 0.9734957, 0.82253677, 0.0339382]
[1.7809856, 0.88853693, 0.8548448, 0.037603837]
[1.8739152, 0.90898377, 0.9186833, 0.046248257]
[1.9722855, 0.89934134, 1.0238566, 0.04908753]
[2.0065897, 1.0496497, 0.90915453, 0.04778546]
[2.0771449, 1.014288, 1.0154836, 0.047373295]
[1.9095713, 1.0152133, 0.8564893, 0.037868705]
[1.8882737, 0.92906564, 0.91855, 0.040658005]
[1.8597466, 0.8017808, 1.0136286, 0.044337165]
[1.9652083, 1.0651481, 0.8546229, 0.045437396]
[1.964312, 0.9313228, 0.98837847, 0.044610582]
[2.0029178, 0.9971735, 0.9584353, 0.04730885]
[2.057552, 1.000234, 1.0168076, 0.040510394]
[1.9373745, 1.0299797, 0.8688736, 0.038521137]
[1.9549171, 0.90290403, 1.0109805, 0.041032605]
[1.9367115, 1.0388403, 0.859166, 0.03870529]
[1.9134027, 0.9276711, 0.94457805, 0.041153572]
[1.8522195, 0.7820984, 1.0247915, 0.045329574]
[1.9001341, 1.1680378, 0.6875278, 0.044568483]
[1.9869612, 0.70108724, 1.2306906, 0.05518341]
[1.8911885, 1.0813513, 0.756891, 0.052946232]
[1.7947721, 0.83161855, 0.89964414, 0.06350945]
[2.021601, 0.9768064, 0.9748861, 0.06990834]
[1.8509532, 0.79931617, 0.9814091, 0.070227996]
[1.8219622, 0.8408479, 0.9085533, 0.072561055]
[1.8889267, 0.8266097, 0.992199, 0.070118114]
[1.9949414, 0.9427428, 0.96369714, 0.08850138]
[1.9024465, 0.8530706, 0.96730554, 0.08207031]
[1.9873747, 1.0145313, 0.88796866, 0.08487473]
[1.8126189, 0.7268835, 1.0078806, 0.0778547]
[2.0677779, 1.3724453, 0.61129415, 0.08403833]
[2.2127583, 0.7316013, 1.4002825, 0.0808744]
[1.8986455, 1.2687919, 0.57414186, 0.0557117]
[1.8955607, 0.8039049, 1.0316772, 0.059978604]
[1.9405521, 0.9838466, 0.90095407, 0.05575149]
[1.9031473, 1.0981467, 0.74397933, 0.06102131]
[1.8814964, 0.55310047, 1.2633932, 0.06500274]
[1.9520757, 1.3464403, 0.5388077, 0.066827744]
[1.9333426, 0.68572485, 1.1784106, 0.0692071]
[1.9398704, 1.1231005, 0.7479541, 0.06881569]
[2.0103493, 0.8458338, 1.1093066, 0.0552089]
[1.8048086, 0.8827852, 0.8613976, 0.060625818]
[1.7918286, 0.75312066, 0.9732923, 0.0654156]
[1.9346969, 0.8281499, 1.0333309, 0.07321602]
[1.7468702, 0.94569695, 0.72438407, 0.07678914]
[1.8809996, 0.661152, 1.125567, 0.0942806]
[1.8887657, 1.1195351, 0.68492997, 0.08430059]
[1.9705825, 0.73486173, 1.148541, 0.08717984]
[1.8789062, 1.048392, 0.7529885, 0.0775256]
[1.9545233, 0.78249973, 1.0852773, 0.08674623]
[1.9795617, 1.1288836, 0.7630607, 0.08761738]
[1.9028535, 0.7872211, 1.0309367, 0.08469564]
[2.0060189, 0.8468715, 1.0681875, 0.09095981]
[1.9019936, 1.2689674, 0.5521122, 0.08091397]
[1.9326284, 0.5582253, 1.3125732, 0.06182988]
[2.1886961, 1.6364594, 0.4726125, 0.07962448]
[1.9862807, 0.85126114, 1.0763733, 0.058646187]
[1.8043585, 0.77581847, 0.95469534, 0.07384472]
[2.0115013, 0.8966563, 1.040379, 0.074465886]
[1.9403821, 1.0622301, 0.8069336, 0.07121839]
[1.94639, 0.8070828, 1.0641142, 0.075193025]
[2.0093253, 1.1147622, 0.8230777, 0.07148539]
[1.864628, 0.7628179, 1.030734, 0.071076]
[2.0633538, 1.1336259, 0.86246175, 0.067266196]
[2.0008402, 0.89762324, 1.0363703, 0.066846505]
[1.8908545, 0.94011873, 0.8807448, 0.06999101]
[1.8803823, 0.76534665, 1.0377624, 0.077273265]
[1.846842, 0.9297856, 0.8378434, 0.07921299]
[2.0868926, 1.0319498, 0.9772691, 0.0776737]
[1.8713341, 0.9548937, 0.8557569, 0.060683534]
[1.9134455, 0.9162376, 0.9275411, 0.06966686]
[2.2129383, 1.409363, 0.7320763, 0.07149875]
[1.9934322, 0.4922885, 1.444885, 0.056258693]
[2.1190193, 1.4787319, 0.57593846, 0.06434883]
[1.9666739, 0.7920561, 1.1143998, 0.060217943]
[1.9504601, 0.8857176, 1.0043528, 0.060389593]
[1.8540089, 0.85254383, 0.9433048, 0.058160342]
[1.8630204, 0.8722719, 0.92052585, 0.07022266]
[2.070778, 0.9186912, 1.082705, 0.06938172]
[1.9233785, 1.2103084, 0.649371, 0.06369907]
[1.9316608, 0.714983, 1.1415135, 0.0751643]
[1.9600812, 1.172405, 0.7164962, 0.071179934]
[1.857602, 0.65655625, 1.1263726, 0.074673176]
[1.8386729, 1.0381382, 0.72553253, 0.07500219]
[1.932666, 0.788743, 1.0688075, 0.07511541]
[2.1078825, 1.3250211, 0.71789944, 0.064961955]
[2.178489, 0.6112046, 1.50546, 0.061824314]
[2.0348682, 1.4084393, 0.5715427, 0.05488628]
[1.8769462, 0.8108513, 1.0181822, 0.047912836]
[1.8434005, 0.9137069, 0.8700689, 0.059624705]
[1.8433719, 0.85157144, 0.9336226, 0.05817787]
[1.8678749, 0.7222092, 1.0817473, 0.063918404]
[2.0943918, 1.1931517, 0.8381032, 0.06313704]
[1.8054574, 0.63358706, 1.104984, 0.0668862]
[2.021335, 0.9939651, 0.9506731, 0.07669656]
[1.887127, 0.91189843, 0.9102082, 0.06502044]
[1.8399537, 0.662662, 1.0984129, 0.078878716]
[1.8882993, 1.3472888, 0.46689725, 0.074113294]
[2.0455086, 0.41397035, 1.5589862, 0.07255207]
[2.199421, 1.5574296, 0.5899322, 0.052059233]
[1.9045696, 0.85927486, 1.0000931, 0.0452016]
[1.9334768, 0.8603345, 1.0190032, 0.054139093]
[1.9731491, 0.92592454, 0.9883605, 0.058864057]
[1.8815725, 1.0937204, 0.72972524, 0.058126837]
[1.7645273, 0.8121643, 0.8899044, 0.06245866]
[1.8034921, 0.97039545, 0.76063704, 0.07245962]
[2.103891, 0.93710506, 1.0864131, 0.08037278]
[1.8907837, 1.0594814, 0.76526856, 0.0660337]
[2.0224361, 0.91568255, 1.0345283, 0.07222538]
[1.931662, 0.9422199, 0.91743183, 0.072010115]
[1.9338454, 0.9469336, 0.9015888, 0.085322976]
[2.0180264, 0.98567057, 0.9539764, 0.07837939]
[2.0223062, 0.928384, 1.0218292, 0.07209301]
[1.8954085, 0.9417086, 0.87405765, 0.07964213]
[1.9990181, 0.8537573, 1.0613191, 0.083941564]
[1.9178207, 0.8710091, 0.9642843, 0.082527265]
[1.9948846, 0.86930394, 1.0450023, 0.08057833]
[1.8106756, 0.84467256, 0.891651, 0.074352026]
[1.9800888, 0.82261145, 1.0683663, 0.089111134]
[1.8890563, 1.0348535, 0.76114976, 0.09305315]
[1.8979521, 0.80009407, 1.0223585, 0.075499475]
[1.887978, 0.9233876, 0.8803282, 0.08426224]
[1.9223046, 0.9819126, 0.8622136, 0.07817837]
[1.9330591, 0.68422097, 1.1664532, 0.082384974]
[2.072295, 1.5184556, 0.47852767, 0.07531168]
[2.0889165, 0.6187582, 1.400508, 0.069650464]
[1.856325, 0.9725716, 0.8176472, 0.06610619]
[1.81025, 0.82188106, 0.9177491, 0.07061985]
[2.0027142, 0.97356826, 0.9445372, 0.08460859]
[1.873038, 0.9181614, 0.88302076, 0.07185587]
[1.7371314, 0.76694494, 0.87683916, 0.09334737]
[2.0215507, 0.8013795, 1.1196494, 0.10052188]
[1.8533709, 1.0416003, 0.7308434, 0.08092719]
[2.3035285, 0.73089486, 1.4759248, 0.09670874]
[1.9987688, 1.3995581, 0.5418695, 0.057341263]
[1.8835604, 0.77585465, 1.0514147, 0.056291066]
[1.9326355, 1.194051, 0.6659676, 0.072616935]
[2.1070669, 0.8793801, 1.1553643, 0.07232267]
[1.8775389, 0.9013295, 0.91635513, 0.059854295]
[1.804531, 0.99715877, 0.7418369, 0.065535285]
[2.0988348, 0.9553932, 1.0672004, 0.07624122]
[1.9334164, 1.0694327, 0.79146314, 0.072520494]
[1.9474827, 0.84841704, 1.0290138, 0.07005186]
[1.8796471, 1.1731192, 0.6304956, 0.07603231]
[1.982124, 0.54440504, 1.3726151, 0.065103866]
[2.3164608, 1.7561448, 0.49311656, 0.0671994]
[1.9357443, 0.698104, 1.1865919, 0.051048376]
[1.9526818, 0.88819104, 0.9998779, 0.06461282]
[1.9458845, 0.9512522, 0.9380344, 0.056597795]
[1.980135, 1.1060896, 0.818439, 0.055606335]
[1.8448663, 0.67711735, 1.1038165, 0.06393245]
[1.8970914, 1.0031085, 0.8319464, 0.062036555]
[1.9212781, 0.8349763, 1.0226612, 0.06364059]
[1.9067999, 0.9306857, 0.90890795, 0.067206316]
[2.036028, 1.0590644, 0.90674317, 0.07022046]
[1.8581631, 0.8908078, 0.898383, 0.068972364]
[1.8501524, 0.76191056, 1.0146233, 0.073618546]
[1.8235005, 0.87370646, 0.8624873, 0.08730675]
[1.9520198, 0.7291417, 1.133916, 0.08896206]
[2.2638528, 1.6217453, 0.5708972, 0.07121007]
[1.8681377, 0.46249676, 1.355259, 0.05038199]
[1.8555945, 1.0071757, 0.78966707, 0.05875165]
[1.9530643, 0.817685, 1.0792589, 0.05612038]
[2.0626383, 1.1617999, 0.8444587, 0.056379788]
[2.0907216, 0.99270844, 1.0413129, 0.056700155]
[1.9731896, 1.0946229, 0.82137895, 0.057187743]
[2.003368, 0.9460412, 0.99289554, 0.06443116]
[1.9222484, 0.8910778, 0.9722159, 0.058954664]
[1.9556239, 0.84735036, 1.0388509, 0.06942257]
[2.0138845, 0.9229174, 1.0156244, 0.07534254]
[2.020657, 0.9808724, 0.9660194, 0.07376532]
[2.008161, 1.0229926, 0.91811323, 0.067055345]
[2.0045214, 0.8837892, 1.0503588, 0.07037353]
[1.9100367, 1.0164902, 0.8312257, 0.062320873]
[1.8262134, 0.9207808, 0.8335886, 0.07184397]
[1.8805431, 0.8581255, 0.9507657, 0.07165181]
[1.9243854, 0.90313685, 0.9414536, 0.07979497]
[2.0621605, 1.1115073, 0.8709123, 0.07974079]
[1.957986, 0.8587444, 1.0288663, 0.07037531]
[1.7892833, 0.82164794, 0.8883088, 0.07932652]
[1.9272084, 0.81928015, 1.0327458, 0.07518245]
[1.7967765, 0.85524595, 0.8584294, 0.08310128]
[2.0204253, 0.7826568, 1.1441311, 0.093637384]
[2.038114, 1.3835945, 0.569416, 0.08510342]
[1.8975637, 0.6135695, 1.2132431, 0.07075107]
[1.8013077, 1.1092125, 0.6072451, 0.08485009]
[2.1100636, 0.7848919, 1.2408123, 0.08435938]
[2.0485322, 1.2673383, 0.7056947, 0.075499356]
[1.8889829, 0.83274186, 0.99077106, 0.06547001]
[1.8298573, 0.91616833, 0.8422891, 0.071399905]
[1.9720277, 1.0237372, 0.864536, 0.083754465]
[1.88606, 0.6525072, 1.1553152, 0.07823762]
[2.2105258, 1.4669523, 0.6600737, 0.08349973]
[1.9656361, 0.50124645, 1.4000459, 0.064343855]
[1.9131624, 1.2505887, 0.60306305, 0.05951056]
[1.9702405, 0.85248953, 1.0555961, 0.06215484]
[1.7608289, 0.83335596, 0.8684481, 0.05902483]
[1.8037922, 0.77700794, 0.9503068, 0.07647748]
[1.9109641, 0.85073745, 0.9758836, 0.084343076]
[1.8835021, 1.0075481, 0.79825586, 0.07769811]
[1.8716804, 0.68906116, 1.099405, 0.08321421]
[2.0187619, 1.0333291, 0.8873384, 0.0980943]
[1.9540123, 0.90323794, 0.97068286, 0.08009152]
[1.8824353, 0.8864745, 0.9012421, 0.094718724]
[1.9509947, 1.0934033, 0.77588105, 0.0817104]
[1.9384358, 0.66077226, 1.199274, 0.07838966]
[2.117243, 1.5804979, 0.45295328, 0.08379187]
[2.1262836, 0.58174825, 1.4730127, 0.07152261]
[1.8771938, 1.0424328, 0.7812105, 0.05355064]
[1.9905941, 0.86282754, 1.0731357, 0.0546309]
[1.8720199, 0.9857267, 0.82493293, 0.06136019]
[2.0128837, 0.9702608, 0.97705954, 0.065563366]
[1.8536282, 0.9167403, 0.874126, 0.0627618]
[1.9344212, 1.0623599, 0.8082658, 0.06379543]
[1.8745759, 0.82418704, 0.9860478, 0.06434106]
[1.9188538, 0.9444511, 0.8964201, 0.0779826]
[1.8926954, 0.86889, 0.94866025, 0.07514523]
[1.9656696, 1.0575318, 0.8278645, 0.08027333]
[1.9599161, 0.8108423, 1.0721815, 0.0768924]
[2.002087, 1.0935009, 0.8328303, 0.075755835]
[2.0346265, 0.8394195, 1.1230497, 0.07215727]
[1.951146, 1.1348301, 0.74626684, 0.07004907]
[2.176553, 0.96648264, 1.1480739, 0.061996505]
[1.8636478, 0.9689503, 0.83300644, 0.061691217]
[1.9555091, 0.85589427, 1.0375123, 0.062102385]
[1.8909218, 0.9142791, 0.8972877, 0.079354964]
[1.9075915, 0.9543345, 0.8688109, 0.08444606]
[1.7415991, 0.71700794, 0.92557955, 0.09901166]
[2.0434022, 1.0223267, 0.91243094, 0.108644575]
[2.1155996, 0.8678702, 1.1631026, 0.084626704]
[1.9754313, 1.1462467, 0.7555274, 0.073657244]
[2.0122988, 0.61486435, 1.3272817, 0.070152655]
[1.880294, 1.3944969, 0.40986377, 0.075933345]
[2.1323314, 0.627101, 1.4284678, 0.076762795]
[1.8548084, 1.1143925, 0.6788366, 0.061579354]
[1.9274979, 0.8852462, 0.9682437, 0.074008]
[1.9079709, 0.91892517, 0.91187, 0.07717573]
[1.9503433, 0.9680431, 0.9057466, 0.07655357]
[1.9380721, 0.9607098, 0.906142, 0.0712203]
[1.9975349, 0.90425235, 1.0288366, 0.06444582]
[2.156284, 1.0161277, 1.0688475, 0.071308844]
[1.9299335, 0.888907, 0.96833646, 0.07268996]
[1.826161, 0.84672457, 0.9048381, 0.07459841]
[1.9471496, 0.8397922, 1.0306356, 0.07672184]
[2.0623899, 1.345288, 0.63862014, 0.07848156]
[2.0997787, 0.55695754, 1.4773339, 0.06548703]
[2.082577, 1.560942, 0.46006826, 0.06156658]
[1.9227263, 0.82338905, 1.0365813, 0.062755965]
[1.7276661, 0.84569025, 0.8156369, 0.066339046]
[1.996949, 0.9697643, 0.9462854, 0.08089924]
[1.9519252, 0.94654894, 0.9434507, 0.0619255]
[2.0096133, 0.79933465, 1.1352954, 0.074983165]
[1.9018363, 1.0449414, 0.77852976, 0.07836509]
[2.0106459, 0.9606364, 0.97859144, 0.07141812]
[2.0152605, 1.1049917, 0.84301734, 0.06725146]
[1.8951226, 0.97852945, 0.8449539, 0.071639314]
[1.9588631, 0.8456371, 1.0352772, 0.07794885]
[1.9677341, 1.0456399, 0.8570062, 0.065088026]
[1.9601109, 0.86429834, 1.0236592, 0.072153345]
[1.8487576, 0.92050385, 0.8631904, 0.06506339]
[1.9307265, 0.8143239, 1.0328285, 0.083574176]
[1.9091327, 1.0846629, 0.73971725, 0.08475257]
[1.9191986, 0.86022496, 0.98350775, 0.07546595]
[1.8443738, 0.83740854, 0.9200851, 0.086880215]
[1.7578818, 0.8558554, 0.80902725, 0.09299907]
[1.9356571, 0.8863361, 0.9555533, 0.09376773]
[2.1729214, 0.9753198, 1.0963852, 0.101216316]
[1.9360392, 0.97556776, 0.88219655, 0.07827492]
[1.8402271, 0.7522975, 1.0012667, 0.08666283]
[1.8142881, 1.0136534, 0.71047986, 0.09015483]
[1.9156448, 0.6736516, 1.1514571, 0.09053615]
[2.0888348, 1.3446002, 0.65620977, 0.088024795]
[2.225264, 0.63795984, 1.5146389, 0.072665274]
[2.0732224, 1.3827165, 0.62471557, 0.06579037]
[1.9704169, 0.912009, 0.9933919, 0.065016046]
[2.006713, 0.9258344, 1.0106392, 0.070239395]
[1.8938851, 1.0291908, 0.81184137, 0.052853033]
[1.9533076, 0.91703695, 0.9724983, 0.063772395]
[1.8967859, 0.9021846, 0.92746925, 0.06713204]
[1.8980606, 1.0305805, 0.78658515, 0.0808949]
[1.94525, 0.6740725, 1.1925671, 0.078610376]
[1.984137, 1.3051065, 0.60747904, 0.07155155]
[2.1575267, 0.7829094, 1.3016299, 0.07298734]
[1.8824987, 1.1087703, 0.7130959, 0.060632646]
[1.7796714, 0.7649266, 0.94603103, 0.06871376]
[1.8803428, 0.925599, 0.8769289, 0.07781489]
[1.8953228, 0.83176684, 0.9854403, 0.078115664]
[2.1594315, 1.1207688, 0.9550986, 0.083564065]
[2.0358806, 1.000664, 0.97157323, 0.06364334]
[1.932408, 1.0643668, 0.8021838, 0.06585727]
[1.9414451, 0.7624943, 1.1200197, 0.05893107]
[1.9730483, 1.2463479, 0.6548952, 0.07180524]
[2.0737817, 0.670125, 1.3342867, 0.06936996]
[2.0369127, 1.2296712, 0.74363077, 0.06361071]
[1.8577038, 0.7736738, 1.0215508, 0.062479217]
[1.7856109, 0.93811023, 0.7770826, 0.07041815]
[1.8929648, 0.86251205, 0.9558119, 0.074640885]
[1.859807, 0.92427737, 0.8588997, 0.07662983]
[1.885954, 0.9213895, 0.8848435, 0.07972096]
[1.8947607, 0.8073596, 1.0043714, 0.08302978]
[1.758608, 0.8591454, 0.8258228, 0.07363978]
[2.0647314, 0.95550764, 1.0191509, 0.09007277]
[1.855804, 1.0203195, 0.74627024, 0.089214295]
[1.9345292, 0.76347494, 1.0856738, 0.0853804]
[2.002877, 1.2193637, 0.68934894, 0.094164446]
[1.9801908, 0.41397113, 1.4746256, 0.091593996]
[1.9100804, 1.3896999, 0.42782214, 0.09255833]
[2.1705072, 0.73606837, 1.3586961, 0.07574269]
[1.9355451, 1.1091058, 0.77014756, 0.056291662]
[1.9115412, 0.7935135, 1.0561715, 0.06185621]
[1.7986628, 1.0119407, 0.7144815, 0.07224059]
[1.6531398, 0.7838021, 0.78733957, 0.081998155]
[2.361086, 0.6765083, 1.5771132, 0.107464224]
[2.219535, 1.6200773, 0.5250856, 0.074372336]
[2.0449002, 0.8245959, 1.1738378, 0.046466373]
[1.8634632, 0.93041074, 0.88850164, 0.044550784]
[1.9624096, 1.044924, 0.8653765, 0.052109122]
[1.8869202, 0.95833904, 0.8724864, 0.056094803]
[2.017558, 1.0136514, 0.9482224, 0.055684343]
[1.9370285, 0.9448802, 0.9389642, 0.053184137]
[2.0479426, 0.98735154, 0.9986671, 0.061924048]
[1.933956, 0.9615717, 0.903526, 0.06885831]
[1.9126942, 0.98028433, 0.870934, 0.06147585]
[1.9231215, 0.9676658, 0.875839, 0.07961668]
[1.9175231, 0.78931415, 1.0490186, 0.0791904]
[2.0534236, 1.1273224, 0.84798473, 0.078116335]
[1.88905, 0.8405513, 0.97726107, 0.071237564]
[1.9001651, 1.0723298, 0.75385505, 0.07398031]
[1.9624553, 0.83492726, 1.0580666, 0.0694613]
[2.0752792, 1.4063547, 0.59560883, 0.07331554]
[2.0733805, 0.5703703, 1.4403517, 0.06265842]
[1.8906482, 1.1670935, 0.65037626, 0.073178396]
[2.0138855, 0.7066058, 1.2293372, 0.07794243]
[1.9437416, 1.0975014, 0.784387, 0.061853126]
[2.0272076, 0.89581716, 1.0755864, 0.055804063]
[1.8783273, 1.0069039, 0.80166507, 0.06975834]
[2.0340672, 0.91697586, 1.0408227, 0.07626858]
[1.9113494, 0.98765516, 0.8549721, 0.068722084]
[1.9792937, 0.84619987, 1.0562408, 0.07685303]
[1.8178611, 1.1136701, 0.63313293, 0.071058095]
[2.01393, 0.7987467, 1.1459894, 0.06919392]
[1.985758, 1.2674787, 0.6513251, 0.06695419]
[1.9723529, 0.8038256, 1.1055019, 0.06302536]
[1.8255031, 0.9311532, 0.8411937, 0.0531562]
[1.8685629, 0.85323673, 0.94802415, 0.06730203]
[1.9647245, 0.7468501, 1.1458268, 0.07204774]
[1.8958969, 1.0478559, 0.7789619, 0.06907915]
[1.8120568, 0.77144194, 0.96755326, 0.07306156]
[1.9651661, 0.8592994, 1.0294212, 0.07644546]
[1.8417208, 1.0129184, 0.7625978, 0.06620468]
[2.07242, 0.85993636, 1.1396847, 0.07279892]
[2.0429268, 1.112955, 0.8600943, 0.069877386]
[2.0315208, 0.6905769, 1.2801669, 0.060777117]
[2.0621295, 1.2216121, 0.77742237, 0.0630952]
[1.8300225, 0.7243002, 1.0450132, 0.060709152]
[1.9317708, 1.0337305, 0.834331, 0.0637093]
[1.96595, 0.84819984, 1.0519063, 0.06584384]
[1.8638192, 0.9352344, 0.86387575, 0.06470912]
[2.0088415, 0.96937776, 0.963257, 0.07620673]
[1.9666898, 1.127053, 0.77261555, 0.067021295]
[1.8817902, 0.5151304, 1.3048579, 0.06180185]
[2.209886, 1.6685026, 0.46964318, 0.07174039]
[2.0452552, 0.5323311, 1.4586494, 0.054274596]
[1.8724263, 0.94654155, 0.8739351, 0.051949613]
[1.9688418, 0.9010778, 1.0013497, 0.06641435]
[1.8971457, 0.8340236, 1.0069011, 0.05622098]
[1.8533373, 0.9672216, 0.8258605, 0.060255192]
[1.8944794, 0.82832843, 0.9977001, 0.06845086]
[2.0706167, 1.1242089, 0.8750825, 0.07132539]
[1.8978875, 0.9318713, 0.9064398, 0.059576396]
[1.8365108, 0.8967397, 0.8708084, 0.068962745]
[1.9405527, 0.9610046, 0.8928778, 0.08667034]
[2.050761, 0.8126513, 1.1586835, 0.079426244]
[1.8627636, 1.2127504, 0.57186955, 0.07814356]
[2.0276423, 0.6619912, 1.2960261, 0.06962496]
[1.8856995, 1.2080154, 0.6030292, 0.07465477]
[1.891015, 0.7461495, 1.0720923, 0.07277326]
[1.8964458, 0.9702901, 0.84355104, 0.08260466]
[1.8989372, 0.8475592, 0.9730969, 0.07828117]
[2.0460758, 1.0508232, 0.90676856, 0.088483974]
[2.0150685, 0.8312297, 1.1087892, 0.07504967]
[2.0437222, 1.1866918, 0.7820884, 0.07494199]
[1.9147232, 0.799574, 1.0428141, 0.07233505]
[1.9394048, 1.2033226, 0.66919094, 0.06689134]
[2.0774298, 0.98021096, 1.0293944, 0.06782429]
[1.8981131, 0.9759699, 0.8586923, 0.06345089]
[1.8774629, 0.91243815, 0.8929689, 0.07205579]
[1.9326221, 0.9674591, 0.89333737, 0.07182565]
[2.0675578, 0.9331093, 1.0536851, 0.08076355]
[1.9356707, 1.1270733, 0.7286753, 0.0799221]
[1.9157833, 0.9550838, 0.88877594, 0.07192361]
[2.0430136, 0.9533149, 1.0175065, 0.07219213]
[1.9709957, 0.9831211, 0.91946024, 0.068414375]
[1.9188535, 1.1512208, 0.696049, 0.07158372]
[2.078553, 0.55195016, 1.4540926, 0.07251025]
[2.0573473, 1.4897587, 0.5013356, 0.06625287]
[1.844104, 0.7608916, 1.0225439, 0.060668528]
[1.8853142, 0.9601663, 0.8602333, 0.06491471]
[1.9042896, 0.7073065, 1.1336426, 0.06334057]
[1.9638664, 1.12364, 0.7760998, 0.064126655]
[1.9382699, 0.6967298, 1.1740565, 0.0674835]
[2.0490174, 1.3851206, 0.5934016, 0.07049517]
[1.883889, 0.7071073, 1.1187203, 0.0580614]
[1.7974517, 0.784537, 0.93836296, 0.07455186]
[1.9186188, 1.0506825, 0.77819574, 0.089740515]
[1.8623385, 0.79923546, 0.988506, 0.07459713]
[1.9652394, 1.1148221, 0.76862943, 0.081787825]
[2.0299728, 0.44317156, 1.5087552, 0.07804601]
[2.0794377, 1.4361022, 0.5776303, 0.06570536]
[2.0848355, 0.70837253, 1.3121183, 0.06434467]
[2.0363915, 1.1311483, 0.85207653, 0.053166516]
[1.8748033, 0.9616413, 0.8669744, 0.046187658]
[1.9323059, 1.0090971, 0.8713176, 0.051891234]
[2.0049229, 0.98333764, 0.96400195, 0.05758344]
[1.925198, 0.83535796, 1.0384804, 0.051359523]
[1.8253906, 0.7854402, 0.98353887, 0.056411564]
[2.084027, 1.0511432, 0.9630367, 0.06984703]
[1.9343396, 0.95947695, 0.92125267, 0.05360999]
[2.0445898, 0.92611504, 1.0591395, 0.05933521]
[1.8842409, 0.93965745, 0.8812431, 0.06334029]
[2.0411127, 1.0985966, 0.87760174, 0.06491446]
[1.9458126, 0.8224901, 1.069212, 0.054110575]
[1.9409591, 1.1470921, 0.7350265, 0.058840547]
[2.0371206, 0.76487035, 1.2100799, 0.06217031]
[2.0066428, 1.3606197, 0.58910877, 0.056914303]
[2.0330777, 0.73651296, 1.2331557, 0.063409045]
[2.0059135, 1.1107199, 0.8347283, 0.060465377]
[1.9637873, 0.9457629, 0.9612339, 0.05679062]
[1.9111835, 1.0451503, 0.8140981, 0.051935084]
[1.95798, 1.0401373, 0.8558912, 0.06195149]
[1.8754445, 0.82496136, 0.9986172, 0.05186591]
[1.9558437, 1.0092964, 0.8809303, 0.06561697]
[1.9991695, 0.87961274, 1.0574417, 0.062115125]
[1.8853936, 1.0669906, 0.7633449, 0.05505818]
[1.874048, 0.8594397, 0.95425177, 0.060356613]
[1.9135153, 0.8719267, 0.97649646, 0.0650921]
[1.9135566, 1.244035, 0.5951194, 0.07440204]
[2.045756, 0.32127792, 1.6564603, 0.068018004]
[2.0840101, 1.4909669, 0.53890854, 0.054134693]
[1.8709507, 0.82955825, 0.991705, 0.049687423]
[1.8674797, 0.80185974, 1.0116775, 0.053942475]
[2.2416823, 1.0517644, 1.1262403, 0.063677534]
[1.9940746, 1.1428121, 0.8024099, 0.048852514]
[1.9242623, 0.8967729, 0.97389555, 0.05359383]
[1.8898611, 0.9287194, 0.914508, 0.046633758]
[1.909396, 0.9223168, 0.92633456, 0.06074467]
[1.8467797, 0.9310612, 0.85862327, 0.057095215]
[1.8356707, 0.85880625, 0.90709853, 0.0697659]
[2.0325873, 1.0723823, 0.8796599, 0.08054498]
[1.9327048, 0.9105104, 0.95335305, 0.06884132]
[1.883001, 1.0463302, 0.77630675, 0.06036404]
[1.9054132, 0.85728145, 0.98199236, 0.066139296]
[1.9530818, 0.75341153, 1.1340202, 0.06565009]
[2.0737453, 1.3753717, 0.62374103, 0.07463263]
[1.9013995, 0.5637478, 1.2747749, 0.06287682]
[1.8528464, 1.029872, 0.7486596, 0.074314795]
[1.8110814, 0.7842258, 0.9531399, 0.073715664]
[1.9640104, 0.9129572, 0.9752257, 0.075827435]
[2.1200337, 0.877934, 1.1578138, 0.084286034]
[1.9362695, 1.0870392, 0.7825557, 0.066674605]
[1.8274003, 0.6212307, 1.1389549, 0.06721471]
[1.8416137, 1.1926477, 0.57599926, 0.07296674]
[2.2153966, 0.6532949, 1.4992692, 0.06283256]
[2.015211, 1.3300438, 0.6306155, 0.054551892]
[1.8717077, 0.78988457, 1.0260198, 0.055803258]
[1.9909289, 0.988181, 0.9306012, 0.07214662]
[1.8696964, 0.904678, 0.8972118, 0.06780663]
[1.9125919, 0.9989674, 0.8495201, 0.06410441]
[1.9871823, 0.97119075, 0.9441464, 0.071845144]
[1.9989948, 0.8754464, 1.0523882, 0.071160294]
[1.9329975, 1.1371939, 0.72524583, 0.07055774]
[2.01233, 0.93422997, 1.0099007, 0.06819938]
[1.9979968, 1.0126941, 0.92004895, 0.065253764]
[1.963078, 0.749181, 1.1598788, 0.054018263]
[1.8972317, 1.140692, 0.698883, 0.05765663]
[2.0070052, 0.83081615, 1.1289449, 0.047244176]
[1.8449296, 1.0425904, 0.750724, 0.051615078]
[1.8450261, 0.62596405, 1.1612611, 0.05780101]
[2.07342, 1.1579013, 0.8469323, 0.068586335]
[1.8989569, 0.72836286, 1.1079756, 0.06261839]
[1.7018698, 1.0520592, 0.57966244, 0.070148215]
[2.0029817, 0.52488124, 1.3988475, 0.079253055]
[2.0179727, 1.3653946, 0.5922158, 0.060362406]
[1.9536934, 0.8409653, 1.0496839, 0.06304419]
[1.8331828, 0.91305244, 0.859068, 0.06106232]
[1.8588066, 0.8442584, 0.94467366, 0.069874525]
[1.7985303, 0.8866774, 0.83712196, 0.074730955]
[1.9856607, 0.8607876, 1.0479151, 0.07695802]
[1.7906153, 0.8350023, 0.8771152, 0.07849783]
[2.0666738, 1.0759468, 0.91025895, 0.08046782]
[1.8994964, 0.6668861, 1.1578279, 0.07478254]
[1.9054033, 1.1298052, 0.6981317, 0.07746641]
[2.0900936, 0.658326, 1.3646379, 0.06712957]
[2.2288706, 1.476302, 0.68481517, 0.0677535]
[1.836155, 0.5465001, 1.2331672, 0.05648779]
[1.835643, 1.050259, 0.7239279, 0.061456244]
[1.7854344, 0.6972414, 1.017143, 0.07104991]
[2.0578241, 1.2245171, 0.7622086, 0.07109852]
[2.0885346, 0.72121483, 1.2929294, 0.074390434]
[2.052094, 1.2729242, 0.706463, 0.0727068]
[1.9586573, 0.67857814, 1.2049675, 0.07511167]
[1.9912807, 1.2094389, 0.7191011, 0.06274071]
[2.0939796, 1.0611598, 0.9669651, 0.065854736]
[1.890716, 0.7028918, 1.1256946, 0.062129535]
[1.9767411, 1.2138429, 0.7037722, 0.05912608]
[1.9455955, 0.63699216, 1.2488878, 0.059715517]
[1.9504682, 1.1571971, 0.7282573, 0.06501374]
[1.993016, 0.9214603, 1.0117786, 0.059777185]
[1.971247, 0.92054474, 0.9878249, 0.06287736]
[1.7884579, 0.7635714, 0.95925236, 0.06563407]
[1.8167562, 0.82697487, 0.9129622, 0.076819226]
[1.9616358, 0.9680437, 0.91466683, 0.07892541]
[1.9347094, 1.0040259, 0.8549115, 0.07577196]
[2.0660203, 0.8930708, 1.10902, 0.06392926]
[1.9797528, 1.2419575, 0.6769346, 0.060860667]
[1.9753884, 0.5791725, 1.3367918, 0.05942417]
[2.0146813, 1.4016795, 0.5488276, 0.06417428]
[1.84555, 0.84436464, 0.94810593, 0.053079374]
[2.0059547, 0.96445817, 0.9766613, 0.0648354]
[2.0386593, 1.1263232, 0.84891015, 0.06342598]
[1.9670111, 0.83828497, 1.0734792, 0.055246964]
[2.0065057, 1.0224422, 0.9227302, 0.06133338]
[1.8540365, 0.8597152, 0.9366036, 0.057717714]
[1.7893034, 0.7798176, 0.94524103, 0.06424482]
[2.0591164, 0.9939424, 0.99286246, 0.072311535]
[1.9532065, 0.7430025, 1.1443943, 0.06580973]
[1.9847338, 1.2384663, 0.6770133, 0.06925425]
[1.8370413, 0.64713424, 1.1233642, 0.0665427]
[2.0135853, 1.0233376, 0.914494, 0.075753585]
[1.846558, 0.8069507, 0.9647739, 0.07483336]
[1.8538343, 0.9725432, 0.8030689, 0.0782222]
[1.9157077, 0.76241565, 1.063119, 0.09017299]
[1.9491262, 1.0249989, 0.8437067, 0.08042055]
[1.991976, 0.835082, 1.077362, 0.07953209]
[2.2054813, 1.309065, 0.8158635, 0.08055274]
[1.904205, 0.60838836, 1.2313473, 0.06446925]
[1.9269341, 1.1366594, 0.7158699, 0.07440483]
[2.040867, 0.8821707, 1.0888438, 0.0698527]
