[1.9722615, 1.0423487, 0.79854107, 0.13137172]
[1.6170369, 0.7321484, 0.7461978, 0.13869074]
[1.696317, 0.76630616, 0.8124815, 0.11752923]
[1.7979379, 0.9457159, 0.7313278, 0.120894134]
[1.5863557, 0.6022256, 0.8504388, 0.1336913]
[1.922941, 1.0538143, 0.7232139, 0.14591281]
[1.5425364, 0.69008553, 0.7336819, 0.11876896]
[1.6620438, 0.8976034, 0.61468935, 0.14975108]
[1.5582051, 0.59965134, 0.82441866, 0.13413513]
[1.7206991, 0.71646184, 0.85095763, 0.15327948]
[2.020547, 0.75153804, 1.1177888, 0.15122017]
[1.837648, 0.87948316, 0.8273692, 0.1307956]
[1.7740817, 0.89278674, 0.74110234, 0.14019263]
[2.1023352, 0.9179933, 1.0317875, 0.15255447]
[1.5805329, 0.7183963, 0.7219562, 0.14018045]
[1.6378862, 0.8500117, 0.64250714, 0.14536723]
[1.6412448, 0.68462944, 0.8210906, 0.13552478]
[1.67186, 0.8442134, 0.6814769, 0.1461696]
[1.7832575, 0.74382, 0.89510536, 0.14433214]
[1.8798982, 0.8146677, 0.90850496, 0.1567255]
[1.8474941, 1.0062046, 0.6845937, 0.15669578]
[1.8520052, 0.6952429, 1.008322, 0.1484403]
[1.7443423, 0.8058368, 0.80776596, 0.1307396]
[1.8346068, 0.9323597, 0.75797355, 0.14427352]
[1.7107524, 0.7634049, 0.8092298, 0.13811766]
[1.8990905, 0.8529259, 0.89132, 0.15484461]
[1.4624236, 0.47555864, 0.83988035, 0.14698456]
[1.7091314, 0.9370228, 0.6208308, 0.15127774]
[1.8992146, 0.9031763, 0.854175, 0.14186338]
[1.7383878, 0.60543305, 0.9947525, 0.13820213]
[1.9669709, 0.758116, 1.049036, 0.15981892]
[1.9221079, 1.0212466, 0.7481364, 0.15272501]
[1.8192008, 0.9177408, 0.76005244, 0.14140747]
[1.9512312, 1.0246888, 0.7770556, 0.14948681]
[2.1167858, 0.87378216, 1.1083971, 0.13460654]
[1.859539, 0.96317, 0.762268, 0.13410099]
[1.6220926, 0.8339441, 0.6498586, 0.13828996]
[1.8437755, 0.8159829, 0.8951715, 0.13262099]
[1.962109, 1.0302699, 0.8069601, 0.12487896]
[1.9530685, 0.91571856, 0.90668124, 0.13066864]
[1.9150882, 0.7941389, 0.9885552, 0.13239408]
[1.7060716, 0.7789712, 0.7823914, 0.14470902]
[1.9021348, 1.125539, 0.6594038, 0.11719201]
[1.6992174, 0.5864512, 0.964102, 0.14866427]
[1.8993688, 0.86803424, 0.88685316, 0.14448142]
[1.800139, 1.051515, 0.6096065, 0.13901743]
[1.7522318, 0.5947499, 1.0232651, 0.13421685]
[1.8676304, 1.0839403, 0.64523363, 0.13845642]
[1.6860751, 0.67788, 0.8636532, 0.14454183]
[1.728918, 0.87220687, 0.71169096, 0.14502016]
[1.7769245, 0.8208633, 0.8218249, 0.13423619]
[1.8945552, 0.78309655, 0.97033286, 0.14112581]
[1.9056422, 0.99105084, 0.78871095, 0.12588039]
[1.7973465, 1.0324868, 0.63534904, 0.1295106]
[1.7835928, 0.7266429, 0.92686146, 0.13008845]
[1.7721461, 0.99016213, 0.65923584, 0.12274815]
[1.7783725, 0.7359762, 0.9165874, 0.12580901]
[1.54877, 0.6866621, 0.7377014, 0.12440649]
[1.8170738, 0.876003, 0.80547595, 0.13559484]
[1.809776, 0.8447992, 0.8146106, 0.15036616]
[1.8325934, 0.7232822, 0.9856732, 0.12363807]
[1.7597468, 0.7507396, 0.8704268, 0.13858038]
[1.7322545, 0.90755785, 0.68904674, 0.13564995]
[1.7593462, 0.7270934, 0.8948853, 0.13736746]
[1.8527534, 0.91996807, 0.7951101, 0.13767534]
[1.6617386, 0.6282276, 0.90318084, 0.13033026]
[1.9275328, 0.96294457, 0.83864546, 0.12594278]
[1.6645648, 0.8645619, 0.6725031, 0.12749982]
[1.732514, 0.76198506, 0.8346399, 0.13588905]
[1.6553359, 0.6995487, 0.8083169, 0.14747018]
[1.9118278, 0.9400343, 0.8283694, 0.1434241]
[1.5357801, 0.81837726, 0.56277645, 0.15462641]
[1.8059413, 0.87087363, 0.78754497, 0.14752275]
[1.8987492, 0.8062751, 0.9424621, 0.15001202]
[1.519945, 0.6557011, 0.70473754, 0.15950641]
[1.9592884, 0.9679343, 0.83130383, 0.16005012]
[1.7622935, 0.7134618, 0.89981973, 0.149012]
[1.9117757, 0.899065, 0.8677356, 0.14497507]
[1.8157696, 0.76854223, 0.90711933, 0.14010803]
[1.4623675, 0.5070899, 0.8106512, 0.14462641]
[2.0655587, 1.080412, 0.83307415, 0.15207238]
[1.900686, 0.85005033, 0.9146923, 0.13594344]
[1.7186217, 0.72119296, 0.8672191, 0.13020962]
[1.9950957, 0.95101947, 0.90073, 0.1433463]
[1.5598431, 0.666065, 0.7375272, 0.15625101]
[1.7651631, 0.9618768, 0.6507961, 0.15249018]
[1.5575187, 0.6939816, 0.7283703, 0.13516693]
[1.4843237, 0.73101264, 0.6090736, 0.14423752]
[1.48525, 0.49441838, 0.8321294, 0.15870215]
[2.0078335, 1.0696254, 0.7835255, 0.15468267]
[1.8235214, 1.0182874, 0.648709, 0.15652487]
[1.8843272, 0.8640877, 0.86242807, 0.1578114]
[1.881674, 0.96329063, 0.7711189, 0.14726442]
[1.80405, 0.8285116, 0.8379014, 0.13763689]
[1.6854, 0.61167574, 0.93243027, 0.14129406]
[1.8226899, 0.9094572, 0.752362, 0.16087064]
[1.9181161, 0.88119686, 0.88550115, 0.15141803]
[1.6630483, 0.5730243, 0.9202665, 0.16975743]
[1.9705824, 1.102592, 0.70987236, 0.15811801]
[1.771765, 0.8110676, 0.8063454, 0.154352]
[1.7247323, 0.74704504, 0.84670305, 0.13098419]
[1.8056178, 0.91322947, 0.72803783, 0.16435048]
[1.7404515, 0.80879545, 0.7815174, 0.15013863]
[1.624418, 0.7623887, 0.7082973, 0.15373209]
[1.5840889, 0.6179613, 0.8127028, 0.15342487]
[1.8381499, 0.90798366, 0.7840322, 0.14613402]
[1.9307728, 0.90401506, 0.88610685, 0.14065093]
[1.7237788, 0.8298773, 0.72708154, 0.16681993]
[1.713238, 0.7639406, 0.79981005, 0.14948732]
[1.740451, 0.8541728, 0.73581374, 0.15046439]
[1.8140141, 0.9622353, 0.69054544, 0.1612333]
[1.6460223, 0.7457666, 0.7581726, 0.14208317]
[1.6184868, 0.785094, 0.69353163, 0.13986115]
[1.8014635, 0.5861609, 1.0442333, 0.17106922]
[1.6952709, 0.9574159, 0.5786611, 0.15919384]
[1.7920794, 0.8060696, 0.8248367, 0.1611731]
[1.7024524, 0.6775423, 0.8746651, 0.15024498]
[1.9636431, 1.0109215, 0.78780675, 0.16491486]
[1.887743, 0.98982376, 0.7324696, 0.16544959]
[1.6043569, 0.7691266, 0.6871578, 0.14807251]
[1.66227, 0.7109624, 0.79599094, 0.15531655]
[1.8906842, 0.95571136, 0.7748308, 0.16014208]
[1.7617502, 0.82962036, 0.7774272, 0.15470262]
[1.7684029, 0.82859993, 0.7873726, 0.15243043]
[2.076154, 0.96012485, 0.97047234, 0.14555682]
[1.86462, 0.78227735, 0.94499505, 0.13734755]
[1.8400187, 0.8739245, 0.81079006, 0.15530416]
[1.547492, 0.5315723, 0.8744286, 0.14149122]
[1.5957954, 0.78789824, 0.6673334, 0.14056376]
[1.8933917, 0.69862115, 1.047871, 0.14689958]
[1.5663166, 0.72633713, 0.6845063, 0.15547328]
[1.5110358, 0.62580985, 0.7293801, 0.15584591]
[1.6091769, 0.68524295, 0.75042, 0.17351383]
[2.0623221, 1.0392985, 0.8558352, 0.16718839]
[2.0403652, 1.0027473, 0.89002824, 0.14758974]
[1.6797568, 0.69633377, 0.8251581, 0.1582649]
[1.7924914, 0.90681964, 0.7395346, 0.14613728]
[1.8139358, 0.7038504, 0.9561441, 0.15394127]
[1.761136, 0.8681935, 0.7407386, 0.15220404]
[1.6975979, 0.687362, 0.86226785, 0.14796793]
[1.9657845, 1.0216904, 0.7685393, 0.1755549]
[1.8948817, 0.7152449, 1.0394899, 0.14014702]
[1.7005959, 0.85505307, 0.69619155, 0.14935124]
[1.747221, 0.7334472, 0.8455926, 0.16818115]
[1.9526473, 0.92326707, 0.86623967, 0.16314068]
[1.6674179, 0.77638304, 0.7432428, 0.14779201]
[1.7154179, 0.8174534, 0.7391486, 0.1588158]
[1.5557289, 0.6537974, 0.7476364, 0.15429519]
[1.7145755, 0.8329016, 0.7082321, 0.17344189]
[1.8297006, 0.706033, 0.969612, 0.15405557]
[1.8416686, 0.8386756, 0.85521877, 0.14777422]
[1.5723644, 0.61948574, 0.7889637, 0.16391501]
[1.2816293, 0.5872369, 0.530079, 0.16431338]
[1.6947976, 0.6965586, 0.8265295, 0.17170954]
[1.9765227, 1.0694422, 0.7314838, 0.1755967]
[1.6762321, 0.7277179, 0.802944, 0.14557028]
[1.8109739, 0.9474361, 0.70050335, 0.16303447]
[1.7950766, 0.67337984, 0.95493567, 0.16676113]
[1.9621973, 1.1422474, 0.65827256, 0.16167739]
[1.872547, 0.65502536, 1.075619, 0.1419027]
[2.04358, 1.1601431, 0.71803766, 0.16539937]
[1.7256572, 0.7372916, 0.84636587, 0.14199969]
[1.7304704, 0.8203081, 0.7683339, 0.14182848]
[1.7622107, 0.9230789, 0.69339716, 0.14573465]
[1.7622912, 0.98087025, 0.632645, 0.14877592]
[1.5988845, 0.7326997, 0.7288287, 0.13735603]
[1.7203959, 0.82413316, 0.7353545, 0.16090831]
[1.69024, 0.7844878, 0.7504953, 0.15525691]
[1.7162329, 0.7404295, 0.8188986, 0.15690482]
[1.8489509, 1.037305, 0.66700315, 0.14464268]
[1.910158, 0.9003071, 0.84384644, 0.16600457]
[2.0036325, 1.0254697, 0.8185148, 0.15964818]
[1.8793497, 0.754145, 0.9686521, 0.15655255]
[1.8923453, 0.88801605, 0.8433924, 0.16093694]
[1.7062271, 0.8419826, 0.703965, 0.16027945]
[1.8053143, 0.7443077, 0.8995923, 0.16141433]
[1.8760109, 0.96633875, 0.7547287, 0.1549435]
[1.8420565, 0.8841334, 0.8118074, 0.14611578]
[1.899485, 0.75085676, 0.97911865, 0.16950949]
[1.8430431, 0.8616642, 0.8335651, 0.14781386]
[1.7486279, 0.7337497, 0.8659823, 0.14889595]
[1.7325797, 0.8631399, 0.7218419, 0.14759788]
[1.822328, 0.83177775, 0.83647513, 0.154075]
[1.662015, 0.75006473, 0.76699513, 0.14495517]
[1.7811939, 0.8902195, 0.74996984, 0.14100449]
[1.7640172, 0.9128763, 0.70763123, 0.14350972]
[1.6680874, 0.6498052, 0.8483764, 0.16990578]
[1.7437749, 0.95747685, 0.63857186, 0.1477262]
[1.9238677, 0.6629739, 1.0950118, 0.16588199]
[1.6693507, 0.7126648, 0.79957557, 0.1571103]
[1.7569219, 0.73010325, 0.87208796, 0.15473065]
[1.7524903, 0.79850024, 0.79470944, 0.15928054]
[1.6689317, 0.79710007, 0.7110829, 0.16074875]
[1.8113229, 0.84261894, 0.8098068, 0.15889718]
[1.8805413, 0.66955173, 1.057754, 0.15323561]
[1.9021242, 1.1989238, 0.5416411, 0.16155925]
[1.7534109, 0.818433, 0.7894574, 0.14552052]
[1.8725147, 0.94859004, 0.78049314, 0.14343148]
[1.6555437, 0.73815364, 0.76658016, 0.15080993]
[1.7108046, 0.83796906, 0.72419, 0.14864549]
[1.8298132, 0.7645686, 0.90444726, 0.1607973]
[1.7391546, 0.85123324, 0.73306763, 0.15485364]
[1.564107, 0.71527094, 0.6921908, 0.15664515]
[1.7341695, 0.7877083, 0.77903795, 0.16742328]
[2.0001817, 0.8401609, 1.0179316, 0.14208923]
[1.8777475, 0.9030639, 0.8200579, 0.15462568]
[1.8417956, 0.67741597, 1.0130088, 0.1513708]
[1.6896291, 0.766406, 0.77233577, 0.15088725]
[1.9665661, 1.0858159, 0.725796, 0.1549542]
[1.7133851, 0.63113534, 0.94383454, 0.13841516]
[1.8179307, 0.7339245, 0.9336291, 0.1503771]
[1.7690024, 0.89912885, 0.7224891, 0.14738435]
[1.7459013, 0.8395916, 0.76655185, 0.13975781]
[2.0517778, 0.9356427, 0.9775804, 0.13855463]
[1.7823949, 0.7777427, 0.8554034, 0.1492489]
[1.8047392, 1.0180378, 0.63843226, 0.14826916]
[1.6942077, 0.7146573, 0.81800985, 0.16154057]
[1.8247693, 0.7888471, 0.8788065, 0.15711564]
[1.5989869, 0.7996628, 0.6357455, 0.16357857]
[1.7804933, 0.8275981, 0.80625534, 0.14663981]
[1.8300587, 0.8368478, 0.83294237, 0.16026857]
[2.0152931, 0.7848613, 1.0750082, 0.15542358]
[1.9501339, 0.9972254, 0.81166106, 0.14124736]
[1.7372184, 0.74907076, 0.85812366, 0.13002394]
[1.7823379, 0.78181523, 0.84161186, 0.15891081]
[2.030217, 1.0411971, 0.8416618, 0.14735816]
[1.9043186, 0.7930725, 0.96823466, 0.14301127]
[1.7626047, 0.7464154, 0.8672074, 0.14898193]
[1.6534622, 0.94944066, 0.57709956, 0.12692192]
[1.9212322, 0.7830879, 0.9908756, 0.14726876]
[1.8976548, 0.83383834, 0.92805505, 0.13576141]
[1.9943562, 0.9747243, 0.880126, 0.1395058]
[1.8157692, 0.6573986, 1.0110722, 0.14729846]
[1.6776398, 0.77231157, 0.7667713, 0.13855696]
[1.9021623, 0.8916323, 0.8694726, 0.14105743]
[1.6290795, 0.7172514, 0.77921534, 0.13261266]
[1.6878568, 0.828068, 0.72586656, 0.13392222]
[1.8295641, 0.760376, 0.93345106, 0.13573712]
[1.8755332, 1.0248798, 0.71252394, 0.13812952]
[1.5907267, 0.59740245, 0.8481568, 0.14516747]
[1.7753167, 0.7286979, 0.904196, 0.14242275]
[1.7725931, 0.81948805, 0.81223524, 0.14086983]
[1.9401108, 0.8431854, 0.9496769, 0.14724848]
[1.8509527, 1.044083, 0.66132194, 0.14554778]
[2.0782871, 0.9628932, 0.9692716, 0.14612243]
[1.9042746, 0.8580891, 0.9121109, 0.13407458]
[1.7259896, 0.7236174, 0.858039, 0.14433306]
[1.7235067, 0.7359252, 0.8553963, 0.13218525]
[1.8388895, 0.8588882, 0.8461391, 0.13386211]
[1.7798704, 0.9651398, 0.68252945, 0.1322011]
[1.854348, 0.94901705, 0.77151865, 0.13381213]
[1.7990835, 0.7660219, 0.88590205, 0.1471596]
[1.8209116, 1.0463777, 0.63706106, 0.13747293]
[1.842074, 0.9480012, 0.7626205, 0.13145234]
[1.9663553, 0.85588765, 0.9931439, 0.11732377]
[1.737153, 0.77461827, 0.8308343, 0.13170056]
[1.6740352, 0.9755276, 0.58381903, 0.114688545]
[1.6835635, 0.7057868, 0.843966, 0.13381064]
[1.9691682, 1.1013973, 0.7511408, 0.116630025]
[1.6142713, 0.70715785, 0.7696091, 0.13750437]
[1.8397129, 0.8576288, 0.8279876, 0.15409642]
[1.8298268, 0.7825378, 0.9266019, 0.12068716]
[1.7927938, 0.96660215, 0.6915725, 0.13461915]
[1.7885325, 0.6881688, 0.9708769, 0.1294868]
[1.9046167, 0.85016346, 0.91474396, 0.13970934]
[1.8325324, 0.82044923, 0.886562, 0.12552115]
[1.6078825, 0.9093572, 0.5692746, 0.1292508]
[1.8038661, 0.86963034, 0.8053444, 0.12889141]
[1.6839803, 0.6553336, 0.8848109, 0.14383587]
[1.84626, 0.92261404, 0.7726884, 0.15095744]
[1.802569, 0.74127555, 0.91800916, 0.14328429]
[1.7422845, 0.8713103, 0.72097564, 0.1499986]
[1.5846312, 0.71743494, 0.7182714, 0.14892478]
[1.9201655, 0.83114976, 0.9432794, 0.14573652]
[1.7968583, 0.836938, 0.81949973, 0.14042051]
[1.5810542, 0.62118554, 0.82783365, 0.13203508]
[1.767611, 0.88394535, 0.7510115, 0.13265425]
[1.6596464, 0.6700076, 0.82771116, 0.16192761]
[1.6176881, 0.85314727, 0.61444473, 0.15009606]
[1.8114184, 0.86250675, 0.79632413, 0.15258755]
[1.9062881, 0.94815576, 0.80992675, 0.14820565]
[1.9512765, 0.81753117, 0.96259147, 0.17115387]
[2.045001, 1.0891727, 0.8242073, 0.13162091]
[1.9765846, 0.84156775, 0.99160576, 0.14341104]
[1.6925426, 0.67231643, 0.8935685, 0.12665759]
[1.7108377, 0.86077404, 0.7264009, 0.12366284]
[1.7057749, 1.018369, 0.54367226, 0.14373362]
[1.8609214, 0.7773702, 0.9398851, 0.14366597]
[2.025887, 0.7888377, 1.097261, 0.13978848]
[1.8612163, 0.9769293, 0.7364328, 0.14785418]
[1.8952928, 0.8914376, 0.86670136, 0.1371539]
[1.9900111, 0.83542925, 1.0206546, 0.13392721]
[1.7875093, 0.7833799, 0.8865163, 0.1176132]
[1.7851249, 0.9581763, 0.69317436, 0.13377418]
[1.7743146, 0.6497303, 0.9837835, 0.14080083]
[1.6243216, 0.95208216, 0.5334604, 0.13877909]
[1.766866, 0.8694349, 0.75679773, 0.14063339]
[1.7937691, 0.6936623, 0.96566343, 0.13444334]
[1.7686961, 0.834208, 0.79180956, 0.14267853]
[2.0212379, 1.0227296, 0.8583218, 0.14018646]
[1.8304837, 0.7938922, 0.8987415, 0.13785]
[1.9638788, 0.997587, 0.84914887, 0.11714277]
[1.99608, 0.93523, 0.93422914, 0.12662086]
[1.8608766, 0.8432438, 0.8864858, 0.13114685]
[1.7061521, 0.7529073, 0.81768143, 0.13556337]
[1.7100813, 0.76255083, 0.82977545, 0.11775509]
[1.9074949, 0.90580744, 0.8682374, 0.13345015]
[1.7269262, 0.76373386, 0.8425441, 0.120648265]
[1.8098893, 0.8783599, 0.80771124, 0.12381816]
[1.7745606, 0.7150548, 0.92058647, 0.13891923]
[1.6634573, 0.89595866, 0.6287793, 0.13871928]
[1.8586763, 0.9538753, 0.76726174, 0.1375393]
[1.9441423, 0.72225446, 1.0893342, 0.13255352]
[1.8421253, 1.0122186, 0.69457006, 0.13533661]
[1.6943495, 0.8648422, 0.70345354, 0.12605377]
[1.6597186, 0.8284323, 0.70483077, 0.12645552]
[2.0145323, 0.7702509, 1.1061528, 0.13812858]
[1.6703159, 0.85377336, 0.68656933, 0.12997317]
[1.9152994, 0.9483454, 0.8369578, 0.12999621]
[1.8619633, 0.8858733, 0.84613574, 0.12995425]
[1.8423623, 0.786397, 0.91124403, 0.1447213]
[1.7354734, 0.77983665, 0.80975354, 0.1458832]
[1.6935545, 0.853909, 0.7048645, 0.134781]
[1.6996821, 0.7435439, 0.8225508, 0.13358748]
[1.7154167, 0.75930107, 0.8335388, 0.122576825]
[1.7823403, 1.0563222, 0.58555967, 0.14045835]
[1.7131219, 0.7619022, 0.80326235, 0.14795728]
[1.872221, 0.868212, 0.8515458, 0.15246324]
[1.6815667, 0.6777313, 0.8591207, 0.14471467]
[1.6427528, 0.6782821, 0.81095994, 0.1535107]
[1.5336597, 0.6118174, 0.7738671, 0.14797518]
[1.932967, 1.022748, 0.7544062, 0.15581277]
[1.8066356, 0.55550116, 1.0925981, 0.15853643]
[1.7878932, 0.7597227, 0.8802803, 0.1478902]
[1.9456292, 0.89934134, 0.8938245, 0.15246329]
[1.7867185, 0.8398973, 0.81927764, 0.12754357]
[1.8457401, 0.87126076, 0.81531954, 0.15915984]
[1.8372955, 0.78053045, 0.916052, 0.14071314]
[1.9887416, 0.86953634, 0.9761884, 0.14301684]
[1.7479627, 1.027536, 0.5781953, 0.14223152]
[1.8440894, 0.71721137, 0.9828484, 0.14402959]
[1.6696814, 0.84626865, 0.68583107, 0.13758175]
[1.697514, 0.906223, 0.64867795, 0.14261323]
[1.7417886, 0.7976665, 0.80831575, 0.1358063]
[1.8983711, 0.7869873, 0.97144794, 0.13993585]
[1.5051281, 0.82237613, 0.5326604, 0.15009168]
[1.7406076, 0.7850075, 0.7980633, 0.15753683]
[1.5786875, 0.7770039, 0.6486672, 0.15301648]
[1.891748, 0.87951905, 0.84697366, 0.16525528]
[1.8549849, 0.9610921, 0.7278334, 0.16605933]
[2.055479, 0.9585481, 0.9554168, 0.141514]
[1.8836652, 0.68525136, 1.0631623, 0.13525149]
[1.8749566, 0.9573851, 0.76133275, 0.15623881]
[1.8469706, 0.9009989, 0.8047899, 0.14118175]
[1.682611, 0.86768484, 0.66789347, 0.14703271]
[1.8079267, 0.8005062, 0.86009985, 0.1473206]
[1.6903943, 0.96008515, 0.5861215, 0.1441876]
[1.8723009, 0.88027024, 0.84678483, 0.14524579]
[1.8287698, 0.71700954, 0.9557721, 0.15598807]
[1.551196, 0.7923639, 0.6190076, 0.13982452]
[1.8550594, 0.9600768, 0.7482723, 0.14671032]
[1.8147507, 0.85413754, 0.8108118, 0.1498012]
[1.662996, 0.7071427, 0.79274267, 0.16311072]
[1.5312954, 0.7142737, 0.6444296, 0.17259204]
[1.7785977, 0.8152441, 0.8060956, 0.15725803]
[1.6723709, 0.7706964, 0.74487, 0.15680459]
[1.7999943, 0.90098554, 0.7341424, 0.16486633]
[1.6103125, 0.71370906, 0.74883217, 0.14777124]
[2.0523276, 0.886976, 1.0057731, 0.15957852]
[1.8128533, 0.96090174, 0.6807982, 0.17115346]
[1.9043802, 0.81601113, 0.9585415, 0.12982762]
[1.7465228, 0.79680425, 0.80209476, 0.1476238]
[1.8579925, 0.90261686, 0.80772495, 0.14765072]
[1.7658497, 0.75949496, 0.8684141, 0.1379406]
[1.9751941, 0.98110163, 0.8472553, 0.14683707]
[1.8687813, 0.6015444, 1.1227372, 0.14449972]
[1.8475851, 0.829182, 0.8746402, 0.14376283]
[1.746964, 0.96742296, 0.64109844, 0.13844255]
[1.8858838, 0.74927783, 1.0072731, 0.12933284]
[1.6800028, 0.7717939, 0.78004193, 0.12816702]
[1.7072972, 0.6692519, 0.89114034, 0.14690493]
[1.5285647, 0.65297824, 0.7219045, 0.15368204]
[1.9932861, 1.0541875, 0.7848198, 0.15427876]
[1.8996241, 0.6902188, 1.0683843, 0.14102107]
[1.72796, 0.6993141, 0.8876442, 0.14100166]
[1.8430932, 0.9176544, 0.77537614, 0.15006262]
[1.7447578, 0.6533202, 0.94348276, 0.14795487]
[1.7935704, 1.0573974, 0.5918182, 0.14435479]
[1.8172075, 0.63072276, 1.0497134, 0.13677129]
[1.6033208, 0.8072238, 0.6383015, 0.15779553]
[1.8356383, 0.6587376, 1.0270445, 0.14985615]
[1.9593396, 1.0045191, 0.7994936, 0.15532678]
[1.9896975, 1.0429778, 0.8035666, 0.14315304]
[1.777826, 0.87916136, 0.7623957, 0.13626893]
[1.6001899, 0.68119824, 0.7788268, 0.14016491]
[1.6607873, 0.74843705, 0.7747578, 0.13759252]
[1.7443091, 0.8624283, 0.73145473, 0.15042606]
[1.7003969, 0.7835817, 0.75958717, 0.15722814]
[1.6377078, 0.74081814, 0.76446843, 0.13242126]
[1.723997, 0.8270974, 0.74162513, 0.1552745]
[2.0386612, 0.9183497, 0.9650486, 0.15526293]
[1.6420815, 0.7095196, 0.7829851, 0.14957675]
[1.7274163, 0.7738881, 0.8022766, 0.15125155]
[1.9174637, 0.8516429, 0.9050742, 0.16074653]
[2.0145328, 0.9230567, 0.94020265, 0.1512734]
[1.8957353, 0.96885896, 0.77939844, 0.14747792]
[1.7486794, 0.7217093, 0.8752516, 0.15171851]
[2.0242739, 0.98393774, 0.89752376, 0.14281228]
[1.699337, 0.7137027, 0.8363508, 0.1492835]
[1.8527453, 0.9725977, 0.7376989, 0.14244862]
[1.6333475, 0.5361118, 0.948362, 0.14887378]
[1.7522131, 0.9094465, 0.69482744, 0.14793919]
[1.8437185, 0.83044493, 0.8759495, 0.13732406]
[1.7551644, 0.7093944, 0.8891711, 0.15659878]
[1.7931707, 1.0078955, 0.6330712, 0.15220405]
[1.874586, 0.8281542, 0.90494657, 0.14148518]
[1.8889236, 0.95539445, 0.7973069, 0.13622242]
[1.6780766, 0.7796483, 0.75389767, 0.1445307]
[1.7158079, 0.6379252, 0.9488556, 0.12902716]
[1.7616526, 0.8694926, 0.7442165, 0.1479435]
[1.9590026, 0.8542122, 0.9540744, 0.15071593]
[1.8188614, 0.9650863, 0.7052393, 0.14853583]
[2.0571475, 0.9046624, 1.0063987, 0.14608636]
[1.907454, 0.9493307, 0.8216908, 0.13643247]
[1.7356519, 0.78754437, 0.817282, 0.13082545]
[1.8513551, 0.94044507, 0.76598406, 0.14492594]
[1.6992007, 0.7995479, 0.76740384, 0.13224904]
[1.8403426, 0.7299355, 0.97665215, 0.13375501]
[1.739887, 0.6361718, 0.96714437, 0.13657087]
[1.8027531, 0.9589988, 0.7087233, 0.13503098]
[1.638823, 0.6457434, 0.86926794, 0.12381168]
[1.8725128, 0.8094832, 0.91843915, 0.14459048]
[1.8224714, 0.783169, 0.8899845, 0.14931802]
[1.8977311, 0.92470104, 0.826859, 0.14617112]
[1.5443454, 0.78088903, 0.6121762, 0.1512802]
[1.6576381, 0.88399076, 0.6293389, 0.14430828]
[2.0895095, 0.93127453, 1.0156769, 0.14255816]
[1.9358436, 0.77800006, 1.0010647, 0.15677892]
[1.5753988, 0.7542993, 0.6766608, 0.14443879]
[1.8480899, 0.9452643, 0.76363456, 0.13919109]
[1.7879689, 0.8305211, 0.83117205, 0.12627584]
[1.9153336, 0.85439384, 0.9162501, 0.14468971]
[1.8288394, 0.8437427, 0.83848095, 0.14661571]
[1.7809538, 0.79414666, 0.8538461, 0.13296108]
[1.7392565, 0.9407617, 0.65777194, 0.1407229]
[1.6738176, 0.7740653, 0.77147555, 0.12827677]
[1.8390409, 0.9619886, 0.7339032, 0.14314902]
[1.8135237, 0.94346786, 0.73396087, 0.13609496]
[1.7353866, 0.79932106, 0.7867895, 0.14927596]
[1.9262179, 0.7316388, 1.0491791, 0.14540009]
[1.8379328, 0.8292695, 0.8560929, 0.15257055]
[1.8734548, 0.899698, 0.8398049, 0.13395187]
[1.8552188, 0.8086301, 0.91508555, 0.13150308]
[1.6617181, 0.7280177, 0.78845555, 0.14524487]
[1.6730925, 0.66038096, 0.8625461, 0.15016544]
[1.8926777, 1.1076008, 0.6404176, 0.14465925]
[1.6998237, 0.820795, 0.74465084, 0.13437784]
[1.8902398, 0.7860317, 0.96621823, 0.13798992]
[1.6368203, 0.7765535, 0.7125865, 0.14768028]
[1.9750683, 0.96123147, 0.8625736, 0.1512632]
[1.7124354, 0.9111018, 0.6503805, 0.15095308]
[1.994264, 0.7263448, 1.1244265, 0.14349273]
[1.8273885, 1.010916, 0.68031704, 0.13615544]
[1.8194329, 0.9417915, 0.73705506, 0.14058621]
[1.6740726, 0.7477201, 0.79437196, 0.1319805]
[1.7252076, 0.7783041, 0.8080045, 0.13889892]
[1.8258525, 0.78660893, 0.90138316, 0.13786042]
[1.6571016, 0.7547364, 0.7688827, 0.13348246]
[1.9213302, 1.055114, 0.72019166, 0.14602442]
[1.7952685, 0.75825346, 0.90667415, 0.13034087]
[1.9210025, 0.9648148, 0.83307683, 0.123110875]
[1.6466703, 0.66942704, 0.8377818, 0.13946147]
[1.8240418, 1.0304047, 0.66025925, 0.13337785]
[1.9086952, 0.86663604, 0.90474373, 0.13731557]
[1.7535309, 0.7731693, 0.84268844, 0.13767314]
[1.738939, 0.8624126, 0.74747026, 0.12905625]
[1.6314898, 0.92767715, 0.5713952, 0.13241741]
[1.6436981, 0.6822623, 0.82134616, 0.1400896]
[1.7620163, 0.79621345, 0.83386624, 0.13193654]
[1.8396571, 0.9174631, 0.7877985, 0.1343954]
[1.8921735, 0.7035203, 1.0403252, 0.14832807]
[1.7968955, 1.017597, 0.64004165, 0.13925694]
[1.7664307, 0.7364123, 0.88534594, 0.14467248]
[1.5897411, 0.8307247, 0.6148025, 0.14421389]
[1.7510092, 0.8515117, 0.7516304, 0.14786702]
[1.756848, 0.6323841, 0.9697821, 0.15468183]
[1.6958345, 0.8546021, 0.6928475, 0.1483849]
[1.5738877, 0.7923066, 0.6348549, 0.14672628]
[1.8983862, 0.76926196, 0.98614067, 0.1429837]
[2.0084627, 1.0871596, 0.75830305, 0.16299993]
[1.7137074, 0.6260327, 0.9564226, 0.13125207]
[1.6954656, 0.7598577, 0.7909752, 0.14463261]
[1.7779739, 0.7742862, 0.8554139, 0.14827366]
[1.8771058, 0.89597434, 0.8353766, 0.14575496]
[1.9021019, 0.8808713, 0.87809634, 0.14313424]
[1.5804014, 0.6560915, 0.77175415, 0.15255573]
[1.7388997, 0.8724033, 0.714293, 0.15220328]
[1.4740187, 0.58679175, 0.7346605, 0.15256643]
[1.876196, 0.6990328, 1.0306886, 0.14647458]
[1.9368991, 0.8180857, 0.98176885, 0.1370445]
[1.590257, 0.8621912, 0.57375216, 0.15431371]
[1.8757236, 0.9226094, 0.7829104, 0.17020385]
[1.7466599, 0.8282429, 0.76663995, 0.15177701]
[1.6525184, 0.8875681, 0.6194476, 0.14550269]
[1.9097724, 0.85875154, 0.90242815, 0.14859271]
[1.8456559, 0.95700485, 0.73633885, 0.15231225]
[1.6926649, 0.70791364, 0.83656025, 0.148191]
[1.7573234, 0.754183, 0.8597769, 0.14336348]
[1.9085342, 0.96634465, 0.79303193, 0.1491576]
[1.8416752, 0.9230965, 0.7717694, 0.14680919]
[1.8038726, 0.7861198, 0.8719199, 0.14583294]
[1.7205327, 0.6885296, 0.8849842, 0.14701892]
[1.782549, 0.8965422, 0.7498401, 0.13616674]
[1.8237543, 0.9149091, 0.76050055, 0.14834458]
[1.8230469, 0.9043789, 0.7733569, 0.14531107]
[1.5953512, 0.6635419, 0.79181206, 0.13999718]
[1.6642038, 0.91024685, 0.60778725, 0.14616969]
[1.7972536, 0.90905976, 0.7395135, 0.1486803]
[1.6054289, 0.65305346, 0.79594195, 0.1564336]
[1.67299, 0.59474194, 0.9202426, 0.15800537]
[1.9573585, 1.127983, 0.68259096, 0.14678451]
[1.897461, 0.9512549, 0.7967846, 0.14942154]
[1.938422, 0.6609745, 1.1236062, 0.15384127]
[1.9569092, 0.986908, 0.83026356, 0.13973758]
[1.7832456, 0.7430265, 0.90292794, 0.1372912]
[1.8291732, 0.8255415, 0.85627615, 0.14735553]
[1.5478275, 0.6836603, 0.7303364, 0.1338308]
[1.7730767, 0.8167409, 0.8108511, 0.14548469]
[1.9200063, 1.0155859, 0.75487024, 0.1495502]
[1.8509287, 0.50836337, 1.2005961, 0.14196917]
[1.87623, 0.9930439, 0.74808824, 0.13509792]
[1.6874515, 0.69291055, 0.8357866, 0.15875432]
[1.8596662, 0.8153815, 0.9174484, 0.12683634]
[1.5612049, 0.70364606, 0.7198849, 0.13767391]
[1.8702415, 0.7225394, 1.0181792, 0.12952292]
[1.9327607, 0.87328553, 0.9228994, 0.13657573]
[1.9760222, 1.0621047, 0.78923637, 0.12468122]
[2.0444725, 0.8942473, 1.0086639, 0.1415613]
[1.7551347, 0.86941993, 0.7565902, 0.12912448]
[1.6884769, 0.7540542, 0.8127934, 0.121629335]
[1.9125912, 0.93586195, 0.82695687, 0.14977239]
[1.7221738, 0.8720704, 0.720681, 0.12942243]
[1.8004316, 0.8368199, 0.82788676, 0.13572493]
[1.8030694, 0.8603997, 0.8120522, 0.13061732]
[1.5909351, 0.6663376, 0.79538, 0.12921748]
[1.6694921, 0.83089995, 0.7100504, 0.1285418]
[2.072963, 0.9030476, 1.0317199, 0.13819554]
[1.7219948, 0.85488284, 0.72760737, 0.13950458]
[1.7344655, 0.85585725, 0.7369192, 0.14168897]
[1.6968004, 0.8752847, 0.68141305, 0.14010262]
[1.7395327, 0.61757654, 0.9717896, 0.15016656]
[1.9875262, 1.1222041, 0.7267402, 0.13858199]
[1.786282, 0.8165928, 0.82875186, 0.14093724]
[1.8583543, 0.915037, 0.80435693, 0.13896042]
[1.6582556, 0.7581071, 0.7672837, 0.13286467]
[1.711211, 0.8155821, 0.763942, 0.1316869]
[1.6739225, 0.89596736, 0.62283015, 0.15512502]
[1.5347459, 0.6417855, 0.7505177, 0.14244266]
[1.7330755, 0.9631928, 0.63383377, 0.13604887]
[1.6147776, 0.8207016, 0.63249004, 0.16158599]
[1.6093477, 0.73353446, 0.71451867, 0.16129453]
[1.8346311, 0.6807487, 0.9883335, 0.16554889]
[2.0400164, 1.239864, 0.6556004, 0.14455202]
[1.8377085, 0.61870277, 1.0667603, 0.15224537]
[1.8703072, 1.010354, 0.7007954, 0.15915781]
[1.9161233, 0.69626135, 1.0701268, 0.14973512]
[1.5803797, 0.78145194, 0.64136, 0.15756768]
[1.8712587, 0.93638045, 0.77967465, 0.15520352]
[1.6572559, 0.76063585, 0.7462603, 0.15035969]
[1.7559055, 0.7586826, 0.84043914, 0.15678371]
[1.8961444, 0.8230883, 0.9144999, 0.15855618]
[1.8215649, 0.80840015, 0.86843807, 0.14472671]
[1.7666091, 1.0051937, 0.6166057, 0.14480956]
[1.9634649, 0.87779224, 0.93393826, 0.15173435]
[1.9085727, 0.8571338, 0.91279566, 0.1386432]
[1.6141706, 0.7975625, 0.6780862, 0.13852185]
[1.892147, 0.73823684, 1.0027645, 0.15114558]
[1.5183773, 0.6332358, 0.73027885, 0.1548627]
[1.7744395, 0.73787725, 0.86669934, 0.1698629]
[1.6535696, 0.763659, 0.7405243, 0.1493863]
[1.6285595, 0.65784854, 0.81134975, 0.15936129]
[1.6960305, 0.8064448, 0.7379319, 0.15165377]
[2.041396, 0.81447476, 1.0560127, 0.1709085]
[1.5770884, 0.8443751, 0.56655765, 0.1661556]
[1.7788681, 0.7825747, 0.8376988, 0.15859449]
[1.7472138, 0.9637812, 0.62035644, 0.16307622]
[1.7074404, 0.71383476, 0.817814, 0.17579159]
[1.7848504, 0.9066607, 0.7095175, 0.16867219]
[1.7869953, 0.78140205, 0.84048456, 0.16510867]
[2.0320942, 1.0516562, 0.8292314, 0.15120664]
[1.9061364, 0.7327414, 1.03258, 0.14081493]
[1.755459, 0.6969034, 0.89577407, 0.16278148]
[1.813074, 0.9565091, 0.69274735, 0.16381752]
[2.0038643, 0.91462815, 0.932698, 0.1565381]
[1.7738248, 0.9750111, 0.65129596, 0.1475178]
[1.8302675, 0.84246105, 0.8515887, 0.13621768]
[1.7295717, 0.8128248, 0.768438, 0.14830884]
[1.6645201, 0.6725775, 0.8434437, 0.14849886]
[1.82094, 0.8300221, 0.83049184, 0.1604262]
[1.6810447, 0.8482151, 0.69636106, 0.13646851]
[1.7862394, 0.5518904, 1.0840387, 0.15031032]
[1.8376509, 1.0136871, 0.66604394, 0.15791975]
[1.7393545, 0.72864145, 0.8544737, 0.15623935]
[1.9124142, 0.8451562, 0.937381, 0.12987696]
[1.8732765, 0.87431973, 0.86619824, 0.13275851]
[1.7019237, 0.6928209, 0.86501384, 0.14408895]
[1.7741419, 0.93724126, 0.6908399, 0.14606082]
[1.601206, 0.5989604, 0.88069963, 0.12154592]
[1.8096375, 0.7394755, 0.93295, 0.13721198]
[1.68601, 0.6788577, 0.86351925, 0.143633]
[1.5488564, 0.59721696, 0.8108969, 0.14074254]
[1.9992161, 1.0866272, 0.7651447, 0.14744416]
[1.7242479, 0.7203589, 0.86415577, 0.13973325]
[1.6188328, 0.9183909, 0.53977656, 0.16066533]
[1.7984246, 0.6420654, 0.997468, 0.15889123]
[2.0321505, 0.968346, 0.90912616, 0.15467829]
[1.9989451, 1.0560699, 0.804342, 0.13853319]
[1.91094, 0.6858312, 1.0727805, 0.15232834]
[1.8573452, 0.9708085, 0.7403045, 0.1462322]
[1.9872015, 1.1082726, 0.7208152, 0.15811378]
[1.807049, 0.7417024, 0.93028545, 0.13506123]
[1.6342611, 0.6340805, 0.8572638, 0.14291681]
[1.729951, 0.89555407, 0.688993, 0.14540401]
[1.9239625, 0.91565925, 0.8690689, 0.13923427]
[1.7783855, 0.790064, 0.8582103, 0.13011122]
[1.7026255, 0.90623057, 0.6596945, 0.13670039]
[1.7980238, 0.99835396, 0.6619383, 0.13773152]
[1.6019468, 0.5956196, 0.8595108, 0.1468165]
[1.6072953, 0.772271, 0.69578546, 0.13923883]
[1.6741649, 0.56806386, 0.96051353, 0.1455876]
[1.7577746, 0.9490365, 0.65840673, 0.15033138]
[1.9321641, 0.8164644, 0.9738628, 0.14183679]
[1.9777704, 0.9497693, 0.87452, 0.15348116]
[1.7522331, 0.88093334, 0.72781587, 0.14348395]
[1.6772958, 0.8539848, 0.6841046, 0.13920645]
[1.6641499, 0.79053885, 0.73652476, 0.13708627]
[1.8016648, 0.97672594, 0.66466296, 0.16027594]
[1.918256, 0.7915412, 0.97299457, 0.15372024]
[1.5613322, 0.78710806, 0.62587625, 0.14834791]
[1.6857862, 0.6877986, 0.83725303, 0.1607346]
[1.7057377, 0.699804, 0.8562292, 0.14970458]
[1.7726136, 0.7436982, 0.8578207, 0.17109475]
[2.0032794, 0.9800901, 0.8626181, 0.16057128]
[1.6028596, 0.74971426, 0.70427245, 0.14887294]
[1.5785438, 0.86469924, 0.5291101, 0.18473445]
[1.7157964, 0.7514744, 0.800353, 0.16396888]
[1.8030446, 0.8482224, 0.7746245, 0.18019772]
[1.6469586, 0.5588535, 0.93901825, 0.1490868]
[1.6682503, 0.9330374, 0.5521541, 0.18305875]
[1.843335, 0.8819176, 0.7972045, 0.16421291]
[1.7150296, 0.600331, 0.9532206, 0.16147792]
[1.9753866, 0.88033545, 0.91808885, 0.17696236]
[1.7800571, 0.8058963, 0.79055214, 0.18360864]
[1.6839483, 0.59098864, 0.92401755, 0.16894212]
[1.7710556, 0.86347264, 0.72833, 0.17925295]
[1.7102257, 0.675058, 0.8622824, 0.1728853]
[1.6077715, 0.794225, 0.6404284, 0.17311813]
[1.5803316, 0.911179, 0.49689913, 0.17225337]
[1.5515488, 0.4739955, 0.89816874, 0.17938459]
[1.8439118, 1.0274847, 0.6450846, 0.17134249]
[2.130704, 0.6719547, 1.2690523, 0.18969697]
[2.0626576, 0.8404794, 1.0505869, 0.17159137]
[1.8928523, 1.120783, 0.60109556, 0.17097382]
[1.5782739, 0.76004755, 0.6713756, 0.14685072]
[1.8782629, 0.931551, 0.80422467, 0.1424872]
[1.8300047, 0.5157432, 1.1589234, 0.15533799]
[1.8239152, 0.9523837, 0.7132654, 0.15826601]
[1.7026597, 0.90269965, 0.6286004, 0.17135969]
[1.822883, 0.9300382, 0.7433883, 0.14945653]
[1.9768724, 0.9918999, 0.83252907, 0.15244341]
[1.9943894, 0.7316991, 1.1097625, 0.15292779]
[1.8215265, 0.9175943, 0.7565616, 0.14737058]
[1.831764, 0.92979836, 0.76286316, 0.13910241]
[1.9359531, 0.92115694, 0.87449753, 0.14029855]
[1.5983987, 0.70910776, 0.7538743, 0.13541657]
[1.8342597, 1.041045, 0.6518352, 0.14137957]
[1.8515687, 0.8737732, 0.8354874, 0.142308]
[1.801517, 0.82561696, 0.83355236, 0.14234771]
[1.6534367, 0.5975289, 0.91933346, 0.13657424]
[1.7140768, 0.850577, 0.7184409, 0.14505886]
[1.6567019, 0.6562489, 0.8586612, 0.14179182]
[1.7209107, 0.76835144, 0.80397505, 0.14858425]
[1.6617975, 0.6938492, 0.80572367, 0.1622246]
[1.8641242, 0.979378, 0.74281657, 0.1419296]
[2.091386, 0.7040184, 1.2373159, 0.15005174]
[1.7320203, 0.9184774, 0.66497004, 0.14857276]
[1.6819066, 0.8263082, 0.70730305, 0.14829531]
[1.9599854, 0.9972545, 0.8252249, 0.13750604]
[1.7761981, 0.6837348, 0.9390551, 0.15340823]
[1.5550473, 0.66920435, 0.742119, 0.143724]
[1.9947681, 0.95495284, 0.8975109, 0.14230436]
[1.6266656, 0.6366868, 0.8499298, 0.14004904]
[1.6486187, 0.783271, 0.721997, 0.14335066]
[1.591333, 0.5494505, 0.88042605, 0.16145647]
[1.9000378, 1.16162, 0.58310246, 0.15531528]
[1.6079172, 0.590868, 0.8720987, 0.14495051]
[1.8601131, 0.9243825, 0.7780068, 0.15772396]
[1.6151628, 0.8110882, 0.6660771, 0.13799766]
[1.5980779, 0.62293315, 0.8248743, 0.15027046]
[1.54613, 0.6493272, 0.7247847, 0.17201802]
[1.7333723, 0.9139849, 0.6565447, 0.16284278]
[1.6913047, 0.86269784, 0.66617614, 0.16243075]
[1.6223956, 0.64259875, 0.8300909, 0.14970605]
[1.6954665, 0.7611436, 0.76589537, 0.16842753]
[1.6650743, 0.8365712, 0.65719354, 0.17130956]
[1.5869573, 0.75514495, 0.6625352, 0.1692772]
[1.6557447, 0.675265, 0.80243945, 0.17804018]
[1.4335028, 0.5548288, 0.731004, 0.14766994]
[2.0695214, 1.2565777, 0.6385456, 0.17439808]
[1.8329905, 0.6748707, 1.0093249, 0.1487949]
[1.9245728, 0.99460256, 0.74683887, 0.18313138]
[1.9285675, 0.93483675, 0.8384587, 0.1552721]
[1.6745105, 0.5633967, 0.9839576, 0.1271562]
[1.7392349, 1.0462729, 0.5322928, 0.16066927]
[1.6092384, 0.53870595, 0.93858016, 0.13195235]
[1.8181175, 0.875111, 0.7833862, 0.15962043]
[1.8954313, 0.8481535, 0.8975649, 0.14971295]
[1.8485683, 0.7063918, 1.003952, 0.13822447]
[1.7712165, 0.8435768, 0.7883904, 0.13924931]
[1.9169475, 1.120358, 0.65156096, 0.14502846]
[1.9888179, 0.50790197, 1.332163, 0.14875293]
[2.093851, 1.2416997, 0.706685, 0.1454663]
[1.895391, 0.7486969, 1.0047716, 0.14192241]
[1.7611642, 0.9385021, 0.68181217, 0.14085001]
[1.6577407, 0.6609894, 0.85035616, 0.14639504]
[1.887134, 0.8728854, 0.87003565, 0.14421284]
[1.70668, 0.86592245, 0.69929916, 0.14145854]
[1.8394277, 0.7502394, 0.9389839, 0.15020438]
[1.6320304, 0.8100544, 0.66929924, 0.15267669]
[1.9749311, 0.9999853, 0.83322465, 0.1417211]
[1.9390585, 0.94353163, 0.85971856, 0.13580835]
[1.9030799, 1.0085851, 0.7510359, 0.14345881]
[1.6980463, 0.7478154, 0.80941105, 0.14081994]
[1.7482973, 0.8364378, 0.77712786, 0.13473168]
[1.7559652, 0.6547761, 0.95470995, 0.14647913]
[1.8573425, 1.0651383, 0.6510556, 0.14114851]
[1.8556447, 0.6674316, 1.0459695, 0.14224356]
[1.7042571, 0.92677724, 0.6256555, 0.15182438]
[1.8406807, 0.81721437, 0.89062077, 0.13284554]
[2.1054127, 1.0358126, 0.93065864, 0.13894145]
[1.846771, 0.7933744, 0.91794795, 0.13544863]
[1.768203, 0.96143484, 0.65677464, 0.14999354]
[1.8258895, 0.9089563, 0.76849264, 0.14844045]
[1.8178568, 0.72079706, 0.9740399, 0.12301983]
[1.7265832, 0.72105706, 0.8671066, 0.13841966]
[1.9058573, 0.97652346, 0.7829235, 0.1464104]
[1.8194926, 0.99101424, 0.7002238, 0.12825453]
[1.7682801, 0.8323209, 0.80097324, 0.13498607]
[1.662762, 0.775437, 0.7575775, 0.12974754]
[1.7374737, 0.7910416, 0.8240758, 0.122356355]
[1.8663348, 0.80198056, 0.9216927, 0.14266148]
[1.8181795, 0.8530098, 0.81010807, 0.15506156]
[1.8680221, 0.7699761, 0.9740426, 0.124003425]
[1.8097845, 0.9361383, 0.72595465, 0.1476916]
[1.8045948, 0.7335001, 0.9333149, 0.13777974]
[1.6473544, 0.74999887, 0.77855885, 0.11879657]
[1.7350802, 0.8207955, 0.76343375, 0.15085095]
[1.8456858, 0.813856, 0.8880514, 0.14377843]
[1.645644, 0.5808716, 0.9258269, 0.1389454]
[1.7445529, 1.0367815, 0.5511426, 0.15662867]
[1.7278311, 0.50896144, 1.0757443, 0.1431254]
[1.9274702, 1.0415566, 0.7388855, 0.14702812]
[1.9303538, 0.7998786, 0.9913337, 0.13914143]
[1.830523, 0.9002326, 0.8019329, 0.12835759]
[1.7574515, 0.87306124, 0.7325304, 0.1518599]
[1.7174892, 0.7610749, 0.8108884, 0.14552593]
[1.8980949, 0.89595556, 0.84496284, 0.15717643]
[1.8555216, 0.83808744, 0.8785027, 0.13893144]
[1.6058295, 0.8025286, 0.6558803, 0.14742067]
[1.8572553, 0.8651852, 0.8479617, 0.14410843]
[1.7109634, 0.8498577, 0.734027, 0.12707862]
[1.8071516, 0.7963507, 0.88311696, 0.12768385]
[1.9516563, 1.0088717, 0.8054389, 0.13734582]
[1.9094551, 0.7629347, 1.00584, 0.1406804]
[1.9026866, 0.88618135, 0.8885021, 0.12800315]
[1.7372128, 0.9079495, 0.68999517, 0.13926801]
[1.8336896, 0.7402521, 0.96253335, 0.1309041]
[1.9021518, 0.79029953, 0.9729291, 0.1389232]
[1.6670473, 0.6312936, 0.89375937, 0.1419943]
[1.8243666, 0.9544316, 0.7246009, 0.14533398]
[1.7290801, 0.85889393, 0.7367897, 0.13339646]
[1.9317138, 0.7584126, 1.026061, 0.14724019]
[1.8298087, 0.75130844, 0.9455411, 0.13295917]
[1.7950277, 0.7612504, 0.8977699, 0.13600743]
[1.7675118, 0.7555632, 0.8797529, 0.13219568]
[2.0327675, 1.0449148, 0.8391788, 0.14867386]
[1.7638882, 0.77838135, 0.8544851, 0.13102189]
[1.6890149, 0.9031955, 0.63833344, 0.14748597]
[1.924446, 0.71563554, 1.0532571, 0.15555331]
[1.8184701, 0.9568417, 0.72299737, 0.13863099]
[1.644796, 0.80250466, 0.695343, 0.14694834]
[1.691798, 0.6542014, 0.9010532, 0.13654345]
[1.662446, 0.72102845, 0.7948506, 0.14656703]
[1.8541056, 1.0770304, 0.6294397, 0.14763549]
[2.0100589, 0.8509978, 1.0078645, 0.15119648]
[1.8805139, 1.0599111, 0.68024087, 0.14036188]
[1.7701821, 0.9533571, 0.6929698, 0.1238552]
[2.0125175, 0.9896422, 0.8949929, 0.12788244]
[1.8020418, 0.7770951, 0.873929, 0.1510177]
[1.8313998, 0.967922, 0.73879004, 0.12468776]
[1.8643507, 0.858251, 0.88700736, 0.11909236]
[1.8636943, 0.98731315, 0.757968, 0.11841313]
[1.7922629, 0.8180149, 0.8462522, 0.12799588]
[1.8117025, 0.88192135, 0.804899, 0.12488224]
[1.7255951, 0.7423312, 0.85817677, 0.12508717]
[1.9795603, 1.0835793, 0.759918, 0.13606298]
[1.9946146, 0.8927189, 0.9827486, 0.11914702]
[1.6850178, 0.82708323, 0.736269, 0.12166558]
[1.8868275, 0.7976291, 0.97267675, 0.11652164]
[2.0240157, 0.9889591, 0.92183256, 0.11322411]
[1.8780546, 0.88770056, 0.8819889, 0.10836524]
[1.7476242, 0.7701062, 0.8594873, 0.118030615]
[1.8457578, 0.86707366, 0.85203487, 0.1266493]
[1.7426839, 0.9036229, 0.7302966, 0.10876438]
[1.6743271, 0.67502, 0.8824467, 0.11686036]
[1.6748115, 0.75753546, 0.7774474, 0.13982856]
[1.7705873, 0.7399143, 0.9138243, 0.116848655]
[1.6451283, 0.7610182, 0.76196116, 0.12214885]
[1.5973033, 0.6936708, 0.76946497, 0.13416752]
[1.6498666, 0.88638145, 0.62769055, 0.13579458]
[1.7575815, 0.71729636, 0.90079427, 0.13949078]
[1.9755632, 1.0058805, 0.8165356, 0.15314713]
[1.5671086, 0.69270027, 0.72035515, 0.15405317]
[1.8399029, 0.8413892, 0.862978, 0.13553575]
[1.7106786, 0.85957116, 0.70055646, 0.15055102]
[1.7697192, 0.73367834, 0.893546, 0.14249489]
[1.8374975, 1.0227351, 0.67872405, 0.13603836]
[1.7380996, 0.7831532, 0.7941494, 0.16079703]
[1.7135253, 0.77763104, 0.78063214, 0.15526217]
[1.7427311, 0.6603235, 0.9222624, 0.16014525]
[2.0026627, 0.8830611, 0.97819674, 0.14140493]
[1.7386236, 0.65562, 0.937778, 0.14522558]
[1.6621039, 0.85263073, 0.6673802, 0.14209294]
[1.7810246, 0.79299784, 0.837872, 0.1501547]
[1.6642146, 0.662762, 0.84425914, 0.15719348]
[1.7502539, 1.046113, 0.5507117, 0.15342924]
[1.7199204, 0.7781529, 0.776769, 0.16499853]
[1.6478164, 0.7116761, 0.78788865, 0.14825171]
[1.7362411, 0.76368946, 0.8332269, 0.1393247]
[2.0410504, 1.0186492, 0.852983, 0.16941822]
[1.8242549, 0.89201546, 0.7873487, 0.1448907]
[2.0684857, 0.9853482, 0.9406334, 0.14250399]
[1.7349837, 0.89105546, 0.69258595, 0.15134233]
[1.7823944, 1.0438793, 0.5885916, 0.14992362]
[1.6265706, 0.63020396, 0.8572622, 0.13910453]
[1.7316389, 0.9809997, 0.60329294, 0.1473462]
[1.7168548, 0.7745303, 0.7920042, 0.15032034]
[1.7768533, 0.80593896, 0.81678885, 0.15412545]
[1.8991766, 1.063704, 0.69386584, 0.14160678]
[1.8114355, 0.86757904, 0.8089845, 0.13487202]
[1.5268681, 0.61718965, 0.76116955, 0.14850895]
[1.7099404, 0.8935005, 0.6741193, 0.14232059]
[1.6943122, 0.7512895, 0.79217947, 0.15084323]
[1.7456974, 0.9197591, 0.66312087, 0.16281736]
[2.0303018, 0.76974773, 1.109459, 0.15109493]
[1.8380191, 0.86461973, 0.81450695, 0.1588924]
[1.6725686, 0.8121798, 0.69520843, 0.16518039]
[1.8435278, 0.7730291, 0.91503763, 0.1554611]
[2.0133457, 0.711522, 1.1507723, 0.15105137]
[2.0115602, 1.0562925, 0.81273705, 0.14253062]
[1.7704374, 0.6619706, 0.9625885, 0.14587818]
[1.8087193, 0.6444081, 1.0066626, 0.15764856]
[1.8589156, 1.0740188, 0.648324, 0.13657278]
[1.7476087, 0.7718056, 0.8361967, 0.13960642]
[1.7908852, 0.642647, 1.0196428, 0.12859538]
[1.6189002, 0.7591147, 0.6974536, 0.16233194]
[1.970847, 0.7453653, 1.0691147, 0.15636697]
[1.7515191, 0.89901537, 0.72893846, 0.1235653]
[1.8926761, 0.7906705, 0.9621844, 0.13982113]
[1.7832558, 0.85089034, 0.7993284, 0.1330371]
[1.9332812, 0.9008655, 0.89069986, 0.14171575]
[1.76213, 0.896744, 0.73167294, 0.13371307]
[1.8071251, 0.8076724, 0.8425426, 0.15691024]
[1.9000738, 0.7785865, 0.98598194, 0.13550527]
[2.0090723, 0.922433, 0.9464886, 0.1401506]
[1.7983772, 0.85609895, 0.806603, 0.13567516]
[1.82777, 0.86888576, 0.82764566, 0.13123861]
[1.8005307, 0.90233195, 0.76865137, 0.12954742]
[1.6363709, 0.7524171, 0.753842, 0.13011178]
[1.7140167, 0.9000299, 0.6849316, 0.12905528]
[1.7102323, 0.6571388, 0.9148555, 0.13823797]
[1.7325861, 0.8697919, 0.72166836, 0.14112598]
[1.8364831, 0.9454447, 0.73985493, 0.15118349]
[1.7669232, 0.76850796, 0.85340846, 0.1450068]
[1.8850632, 0.8304742, 0.9252912, 0.12929772]
[1.875393, 1.0009825, 0.7276044, 0.14680609]
[1.6814932, 0.7588301, 0.7677525, 0.15491053]
[1.6500715, 0.79938835, 0.71082914, 0.13985412]
[1.7970079, 0.6937515, 0.9538959, 0.14936057]
[1.5554454, 0.74785334, 0.6581638, 0.14942837]
[1.7901813, 0.88606656, 0.76559484, 0.13851991]
[1.9102402, 0.8045252, 0.9513576, 0.1543574]
[1.8062278, 0.76225704, 0.90223837, 0.14173232]
[1.9550247, 0.9317635, 0.87546235, 0.14779884]
[1.7743957, 0.7143548, 0.91874796, 0.14129299]
[1.5539578, 0.69748616, 0.7221048, 0.13436684]
[1.7094499, 0.65329313, 0.90190184, 0.15425491]
[1.704737, 0.80962616, 0.74884, 0.14627072]
[1.7816318, 0.77892905, 0.84062684, 0.16207592]
[1.7017959, 0.83201826, 0.6942281, 0.17554963]
[1.8802606, 0.8511202, 0.86559916, 0.16354118]
[1.7726264, 1.0040176, 0.6138457, 0.1547631]
[1.9441198, 0.541364, 1.2558043, 0.1469516]
[1.9772657, 1.2168069, 0.6229131, 0.1375457]
[1.6887139, 0.6862527, 0.86471176, 0.13774946]
[1.6842916, 0.91001296, 0.6231426, 0.15113609]
[1.7137718, 0.8318147, 0.7281775, 0.15377963]
[1.7170978, 0.72564816, 0.8641889, 0.12726074]
[1.7299963, 0.93769443, 0.6416465, 0.15065537]
[1.7258649, 0.8905337, 0.6940686, 0.14126259]
[1.8446854, 0.5885066, 1.1043131, 0.15186575]
[1.7011161, 0.8271867, 0.74715006, 0.12677933]
[1.9404798, 0.95697117, 0.83420193, 0.14930671]
[1.655148, 0.8163141, 0.6702484, 0.16858548]
[1.6446816, 0.90977347, 0.590332, 0.14457616]
[1.894951, 0.8664885, 0.86318624, 0.16527614]
[1.6220038, 0.7610767, 0.71476275, 0.14616436]
[1.7482445, 0.831985, 0.7738277, 0.14243191]
[1.6495229, 0.68152845, 0.81461364, 0.15338075]
[1.8440249, 0.867332, 0.81351566, 0.16317724]
[1.7289068, 0.8176068, 0.7625392, 0.1487607]
[1.7467644, 0.5625334, 1.0232756, 0.16095547]
[1.7661108, 0.866045, 0.73510253, 0.16496325]
[1.7368621, 0.9961244, 0.5811346, 0.159603]
[1.7854973, 0.554807, 1.0765163, 0.15417396]
[1.7736788, 0.93899727, 0.68156016, 0.15312138]
[1.9294317, 0.71913874, 1.0379357, 0.17235723]
[1.8327994, 0.9217191, 0.7490401, 0.16204023]
[1.7358027, 0.79937756, 0.7833992, 0.15302588]
[1.9471481, 0.8723753, 0.9253336, 0.14943905]
[2.093334, 0.9506491, 0.9983002, 0.14438456]
[1.8259482, 0.9703021, 0.71315277, 0.14249335]
[1.7989348, 0.59940493, 1.0567791, 0.14275074]
[1.7990912, 0.9815822, 0.6873332, 0.13017571]
[1.7433136, 0.6384004, 0.96192086, 0.14299232]
[1.5716074, 0.8137131, 0.62134, 0.13655427]
[1.5154402, 0.68997455, 0.67377865, 0.15168709]
[1.901585, 0.91525435, 0.829489, 0.15684167]
[1.5408424, 0.8320044, 0.56758994, 0.14124815]
[1.8229543, 0.89766395, 0.78126526, 0.14402507]
[1.7960126, 0.91081005, 0.74000233, 0.14520028]
[1.8430384, 0.7012372, 1.0036241, 0.13817713]
[1.7928271, 0.89830804, 0.7599323, 0.13458683]
[1.8254693, 0.8519593, 0.81827056, 0.1552394]
[1.7614272, 0.84587014, 0.7738652, 0.1416918]
[1.527784, 0.57452726, 0.80509835, 0.14815843]
[1.501883, 0.80209875, 0.55684507, 0.14293915]
[1.9642599, 1.0203195, 0.7859734, 0.15796703]
[1.6579655, 0.5773011, 0.9269156, 0.15374887]
[1.6493266, 0.68369985, 0.80075973, 0.16486695]
[1.510951, 0.4942237, 0.8815447, 0.13518259]
[1.7728508, 1.0892496, 0.5071833, 0.17641783]
[1.6392778, 0.8084049, 0.6791322, 0.15174069]
[1.702913, 0.7099843, 0.8202566, 0.1726721]
[1.6648242, 0.6717454, 0.82801664, 0.16506216]
[1.8920704, 1.126378, 0.5939494, 0.17174304]
[1.9725041, 0.7549333, 1.0526271, 0.16494375]
[1.951753, 0.84790206, 0.95808935, 0.1457616]
[1.8763942, 0.94351757, 0.79418695, 0.13868962]
[1.8639656, 0.8387008, 0.87115306, 0.15411171]
[1.731213, 0.82293296, 0.75241005, 0.15586999]
[1.8108444, 0.9132417, 0.7526254, 0.14497733]
[1.6601543, 0.64792305, 0.8467255, 0.16550581]
[1.4268452, 0.59161544, 0.65789115, 0.17733857]
[1.6991018, 0.9184834, 0.6197145, 0.16090398]
[1.9838667, 0.7229459, 1.1010315, 0.15988919]
[1.9632598, 0.8506365, 0.93163913, 0.18098418]
[2.0070004, 1.1171628, 0.73460364, 0.15523408]
[1.921367, 0.85960513, 0.9280068, 0.13375512]
[1.869024, 0.7288029, 0.99407053, 0.14615053]
[1.7705984, 0.8549713, 0.75612986, 0.15949723]
[2.032539, 1.1084757, 0.78614056, 0.13792259]
[1.9473822, 0.9663155, 0.83512795, 0.1459388]
[1.7705894, 0.86867374, 0.7484759, 0.15343975]
[1.8717651, 0.77411735, 0.95562243, 0.14202538]
[1.7724988, 0.87388736, 0.771912, 0.12669939]
[1.7242211, 0.79154456, 0.7931335, 0.1395431]
[1.8063989, 0.8687223, 0.79781914, 0.13985747]
[1.8542161, 0.87216806, 0.85114855, 0.1308994]
[1.8784938, 0.94143766, 0.79759055, 0.13946563]
[1.9571925, 0.899863, 0.9317819, 0.12554766]
[1.7929623, 0.6226279, 1.0337965, 0.13653785]
[1.7190002, 0.78668374, 0.7963797, 0.13593686]
[1.8851255, 1.0827732, 0.6764729, 0.12587944]
[2.0423515, 0.83287895, 1.0722518, 0.1372208]
[1.9479133, 0.94304717, 0.86968374, 0.13518237]
[1.7610569, 0.90208465, 0.7294533, 0.12951899]
[1.9394603, 0.87363255, 0.9328299, 0.13299778]
[1.6476097, 0.69108546, 0.83364975, 0.12287449]
[1.8251235, 0.9091123, 0.78550744, 0.13050394]
[1.8250813, 0.8453349, 0.8433813, 0.13636512]
[1.9931173, 0.8645045, 0.9996674, 0.12894541]
[1.9595224, 0.66775775, 1.1662874, 0.12547716]
[1.8955306, 0.9123149, 0.8525286, 0.13068715]
[1.7146235, 0.8120644, 0.778818, 0.12374106]
[1.7863483, 0.7889862, 0.8734124, 0.12394975]
[1.8094023, 0.8760571, 0.8073994, 0.1259459]
[1.9165213, 0.6818301, 1.0993161, 0.13537507]
[1.7105013, 0.8514446, 0.73920727, 0.11984947]
[1.7764196, 0.7978218, 0.8470322, 0.1315656]
