[1.8753293, 1.0079616, 0.71835, 0.14901757]
[1.9344913, 0.7057318, 1.0778611, 0.15089838]
[1.7053175, 0.7337615, 0.80208576, 0.16947034]
[1.7595779, 0.89311874, 0.7140173, 0.15244186]
[1.5269189, 0.5888465, 0.7854569, 0.1526156]
[1.9953021, 1.0747085, 0.76881146, 0.15178218]
[1.6711882, 0.5774075, 0.9521717, 0.14160904]
[1.7532804, 0.8653666, 0.73114437, 0.15676947]
[1.6538125, 0.7797754, 0.7141269, 0.15991037]
[1.8199184, 0.84292966, 0.8372121, 0.13977668]
[1.497477, 0.6208863, 0.71864897, 0.15794176]
[1.7452872, 0.7831441, 0.81194293, 0.15020013]
[1.7280276, 0.6786094, 0.87578267, 0.1736355]
[1.6251721, 0.7418016, 0.70902145, 0.17434913]
[1.8708457, 0.926041, 0.7842731, 0.16053164]
[1.860697, 0.75810504, 0.9355801, 0.16701199]
[1.8346395, 0.82967174, 0.8431057, 0.16186208]
[1.8264462, 0.7362883, 0.9409302, 0.14922771]
[1.7162132, 0.9465527, 0.59903085, 0.17062977]
[1.8064537, 0.7988064, 0.84004813, 0.16759926]
[1.8277845, 0.8009944, 0.8542696, 0.17252052]
[1.8991318, 0.98530906, 0.75734144, 0.15648124]
[1.8262194, 0.5759775, 1.0995924, 0.1506494]
[1.9100671, 1.133887, 0.6096365, 0.16654351]
[1.850185, 0.73943484, 0.95023686, 0.16051327]
[1.9353242, 1.0381365, 0.73895574, 0.15823196]
[1.7302648, 0.66836464, 0.907295, 0.15460514]
[1.8183498, 0.8152145, 0.85008633, 0.15304904]
[1.7569109, 1.0425458, 0.57575047, 0.13861468]
[1.6893735, 0.6565846, 0.8740984, 0.1586904]
[2.0050812, 0.8338599, 1.0161576, 0.15506357]
[1.8132981, 1.0272715, 0.64095324, 0.14507326]
[1.780523, 0.7011068, 0.93702, 0.1423961]
[1.7963507, 0.83207715, 0.8267832, 0.13749035]
[1.8053738, 0.84643126, 0.8043282, 0.15461431]
[1.8862633, 0.81846404, 0.9346287, 0.13317052]
[1.8884674, 0.9325638, 0.81431544, 0.14158826]
[1.6880414, 0.8243721, 0.7326577, 0.13101177]
[1.7143893, 0.8505502, 0.71664846, 0.14719072]
[1.6746516, 0.70285285, 0.83599967, 0.13579912]
[1.6603326, 0.7579782, 0.7459444, 0.15640998]
[1.9507482, 0.8860476, 0.90720975, 0.15749091]
[1.8158244, 0.9894148, 0.6786841, 0.14772548]
[1.9240237, 0.5840972, 1.203959, 0.1359676]
[1.8640049, 0.93580127, 0.7850065, 0.14319707]
[1.6659973, 0.8459445, 0.67903477, 0.14101791]
[1.904037, 0.93645906, 0.83670455, 0.13087338]
[1.8353959, 0.8522458, 0.85188216, 0.13126786]
[1.84272, 0.82206804, 0.86801004, 0.15264197]
[1.905554, 1.0359116, 0.7350341, 0.13460833]
[1.6725954, 0.66292167, 0.8661301, 0.1435436]
[1.9439605, 0.7773329, 1.0136193, 0.15300839]
[1.762626, 0.92434096, 0.70016074, 0.13812433]
[2.133918, 0.95558524, 1.0472838, 0.13104898]
[1.8777488, 0.9003441, 0.83851135, 0.13889351]
[1.7681217, 0.8887986, 0.7536494, 0.12567379]
[2.0772412, 0.89486563, 1.0596907, 0.12268478]
[1.8547403, 0.7476251, 0.97414434, 0.13297081]
[1.8559995, 1.0161663, 0.71476007, 0.12507305]
[2.1321213, 1.1280185, 0.8843627, 0.11974032]
[1.8014226, 0.763983, 0.92413604, 0.11330351]
[1.9948697, 1.0510592, 0.824749, 0.119061455]
[1.8164417, 0.767572, 0.9333303, 0.11553947]
[1.9339514, 0.8862196, 0.9335665, 0.11416528]
[1.7425314, 0.9502126, 0.67694706, 0.11537184]
[1.7763342, 0.89279616, 0.77921605, 0.10432198]
[1.732948, 0.74970245, 0.8527331, 0.1305124]
[1.8609569, 0.86923945, 0.8821958, 0.10952161]
[1.7236094, 0.671733, 0.9315159, 0.12036062]
[1.6458417, 0.6641653, 0.85560733, 0.12606911]
[1.7666717, 0.92955434, 0.7282776, 0.10883975]
[1.7695829, 0.68984747, 0.9599278, 0.11980764]
[1.7688626, 0.8384789, 0.79741514, 0.13296859]
[1.5543737, 0.7350409, 0.7044202, 0.114912614]
[1.7379631, 0.8829653, 0.7347573, 0.12024048]
[1.8902112, 0.7943246, 0.97039676, 0.12548983]
[1.8522007, 0.8685793, 0.8470939, 0.13652757]
[1.7364929, 1.0006492, 0.61078954, 0.12505415]
[1.697712, 0.7485518, 0.8258928, 0.12326744]
[1.7885504, 0.7312088, 0.9312747, 0.12606688]
[1.6021135, 0.8114879, 0.6627064, 0.12791926]
[1.742201, 0.8834207, 0.7152381, 0.14354213]
[1.6364992, 0.6360575, 0.8630789, 0.13736275]
[1.5930047, 0.63288355, 0.83194184, 0.12817936]
[1.7145221, 0.9807728, 0.58469474, 0.14905451]
[1.8927969, 1.0144559, 0.73371005, 0.14463091]
[1.4542303, 0.59761655, 0.7171824, 0.1394313]
[1.6636358, 0.9310591, 0.57033676, 0.16223988]
[1.6354355, 0.59815836, 0.88406175, 0.15321532]
[1.6867198, 0.825191, 0.6998359, 0.16169281]
[1.8356903, 0.617942, 1.0693766, 0.14837174]
[1.9150312, 0.94304085, 0.81886625, 0.15312406]
[1.8399903, 0.9665817, 0.70057166, 0.17283691]
[2.1730375, 0.9832308, 1.0359418, 0.15386492]
[1.9506304, 1.0730315, 0.73912156, 0.13847736]
[1.7299387, 0.7556015, 0.8391267, 0.13521057]
[1.6978652, 0.7422383, 0.81003475, 0.14559218]
[1.6561325, 0.8233921, 0.6910868, 0.14165354]
[1.8069572, 0.86896193, 0.78858036, 0.14941496]
[2.0283315, 1.051202, 0.83540237, 0.14172709]
[1.759563, 0.6663368, 0.95405984, 0.1391663]
[1.9403578, 0.97632945, 0.8277314, 0.13629702]
[1.8062674, 0.76309085, 0.9001865, 0.14299004]
[1.9678249, 0.82993644, 0.9931536, 0.1447348]
[1.6517643, 0.7701819, 0.75242937, 0.12915306]
[1.9904426, 0.88171077, 0.96025527, 0.14847657]
[1.7560819, 0.6518282, 0.9689183, 0.13533533]
[1.8354961, 0.84668815, 0.8635803, 0.12522762]
[1.9512024, 0.9562932, 0.8631623, 0.13174689]
[1.6865311, 0.8459986, 0.7185837, 0.121948674]
[1.8244051, 0.8922486, 0.7944975, 0.13765895]
[1.8882295, 0.7582356, 1.0038462, 0.12614775]
[1.7865651, 0.94771993, 0.71341264, 0.12543255]
[1.8229804, 0.7120664, 0.9818069, 0.12910718]
[1.7342343, 0.9764746, 0.6302687, 0.127491]
[1.8192085, 0.8602421, 0.82547075, 0.13349569]
[1.6265489, 0.81674516, 0.6897769, 0.12002686]
[1.6986649, 0.7226676, 0.8363472, 0.13965009]
[1.8619542, 0.89119065, 0.84663445, 0.1241291]
[1.9496752, 0.8069054, 0.99527997, 0.14748988]
[1.8370268, 1.0379615, 0.67662024, 0.122445054]
[1.7501727, 0.7663043, 0.84957236, 0.13429606]
[1.7546707, 0.8998334, 0.73226005, 0.122577325]
[1.9401826, 0.8662125, 0.92806846, 0.14590156]
[1.8363556, 0.7758588, 0.9192667, 0.14122996]
[1.869452, 0.8953153, 0.8541984, 0.1199384]
[1.6020981, 0.627656, 0.83767927, 0.13676286]
[1.7883687, 0.8726474, 0.7735771, 0.14214417]
[1.881362, 0.8347212, 0.9039419, 0.14269872]
[1.8148241, 0.8345567, 0.84133255, 0.13893479]
[1.6292006, 0.6390181, 0.8467884, 0.14339416]
[1.8259841, 0.7871791, 0.89620805, 0.14259696]
[1.665515, 0.8081105, 0.7124702, 0.1449343]
[1.801402, 0.7826826, 0.88392323, 0.13479614]
[1.6053401, 0.58935374, 0.8634702, 0.15251625]
[2.0442772, 1.0432984, 0.8393729, 0.16160598]
[1.5076916, 0.7842343, 0.5817642, 0.14169315]
[1.7479262, 0.7043625, 0.8918881, 0.15167576]
[1.5915371, 0.7321446, 0.7089776, 0.15041493]
[1.7261822, 0.6712812, 0.9125378, 0.14236319]
[1.8437388, 0.71487075, 0.97678226, 0.15208572]
[2.0060163, 1.0101444, 0.85038406, 0.14548783]
[1.7225624, 0.6377555, 0.91627425, 0.16853277]
[1.766088, 0.7508615, 0.8495093, 0.16571707]
[1.5331049, 0.7465362, 0.64019084, 0.14637774]
[1.8320166, 0.8464573, 0.83728015, 0.14827904]
[1.6166481, 0.7716616, 0.69580567, 0.14918078]
[1.663918, 0.63375056, 0.8858286, 0.14433888]
[1.868718, 0.8482713, 0.8541198, 0.16632693]
[1.7247007, 0.7208712, 0.8483161, 0.15551347]
[1.9839734, 1.0649691, 0.76135224, 0.15765205]
[1.6709841, 0.6847671, 0.8235759, 0.16264114]
[1.861193, 1.0156959, 0.69120336, 0.15429366]
[1.7703679, 0.6745014, 0.9307327, 0.16513368]
[1.7598078, 0.9379386, 0.6692213, 0.15264796]
[1.8290656, 0.6694526, 1.0165523, 0.14306073]
[1.695497, 0.7962682, 0.74196255, 0.15726626]
[1.9982352, 0.94732106, 0.90172756, 0.14918661]
[2.0848684, 1.2142795, 0.7226968, 0.14789203]
[1.6655886, 0.6009558, 0.9276029, 0.13702995]
[1.9406767, 1.0231208, 0.772779, 0.14477691]
[1.4965565, 0.59069127, 0.7616882, 0.14417714]
[1.7540418, 0.86298066, 0.7319116, 0.15914953]
[1.7354481, 0.71491784, 0.86788094, 0.15264943]
[1.9050876, 0.96156186, 0.7976308, 0.14589484]
[1.5724285, 0.6870228, 0.73089683, 0.1545088]
[1.8894364, 0.92053413, 0.83098066, 0.1379216]
[1.8901998, 0.8762808, 0.8477379, 0.16618109]
[1.825055, 0.8151227, 0.8815212, 0.12841108]
[1.8700643, 0.87363267, 0.85525274, 0.14117882]
[1.7069491, 0.9259143, 0.6268094, 0.1542255]
[1.7477112, 0.9102844, 0.69799596, 0.13943076]
[1.6734594, 0.67905295, 0.8499783, 0.14442813]
[1.7753286, 0.7561958, 0.86473703, 0.15439579]
[1.666177, 0.8303279, 0.6769898, 0.15885927]
[1.7782261, 1.0080794, 0.62169755, 0.14844912]
[1.7884182, 0.7027954, 0.93763256, 0.14799023]
[1.6539791, 0.7363441, 0.7646994, 0.15293545]
[1.8195868, 0.93976736, 0.7165845, 0.16323498]
[1.6821363, 0.7515886, 0.7882863, 0.14226137]
[1.8809129, 0.98367184, 0.74256384, 0.1546773]
[1.7290413, 0.63447315, 0.9455042, 0.14906403]
[1.8372147, 0.81603146, 0.85839003, 0.1627931]
[1.8220376, 1.0788934, 0.58417857, 0.15896562]
[1.7174516, 0.6501875, 0.90917003, 0.15809408]
[1.7536504, 0.76595235, 0.8323835, 0.15531462]
[1.7898215, 0.8028181, 0.82505035, 0.1619531]
[1.6394603, 0.6575773, 0.820497, 0.16138597]
[1.8172367, 0.991819, 0.66627145, 0.15914622]
[1.6209191, 0.6817759, 0.78661215, 0.15253098]
[1.6044787, 0.7622819, 0.67180914, 0.17038764]
[1.937832, 1.0470353, 0.7205112, 0.17028545]
[1.9381231, 0.9266763, 0.8504007, 0.16104619]
[1.9736158, 0.8766264, 0.95113754, 0.14585187]
[2.0785038, 0.7896351, 1.1324697, 0.15639898]
[1.8288547, 1.149359, 0.5242964, 0.15519933]
[1.6803634, 0.5865191, 0.94886386, 0.14498049]
[1.810621, 0.7777058, 0.877267, 0.1556482]
[1.6547995, 0.84222496, 0.66153204, 0.1510424]
[1.8271512, 0.77013123, 0.9187772, 0.13824269]
[1.5462979, 0.62552273, 0.7573781, 0.1633971]
[1.7350255, 0.9497894, 0.6267531, 0.158483]
[2.0135117, 0.63335246, 1.2277403, 0.15241876]
[1.7206926, 1.130183, 0.44168413, 0.14882559]
[1.7276622, 0.7068229, 0.8810208, 0.13981852]
[2.0751095, 1.2154473, 0.7146832, 0.14497894]
[1.6222043, 0.59327805, 0.89291644, 0.13600983]
[1.8874155, 0.9803286, 0.77145064, 0.13563618]
[1.9790502, 1.1253464, 0.7065606, 0.14714319]
[1.7812195, 0.6853331, 0.96232414, 0.13356239]
[2.0337539, 1.0523036, 0.84017795, 0.14127229]
[1.6573352, 0.74173325, 0.7905625, 0.12503943]
[1.9107656, 0.92257166, 0.8590374, 0.1291566]
[1.5399698, 0.66605973, 0.74553037, 0.12837973]
[1.7349879, 0.8359307, 0.7744304, 0.12462671]
[1.8376812, 1.0312465, 0.6795242, 0.12691048]
[2.0004804, 0.7839624, 1.0728705, 0.14364743]
[1.8828803, 0.7849859, 0.9684111, 0.12948336]
[1.9234774, 0.9303739, 0.84882426, 0.14427921]
[1.6847191, 0.5849389, 0.9760145, 0.12376565]
[1.6288985, 0.7337173, 0.7689333, 0.1262479]
[1.9330002, 0.80239975, 0.9941252, 0.13647519]
[1.8986728, 0.8827747, 0.87215066, 0.14374751]
[1.7525203, 0.6752881, 0.9444457, 0.13278651]
[1.769611, 0.8265921, 0.7948364, 0.14818247]
[1.7980152, 0.8141188, 0.8441345, 0.13976188]
[1.8329636, 0.7806462, 0.9066678, 0.14564958]
[1.7283947, 0.6427185, 0.94204634, 0.14362988]
[1.8223722, 0.84719217, 0.83354414, 0.14163595]
[1.645226, 0.65394557, 0.84038854, 0.15089189]
[1.7586915, 0.7691525, 0.82714117, 0.16239783]
[1.8334876, 0.716985, 0.96687305, 0.14962962]
[1.8670423, 1.0448909, 0.6964119, 0.12573962]
[1.894094, 0.7374978, 1.0123724, 0.14422384]
[1.8265857, 0.8758015, 0.8039516, 0.14683263]
[1.5849934, 0.7600047, 0.6912163, 0.13377237]
[1.9165356, 0.7659161, 1.010994, 0.13962549]
[1.8123649, 0.8137675, 0.86955893, 0.12903848]
[2.0364313, 1.1846519, 0.7015103, 0.15026926]
[1.8938961, 0.75207615, 0.99946296, 0.14235702]
[1.7025577, 1.011518, 0.5557165, 0.1353232]
[1.9784051, 0.9884934, 0.8695029, 0.12040886]
[1.9470896, 0.96602756, 0.8549996, 0.12606235]
[1.5288446, 0.63894635, 0.7732175, 0.116680756]
[1.8459156, 1.0025033, 0.6959889, 0.14742339]
[1.7159638, 0.89017445, 0.6857641, 0.14002535]
[1.7104727, 0.8572293, 0.7294723, 0.12377104]
[1.7548834, 0.79842293, 0.8240762, 0.13238426]
[1.7317787, 0.8412733, 0.7459582, 0.14454725]
[1.7774719, 0.87317777, 0.7882874, 0.11600678]
[1.9996895, 0.81603765, 1.0527558, 0.13089599]
[1.7245371, 0.76319885, 0.81870794, 0.14263034]
[1.951365, 1.1186047, 0.7043309, 0.12842944]
[1.8301841, 0.67192084, 1.0349762, 0.12328707]
[1.5683984, 0.75151217, 0.6840941, 0.13279212]
[1.7536064, 0.83471334, 0.7881013, 0.1307918]
[1.8593214, 0.9995158, 0.72327644, 0.13652924]
[1.7730973, 0.7598727, 0.86856186, 0.1446628]
[1.880507, 0.9021547, 0.8412528, 0.13709946]
[1.9002544, 0.87651443, 0.884109, 0.13963096]
[2.053773, 0.9884628, 0.919074, 0.14623624]
[1.829403, 0.9201235, 0.7779436, 0.13133585]
[1.8498486, 0.8648081, 0.84042597, 0.14461456]
[1.8467214, 0.64711064, 1.0711352, 0.12847562]
[1.8908892, 0.7174177, 1.0389488, 0.1345227]
[1.7164623, 0.87539077, 0.7099433, 0.13112824]
[1.7089428, 0.7409085, 0.8336053, 0.13442898]
[1.7202258, 0.8092307, 0.7877263, 0.12326878]
[1.8642198, 0.95804894, 0.7691817, 0.13698916]
[1.6843446, 0.6330695, 0.9225035, 0.12877169]
[1.7958208, 0.94868654, 0.7116025, 0.1355318]
[1.7454114, 0.748862, 0.85180414, 0.14474526]
[1.5539836, 0.5072055, 0.8979455, 0.14883256]
[1.9521592, 1.0125647, 0.77383286, 0.16576171]
[1.7566438, 0.66036355, 0.9615745, 0.1347058]
[1.707167, 0.8606285, 0.6985023, 0.14803626]
[2.0469606, 0.863672, 1.0306301, 0.15265837]
[1.761526, 0.9426273, 0.6777991, 0.1410996]
[1.8487726, 0.7972188, 0.9094715, 0.14208235]
[1.6714315, 0.71447486, 0.8240168, 0.13293982]
[1.9626689, 0.8734845, 0.9468525, 0.14233178]
[1.766695, 0.8180792, 0.8134309, 0.13518494]
[2.197896, 0.9759989, 1.085807, 0.13609022]
[1.9411352, 0.9725357, 0.82073265, 0.14786668]
[1.9264249, 0.8637245, 0.9345013, 0.12819898]
[1.7658727, 0.9135534, 0.7242554, 0.12806386]
[1.7048771, 0.68205184, 0.88936865, 0.13345672]
[1.8068125, 0.8600223, 0.81632566, 0.1304645]
[1.6985726, 0.8025028, 0.77403784, 0.12203191]
[1.7471533, 0.78494525, 0.82021457, 0.1419935]
[1.8389788, 0.84289664, 0.86762947, 0.12845269]
[1.8516239, 0.7060901, 1.0124692, 0.13306461]
[1.8867317, 0.9850571, 0.7603029, 0.14137173]
[2.0187001, 0.9097487, 0.9701579, 0.13879359]
[1.7329689, 0.83932936, 0.76480293, 0.12883666]
[1.6692353, 0.8658302, 0.67674005, 0.12666515]
[1.8510984, 0.8481771, 0.87368244, 0.12923892]
[1.8296602, 0.87233055, 0.8294911, 0.12783863]
[1.9067825, 0.9207486, 0.8652762, 0.120757654]
[1.9101291, 0.8171493, 0.96129805, 0.13168162]
[1.6842661, 0.8088004, 0.7372018, 0.138264]
[1.9337652, 0.9069352, 0.8950231, 0.13180688]
[1.6931474, 0.7192582, 0.83745766, 0.1364316]
[1.8404318, 0.70321333, 1.0095567, 0.12766182]
[1.483328, 0.7366847, 0.6034353, 0.14320803]
[1.632038, 0.90322113, 0.5874713, 0.14134562]
[1.8268311, 0.93982756, 0.745733, 0.14127056]
[1.8846742, 0.7780294, 0.96680474, 0.13983996]
[1.6542457, 0.8495882, 0.6675936, 0.13706386]
[1.7227589, 0.7022326, 0.8994241, 0.12110223]
[1.9398112, 0.81912386, 0.9741342, 0.14655317]
[1.898881, 0.92893296, 0.8140961, 0.15585181]
[1.9185555, 1.1260722, 0.65996253, 0.13252077]
[1.670572, 0.8504952, 0.6897173, 0.13035956]
[1.785465, 0.831262, 0.82677287, 0.12743023]
[1.6644791, 0.73363423, 0.78799856, 0.14284635]
[1.7766731, 0.8703176, 0.7620692, 0.14428627]
[1.9164059, 0.9710591, 0.80626965, 0.13907714]
[1.8589089, 0.7933605, 0.91268516, 0.15286323]
[1.7267263, 0.91382545, 0.6636617, 0.14923912]
[1.5538454, 0.6537739, 0.75619346, 0.14387795]
[1.9055705, 1.0844665, 0.6761726, 0.14493147]
[1.535757, 0.7322929, 0.6592647, 0.14419933]
[1.7409782, 0.74168515, 0.8543321, 0.144961]
[1.7446138, 0.7674167, 0.8352852, 0.14191191]
[1.6866845, 0.7774997, 0.76324654, 0.14593828]
[1.9102296, 0.8719021, 0.8971528, 0.1411747]
[1.7074975, 0.7642505, 0.7978088, 0.14543805]
[1.7948998, 0.7607145, 0.9014104, 0.13277498]
[1.8602223, 0.87976277, 0.82751966, 0.15293986]
[1.7992595, 0.81003726, 0.83688915, 0.15233314]
[1.8834715, 0.85667586, 0.8821747, 0.1446209]
[1.7438408, 0.8136562, 0.7840136, 0.14617094]
[1.7267008, 0.7148882, 0.8779468, 0.13386582]
[1.8015937, 1.0008072, 0.66534144, 0.13544497]
[1.7990854, 0.7048198, 0.96271074, 0.1315549]
[1.7524426, 0.83227086, 0.76698184, 0.15318991]
[1.6969329, 0.8151844, 0.7337445, 0.14800395]
[1.8616495, 0.75194377, 0.9581877, 0.15151809]
[1.6908891, 0.925751, 0.6115923, 0.15354587]
[1.9193445, 0.82462066, 0.9482887, 0.14643517]
[1.6091934, 0.6631801, 0.7985004, 0.14751291]
[1.7696977, 0.8822758, 0.73283535, 0.15458652]
[1.6593065, 0.7106284, 0.7982589, 0.15041918]
[1.981318, 0.8625027, 0.96526945, 0.15354583]
[1.6683567, 0.86067957, 0.66675395, 0.14092316]
[1.9998952, 0.87405276, 0.965238, 0.16060448]
[1.6347028, 0.88531834, 0.6120503, 0.13733418]
[1.6821047, 0.69599634, 0.84599775, 0.14011058]
[1.8107522, 0.71159714, 0.9430018, 0.15615322]
[2.0549543, 1.019225, 0.8836373, 0.15209201]
[1.5584285, 0.5097449, 0.9153933, 0.13329026]
[1.8363752, 1.0053194, 0.6782164, 0.15283942]
[1.8557653, 1.004605, 0.7008171, 0.15034315]
[1.8795929, 0.88918054, 0.83741546, 0.15299687]
[1.7395079, 0.80228794, 0.7881781, 0.14904185]
[1.74595, 0.7327522, 0.8701796, 0.14301822]
[1.5344815, 0.8851166, 0.491261, 0.15810394]
[1.93026, 0.67007756, 1.0963482, 0.1638342]
[1.7849913, 0.87698483, 0.75713456, 0.15087193]
[1.5095005, 0.73293126, 0.63028073, 0.14628857]
[1.6898401, 0.81519485, 0.71029633, 0.16434884]
[1.8253034, 0.8151686, 0.8543246, 0.15581022]
[1.8131679, 0.8740489, 0.7510203, 0.18809879]
[2.010217, 0.9398183, 0.9249073, 0.14549142]
[1.8319817, 0.79861194, 0.8834933, 0.14987636]
[1.5929034, 0.5804589, 0.8675949, 0.14484954]
[1.7109574, 0.77714217, 0.7698227, 0.16399248]
[1.6467686, 0.82865363, 0.66008437, 0.15803051]
[1.6936044, 0.6748247, 0.8690796, 0.14970008]
[1.7692833, 0.9400742, 0.6773528, 0.15185632]
[1.6159999, 0.6612811, 0.7955683, 0.15915063]
[1.567197, 0.52010983, 0.8846904, 0.16239682]
[1.6704032, 1.1020385, 0.39787534, 0.17048943]
[1.7520927, 0.49376476, 1.1050228, 0.15330519]
[1.8880422, 1.0835509, 0.64299405, 0.16149725]
[1.7344954, 0.69855344, 0.8709893, 0.1649527]
[1.8068355, 0.9118959, 0.72602904, 0.16891065]
[1.7940321, 0.7289394, 0.9023858, 0.16270682]
[1.8087591, 0.8766397, 0.7690816, 0.16303778]
[1.6536944, 0.5954211, 0.8992563, 0.15901703]
[1.6947837, 0.68914056, 0.8388088, 0.16683432]
[1.6977487, 0.81790197, 0.7191229, 0.16072378]
[1.8209708, 0.89377266, 0.76469153, 0.16250661]
[1.6142119, 0.5839625, 0.84863144, 0.18161802]
[1.6567876, 0.8716039, 0.61637336, 0.16881037]
[1.5225148, 0.6108364, 0.7376192, 0.17405911]
[1.7277374, 0.79452646, 0.74493825, 0.18827267]
[1.9952631, 0.7100632, 1.0989313, 0.18626857]
[1.6785259, 0.9617244, 0.56842226, 0.14837936]
[1.5717964, 0.7305945, 0.68663776, 0.15456414]
[1.8308794, 0.7811236, 0.8759509, 0.17380494]
[1.558252, 0.68335605, 0.70580566, 0.16909029]
[1.8153045, 0.8920492, 0.7584687, 0.16478656]
[1.7498585, 0.82418424, 0.76416826, 0.16150603]
[1.6904957, 0.64349216, 0.8858315, 0.16117218]
[1.5500053, 1.0081875, 0.36121753, 0.18060026]
[1.5967466, 0.57328117, 0.860589, 0.16287637]
[1.7885299, 0.7426845, 0.8609598, 0.18488555]
[1.8336196, 0.9959601, 0.67677486, 0.16088462]
[1.6495379, 0.73562837, 0.7393203, 0.1745893]
[1.7147381, 0.71927416, 0.8173506, 0.1781134]
[1.9098433, 0.9859874, 0.7589561, 0.16489986]
[1.9597042, 0.84061515, 0.9498293, 0.16925983]
[1.7219354, 0.8455936, 0.72977686, 0.14656499]
[1.7022253, 0.845503, 0.6858358, 0.17088664]
[1.5016485, 0.5695154, 0.7618623, 0.1702708]
[1.8285213, 1.08632, 0.57202506, 0.17017613]
[1.7146715, 0.73243505, 0.8195397, 0.16269669]
[1.6070197, 0.91097146, 0.51226187, 0.18378638]
[1.7494621, 0.7795495, 0.81652814, 0.15338446]
[1.6736226, 0.709697, 0.8080919, 0.15583375]
[1.5572222, 0.5999332, 0.7937825, 0.16350661]
[1.8538615, 1.2170824, 0.45582992, 0.18094905]
[1.732872, 0.77228713, 0.7929337, 0.16765112]
[1.6378617, 0.5743546, 0.9011953, 0.1623118]
[1.5604825, 0.6518335, 0.7224531, 0.18619579]
[1.8243144, 0.94181156, 0.70199573, 0.18050712]
[1.4447982, 0.70569015, 0.5717686, 0.1673395]
[1.9474453, 0.7510127, 1.0200071, 0.17642549]
[2.1394725, 1.2003312, 0.75907767, 0.18006349]
[2.0803866, 1.0016973, 0.91644096, 0.16224845]
[1.7672249, 0.72087723, 0.8784906, 0.16785708]
[2.0006802, 0.84591675, 0.9915303, 0.16323319]
[2.0723305, 1.0728498, 0.84653234, 0.1529484]
[1.8330073, 0.75691026, 0.9288373, 0.14725965]
[1.6364154, 0.638556, 0.85859966, 0.13925967]
[1.814157, 0.8971708, 0.7698462, 0.14714003]
[1.6693475, 0.7540089, 0.7751435, 0.14019516]
[1.8865616, 1.0452225, 0.68746173, 0.15387738]
[1.8457556, 0.55537605, 1.1436373, 0.14674227]
[1.5762488, 0.55412203, 0.8646779, 0.15744889]
[1.7526035, 0.66765, 0.92759544, 0.15735817]
[1.8365356, 1.1874871, 0.47397116, 0.17507729]
[1.9950155, 0.77744704, 1.0688574, 0.14871106]
[1.7321558, 0.6928835, 0.88093156, 0.15834072]
[1.5669066, 0.65563226, 0.734497, 0.17677727]
[1.775013, 0.9336453, 0.7076704, 0.13369733]
[1.7901542, 0.82229245, 0.81981415, 0.14804763]
[1.7910997, 0.89526725, 0.75449866, 0.14133367]
[1.9865271, 0.74518764, 1.0918759, 0.14946349]
[1.9391751, 1.007664, 0.7808839, 0.15062726]
[1.8817314, 0.9165194, 0.830722, 0.13448998]
[1.9689356, 0.7791347, 1.0514232, 0.13837779]
[1.9366803, 0.9908041, 0.79861236, 0.14726387]
[1.8482721, 0.7768563, 0.92597675, 0.14543897]
[1.7932448, 0.88684773, 0.76098096, 0.14541614]
[1.9491513, 0.80349404, 0.9918821, 0.15377519]
[1.7696699, 0.9155476, 0.7214204, 0.13270192]
[1.878439, 0.75589526, 0.98197126, 0.14057244]
[1.8389411, 0.8329005, 0.877467, 0.12857372]
[1.7731495, 0.8843509, 0.74963915, 0.1391595]
[1.7192578, 0.83552, 0.7480099, 0.13572788]
[1.7430795, 0.75680524, 0.8556403, 0.13063395]
[1.8911152, 0.76448584, 0.9784285, 0.14820084]
[1.791337, 0.93827933, 0.72292477, 0.13013285]
[1.7424107, 0.9286079, 0.6586615, 0.15514132]
[1.8943629, 0.6611207, 1.0991436, 0.13409849]
[1.8806245, 1.0999861, 0.64370376, 0.1369347]
[1.6220948, 0.78480744, 0.70664483, 0.1306425]
[1.5483315, 0.71421695, 0.68425256, 0.1498621]
[2.01327, 0.9487667, 0.9096971, 0.15480612]
[1.9225743, 0.7675956, 1.0102198, 0.14475891]
[1.659952, 0.7595629, 0.77808774, 0.12230141]
[1.820636, 0.9230422, 0.7604402, 0.13715358]
[1.8510995, 0.9880611, 0.7234743, 0.13956398]
[1.7881429, 0.83963895, 0.80807424, 0.14042976]
[1.647232, 0.7574774, 0.7374601, 0.15229464]
[1.6210885, 0.71333194, 0.77690005, 0.13085656]
[1.6366477, 0.7378679, 0.7523837, 0.14639619]
[1.8425494, 0.8200136, 0.87097555, 0.15156034]
[1.7212938, 0.7441467, 0.8318436, 0.14530353]
[1.6934915, 0.78203464, 0.7660488, 0.145408]
[1.7747338, 0.89252675, 0.72729826, 0.15490872]
[2.1030269, 1.2471945, 0.7053263, 0.1505061]
[1.7646648, 0.6424108, 0.9825335, 0.1397204]
[1.7476076, 0.98038, 0.6135463, 0.15368126]
[1.9348774, 0.8660948, 0.9276705, 0.14111209]
[1.6705741, 0.8231853, 0.69380367, 0.15358505]
[1.8539271, 0.9666928, 0.74022764, 0.14700675]
[1.7365465, 0.6401448, 0.95378846, 0.14261314]
[1.8283734, 0.95037526, 0.72540385, 0.15259427]
[1.6568506, 0.7439054, 0.76857936, 0.14436583]
[1.8402532, 0.93111223, 0.75848216, 0.15065882]
[1.8025055, 0.8285564, 0.83229595, 0.14165303]
[1.6381162, 0.78124607, 0.70392174, 0.15294848]
[1.7652078, 0.97326446, 0.6367259, 0.15521745]
[1.7591987, 0.7896194, 0.81360364, 0.15597555]
[1.9066224, 0.80377686, 0.9350848, 0.16776076]
[1.8832486, 0.7785797, 0.95633495, 0.14833397]
[1.8528666, 0.92837644, 0.77776456, 0.14672565]
[1.798202, 0.74885535, 0.91796297, 0.13138372]
[1.7987586, 0.9176575, 0.729439, 0.15166214]
[1.6941601, 0.6839854, 0.8694451, 0.14072958]
[1.6630425, 0.6153082, 0.9049362, 0.14279816]
[1.8182877, 0.87793964, 0.7935039, 0.14684422]
[1.7573633, 0.82533675, 0.7757734, 0.15625304]
[1.9516737, 0.74961865, 1.0585418, 0.14351326]
[1.6940637, 0.7810968, 0.7578281, 0.15513867]
[1.7754012, 0.8639588, 0.78769046, 0.12375201]
[1.9735775, 0.8499776, 0.9807755, 0.14282437]
[2.0832882, 0.7799666, 1.1717397, 0.13158196]
[1.887674, 1.0611813, 0.6822511, 0.14424162]
[1.8580652, 0.79379976, 0.93894184, 0.12532362]
[1.8589741, 0.78922963, 0.93815136, 0.13159306]
[1.8095808, 0.8839689, 0.7951876, 0.13042426]
[1.8380299, 0.8080288, 0.89751804, 0.13248307]
[1.7857261, 0.90696377, 0.75492245, 0.123839915]
[1.5592141, 0.6565603, 0.76576006, 0.13689375]
[1.6842178, 0.7126808, 0.8405478, 0.13098915]
[1.787916, 0.69132566, 0.9613669, 0.13522339]
[1.8836555, 1.0196575, 0.7306217, 0.13337639]
[1.6541744, 0.57680213, 0.93816346, 0.13920888]
[1.8320484, 0.81925523, 0.85950017, 0.15329307]
[1.5540617, 0.5921955, 0.8071123, 0.15475398]
[1.8045517, 0.91921604, 0.7311516, 0.15418412]
[1.6383288, 0.90836155, 0.58707106, 0.1428962]
[1.7228523, 0.6060858, 0.979916, 0.13685057]
[1.7863472, 0.9036882, 0.7358937, 0.14676523]
[1.9240274, 0.94804204, 0.8297406, 0.14624481]
[1.6666781, 0.792258, 0.73630244, 0.13811767]
[1.8610032, 0.8885796, 0.8088424, 0.16358109]
[1.765789, 0.97518843, 0.64118457, 0.149416]
[1.7419631, 0.69098395, 0.90817606, 0.1428032]
[1.9639325, 0.9599729, 0.8455812, 0.15837833]
[1.6303308, 0.90644383, 0.57912123, 0.1447657]
[1.9401903, 0.6989835, 1.0940895, 0.14711744]
[1.5286995, 0.89298034, 0.49347487, 0.14224434]
[1.8303605, 0.91839796, 0.7794725, 0.13249001]
[1.9788982, 0.8414049, 0.9888448, 0.14864843]
[1.9744732, 0.761425, 1.0707928, 0.14225547]
[1.9381549, 0.90564835, 0.89329123, 0.13921541]
[1.8534433, 0.82348144, 0.88536227, 0.14459956]
[1.9185939, 0.6748773, 1.0966034, 0.1471132]
[1.6629598, 0.764673, 0.7507736, 0.14751314]
[1.7265147, 0.7478994, 0.8496619, 0.12895334]
[1.7564108, 0.84370285, 0.7886053, 0.124102674]
[2.021394, 0.98221976, 0.8999202, 0.13925408]
[1.7534719, 0.8341923, 0.773278, 0.1460016]
[1.9422898, 0.97950166, 0.8405533, 0.122234866]
[1.793926, 0.8015239, 0.8725171, 0.119885]
[1.6945789, 0.6468121, 0.9128424, 0.13492438]
[1.7825024, 0.7434516, 0.90717924, 0.1318716]
[1.8450041, 0.9971702, 0.70924985, 0.13858408]
[1.8691492, 0.8332888, 0.9023151, 0.13354543]
[1.9184201, 1.0985007, 0.69662356, 0.12329583]
[1.8197463, 0.7842809, 0.921026, 0.11443941]
[1.702339, 0.7095548, 0.87554294, 0.11724129]
[1.8627056, 0.798902, 0.9287993, 0.13500437]
[1.867463, 0.8487034, 0.8984155, 0.120344006]
[1.9782201, 0.8918742, 0.9509504, 0.1353955]
[1.7300576, 0.889672, 0.71043354, 0.12995207]
[1.8384697, 0.96835935, 0.73932046, 0.13079001]
[1.7922133, 0.8020944, 0.8484572, 0.14166172]
[1.9279711, 0.9634264, 0.83192855, 0.13261613]
[1.7278014, 0.7631637, 0.8456559, 0.11898188]
[1.5844111, 0.65997326, 0.7994553, 0.12498262]
[1.8016356, 0.75434846, 0.92560226, 0.12168496]
[1.7592326, 0.8948791, 0.73255813, 0.13179538]
[1.6270037, 0.61318153, 0.887255, 0.12656713]
[1.7931547, 0.94451165, 0.7180116, 0.13063139]
[1.7189274, 0.61848617, 0.9530196, 0.14742166]
[1.7602546, 0.7460382, 0.8723259, 0.14189053]
[1.6379485, 0.7412958, 0.7466835, 0.14996916]
[1.7324644, 0.69863415, 0.88826597, 0.14556435]
[1.7655061, 0.880108, 0.7390779, 0.14632024]
[1.7737477, 0.81330824, 0.8252359, 0.13520364]
[1.6394575, 0.6549465, 0.8418737, 0.14263731]
[1.7565664, 0.98842597, 0.6247163, 0.1434242]
[1.9428782, 0.78363353, 1.0232716, 0.13597317]
[2.043693, 1.07777, 0.82847446, 0.1374486]
[1.7228242, 0.7882515, 0.8017497, 0.13282295]
[1.900896, 1.0231371, 0.7496809, 0.12807798]
[1.6293048, 0.7892679, 0.7125473, 0.12748954]
[1.838218, 0.8642916, 0.8250285, 0.1488979]
[1.7585702, 0.7686493, 0.83751726, 0.15240365]
[1.775223, 0.86482716, 0.7824005, 0.12799531]
[2.0325785, 0.7827215, 1.0987592, 0.15109786]
[1.9412451, 0.9878185, 0.81877744, 0.13464919]
[1.8170649, 0.9471601, 0.72075695, 0.1491479]
[1.7788215, 0.7136625, 0.93583614, 0.12932278]
[1.963316, 0.9404205, 0.87947357, 0.14342189]
[1.7486882, 0.916353, 0.70283735, 0.12949789]
[1.6414288, 0.86134315, 0.6475854, 0.13250034]
[1.9266092, 0.94091165, 0.8307402, 0.15495726]
[1.8480374, 0.8394654, 0.87244797, 0.136124]
[1.7402959, 0.9395644, 0.6754884, 0.12524305]
[1.6950088, 0.6944003, 0.8763392, 0.12426931]
[1.6382676, 0.6721258, 0.814183, 0.15195885]
[1.919058, 0.82296675, 0.9573941, 0.138697]
[1.6761014, 0.90424156, 0.6305837, 0.14127609]
[1.8471142, 0.73548007, 0.96105003, 0.15058407]
[1.7673129, 0.7120745, 0.9089977, 0.14624055]
[1.8070743, 0.8121216, 0.8538461, 0.14110664]
[1.8211356, 0.7952407, 0.8896544, 0.13624057]
[1.8599404, 0.8655924, 0.8547399, 0.13960806]
[2.0347362, 1.097251, 0.7965155, 0.14096949]
[1.5631638, 0.6856383, 0.7549927, 0.122532785]
[1.9979986, 0.9786347, 0.8818766, 0.13748725]
[1.989526, 1.0212586, 0.8220242, 0.14624316]
[1.6751016, 0.94569075, 0.6161444, 0.11326646]
[1.9925361, 0.9610063, 0.8941679, 0.13736185]
[1.7619911, 0.5952363, 1.041779, 0.124975756]
[1.8744237, 0.9242435, 0.8139297, 0.1362505]
[1.7226958, 0.81990314, 0.7841189, 0.11867379]
[1.6435016, 0.6948745, 0.8015342, 0.14709294]
[1.7922941, 0.88488054, 0.7773869, 0.13002668]
[1.7861425, 0.8021815, 0.84546906, 0.13849199]
[1.8422518, 0.8775917, 0.82800055, 0.1366595]
[1.698233, 0.62112105, 0.94161195, 0.13550007]
[1.8009298, 0.86365676, 0.81104374, 0.12622935]
[1.7257235, 0.8350408, 0.7441517, 0.14653096]
[1.9874903, 0.91817874, 0.9248453, 0.14446628]
[1.9311255, 0.98330665, 0.816338, 0.13148078]
[1.9120789, 0.9831742, 0.79469025, 0.13421445]
[1.7228736, 0.7586688, 0.8332591, 0.13094568]
[1.8977998, 0.73212177, 1.040345, 0.12533316]
[1.9200422, 1.0779461, 0.7152544, 0.12684163]
[1.7118381, 0.7883049, 0.779562, 0.14397123]
[1.8385506, 0.814715, 0.89772236, 0.12611316]
[1.9905543, 1.0336313, 0.8202467, 0.13667625]
[1.7109126, 0.7789602, 0.79464805, 0.13730426]
[1.7414596, 0.67925656, 0.94183576, 0.12036724]
[1.8114389, 0.7821251, 0.884229, 0.14508474]
[1.6715583, 0.8740877, 0.6646421, 0.13282849]
[1.7987064, 0.8253076, 0.83007836, 0.14332047]
[1.7259473, 0.7436846, 0.84802353, 0.13423908]
[1.6450969, 0.6543151, 0.847664, 0.14311779]
[1.6735146, 0.7953471, 0.7480134, 0.13015407]
[1.6916476, 0.6886007, 0.8613314, 0.1417155]
[1.6466886, 0.61612, 0.88292676, 0.14764182]
[1.5008839, 0.6815673, 0.66623557, 0.15308109]
[1.9327803, 0.9390434, 0.84060025, 0.15313666]
[1.8173276, 0.8653445, 0.80433357, 0.14764948]
[1.8609201, 0.85273033, 0.8534437, 0.15474609]
[1.9258754, 1.0367025, 0.7437347, 0.14543821]
[1.8258156, 0.99241775, 0.6791136, 0.15428416]
[1.6737361, 0.5919683, 0.9389046, 0.14286324]
[1.671207, 0.8755161, 0.64368355, 0.15200731]
[1.7006458, 0.852642, 0.70998657, 0.13801733]
[1.9178307, 0.9604842, 0.8117137, 0.14563276]
[1.8796939, 0.60701346, 1.1212926, 0.15138777]
[1.7326226, 0.7266555, 0.869507, 0.13646004]
[1.7877953, 0.7456636, 0.8914423, 0.15068942]
[1.9048154, 1.0136129, 0.74935335, 0.14184925]
[1.7678187, 0.86959875, 0.758999, 0.1392209]
[1.7796907, 0.7682761, 0.8556254, 0.15578921]
[1.7816532, 0.8106824, 0.82816446, 0.14280626]
[1.7489403, 0.976251, 0.6186512, 0.15403807]
[1.9618455, 0.79050994, 1.0287734, 0.14256215]
[1.6890283, 0.8126528, 0.7401985, 0.13617688]
[1.8819901, 0.9294674, 0.7978258, 0.15469682]
[1.8588827, 0.82748365, 0.88690186, 0.1444971]
[1.6426814, 0.7799443, 0.70474035, 0.15799665]
[1.7756767, 0.7988099, 0.8320503, 0.14481649]
[1.9494267, 0.77089477, 1.0245421, 0.15398982]
[1.8120189, 0.9399767, 0.7226124, 0.14942978]
[1.7318972, 0.8397131, 0.73837924, 0.15380487]
[1.903883, 0.9705944, 0.7937797, 0.13950899]
[1.7204207, 0.74219626, 0.8253149, 0.15290968]
[1.8269358, 0.92159814, 0.76651335, 0.13882422]
[1.9827201, 0.8459653, 0.9865829, 0.15017202]
[2.0107687, 0.88464165, 0.9989086, 0.12721848]
[1.8207424, 0.88583696, 0.79595846, 0.13894707]
[1.975161, 0.79738545, 1.0338709, 0.14390455]
[1.8436438, 0.8635039, 0.8511745, 0.12896547]
[1.9326603, 0.8549464, 0.9440807, 0.13363329]
[1.8186656, 0.85300595, 0.8255663, 0.14009342]
[1.7227207, 0.767727, 0.8248689, 0.13012484]
[1.7648984, 0.73694944, 0.90315926, 0.12478976]
[1.9010274, 1.0263796, 0.7446954, 0.1299524]
[1.6509433, 0.7966057, 0.71618056, 0.13815704]
[1.6717541, 0.76131535, 0.76615155, 0.14428726]
[1.7908161, 0.78799236, 0.8592442, 0.14357942]
[1.7991483, 0.90662396, 0.7512611, 0.14126325]
[1.8628867, 0.7480681, 0.9739275, 0.14089106]
[1.6613991, 0.69640386, 0.8338206, 0.13117462]
[1.9183884, 0.96486276, 0.8027039, 0.15082172]
[1.6168485, 0.6250103, 0.8529092, 0.13892886]
[1.7890285, 0.9346173, 0.7231568, 0.13125448]
[1.8326408, 0.72797614, 0.9630012, 0.1416634]
[1.8408395, 0.92258644, 0.77626586, 0.14198717]
[1.8973765, 0.64163554, 1.121641, 0.13410002]
[1.794713, 0.91581833, 0.7416711, 0.13722357]
[1.8068982, 0.6894811, 0.9846834, 0.13273373]
[1.9388207, 0.80811423, 0.9957845, 0.13492192]
[1.9486582, 1.1343913, 0.681034, 0.13323283]
[1.8299937, 0.8454992, 0.8515866, 0.13290785]
[1.747527, 0.8446213, 0.7608509, 0.1420548]
[1.6784011, 0.75151706, 0.79594827, 0.13093579]
[1.8401322, 0.75144696, 0.9368218, 0.15186344]
[1.6875488, 0.7420345, 0.82186604, 0.12364831]
[1.9086818, 1.0221964, 0.7502227, 0.13626264]
[1.6639497, 0.8213588, 0.70261097, 0.13997996]
[1.7666974, 0.85707563, 0.7707226, 0.1388991]
[1.6372476, 0.8126229, 0.6844846, 0.14014009]
[2.030313, 0.94907415, 0.9387108, 0.14252803]
[1.774966, 0.7777849, 0.8569992, 0.14018193]
[1.8688203, 0.8141541, 0.91066027, 0.14400585]
[1.7256751, 1.0147445, 0.576535, 0.13439557]
[1.8753673, 0.71828055, 1.02848, 0.1286067]
[1.9060773, 0.90336156, 0.88081, 0.121905655]
[1.6920507, 0.7841969, 0.78125376, 0.12660003]
[1.667909, 0.68695474, 0.8498684, 0.1310859]
[1.8043005, 0.9404137, 0.7160543, 0.14783251]
[1.8329209, 0.9331274, 0.74498034, 0.15481317]
[1.747167, 0.7924602, 0.8186835, 0.13602327]
[1.88848, 1.0116339, 0.74232167, 0.1345244]
[1.8046505, 0.9344487, 0.739463, 0.1307388]
[1.9837263, 0.8139231, 1.0404701, 0.12933302]
[1.7033377, 0.8821937, 0.69443923, 0.1267047]
[1.7033129, 0.92343366, 0.64550877, 0.1343705]
[1.9434543, 0.8949169, 0.9129899, 0.1355474]
[1.7042382, 0.93325657, 0.6393459, 0.13163564]
[1.7295756, 0.80828404, 0.796857, 0.12443456]
[1.8323799, 0.9183795, 0.7761922, 0.13780822]
[1.7097157, 0.87768525, 0.7024263, 0.12960422]
[1.7815729, 0.9281905, 0.72177684, 0.1316055]
[1.7026886, 0.90941787, 0.63842225, 0.15484844]
[1.8295162, 0.7981646, 0.89227843, 0.1390731]
[1.8432896, 0.7709137, 0.93559617, 0.13677979]
[1.917801, 0.98053175, 0.7961559, 0.14111336]
[1.6651404, 0.7267957, 0.7993109, 0.13903375]
[2.157886, 1.0495628, 0.9706218, 0.13770154]
[1.7860724, 0.89406884, 0.7684026, 0.12360099]
[1.6396052, 0.5636007, 0.9501369, 0.12586746]
[1.656896, 0.9151708, 0.60402966, 0.13769558]
[1.769931, 0.76324356, 0.8648908, 0.14179662]
[1.9993918, 1.0997211, 0.7603973, 0.13927335]
[1.75199, 0.7430904, 0.8820947, 0.1268049]
[1.6374803, 0.7304563, 0.7869608, 0.12006314]
[1.8006939, 0.8143231, 0.8591918, 0.127179]
[2.0480056, 1.1619303, 0.74610966, 0.13996556]
[1.8544571, 0.749586, 0.96687055, 0.13800055]
[2.000283, 1.0084115, 0.8749187, 0.11695281]
[1.7778643, 0.77083147, 0.87984735, 0.12718543]
[1.6616544, 0.7031914, 0.815706, 0.14275691]
[1.6383593, 0.73698556, 0.7736462, 0.12772745]
[1.9888266, 1.0585132, 0.7940512, 0.1362623]
[1.9003651, 0.8045467, 0.9748633, 0.120955124]
[1.8660297, 0.6670844, 1.0561887, 0.14275675]
[1.6769853, 0.88964516, 0.6557025, 0.1316376]
[1.8975067, 0.77898204, 0.97981703, 0.13870767]
[2.149546, 1.0871503, 0.9315469, 0.13084862]
[1.7879822, 0.7841273, 0.880672, 0.123183034]
[1.7054839, 0.9006882, 0.6759955, 0.12880012]
[1.816117, 0.8811773, 0.814294, 0.12064578]
[1.762643, 0.7615453, 0.8630982, 0.13799942]
[1.7155929, 0.83999836, 0.74547136, 0.13012317]
[1.7301273, 0.724196, 0.87741315, 0.12851804]
[1.9464772, 0.8674768, 0.9476665, 0.1313338]
[1.6309103, 0.7149633, 0.77523303, 0.14071392]
[1.6380258, 0.75552595, 0.7251546, 0.15734532]
[1.5793719, 0.72518253, 0.697004, 0.15718535]
[1.8251815, 1.0564829, 0.6123309, 0.1563676]
[1.8169513, 0.8354876, 0.85879755, 0.12266607]
[1.8585309, 0.8480391, 0.8582902, 0.15220152]
[2.0906465, 0.9250053, 1.0221775, 0.14346376]
[1.4603103, 0.6274894, 0.7004348, 0.13238612]
[1.8547442, 0.8331845, 0.8676995, 0.15386024]
[1.7249942, 0.6747008, 0.91050404, 0.13978937]
[1.8766354, 0.8909848, 0.824337, 0.16131362]
[1.8718237, 0.8265234, 0.9053422, 0.13995807]
[1.8424841, 0.7993331, 0.88533247, 0.15781857]
[1.7589037, 0.9963062, 0.61343163, 0.14916593]
[1.6572887, 0.7354926, 0.7874495, 0.13434662]
[1.7326026, 0.76609546, 0.8242205, 0.14228667]
[1.7679724, 0.8105967, 0.7996908, 0.15768492]
[1.9969451, 0.8416388, 1.0076494, 0.14765686]
[1.7134054, 0.9032032, 0.6680087, 0.14219362]
[1.8730093, 0.8480574, 0.87722355, 0.14772831]
[2.0675766, 1.1301451, 0.80036044, 0.13707116]
[1.9029679, 0.9048368, 0.85483503, 0.14329612]
[1.7482336, 0.7552311, 0.8596176, 0.13338491]
[1.7725047, 0.87151515, 0.7690651, 0.13192448]
[1.8072388, 0.7415979, 0.93389606, 0.13174482]
[1.8127939, 0.9250076, 0.7573549, 0.1304313]
[1.8569905, 0.8844292, 0.8285749, 0.14398637]
[1.6992822, 0.68608904, 0.8664387, 0.14675455]
[1.8156346, 0.8604381, 0.8116828, 0.14351363]
[1.9593728, 0.8329692, 0.98771316, 0.13869046]
[1.9001242, 0.9275375, 0.84554064, 0.12704596]
[1.7363143, 0.6511847, 0.9452955, 0.13983417]
[1.9574198, 1.1401036, 0.68404686, 0.13326935]
[1.8423803, 0.646286, 1.0719988, 0.12409544]
[1.6802924, 0.8419688, 0.6882742, 0.15004943]
[1.6833304, 0.9484674, 0.61462986, 0.12023319]
[1.9153178, 0.8936037, 0.8925093, 0.12920474]
[2.1634429, 0.9092802, 1.1246107, 0.1295522]
[1.6501471, 0.6635443, 0.8612363, 0.12536661]
[1.7119544, 0.7354189, 0.85888255, 0.11765283]
[1.7933909, 0.8463932, 0.816424, 0.13057366]
[1.6710017, 0.78744614, 0.75833213, 0.12522337]
[1.8289206, 0.8409263, 0.8570187, 0.13097557]
[1.8094612, 0.8670797, 0.80976623, 0.13261533]
[1.6354468, 0.73133004, 0.7584103, 0.14570639]
[1.59972, 0.6951956, 0.7778301, 0.12669419]
[1.8594512, 0.8096594, 0.9063914, 0.14340033]
[1.6916412, 0.69580805, 0.85524, 0.1405932]
[2.0783427, 0.8477625, 1.0917287, 0.13885143]
[1.8130558, 1.0083352, 0.6691599, 0.13556069]
[1.789716, 0.8819941, 0.7678392, 0.13988271]
[1.8079292, 0.8017854, 0.8645613, 0.14158238]
[1.9782032, 0.85570985, 0.97884464, 0.14364871]
[1.9643495, 1.0354068, 0.7978692, 0.13107345]
[1.8404646, 0.7087731, 1.0001805, 0.13151094]
[1.6650864, 0.8206613, 0.71939635, 0.12502868]
[1.7240049, 0.7479261, 0.84246564, 0.13361312]
[1.7312379, 0.7948934, 0.8055562, 0.13078833]
[1.7067671, 0.7983681, 0.76943934, 0.13895965]
[1.9335253, 0.83222735, 0.96630985, 0.1349881]
[1.7652178, 0.9521144, 0.68123764, 0.13186568]
[1.9824517, 0.8416608, 1.0021775, 0.13861345]
[1.7964988, 0.97172713, 0.7004336, 0.124338]
[1.5709167, 0.67251444, 0.77077544, 0.1276268]
[1.7438653, 0.669129, 0.91777045, 0.15696575]
[1.8075306, 1.0022022, 0.651456, 0.15387245]
[1.7680612, 0.72407967, 0.8919857, 0.15199584]
[1.6804632, 0.87807137, 0.657387, 0.14500487]
[1.9255419, 0.8588052, 0.9256655, 0.14107114]
[1.7611098, 0.66448987, 0.96978164, 0.12683837]
[2.265557, 1.4256406, 0.69097346, 0.14894293]
[1.8312242, 0.7140696, 0.98561615, 0.13153838]
[1.6408328, 0.7849797, 0.72382843, 0.13202469]
[1.8249004, 0.85314685, 0.83035064, 0.14140293]
[1.7211261, 0.7840829, 0.8009112, 0.13613199]
[1.7911675, 0.80102676, 0.8393085, 0.15083215]
[1.7820863, 0.8727674, 0.7627382, 0.14658058]
[1.9087625, 1.0327336, 0.72897327, 0.14705557]
[2.09937, 1.0959711, 0.86246777, 0.1409312]
[1.8284488, 0.79001594, 0.90018296, 0.13824993]
[1.8731904, 0.86561304, 0.878775, 0.12880224]
[1.8418713, 0.9790859, 0.7311423, 0.13164309]
[1.8837838, 0.6988299, 1.0552007, 0.12975322]
[1.879267, 0.91981435, 0.82969695, 0.12975577]
[1.6370397, 0.69285846, 0.8089235, 0.13525775]
[1.6227587, 0.7900096, 0.6881654, 0.14458373]
[1.8801488, 0.80513537, 0.9410815, 0.13393185]
[1.6492057, 0.66690725, 0.83877575, 0.14352274]
[1.8324184, 1.0115275, 0.6798897, 0.14100116]
[1.7228913, 0.63728446, 0.94460356, 0.14100339]
[1.9281924, 0.9295385, 0.85393965, 0.14471418]
[1.5392233, 0.81003845, 0.58850473, 0.14068024]
[1.7303178, 0.79371864, 0.78288496, 0.15371412]
[1.6390352, 0.9566271, 0.5258195, 0.15658867]
[1.7676139, 0.68144476, 0.93863153, 0.14753763]
[1.5586473, 0.68059754, 0.7432385, 0.13481128]
[1.6575615, 0.6847709, 0.82555974, 0.14723091]
[1.7387443, 0.90154064, 0.66853607, 0.1686675]
[1.9925148, 0.8275845, 1.0138644, 0.15106598]
[1.8321505, 0.8171487, 0.8547069, 0.16029495]
[1.8648967, 0.8392018, 0.87769365, 0.14800121]
[1.7144405, 0.68179893, 0.8796248, 0.15301666]
[1.7634499, 0.831302, 0.7874348, 0.14471316]
[1.9381326, 0.80442315, 0.96867394, 0.1650356]
[1.6892592, 0.8209385, 0.7138994, 0.15442124]
[1.8798897, 0.9267068, 0.785506, 0.16767693]
[1.6889567, 0.7348165, 0.8080719, 0.14606835]
[1.9103342, 0.7998278, 0.9565725, 0.15393385]
[1.8923445, 1.1381251, 0.6191896, 0.13502978]
[1.586934, 0.5238507, 0.92852956, 0.13455376]
[1.854136, 0.945849, 0.7608645, 0.14742254]
[1.8324721, 1.0116973, 0.6823441, 0.13843077]
[1.8120196, 0.78425336, 0.9051121, 0.12265415]
[2.0105357, 0.792416, 1.0800947, 0.13802499]
[1.7093487, 0.8635104, 0.70923936, 0.13659897]
[1.7780763, 0.8595459, 0.77868617, 0.1398443]
[1.9211378, 0.9606334, 0.83858436, 0.12192011]
[1.8309673, 0.7509435, 0.9464136, 0.13361025]
[1.5729654, 0.8239871, 0.6335143, 0.115463965]
[1.6834185, 0.8974076, 0.64122826, 0.1447827]
[1.666414, 0.691623, 0.82587874, 0.1489123]
[1.8477914, 0.98291945, 0.709448, 0.15542404]
[1.8997477, 0.90917873, 0.8526025, 0.13796654]
[1.5551302, 0.7993337, 0.6043221, 0.15147452]
[1.7243824, 0.6984463, 0.8843349, 0.14160126]
[1.9113748, 0.7961521, 0.96922916, 0.14599347]
[1.7611227, 0.7857045, 0.8129886, 0.16242957]
[1.8063751, 0.717716, 0.94323105, 0.14542809]
[1.7816851, 0.80220354, 0.84083426, 0.13864735]
[1.6686788, 0.7994473, 0.7243091, 0.14492236]
[1.9446126, 0.7854247, 1.0154152, 0.14377269]
[1.9165238, 0.9013144, 0.85770166, 0.15750778]
[1.6769953, 0.79610455, 0.7403355, 0.14055513]
[1.6469907, 0.7215429, 0.7618594, 0.16358837]
[1.7141626, 0.7622061, 0.7996939, 0.15226263]
[1.6911283, 0.7343216, 0.8123665, 0.14444023]
[1.8599616, 1.037446, 0.67492795, 0.14758769]
[1.6098156, 0.54436916, 0.9152446, 0.15020183]
[1.6384579, 0.7380999, 0.7487381, 0.15161988]
[1.7975643, 0.8998531, 0.7422574, 0.15545373]
[1.7477939, 0.70305175, 0.89917696, 0.14556524]
[1.8814193, 0.9147117, 0.83163625, 0.1350714]
[1.8466456, 1.0112939, 0.6832405, 0.15211123]
[1.8557094, 0.79188967, 0.8989709, 0.16484894]
[1.537094, 0.74215144, 0.6438066, 0.15113603]
[1.7081771, 0.9017837, 0.65444463, 0.15194869]
[1.6549108, 0.638414, 0.8690362, 0.14746056]
[1.5254169, 0.62909174, 0.7332842, 0.16304088]
[2.1766956, 1.2010622, 0.81334007, 0.1622931]
[2.0393198, 0.780955, 1.114237, 0.14412789]
[1.750266, 0.915898, 0.67548776, 0.15888014]
[2.065704, 0.8890301, 1.0343318, 0.14234228]
[1.7169192, 0.7917924, 0.7770301, 0.14809667]
[1.6447511, 0.7226242, 0.79135275, 0.13077414]
[1.7070484, 0.97374386, 0.60072666, 0.13257793]
[1.9505186, 0.8953874, 0.90971917, 0.14541191]
[1.6936836, 0.8191491, 0.73267996, 0.14185454]
[1.7912129, 0.8729318, 0.77340263, 0.14487846]
[1.7330294, 0.86391985, 0.72220653, 0.14690301]
[1.6748037, 0.763418, 0.76033366, 0.15105194]
[2.0790374, 1.0085618, 0.91603065, 0.15444493]
[1.5969112, 0.8076829, 0.63815993, 0.15106842]
[1.8996164, 0.8581408, 0.89903414, 0.14244136]
[1.6291096, 0.6706699, 0.82430154, 0.1341381]
[1.7531261, 0.97490376, 0.6293045, 0.14891797]
[1.8779718, 0.7520053, 0.96821475, 0.15775171]
[1.55654, 0.5787444, 0.84202707, 0.13576853]
[1.8623185, 1.1264913, 0.593799, 0.14202821]
[1.7045276, 0.80295634, 0.7518629, 0.14970833]
[1.9459829, 0.7874034, 1.0234383, 0.13514113]
[1.7952111, 1.0715781, 0.5785079, 0.14512506]
[1.9421533, 0.76740813, 1.0467203, 0.12802495]
[1.7624975, 0.879068, 0.75275654, 0.13067305]
[1.8536968, 0.7556354, 0.95401347, 0.14404802]
[1.9015495, 0.9948264, 0.7701619, 0.13656113]
[1.9279882, 0.93774086, 0.85450554, 0.13574186]
[1.7107601, 0.8500524, 0.72237736, 0.13833039]
[1.6948657, 0.7429736, 0.80387586, 0.14801618]
[1.8863523, 0.80849326, 0.9357028, 0.14215618]
[1.8406746, 1.0826163, 0.62214273, 0.13591555]
[1.8794625, 0.774553, 0.9559363, 0.14897324]
[1.6958791, 0.69747245, 0.86027026, 0.13813642]
[1.8005205, 0.9128514, 0.7490302, 0.13863894]
[1.678562, 0.69148785, 0.8552085, 0.13186558]
[1.8204778, 0.7300602, 0.9618046, 0.12861298]
[1.8376173, 0.7320627, 0.96557593, 0.13997868]
[1.6763203, 0.85653603, 0.6821544, 0.13762987]
[1.9064455, 0.7661859, 0.9947407, 0.14551894]
[1.9647307, 1.0281575, 0.80955553, 0.12701768]
[1.868477, 0.6739578, 1.055443, 0.13907608]
[1.9665074, 0.8404275, 0.9803936, 0.14568636]
[1.8868097, 0.92409426, 0.8234067, 0.13930878]
[1.7062802, 0.8468058, 0.7307763, 0.12869808]
[1.8789537, 0.9049556, 0.8373069, 0.13669114]
[1.891981, 0.761961, 1.001576, 0.12844403]
[1.9126834, 0.8829742, 0.8906827, 0.13902655]
[1.6569341, 0.6604334, 0.86641157, 0.13008918]
[1.8442008, 0.94855094, 0.758368, 0.13728195]
[1.6609325, 0.6324441, 0.89943165, 0.12905678]
[1.7247219, 0.81644833, 0.7776979, 0.13057569]
[2.0367374, 0.92310876, 0.96399575, 0.14963292]
[1.9946814, 1.2237785, 0.63151634, 0.13938649]
[1.4224077, 0.58147794, 0.70603, 0.13489977]
[1.7667774, 0.80972624, 0.83028656, 0.12676468]
[1.7719996, 0.8788145, 0.76301444, 0.13017061]
[1.851572, 0.71080583, 1.0080473, 0.13271886]
[1.5618736, 0.8186008, 0.600248, 0.14302479]
[1.6685903, 0.763818, 0.77956784, 0.12520438]
[1.7031264, 0.85118103, 0.71039474, 0.14155069]
[2.0016367, 1.0039257, 0.8471726, 0.1505384]
[1.9074652, 0.95296437, 0.8241538, 0.13034707]
[1.5795404, 0.75327134, 0.7028618, 0.12340727]
[1.7588806, 0.69531935, 0.92758846, 0.13597274]
[1.8809184, 0.8599179, 0.8855315, 0.13546908]
[1.9071553, 0.9386333, 0.82987106, 0.13865086]
[1.8964286, 0.92721975, 0.83650327, 0.13270551]
[1.7480576, 0.939127, 0.68083596, 0.12809472]
[2.1353273, 1.0326233, 0.9729121, 0.12979203]
[1.7895482, 0.7039205, 0.9567181, 0.12890956]
[1.6675961, 0.7020025, 0.8506522, 0.11494132]
[1.683908, 0.8131003, 0.72741795, 0.14338973]
[1.7385482, 0.84655315, 0.75855184, 0.1334432]
[1.8337042, 0.8403001, 0.8464241, 0.14698005]
[1.6755587, 0.82825273, 0.70736516, 0.13994083]
[1.6777046, 0.6260294, 0.9100636, 0.14161152]
[1.5537385, 0.65531564, 0.77220106, 0.12622175]
[1.922795, 0.90831727, 0.87405396, 0.14042374]
[1.8952827, 0.9925627, 0.77547264, 0.12724733]
[1.505917, 0.4661111, 0.92093706, 0.118868776]
[1.8694625, 1.1591922, 0.5649933, 0.14527707]
[1.6006192, 0.62129366, 0.84246314, 0.13686235]
[1.6390605, 0.50064415, 0.9979589, 0.14045739]
[1.9836702, 1.1216418, 0.7092178, 0.1528107]
[1.7374575, 0.7554749, 0.83999175, 0.14199089]
[2.0253007, 0.9105176, 0.96301025, 0.15177308]
[2.0017943, 0.76519084, 1.0868914, 0.14971213]
[1.6743196, 0.9201572, 0.6167228, 0.13743961]
[1.708339, 0.5963469, 0.9714759, 0.1405161]
[2.1051505, 0.9105216, 1.0571475, 0.1374813]
[2.001073, 0.7753654, 1.0816599, 0.14404756]
[1.8625636, 1.113653, 0.61339587, 0.13551468]
[2.0174458, 0.9849815, 0.90459967, 0.12786458]
[1.7786475, 0.7720622, 0.8847979, 0.12178739]
[1.9485168, 0.7841883, 1.0527608, 0.11156778]
[1.7400354, 1.0616912, 0.5574895, 0.1208547]
[1.6006249, 0.82701504, 0.65935385, 0.11425598]
[1.8772506, 0.6611999, 1.0796871, 0.13636348]
[2.0650449, 1.0478218, 0.9042547, 0.11296834]
[1.777936, 0.8983607, 0.7613302, 0.11824512]
