[2.0380898, 0.7097289, 1.1730701, 0.15529093]
[1.770567, 1.0073514, 0.59764767, 0.16556802]
[1.8238187, 0.8304241, 0.8539952, 0.13939936]
[1.7427549, 0.6657431, 0.92310214, 0.15390968]
[1.8798097, 1.0934038, 0.6430592, 0.14334668]
[1.9604067, 0.8601613, 0.9515839, 0.1486615]
[1.5201051, 0.873772, 0.504297, 0.14203611]
[1.6121968, 0.6312598, 0.8348354, 0.14610156]
[1.9562516, 0.9381064, 0.86085546, 0.1572898]
[1.8455855, 0.71379924, 0.97691596, 0.15487024]
[1.5952892, 0.71601737, 0.7487093, 0.13056253]
[2.0882397, 1.000489, 0.9284808, 0.1592698]
[1.7399204, 0.7435579, 0.85520786, 0.14115468]
[1.7915949, 0.84027857, 0.7938094, 0.15750678]
[1.6909248, 0.6036111, 0.9452745, 0.1420392]
[2.0914104, 1.276525, 0.6797116, 0.13517374]
[1.7541292, 0.7176989, 0.8878288, 0.14860159]
[1.8525397, 0.84061754, 0.8584717, 0.15345037]
[1.9640687, 1.1371334, 0.6900224, 0.13691276]
[1.7755322, 0.84422886, 0.7987001, 0.13260332]
[1.8250257, 0.676558, 0.99992895, 0.14853868]
[1.7243142, 0.86193174, 0.73367834, 0.12870409]
[1.6999727, 0.77882695, 0.7716927, 0.14945303]
[1.8443584, 0.8773207, 0.8282262, 0.13881159]
[1.7873782, 0.89644754, 0.7354554, 0.15547523]
[1.8605103, 0.74676645, 0.9671532, 0.14659077]
[1.6116712, 0.77419555, 0.706812, 0.13066357]
[2.0707388, 1.0401683, 0.8855764, 0.14499398]
[1.8519521, 0.95441675, 0.76010215, 0.13743314]
[2.0340276, 1.0280373, 0.87044895, 0.13554141]
[1.847887, 0.7351476, 0.9783742, 0.13436529]
[1.7157369, 0.8755077, 0.71488726, 0.12534188]
[1.8253945, 0.78153205, 0.9147864, 0.12907612]
[2.029388, 0.8829433, 1.0131493, 0.13329537]
[1.7655234, 0.88740516, 0.74697495, 0.13114327]
[1.7770807, 0.8518578, 0.7764561, 0.14876679]
[1.9047056, 0.85556686, 0.9127918, 0.13634695]
[1.7507179, 0.9039627, 0.7228726, 0.123882584]
[1.8668983, 0.9016334, 0.82590073, 0.13936418]
[1.8487744, 0.8323834, 0.8962046, 0.12018646]
[1.7418195, 0.8315182, 0.7853206, 0.12498086]
[1.6298337, 0.72434545, 0.7582936, 0.14719468]
[1.6266378, 0.7605176, 0.7368336, 0.12928668]
[1.4935734, 0.76294255, 0.5928012, 0.13782968]
[1.8857961, 0.8357358, 0.8933404, 0.15671988]
[1.8571627, 0.9167626, 0.79885066, 0.14154944]
[1.6831353, 0.74236083, 0.79103804, 0.14973634]
[1.8432592, 0.72517776, 0.9744384, 0.143643]
[1.9771045, 1.1663395, 0.6793834, 0.1313816]
[1.9753628, 0.87068754, 0.9702076, 0.1344676]
[1.8591268, 0.91100454, 0.7972717, 0.15085052]
[1.6415094, 0.76068795, 0.7361864, 0.14463511]
[1.9467112, 0.78257227, 1.0296512, 0.13448772]
[1.804672, 0.9841783, 0.67276406, 0.14772958]
[1.8123035, 0.8854465, 0.79052544, 0.13633151]
[1.961192, 0.8638294, 0.95120835, 0.14615431]
[1.9375064, 0.8709161, 0.93215656, 0.13443369]
[1.8651288, 0.9327017, 0.80767155, 0.12475546]
[1.8967142, 1.0570912, 0.7119849, 0.12763807]
[1.6974113, 0.59881955, 0.9748195, 0.12377229]
[1.783796, 0.93018603, 0.719605, 0.13400497]
[1.9670495, 0.9224436, 0.91960263, 0.12500326]
[1.9027656, 0.8315381, 0.947861, 0.12336644]
[1.961419, 0.97955906, 0.8538916, 0.12796833]
[1.7456901, 0.7196677, 0.9133806, 0.112641856]
[1.807539, 0.8699151, 0.80336595, 0.13425797]
[1.6487864, 0.74030507, 0.77999777, 0.12848368]
[1.6200508, 0.7667888, 0.72602594, 0.12723601]
[1.7493532, 0.8666742, 0.7468528, 0.13582614]
[1.7782593, 0.6201353, 1.0182681, 0.1398558]
[1.6050106, 0.7724396, 0.6959808, 0.13659024]
[1.8044378, 0.8791044, 0.7983576, 0.12697573]
[1.7026738, 0.8207284, 0.7315747, 0.15037073]
[1.807486, 0.86254454, 0.79115415, 0.15378737]
[1.8784873, 0.68697286, 1.0572863, 0.13422821]
[1.9442036, 1.1080438, 0.7088499, 0.12730998]
[1.9466867, 0.7695708, 1.0347452, 0.14237073]
[2.1676726, 0.8992221, 1.1392797, 0.12917078]
[1.7320888, 0.7949368, 0.7974858, 0.1396662]
[2.0129018, 0.80714864, 1.0754979, 0.13025534]
[1.829536, 0.8668121, 0.84427416, 0.118449636]
[1.5667616, 0.57568324, 0.87276363, 0.11831479]
[1.8015194, 0.7751715, 0.8806423, 0.14570557]
[1.8192761, 0.9496498, 0.73880875, 0.13081752]
[1.805901, 0.7565866, 0.9279831, 0.121331275]
[1.9357246, 0.8936174, 0.91380465, 0.12830259]
[1.8584657, 0.8050075, 0.9201853, 0.13327286]
[1.7376829, 0.75940776, 0.8513662, 0.12690894]
[1.6226412, 0.72437936, 0.76844394, 0.12981789]
[1.5020574, 0.6717036, 0.69781756, 0.13253626]
[1.7768376, 0.97736716, 0.67790395, 0.12156655]
[1.9442668, 0.9243493, 0.8861617, 0.13375574]
[1.7343104, 0.7818886, 0.81030476, 0.142117]
[2.0418224, 0.8160558, 1.0876757, 0.13809088]
[1.8900961, 1.2191843, 0.5447325, 0.12617934]
[2.0606043, 0.9197553, 1.0032954, 0.13755363]
[1.7589785, 0.96258146, 0.6963988, 0.09999824]
[1.7881916, 0.7994481, 0.86736655, 0.121377006]
[1.7203968, 0.7552736, 0.8336257, 0.13149756]
[1.866364, 0.82433087, 0.90644455, 0.1355887]
[1.7668173, 0.6725198, 0.9738116, 0.120485954]
[1.8562856, 0.9595152, 0.768651, 0.12811929]
[1.833822, 0.8825993, 0.8237413, 0.12748143]
[1.9430916, 0.9249579, 0.8929599, 0.12517375]
[1.9308286, 0.92722225, 0.88678575, 0.116820574]
[1.8592129, 0.9608546, 0.76882404, 0.12953418]
[1.8979243, 0.8848829, 0.89111966, 0.1219217]
[1.5592378, 0.6321384, 0.812684, 0.11441554]
[1.7046785, 0.81127465, 0.7569293, 0.13647458]
[2.0606773, 0.84984756, 1.0883689, 0.12246081]
[1.9950389, 0.97476375, 0.89306426, 0.12721086]
[1.7106519, 0.9670203, 0.6085131, 0.13511854]
[1.8025613, 0.9356165, 0.7491114, 0.11783332]
[1.7561963, 0.7339519, 0.89035755, 0.13188669]
[1.781161, 0.7044515, 0.95262736, 0.124082044]
[1.8616768, 0.8879568, 0.84816056, 0.12555948]
[1.7669247, 0.76828843, 0.8734486, 0.12518778]
[1.8004636, 0.7586771, 0.9070095, 0.1347769]
[1.8950226, 0.8480672, 0.91307086, 0.13388461]
[1.830028, 0.9521409, 0.75174034, 0.12614682]
[1.6944984, 0.5916195, 0.9726604, 0.13021855]
[1.6744151, 0.7214439, 0.8304486, 0.12252264]
[1.6571125, 0.7608439, 0.7693228, 0.12694582]
[1.857557, 0.9165126, 0.8045181, 0.13652638]
[1.8811975, 0.9757575, 0.7651094, 0.14033061]
[1.6959026, 0.83983195, 0.7248422, 0.1312285]
[1.512253, 0.5664336, 0.8149619, 0.13085741]
[1.6971674, 0.7945175, 0.7729386, 0.12971123]
[1.8190572, 0.82940316, 0.8379867, 0.15166737]
[2.0111547, 1.0052336, 0.8735502, 0.13237095]
[1.908633, 0.9300796, 0.83162785, 0.14692552]
[1.7950666, 0.84445345, 0.8170873, 0.13352583]
[1.7799714, 0.86905265, 0.7773396, 0.1335791]
[1.9783082, 0.7418102, 1.0961401, 0.14035787]
[1.6415935, 0.7225852, 0.7822036, 0.13680464]
[1.7550216, 0.914135, 0.7125095, 0.12837705]
[1.8092264, 0.79157126, 0.8953109, 0.12234427]
[1.8575875, 0.74459225, 0.98163676, 0.13135847]
[1.7858591, 0.9017124, 0.7529731, 0.13117355]
[1.7622277, 0.76125336, 0.85456806, 0.14640626]
[1.7884426, 0.82976675, 0.8276241, 0.13105182]
[1.8611491, 0.7468915, 0.9777983, 0.13645941]
[1.9377862, 0.8529283, 0.95964396, 0.12521398]
[2.027606, 0.9976299, 0.904546, 0.12543014]
[1.8981299, 0.8900045, 0.88537645, 0.122748956]
[2.023004, 0.983315, 0.91778094, 0.12190831]
[1.7692436, 0.7658355, 0.8776374, 0.12577072]
[1.5165349, 0.7090309, 0.67243195, 0.13507214]
[1.4538937, 0.56797063, 0.7529975, 0.13292551]
[1.702153, 0.8258678, 0.7456368, 0.1306484]
[1.7091025, 0.6439861, 0.9253338, 0.1397826]
[2.0200963, 0.9898683, 0.89411414, 0.13611376]
[1.7844105, 0.68481076, 0.93553793, 0.16406173]
[2.0402215, 0.9054235, 0.9914377, 0.14336032]
[1.605474, 0.8038921, 0.6661682, 0.13541365]
[1.8120763, 0.72909784, 0.963097, 0.11988147]
[1.9393986, 1.0862674, 0.71463495, 0.13849628]
[1.6390697, 0.7879652, 0.71789974, 0.13320477]
[1.8402127, 0.9480107, 0.77068156, 0.12152035]
[1.8348569, 0.9236473, 0.77719426, 0.13401532]
[1.8466833, 0.8192209, 0.89883494, 0.12862739]
[1.9577907, 0.9649404, 0.877101, 0.115749255]
[2.0747051, 1.0975608, 0.86266184, 0.11448264]
[1.6501985, 0.74063504, 0.7739544, 0.135609]
[1.8357294, 0.8336613, 0.88013005, 0.12193799]
[1.92365, 0.8947637, 0.89780164, 0.13108464]
[1.699251, 0.7077961, 0.868963, 0.12249197]
[2.0122993, 1.0866747, 0.79416907, 0.13145544]
[1.8624966, 1.0774271, 0.67213905, 0.11293048]
[1.9483443, 0.8282601, 1.005415, 0.11466923]
[1.7653846, 0.9251735, 0.71373165, 0.1264794]
[1.7976115, 0.7779795, 0.8971756, 0.12245629]
[1.9834071, 1.0363243, 0.823344, 0.1237389]
[1.8184266, 0.73336893, 0.9689392, 0.11611849]
[1.641323, 0.7748306, 0.7375448, 0.12894765]
[1.6967738, 0.906148, 0.6657833, 0.124842465]
[1.8668222, 0.7538452, 0.9864458, 0.12653127]
[1.7265095, 0.90501875, 0.68938243, 0.13210829]
[1.9997163, 0.9129914, 0.9489371, 0.13778779]
[1.6607946, 0.68595946, 0.84928614, 0.12554899]
[2.0265758, 0.89043367, 1.0114148, 0.12472728]
[1.6716062, 0.8040787, 0.7385746, 0.12895288]
[1.833318, 0.7561703, 0.9479637, 0.12918398]
[1.9602284, 0.9351046, 0.89520097, 0.1299229]
[1.8276794, 0.84024704, 0.8687116, 0.11872074]
[1.7926383, 0.77656084, 0.8837266, 0.13235095]
[2.063298, 0.844046, 1.089931, 0.129321]
[1.704784, 0.7608292, 0.8248433, 0.11911151]
[1.8159779, 0.987196, 0.7051634, 0.12361851]
[1.9219469, 0.85504735, 0.92982996, 0.13706954]
[1.7875366, 0.82656693, 0.83745444, 0.123515196]
[1.5880007, 0.66041857, 0.81542754, 0.11215459]
[1.9145831, 1.0246154, 0.75997746, 0.12999025]
[1.6554431, 0.8167629, 0.7130243, 0.1256558]
[1.5747081, 0.6601516, 0.79046595, 0.12409055]
[1.7452686, 0.86072665, 0.74180067, 0.14274122]
[1.6231716, 0.8557493, 0.62813735, 0.13928491]
[1.8360516, 0.809237, 0.89011407, 0.1367005]
[1.9750261, 0.7566207, 1.0870509, 0.13135451]
[1.7904987, 0.9245049, 0.7449893, 0.12100464]
[1.7562342, 0.76794153, 0.8554053, 0.13288738]
[1.7403871, 0.748588, 0.8677507, 0.12404837]
[1.7954068, 0.86302567, 0.79765147, 0.13472962]
[1.8290882, 0.8265768, 0.8704307, 0.13208064]
[1.7058775, 0.7322421, 0.8413796, 0.13225575]
[1.8441061, 0.91684264, 0.80183804, 0.12542543]
[1.7213435, 0.7979257, 0.8030529, 0.120364934]
[1.7252285, 0.6581409, 0.9396333, 0.12745425]
[1.648072, 0.8045953, 0.7156646, 0.1278122]
[1.7490522, 0.89065266, 0.7270783, 0.13132119]
[1.8672944, 0.809159, 0.90507305, 0.15306246]
[1.9159064, 0.9296974, 0.8268309, 0.15937811]
[1.7510502, 0.8542928, 0.7507256, 0.14603183]
[1.5366157, 0.69390833, 0.6987005, 0.14400682]
[1.9549197, 0.82561195, 0.96760154, 0.16170621]
[1.8603904, 0.83646834, 0.8798623, 0.14405975]
[1.716934, 0.89771545, 0.67764705, 0.14157155]
[1.8840533, 0.83238316, 0.9112992, 0.14037094]
[1.705525, 0.7413895, 0.8275356, 0.13659993]
[1.7648561, 0.82081485, 0.80192995, 0.14211124]
[1.7783034, 0.8513658, 0.78402555, 0.14291199]
[2.0506053, 0.79129857, 1.1109132, 0.14839356]
[1.8704224, 0.9401318, 0.7820393, 0.14825124]
[1.6921633, 0.9266264, 0.63443506, 0.13110198]
[1.8394905, 0.92272526, 0.7810463, 0.13571893]
[1.5958425, 0.6762261, 0.7796054, 0.14001092]
[1.7196523, 0.81749964, 0.7568525, 0.1453001]
[1.5746844, 0.53533584, 0.8922346, 0.14711386]
[1.5480961, 0.76457554, 0.64219725, 0.14132324]
[1.6709436, 0.829469, 0.68867874, 0.15279594]
[2.075001, 1.0073655, 0.91056347, 0.15707201]
[1.982795, 0.88886416, 0.9447323, 0.14919852]
[1.9655839, 0.8997406, 0.9101072, 0.1557361]
[1.9247434, 0.9646837, 0.8191893, 0.14087029]
[1.9597085, 0.91579497, 0.9006745, 0.14323896]
[1.8108511, 0.7759202, 0.89202315, 0.14290768]
[1.7768159, 0.87990546, 0.75774896, 0.13916147]
[1.8263032, 0.97396904, 0.7151151, 0.13721919]
[2.004659, 0.7686293, 1.0965539, 0.13947567]
[1.680184, 0.9188285, 0.61257356, 0.14878194]
[1.9687282, 0.87720793, 0.9692541, 0.12226612]
[1.7432102, 0.83826166, 0.7645411, 0.14040746]
[2.0384488, 0.9586869, 0.9527255, 0.12703624]
[1.8755597, 0.7843979, 0.9715307, 0.11963118]
[1.6443259, 0.8432046, 0.67529523, 0.12582603]
[1.6310872, 0.81354964, 0.6756574, 0.14188017]
[1.7525293, 0.89682007, 0.71051353, 0.1451956]
[2.0258808, 0.82502747, 1.058399, 0.14245449]
[1.7872424, 0.9152976, 0.74040496, 0.13153982]
[1.808335, 0.7561152, 0.9153731, 0.13684663]
[1.9106683, 0.86986965, 0.92669094, 0.1141077]
[1.9046628, 1.0068038, 0.7735082, 0.12435085]
[1.7577168, 0.75891984, 0.86269855, 0.13609841]
[1.8074652, 0.92366874, 0.75473636, 0.1290602]
[1.9869851, 0.6412116, 1.2238917, 0.12188169]
[1.7124068, 0.97938895, 0.6084607, 0.12455718]
[1.9243267, 0.8316758, 0.9745272, 0.118123695]
[1.6935725, 0.63851845, 0.91148156, 0.14357254]
[1.6294155, 0.8482279, 0.6554539, 0.12573355]
[1.8962166, 0.917426, 0.8528234, 0.12596722]
[1.5815583, 0.6560154, 0.803609, 0.121933885]
[1.5840788, 0.6131394, 0.82968646, 0.141253]
[1.8237718, 0.88717353, 0.78413796, 0.1524603]
[1.8157843, 0.7822993, 0.8885453, 0.14493975]
[1.8581771, 0.9058859, 0.8261568, 0.12613435]
[2.0694644, 0.5835976, 1.3469019, 0.13896485]
[1.5425774, 0.8007731, 0.59636945, 0.14543486]
[1.8895689, 0.88202703, 0.8717864, 0.13575543]
[1.6260887, 0.7298665, 0.763042, 0.13318026]
[1.7737923, 0.94629467, 0.6884346, 0.13906302]
[1.5983297, 0.61230326, 0.8639216, 0.12210477]
[1.6237943, 0.8910772, 0.60039675, 0.13232043]
[1.7349913, 0.64851487, 0.921549, 0.16492742]
[1.7437642, 0.73644716, 0.8528501, 0.15446687]
[1.8588837, 0.87490785, 0.8443978, 0.1395781]
[1.6775236, 0.7295672, 0.79042256, 0.15753385]
[1.8561027, 0.8679323, 0.8437233, 0.14444715]
[1.8321954, 0.87315476, 0.7878293, 0.17121139]
[1.6490773, 0.76943904, 0.73196507, 0.14767328]
[1.9949692, 1.074859, 0.77208745, 0.14802274]
[1.8604536, 0.91659385, 0.7956812, 0.14817858]
[1.5858291, 0.81952935, 0.6299656, 0.13633421]
[1.6847488, 0.71684515, 0.8217358, 0.1461679]
[1.5000999, 0.7790016, 0.5739112, 0.14718714]
[1.8481586, 0.71566916, 0.97754085, 0.15494865]
[1.7568916, 0.99082446, 0.617257, 0.14881012]
[1.5709351, 0.60746014, 0.8194866, 0.1439884]
[1.7475814, 0.73985314, 0.8313644, 0.17636383]
[1.7945278, 0.7695279, 0.8706114, 0.15438837]
[2.1602433, 1.207015, 0.78934425, 0.1638839]
[1.8304578, 0.6587504, 1.0407448, 0.13096264]
[1.8085515, 0.92443335, 0.7350986, 0.14901964]
[1.739794, 0.5136399, 1.073346, 0.1528081]
[1.747998, 1.0480074, 0.5579611, 0.1420295]
[1.7085155, 0.50462115, 1.065627, 0.13826737]
[1.6977556, 0.94455236, 0.6138675, 0.13933559]
[1.8886557, 0.7396067, 1.0103588, 0.13869026]
[1.9513674, 0.93067294, 0.8582536, 0.1624408]
[1.7788624, 0.7344506, 0.8875937, 0.15681799]
[1.7914268, 0.8093547, 0.8364628, 0.14560929]
[1.9340761, 0.807412, 0.9891118, 0.1375523]
[1.7451997, 0.7758902, 0.821271, 0.14803846]
[1.9273491, 1.0215015, 0.7621437, 0.1437039]
[1.8617527, 0.88427263, 0.83222765, 0.1452524]
[1.7272393, 0.7972634, 0.7905979, 0.13937794]
[1.9068402, 1.0808893, 0.6844006, 0.14155018]
[1.7392297, 0.73633397, 0.8605856, 0.1423101]
[1.8634484, 0.8526418, 0.8805967, 0.13020997]
[1.5261819, 0.6668531, 0.73094404, 0.12838477]
[1.6647093, 0.83999336, 0.6711467, 0.15356918]
[1.9834616, 0.98978, 0.8482702, 0.1454115]
[1.8835069, 0.71722984, 1.0153586, 0.15091851]
[1.8975929, 0.84398496, 0.89162916, 0.16197889]
[1.8949902, 0.9328337, 0.83453536, 0.12762114]
[1.7293968, 0.99288195, 0.5913601, 0.14515467]
[1.7419395, 0.6963625, 0.90887284, 0.13670424]
[1.7413616, 0.9799882, 0.6304171, 0.1309563]
[1.6713825, 0.54208666, 0.9657521, 0.16354385]
[1.7343402, 0.65693706, 0.93326473, 0.14413834]
[1.7762572, 0.9443024, 0.68681586, 0.14513884]
[1.877537, 0.9141772, 0.8249476, 0.1384123]
[1.9141643, 0.8822937, 0.88704515, 0.14482549]
[1.6174918, 0.7902324, 0.67794275, 0.1493167]
[1.8848408, 0.8191365, 0.9187458, 0.14695849]
[1.6751454, 0.6989945, 0.82036406, 0.15578678]
[1.7619054, 0.95464027, 0.664019, 0.14324623]
[1.836595, 0.77917004, 0.8920616, 0.16536346]
[1.9009111, 0.86763835, 0.88198024, 0.1512925]
[1.8857998, 0.9885069, 0.7479894, 0.14930344]
[1.9070637, 0.86348253, 0.9071352, 0.13644597]
[1.6888247, 0.8149585, 0.7377132, 0.136153]
[1.6672429, 0.6958506, 0.8232021, 0.14819019]
[1.9070321, 0.85706174, 0.9057503, 0.14422008]
[1.9026548, 0.8850129, 0.8953139, 0.122327976]
[1.7828331, 0.6556423, 0.98446256, 0.14272839]
[1.7126234, 0.76930964, 0.80168223, 0.14163154]
[1.8794339, 0.9199457, 0.8166462, 0.14284196]
[1.6722066, 0.7167877, 0.8122289, 0.14319004]
[1.8389995, 0.7155769, 0.9776492, 0.14577341]
[1.6673948, 0.77364343, 0.76067704, 0.13307428]
[1.8744495, 0.90526915, 0.8394233, 0.12975708]
[1.595279, 0.6060223, 0.8507258, 0.1385309]
[1.7410731, 0.7519129, 0.83978724, 0.14937304]
[1.8942983, 0.8208266, 0.92484343, 0.14862826]
[1.84255, 1.0654598, 0.6407677, 0.13632245]
[1.9382008, 0.9318956, 0.8697274, 0.13657787]
[1.8567946, 0.9346107, 0.7828566, 0.13932732]
[1.6940311, 0.69018877, 0.8620243, 0.14181809]
[1.8498266, 0.8180383, 0.90939814, 0.12239016]
[1.8567898, 0.9586775, 0.77110267, 0.12700969]
[1.7585204, 0.9472038, 0.6759019, 0.13541462]
[1.7999263, 0.7543002, 0.91325134, 0.13237475]
[1.8486949, 0.8696464, 0.8443823, 0.13466628]
[1.9093267, 1.0488459, 0.7324016, 0.12807915]
[1.8350245, 0.9771, 0.72462404, 0.13330038]
[1.8844271, 0.80121934, 0.94629776, 0.13691002]
[1.8267007, 0.94499, 0.7528685, 0.12884218]
[1.8658819, 0.9102831, 0.83521944, 0.12037949]
[1.8447578, 0.7925345, 0.91774935, 0.13447407]
[1.9324682, 0.9219729, 0.8883023, 0.122192934]
[1.8644048, 0.7543666, 0.9970589, 0.112979256]
[1.8741769, 0.83326, 0.92369014, 0.11722669]
[1.9546962, 1.0631492, 0.76508546, 0.12646154]
[1.6093776, 0.68781674, 0.815381, 0.10617992]
[1.7328944, 0.8230637, 0.77051723, 0.1393134]
[1.6965461, 0.8981042, 0.6793314, 0.119110465]
[1.7677647, 0.8269296, 0.81475013, 0.1260849]
[1.9778075, 0.8772981, 0.97264695, 0.1278624]
[1.9988374, 0.96475625, 0.9058867, 0.12819442]
[2.036698, 0.9043405, 1.0032661, 0.1290916]
[1.4713583, 0.52489305, 0.8367947, 0.10967061]
[1.8969481, 0.9967494, 0.7701129, 0.13008581]
[2.0849023, 1.0184845, 0.94272566, 0.12369211]
[1.751536, 0.6500827, 0.9998759, 0.10157743]
[1.6816127, 0.7738017, 0.7761737, 0.13163728]
[1.617338, 0.83386326, 0.6566808, 0.1267938]
[2.0309186, 0.96966445, 0.91695213, 0.14430195]
[1.5722253, 0.61985403, 0.828452, 0.12391924]
[1.7106684, 0.8139826, 0.7711915, 0.12549439]
[1.8368276, 0.7137679, 0.9793693, 0.14369047]
[1.6671219, 0.86095953, 0.6696249, 0.1365374]
[1.7485845, 0.7227347, 0.8982611, 0.12758881]
[1.9202746, 0.8560543, 0.92502826, 0.139192]
[1.7388628, 1.0698359, 0.5405179, 0.12850891]
[1.8352917, 0.8053789, 0.8968698, 0.13304307]
[1.8128186, 0.9124975, 0.76854783, 0.13177335]
[1.6795973, 0.8495463, 0.68391085, 0.14614007]
[1.7655033, 0.74517405, 0.88598096, 0.1343483]
[1.8290169, 0.8834226, 0.814855, 0.13073939]
[1.7516966, 0.7104682, 0.9104026, 0.13082582]
[1.8565023, 0.94993806, 0.7671857, 0.13937852]
[1.810811, 0.9447441, 0.73145777, 0.13460924]
[1.5564864, 0.86672467, 0.5669363, 0.12282544]
[1.651078, 0.61101294, 0.8900166, 0.15004852]
[1.871657, 0.89475524, 0.8238261, 0.15307568]
[1.8227341, 0.79272985, 0.8957336, 0.1342707]
[1.8335059, 1.1034095, 0.58898556, 0.14111078]
[1.7077774, 0.6988653, 0.8699832, 0.13892889]
[1.6679646, 0.7215721, 0.8181912, 0.12820134]
[1.7958927, 0.9372393, 0.72128266, 0.13737082]
[1.7825422, 0.67737603, 0.9737008, 0.13146544]
[1.9388678, 1.002115, 0.7957862, 0.14096667]
[1.6684529, 0.7072346, 0.8305944, 0.13062382]
[1.8761396, 0.7391536, 0.97681016, 0.16017579]
[1.9887515, 1.0189464, 0.80440736, 0.16539776]
[1.8963915, 0.9973483, 0.77450687, 0.12453637]
[1.9012634, 0.8923632, 0.87689304, 0.13200712]
[1.8702488, 0.87293386, 0.85984516, 0.1374698]
[1.634183, 0.71340287, 0.7929498, 0.12783036]
[1.630427, 0.81443286, 0.6850656, 0.13092855]
[1.7152921, 0.7823891, 0.7910043, 0.1418987]
[1.9324887, 0.814926, 0.99356127, 0.124001406]
[1.7996801, 0.8209547, 0.8332119, 0.14551353]
[1.8322892, 0.8296153, 0.8705225, 0.13215142]
[1.705682, 0.7401906, 0.8333901, 0.13210128]
[1.6993377, 0.7283604, 0.8345518, 0.13642551]
[1.689016, 0.78459203, 0.7647639, 0.13966]
[1.5421479, 0.7062434, 0.69280803, 0.1430965]
[1.8786801, 0.82563525, 0.92151415, 0.13153063]
[1.6228273, 0.61805916, 0.84997964, 0.15478848]
[1.9518089, 0.9553561, 0.8513429, 0.14510992]
[1.6753087, 0.6293944, 0.89146626, 0.15444809]
[2.1286917, 1.3345805, 0.64872694, 0.14538409]
[1.6210659, 0.48796552, 1.0032256, 0.12987477]
[1.8992566, 0.7345739, 1.0227968, 0.14188588]
[1.9011071, 1.0767454, 0.6838144, 0.14054729]
[1.8395362, 0.82179815, 0.8797841, 0.13795397]
[1.6661525, 0.7473892, 0.7699543, 0.14880897]
[1.8151869, 0.85839736, 0.8055596, 0.15122998]
[1.6170826, 0.6756018, 0.7913089, 0.15017205]
[1.9719973, 1.0328472, 0.7967934, 0.14235666]
[1.8170258, 0.81829935, 0.85367954, 0.14504683]
[1.7076342, 0.675844, 0.89427054, 0.13751963]
[1.6180714, 0.7831999, 0.68678343, 0.14808814]
[1.774274, 0.912681, 0.72330236, 0.13829063]
[1.5562226, 0.8102406, 0.6053909, 0.14059103]
[1.6873088, 0.57869947, 0.9683023, 0.14030695]
[1.6726342, 0.7318766, 0.81207746, 0.12868014]
[1.7487255, 1.0216558, 0.555755, 0.17131472]
[1.5110509, 0.51856846, 0.8504836, 0.14199886]
[1.7422256, 0.94439113, 0.65346706, 0.1443674]
[1.9991467, 0.5841881, 1.2531986, 0.16175993]
[1.8774028, 0.76702195, 0.96388006, 0.1465008]
[1.6886935, 0.93875015, 0.60474384, 0.14519957]
[1.9670041, 0.7419114, 1.0710351, 0.15405755]
[1.6303817, 0.8425556, 0.630316, 0.15751016]
[1.8592187, 0.7756853, 0.9237248, 0.15980862]
[1.9037042, 0.97319794, 0.7868208, 0.14368528]
[1.98355, 0.50581074, 1.326318, 0.15142116]
[1.7204264, 1.108969, 0.4605419, 0.1509155]
[1.8092623, 0.93957347, 0.72540224, 0.14428663]
[1.8350325, 0.69825095, 1.0056635, 0.1311181]
[1.8727701, 0.7387728, 1.0138258, 0.12017153]
[1.9348226, 0.93327975, 0.86859465, 0.13294815]
[1.912914, 0.99116945, 0.7984447, 0.1232999]
[1.9586802, 0.88914347, 0.9391241, 0.13041255]
[1.7609985, 0.94556385, 0.6998469, 0.11558773]
[1.6851567, 0.54342425, 1.0080688, 0.13366368]
[1.6752614, 0.85750747, 0.6864594, 0.13129446]
[1.819308, 0.7079661, 0.96079975, 0.15054232]
[1.9338353, 1.0514784, 0.7431122, 0.13924462]
[1.7732781, 0.5274484, 1.1216986, 0.12413113]
[1.7989296, 1.0081065, 0.6543143, 0.13650878]
[1.6988735, 0.65592873, 0.9056364, 0.13730842]
[1.7730662, 0.9496189, 0.68442047, 0.13902675]
[1.9271952, 0.9012093, 0.8781682, 0.14781773]
[1.8123202, 0.90476865, 0.7635436, 0.14400795]
[1.6835327, 0.9058434, 0.6422303, 0.1354591]
[1.7495584, 0.8406918, 0.7680162, 0.14085042]
[1.556804, 0.6888894, 0.74222165, 0.1256929]
[1.6701336, 0.8670454, 0.6556024, 0.1474858]
[1.7169163, 0.64322954, 0.93145543, 0.14223136]
[1.7318153, 0.9474005, 0.6331587, 0.15125605]
[1.9159642, 0.97468364, 0.7854117, 0.15586892]
[1.6679311, 0.77417773, 0.73717165, 0.15658168]
[1.8286827, 0.77107584, 0.91827893, 0.13932782]
[1.9218726, 0.86189175, 0.90581584, 0.15416507]
[1.9129114, 1.0199842, 0.7586317, 0.13429542]
[1.7071905, 0.8796224, 0.67263794, 0.15493006]
[1.9360168, 0.7694249, 1.0353463, 0.13124566]
[1.9149975, 0.86568236, 0.9114901, 0.13782503]
[1.5909264, 0.7500939, 0.7121763, 0.1286562]
[1.5231174, 0.6634877, 0.7248037, 0.13482603]
[1.6896597, 0.7570918, 0.7777517, 0.15481623]
[1.7843852, 0.8012928, 0.8318969, 0.15119557]
[1.8533562, 0.7706442, 0.93388826, 0.14882381]
[1.8175346, 0.7459773, 0.9276277, 0.14392963]
[1.7083993, 0.8465799, 0.7182238, 0.14359555]
[1.7695456, 0.7678379, 0.85614884, 0.14555879]
[1.7463298, 0.8033632, 0.79369736, 0.14926922]
[1.647263, 0.62768954, 0.84982073, 0.1697528]
[1.9366033, 0.9036381, 0.86299145, 0.1699737]
[1.939658, 0.9463489, 0.8439412, 0.1493679]
[1.9545043, 0.9071064, 0.9085986, 0.13879913]
[1.3603874, 0.44694912, 0.7620782, 0.15136012]
[1.9098155, 1.1524205, 0.60264444, 0.15475054]
[1.8247842, 0.82004875, 0.8476832, 0.1570522]
[1.9361486, 0.9785407, 0.8145925, 0.14301533]
[1.8846042, 0.8235552, 0.91794014, 0.14310887]
[1.9099932, 0.9395915, 0.835912, 0.13448969]
[1.7214427, 0.58192724, 0.9993347, 0.14018089]
[1.5595057, 0.7245026, 0.67628413, 0.15871894]
[1.9133859, 0.97706455, 0.7877406, 0.14858079]
[1.6802212, 0.8476687, 0.68902314, 0.14352933]
[1.7124423, 0.70568395, 0.8524437, 0.15431467]
[1.71877, 0.87380123, 0.6972195, 0.14774933]
[1.61567, 0.89141846, 0.57864964, 0.1456019]
[1.626991, 0.6126908, 0.86237156, 0.15192866]
[1.7673082, 1.0205086, 0.59757984, 0.14921981]
[1.6068231, 0.72843826, 0.70748055, 0.17090428]
[1.7307359, 0.79640144, 0.7803326, 0.15400186]
[1.7774608, 0.9161302, 0.7219731, 0.13935761]
[2.094225, 0.95676935, 0.98301417, 0.15444124]
[1.9714502, 0.62788475, 1.1918488, 0.15171674]
[1.6780962, 0.7932577, 0.71966255, 0.16517593]
[1.6235472, 0.7366278, 0.71630776, 0.17061163]
[2.0209105, 1.0249188, 0.85770154, 0.1382902]
[2.0775821, 0.7193357, 1.2046022, 0.15364425]
[1.8288274, 0.94088227, 0.74876696, 0.13917819]
[1.707777, 0.7550805, 0.8015414, 0.15115505]
[1.6990768, 0.6293777, 0.90577483, 0.16392423]
[1.640101, 0.775613, 0.71492726, 0.1495607]
[1.8869065, 0.987789, 0.7320785, 0.16703904]
[1.801625, 0.578278, 1.0890942, 0.13425276]
[2.0059173, 1.0992539, 0.7638056, 0.1428577]
[1.6428, 0.8545661, 0.65309775, 0.13513614]
[1.7418025, 0.7213868, 0.8692728, 0.1511429]
[1.7828035, 0.9184574, 0.72379637, 0.14054972]
[1.7495525, 0.68584234, 0.90676093, 0.15694925]
[1.6436906, 0.7717693, 0.718788, 0.15313329]
[1.5124305, 0.7363328, 0.6231799, 0.15291786]
[1.9124007, 0.90957516, 0.85020685, 0.15261859]
[1.8412627, 0.77463067, 0.92170537, 0.14492664]
[1.9469796, 0.7802862, 1.0072473, 0.15944615]
[1.7762356, 0.82227707, 0.81386197, 0.14009653]
[2.064483, 1.1535959, 0.757662, 0.15322493]
[1.7299904, 0.79720616, 0.79326206, 0.13952218]
[1.5446289, 0.77992904, 0.6375691, 0.12713069]
[1.6468146, 0.5827234, 0.91409063, 0.15000051]
[1.5464479, 0.7454096, 0.646657, 0.15438126]
[1.5912144, 0.86667603, 0.58704793, 0.13749048]
[1.5477409, 0.65662104, 0.73921037, 0.15190965]
[1.9575056, 0.9948815, 0.7965077, 0.16611637]
[2.0695732, 0.8952726, 1.0004054, 0.17389506]
[1.6479776, 0.7472304, 0.751279, 0.14946812]
[1.8104647, 0.91843355, 0.7348589, 0.15717235]
[1.9708657, 0.736272, 1.0811518, 0.15344188]
[1.7607925, 0.9799855, 0.62533754, 0.15546948]
[1.5254033, 0.7078256, 0.66903764, 0.14853998]
[1.7065964, 0.62218565, 0.9368546, 0.14755607]
[1.8814837, 0.84270865, 0.87575483, 0.16302028]
[1.7258195, 0.98510957, 0.5789603, 0.16174963]
[2.2363825, 0.8924725, 1.1944242, 0.14948578]
[1.8002892, 1.0599024, 0.5855281, 0.15485865]
[1.614817, 0.57682645, 0.8812814, 0.15670924]
[2.0547602, 1.2323138, 0.679031, 0.14341538]
[1.6630893, 0.7681245, 0.7492585, 0.14570618]
[1.7655909, 0.9776818, 0.6373149, 0.1505943]
[1.9258962, 0.77416134, 0.9928607, 0.15887415]
[1.8101375, 0.77671015, 0.8869331, 0.14649421]
[1.9812634, 0.8573692, 0.9627882, 0.16110602]
[1.6700115, 0.7901399, 0.74185884, 0.13801277]
[1.9765652, 1.069059, 0.75467604, 0.15283021]
[1.6613157, 0.659029, 0.86743677, 0.1348499]
[1.8637768, 0.87506694, 0.84516764, 0.14354222]
[1.9025658, 0.8465222, 0.9051056, 0.15093806]
[1.8831711, 0.9630188, 0.7725212, 0.14763114]
[1.7959236, 0.9042556, 0.75814223, 0.13352573]
[1.765008, 0.6561599, 0.99593294, 0.11291513]
[1.9420762, 1.0203044, 0.7870635, 0.13470823]
[1.8574317, 0.67526567, 1.0424702, 0.1396957]
[1.7931049, 0.9079122, 0.7347165, 0.1504762]
[1.8029487, 0.78706294, 0.87550145, 0.14038427]
[1.7353488, 0.8504374, 0.76082665, 0.124084815]
[1.8184651, 0.8655386, 0.8182961, 0.13463049]
[1.834568, 0.8138205, 0.8877608, 0.13298683]
[1.5643712, 0.5569848, 0.8883014, 0.119085096]
[1.8099031, 0.9956645, 0.68268776, 0.1315509]
[1.6810994, 0.6469894, 0.90039074, 0.13371922]
[1.6442243, 0.6537739, 0.84681296, 0.14363743]
[1.7686044, 0.91454506, 0.7174152, 0.13664415]
[2.0122342, 0.9237769, 0.95373046, 0.13472684]
[1.7110649, 0.86881554, 0.70899314, 0.13325635]
[1.7524786, 0.83967316, 0.78103995, 0.13176547]
[1.8291955, 0.64288217, 1.0427425, 0.14357087]
[1.9127017, 0.9943704, 0.7844868, 0.1338445]
[1.7250727, 0.72982085, 0.83435935, 0.16089259]
[1.6879823, 0.9448689, 0.5998081, 0.14330527]
[1.628932, 0.7177595, 0.77787495, 0.13329759]
[1.7625275, 0.8714509, 0.74678504, 0.14429156]
[1.6272278, 0.71230865, 0.78013724, 0.13478181]
[1.924367, 0.8980705, 0.8828974, 0.14339902]
[1.6895602, 0.5214023, 1.0105401, 0.15761776]
[1.6263845, 0.7791451, 0.69082993, 0.15640956]
[1.9677348, 0.96661377, 0.8440118, 0.15710925]
[1.6101677, 0.5896143, 0.8655628, 0.15499073]
[1.6582083, 0.7668443, 0.7390597, 0.15230432]
[1.7772387, 0.9207337, 0.71938086, 0.13712421]
[1.9148633, 1.1504176, 0.6228437, 0.1416021]
[1.6980032, 0.74059933, 0.81194055, 0.14546336]
[1.5005357, 0.54341555, 0.8276302, 0.12948994]
[1.8378527, 0.89008296, 0.77444565, 0.17332414]
[1.9589645, 1.0301285, 0.77498275, 0.15385325]
[1.8779026, 0.5855551, 1.1412443, 0.15110323]
[1.8291633, 0.9794549, 0.7226613, 0.12704712]
[1.8694556, 0.8268985, 0.90214807, 0.14040893]
[1.7678581, 0.865497, 0.7567056, 0.14565547]
[1.6546848, 0.72105515, 0.78650796, 0.14712168]
[1.533988, 0.73059094, 0.66368127, 0.13971573]
[2.0311327, 1.087034, 0.80961764, 0.13448098]
[1.8655744, 0.81058276, 0.91908395, 0.13590768]
[1.8288058, 0.9497064, 0.7450918, 0.13400757]
[1.8042287, 0.76602936, 0.90323794, 0.13496134]
[1.763864, 0.92853475, 0.70480597, 0.13052331]
[1.9379942, 0.7778506, 1.0084776, 0.1516661]
[1.4673904, 0.59569514, 0.72202, 0.1496752]
[1.7562166, 1.0304034, 0.5891249, 0.1366884]
[1.6986885, 0.7237177, 0.83909965, 0.1358712]
[1.8782301, 0.8763915, 0.86420584, 0.13763288]
[1.530725, 0.7258532, 0.66226995, 0.14260188]
[1.9506679, 0.8416456, 0.9620346, 0.14698774]
[1.7848694, 0.85095656, 0.78945935, 0.14445356]
[1.9407516, 0.9946884, 0.79953146, 0.14653173]
[1.8237962, 1.057507, 0.6193459, 0.14694324]
[2.1254635, 0.74750644, 1.2358577, 0.14209944]
[2.0695293, 1.343056, 0.58882076, 0.1376526]
[1.638913, 0.8006712, 0.7114753, 0.12676655]
[1.7541051, 0.7604264, 0.855148, 0.13853069]
[1.8852537, 0.8308471, 0.92758894, 0.12681775]
[1.7799683, 0.8210461, 0.82482255, 0.13409963]
[1.6317935, 0.83962387, 0.6540556, 0.13811398]
[1.727422, 0.7882588, 0.7973322, 0.14183089]
[1.7594656, 0.71467245, 0.91857064, 0.12622249]
[1.5213636, 0.7032026, 0.6844083, 0.13375273]
[1.752482, 0.89020824, 0.7243122, 0.13796166]
[1.7006617, 0.6078252, 0.944342, 0.14849444]
[1.6956687, 0.8244243, 0.73126566, 0.13997868]
[1.7373292, 0.664449, 0.9410217, 0.13185853]
[1.9678669, 1.0929732, 0.72481835, 0.15007529]
[1.8142049, 0.7879045, 0.88397694, 0.14232352]
[2.016588, 1.0225774, 0.85052514, 0.14348552]
[1.7657683, 0.86825764, 0.7666864, 0.13082436]
[1.6980746, 0.7135911, 0.84254277, 0.14194074]
[1.9699165, 1.0522135, 0.76669025, 0.15101261]
[1.604513, 0.6744833, 0.79508173, 0.13494799]
[1.7486535, 0.89459544, 0.69701767, 0.15704048]
[1.8675174, 0.9183867, 0.78184664, 0.167284]
[1.8129781, 0.80211395, 0.8747571, 0.13610707]
[1.6508892, 0.76647353, 0.72662485, 0.15779072]
[1.5850002, 0.74971896, 0.69439137, 0.14088978]
[2.0415301, 0.9381864, 0.9557073, 0.14763653]
[1.6345961, 0.7327187, 0.75444686, 0.14743057]
[1.764865, 0.7524718, 0.84755945, 0.16483377]
[1.738152, 0.89458513, 0.70844364, 0.1351233]
[1.6010193, 0.722934, 0.73381376, 0.14427145]
[1.7808574, 0.7866857, 0.85765684, 0.13651495]
[1.6882801, 0.9243679, 0.6092986, 0.15461364]
[1.7398605, 0.79939824, 0.78597677, 0.15448552]
[1.8478588, 1.000286, 0.70724535, 0.14032745]
[1.8611852, 0.84100956, 0.8756017, 0.14457394]
[1.6450328, 0.5697682, 0.94578177, 0.12948285]
[1.8021414, 0.8117306, 0.8323665, 0.15804432]
[1.9397845, 0.9907527, 0.7934467, 0.15558505]
[1.7304683, 0.78095305, 0.7966556, 0.15285969]
[1.9030906, 0.8395847, 0.8958735, 0.16763243]
[1.6727372, 0.82727563, 0.69616437, 0.1492972]
[1.7557902, 0.9315528, 0.66659856, 0.15763876]
[1.7809002, 0.803043, 0.8273891, 0.15046817]
[1.7442696, 0.7670468, 0.82876813, 0.14845464]
[1.8660895, 0.8682258, 0.84727913, 0.1505846]
[1.7084699, 0.75308275, 0.7989826, 0.1564045]
[1.6329898, 0.9292264, 0.5431688, 0.16059455]
[1.7043451, 0.68878555, 0.8549425, 0.16061702]
[2.181212, 0.9722223, 1.0574298, 0.15155984]
[2.0543325, 0.9583838, 0.93676066, 0.15918796]
[1.8334594, 0.8053265, 0.91019726, 0.1179356]
[1.5762274, 0.6972712, 0.7308737, 0.14808255]
[1.6825258, 0.7184291, 0.82337785, 0.14071879]
[1.727768, 0.82770884, 0.7609315, 0.1391276]
[1.8627369, 0.8489777, 0.85817045, 0.15558892]
[1.996543, 1.0972711, 0.7468525, 0.15241948]
[1.7029324, 0.7032465, 0.8616269, 0.13805896]
[1.7050323, 0.8049539, 0.75766736, 0.14241113]
[1.7922692, 0.6950525, 0.95030355, 0.14691316]
[1.9149106, 1.1259482, 0.644361, 0.14460139]
[1.8226361, 0.7024987, 0.9802873, 0.13985015]
[1.7550937, 1.0394164, 0.57116485, 0.14451241]
[1.8114061, 0.7775222, 0.89588237, 0.1380015]
[1.8394104, 0.75901985, 0.9458861, 0.13450447]
[1.8243165, 0.9048344, 0.7725997, 0.1468824]
[1.7350122, 0.76402056, 0.8145598, 0.15643182]
[1.8333185, 0.8414722, 0.84584725, 0.14599892]
[1.6392217, 0.63423765, 0.8639731, 0.141011]
[1.7429999, 0.7503656, 0.8477086, 0.14492568]
[1.651412, 0.6377201, 0.87644166, 0.13725016]
[1.7467295, 0.77507174, 0.81713367, 0.15452412]
[1.4529374, 0.6012514, 0.69562984, 0.15605615]
[1.7812213, 0.72964144, 0.9016066, 0.14997329]
[1.9321547, 0.9473266, 0.8071338, 0.17769435]
[1.6489694, 0.5809282, 0.9028587, 0.16518262]
[1.6088247, 0.82401973, 0.62884665, 0.15595847]
[1.9258053, 0.9101238, 0.86669993, 0.14898154]
[1.769429, 0.7270552, 0.88538826, 0.15698546]
[1.707591, 0.8785887, 0.66823083, 0.16077161]
[1.7118678, 0.81947887, 0.7366339, 0.15575507]
[1.7613671, 0.944471, 0.6461307, 0.17076544]
[1.4601514, 0.59619254, 0.69126874, 0.17269012]
[1.536657, 0.81981593, 0.5739553, 0.14288579]
[1.7927353, 0.7723017, 0.8573502, 0.16308355]
[1.9065722, 0.83433324, 0.9123297, 0.1599094]
[1.7351207, 0.6158141, 0.9515729, 0.16773365]
[1.8682443, 0.95048535, 0.7385437, 0.17921536]
[2.0822017, 1.1102567, 0.8191401, 0.15280493]
[1.9180037, 1.0009098, 0.7564125, 0.16068138]
[1.9907992, 0.9241984, 0.9051583, 0.16144258]
[1.7318058, 0.8310821, 0.7598572, 0.14086649]
[1.7122481, 0.7842318, 0.77074826, 0.157268]
[1.7199695, 0.8486705, 0.71231794, 0.15898107]
[1.8437097, 0.7849418, 0.90565884, 0.15310906]
[1.7671975, 0.810475, 0.7981913, 0.15853114]
[1.9875983, 0.90752226, 0.91986173, 0.16021428]
[1.6129239, 0.71301615, 0.7560958, 0.14381194]
[1.7595918, 0.67008144, 0.93994975, 0.14956072]
[1.8433468, 0.8263831, 0.8527605, 0.1642032]
[2.0882688, 0.9829384, 0.9469389, 0.1583915]
[1.9474186, 0.70190614, 1.0807807, 0.16473162]
[2.0210474, 1.0110312, 0.8630434, 0.14697269]
[1.6600192, 0.80006224, 0.7106714, 0.14928561]
[1.4726382, 0.6023376, 0.7244861, 0.14581451]
[1.8129345, 0.80889356, 0.840453, 0.16358791]
[1.823568, 0.7639417, 0.9153054, 0.1443208]
[1.8713572, 0.68967545, 1.0296061, 0.15207566]
[1.7929496, 0.9380681, 0.7054023, 0.1494792]
[1.8544097, 0.72436714, 0.9836301, 0.14641242]
[1.8432375, 0.98470426, 0.70421046, 0.15432279]
[1.5679271, 0.77507734, 0.6464297, 0.14642006]
[1.7070856, 0.71814626, 0.8478135, 0.14112593]
[1.7982793, 0.9088769, 0.73467714, 0.1547253]
[1.9307804, 0.9060865, 0.8748889, 0.14980501]
[1.7851576, 0.85035044, 0.7896162, 0.14519083]
[1.6962838, 0.67213315, 0.89605945, 0.12809117]
[1.7801303, 0.87410426, 0.7623249, 0.14370105]
[1.964113, 0.8047239, 1.0061679, 0.1532211]
[1.6227229, 0.87231004, 0.6104605, 0.13995232]
[1.7342743, 0.7719378, 0.8186377, 0.14369881]
[1.9821197, 0.9514175, 0.88117874, 0.14952336]
[2.0034056, 0.92487377, 0.9329046, 0.14562736]
[1.7252872, 0.6475754, 0.9343486, 0.14336324]
[1.7275039, 0.9796863, 0.6164979, 0.13131963]
[1.7647849, 0.7941605, 0.83319116, 0.1374333]
[1.9693474, 0.8168607, 1.0183051, 0.13418163]
[1.7718084, 0.91386485, 0.7246639, 0.13327962]
[1.8910971, 0.8475599, 0.9226208, 0.120916404]
[1.7986926, 0.91300523, 0.7506652, 0.13502212]
[1.9679952, 0.97054297, 0.84745544, 0.1499967]
[1.7885913, 0.99923766, 0.64393115, 0.1454225]
[1.8173907, 0.939144, 0.729676, 0.14857067]
[1.8467029, 0.8266076, 0.88251877, 0.13757654]
[1.8412194, 0.8961684, 0.81248915, 0.13256189]
[1.6796197, 0.65394473, 0.882657, 0.14301792]
[1.7416726, 0.90502, 0.6891083, 0.14754423]
[1.8239002, 0.6500503, 1.0345205, 0.1393294]
[1.7277738, 0.98976266, 0.59426975, 0.14374134]
[1.6698607, 0.6990229, 0.8304927, 0.14034525]
[1.7197329, 0.83453876, 0.7429973, 0.14219673]
[1.5636611, 0.6841662, 0.7262739, 0.153221]
[1.6669536, 0.6361692, 0.8803878, 0.15039656]
[1.6862413, 0.8291773, 0.7022821, 0.15478197]
[1.6736212, 0.76563346, 0.7505388, 0.15744889]
[1.6718541, 0.708434, 0.8076249, 0.15579519]
[1.9635392, 0.82272303, 0.9888229, 0.15199335]
[1.896209, 0.9835303, 0.75973415, 0.1529445]
[1.6927758, 0.56216764, 0.9642112, 0.16639702]
[1.97015, 0.9160197, 0.8985815, 0.15554881]
[1.8283985, 0.8359863, 0.83276236, 0.15964979]
[1.7409812, 0.7769413, 0.7913523, 0.17268765]
[1.998382, 0.97846454, 0.8495071, 0.17041029]
[1.971073, 0.78766626, 1.0093732, 0.17403354]
[1.9105277, 0.8305074, 0.93001765, 0.15000278]
[1.8320745, 0.84090424, 0.8389055, 0.15226474]
[2.0049868, 0.9799366, 0.89133483, 0.13371539]
[1.9256836, 0.7763572, 0.99496436, 0.15436204]
[1.9442484, 0.92985874, 0.87267447, 0.14171524]
[1.8124617, 0.81396073, 0.87180555, 0.12669551]
[1.9441078, 0.73186857, 1.0702472, 0.14199212]
[1.7950135, 0.91800904, 0.73608696, 0.1409175]
[1.784095, 0.7564362, 0.8771498, 0.15050901]
[1.7174155, 0.8589367, 0.72158885, 0.13688982]
[1.875225, 0.8985636, 0.84635466, 0.13030657]
[1.708905, 0.8787398, 0.6953889, 0.13477634]
[1.83468, 0.6940601, 1.0129192, 0.12770069]
[1.8498679, 0.94656, 0.7607838, 0.14252408]
[1.7949233, 0.84544086, 0.820195, 0.12928745]
[1.8707855, 0.84213686, 0.8814938, 0.14715478]
[1.729253, 0.78240573, 0.8062451, 0.14060217]
[1.6553987, 0.7743287, 0.7563134, 0.12475667]
[1.6399653, 0.6317713, 0.8690847, 0.13910925]
[1.8174797, 0.90125763, 0.76838005, 0.147842]
[1.8736722, 0.9709909, 0.7566848, 0.14599663]
[1.6131094, 0.7485322, 0.7257025, 0.13887462]
[1.8766707, 0.87776124, 0.85362303, 0.14528644]
[1.8239591, 0.7104967, 0.97431463, 0.13914774]
[1.8407124, 0.9125131, 0.771719, 0.15648046]
[1.7180048, 0.7147322, 0.85635054, 0.14692202]
[1.9033493, 1.0149062, 0.74099994, 0.14744319]
[1.6849321, 0.7664827, 0.7721474, 0.14630198]
[1.6390224, 0.6510929, 0.83584636, 0.1520831]
[1.6257917, 0.7371735, 0.72861135, 0.16000684]
[1.6040742, 0.7641649, 0.70366335, 0.13624595]
[1.6788558, 0.66431606, 0.87612045, 0.1384193]
[1.8334943, 0.6769377, 0.9878494, 0.1687072]
[1.9816607, 1.2628742, 0.5652832, 0.15350327]
[1.8317672, 0.74910307, 0.92339444, 0.15926965]
[1.7039642, 0.7650385, 0.7924495, 0.1464763]
[2.0081851, 0.86020225, 0.9961927, 0.15179005]
[1.7946441, 0.7062204, 0.9395178, 0.14890596]
[1.9240762, 0.9861187, 0.80133355, 0.13662401]
[1.6423918, 0.7724683, 0.7301972, 0.13972628]
[1.8053466, 0.6454188, 0.999768, 0.16015966]
[1.749168, 0.88894963, 0.7181215, 0.14209688]
[1.7772025, 0.8880302, 0.7599662, 0.12920606]
[1.7211888, 0.9419097, 0.63705194, 0.14222717]
[1.8300265, 0.5811347, 1.0985796, 0.1503122]
[2.0283513, 1.0440632, 0.8455465, 0.13874158]
[1.6960411, 0.78380823, 0.77038664, 0.14184624]
[1.8554469, 0.6528432, 1.0559916, 0.1466121]
[1.7499989, 0.96630025, 0.6437458, 0.13995287]
[1.8588305, 0.9288812, 0.79200107, 0.13794813]
[1.6922326, 0.84467626, 0.7124039, 0.13515243]
[1.7497256, 0.7609399, 0.84688556, 0.14190009]
[1.8027865, 0.94047374, 0.7279694, 0.1343433]
[1.829248, 0.8992168, 0.7902391, 0.13979211]
[1.9121958, 0.9657081, 0.81684124, 0.12964642]
[1.8939637, 0.8373077, 0.90999514, 0.14666092]
[1.7511009, 0.8735402, 0.73567843, 0.1418823]
[1.4578652, 0.7292377, 0.5888591, 0.1397685]
[1.8836052, 0.90325, 0.84447247, 0.13588281]
[1.7109597, 0.87564164, 0.69014764, 0.14517039]
[1.9132042, 0.93030953, 0.8369863, 0.1459084]
[1.864365, 0.8434901, 0.8818386, 0.13903634]
[1.5910354, 0.78075737, 0.6720835, 0.13819462]
[1.7650771, 0.9352505, 0.67291975, 0.1569069]
[1.7554134, 0.7467897, 0.8581433, 0.15048037]
[1.6701145, 0.7830908, 0.73400956, 0.15301414]
[1.6878581, 0.87548214, 0.66963947, 0.14273643]
[1.9582427, 0.9041531, 0.91166747, 0.14242202]
[1.6606901, 0.5796592, 0.93458766, 0.14644313]
[1.7022071, 0.87439454, 0.6670946, 0.16071802]
[1.6784796, 0.76580274, 0.76714635, 0.14553049]
[1.9466227, 0.97470576, 0.8330605, 0.13885656]
[1.7609582, 0.848644, 0.7627095, 0.14960468]
[1.6304865, 0.86016333, 0.6433742, 0.12694901]
[1.984132, 1.0126257, 0.8205961, 0.15091023]
[1.952239, 0.7569144, 1.0399072, 0.15541744]
[1.7599139, 0.8071841, 0.8113461, 0.1413837]
[1.675878, 0.6692796, 0.8556387, 0.15095967]
[1.8316445, 1.0489422, 0.64373946, 0.1389628]
[1.7762059, 0.7226846, 0.9216126, 0.13190863]
[1.7414051, 0.53583276, 1.0340433, 0.17152901]
[1.7821919, 0.91092896, 0.7203838, 0.15087904]
[1.8379496, 0.7960541, 0.89111364, 0.15078183]
[1.7367983, 0.59571916, 0.9894651, 0.15161389]
[1.9725716, 0.9250479, 0.89446086, 0.1530628]
[1.9276364, 0.9061301, 0.87144077, 0.15006554]
[1.6883855, 0.6927105, 0.8561018, 0.13957311]
[1.6259134, 0.7363272, 0.73933446, 0.15025179]
[1.7658186, 0.75411135, 0.86408055, 0.1476267]
[1.8896042, 0.78088313, 0.95857805, 0.150143]
[1.8085594, 0.5740363, 1.084279, 0.1502443]
[1.7023122, 0.9023801, 0.64321554, 0.15671653]
[1.9239215, 0.9277868, 0.8527044, 0.14343023]
[1.7859874, 0.842856, 0.8076776, 0.13545367]
[1.9072073, 0.9328267, 0.8475263, 0.12685424]
[1.8390844, 0.86871266, 0.82932353, 0.14104815]
[1.7388067, 0.74999, 0.8705481, 0.1182686]
[1.6656396, 0.69513965, 0.8342701, 0.13622989]
[2.0853236, 0.9986265, 0.94990396, 0.13679308]
[1.6162568, 0.70479274, 0.781746, 0.12971815]
[1.5560174, 0.5697431, 0.8134947, 0.17277956]
[1.6685207, 0.8613905, 0.6635256, 0.1436047]
[1.6019686, 0.6599829, 0.80084693, 0.14113882]
[1.7773743, 0.8537786, 0.77914536, 0.14445028]
[1.8348887, 0.8572964, 0.8421705, 0.1354217]
[1.9834119, 0.76253444, 1.075369, 0.14550841]
[1.7854093, 0.84112066, 0.7988336, 0.14545497]
[1.5543071, 0.7174813, 0.6834178, 0.1534079]
[1.6488584, 0.8712474, 0.64278406, 0.134827]
[1.8468261, 0.8431714, 0.86502844, 0.13862616]
[1.6656116, 0.846761, 0.67134976, 0.14750087]
[1.6741198, 0.92200863, 0.59171283, 0.16039838]
[1.9179432, 0.7955488, 0.96473503, 0.15765941]
[2.1625867, 1.0962019, 0.9169848, 0.14940001]
[1.8658926, 0.8637697, 0.87618995, 0.12593298]
[1.7828894, 0.8955932, 0.74268794, 0.14460832]
[1.6714563, 0.6448275, 0.88571244, 0.1409164]
[1.8542445, 0.98393255, 0.7200922, 0.15021971]
[1.6645586, 0.7025404, 0.8072684, 0.15474981]
[1.8472943, 0.84054977, 0.8662088, 0.1405358]
[1.8205903, 0.7448226, 0.92731225, 0.14845544]
[1.8094068, 0.9623365, 0.71140563, 0.13566464]
[1.7018833, 0.67066073, 0.8954233, 0.13579927]
[1.9052483, 0.96451616, 0.79928553, 0.14144656]
[1.7360716, 0.897732, 0.7012772, 0.13706237]
[1.84768, 0.8010119, 0.9092894, 0.13737854]
[1.9574547, 0.9860207, 0.81555986, 0.15587415]
[1.886027, 0.827558, 0.9109553, 0.14751378]
[1.7574912, 0.7754841, 0.8346026, 0.14740458]
[1.8744464, 0.7842796, 0.9475355, 0.14263125]
[1.6951635, 0.8641424, 0.6973429, 0.13367823]
[1.7439438, 0.6122739, 0.9925064, 0.13916366]
[1.849745, 0.95268357, 0.7383289, 0.1587326]
[1.8081808, 0.8339479, 0.818941, 0.15529194]
[1.946775, 0.9154221, 0.88704264, 0.14431018]
[1.8973348, 0.9920397, 0.78179204, 0.12350306]
[1.9395076, 0.8811507, 0.9409804, 0.117376395]
[1.8475161, 0.8237389, 0.8807645, 0.14301279]
[1.5344743, 0.74361116, 0.65961087, 0.13125214]
[1.9539382, 0.90407336, 0.91428596, 0.1355789]
[1.7555519, 0.59778607, 1.0195557, 0.13821019]
[1.7501498, 1.0579183, 0.5438019, 0.1484296]
[1.8456382, 0.68862444, 0.99509555, 0.16191816]
[1.7527356, 0.7598362, 0.84885716, 0.14404224]
[1.8224968, 0.93546367, 0.75276005, 0.13427308]
[1.8280768, 0.81623554, 0.87022805, 0.14161327]
[2.0708113, 0.91496813, 1.0185485, 0.13729477]
[1.7251477, 0.8366509, 0.75255364, 0.13594314]
[1.7704403, 0.74393153, 0.8986803, 0.12782842]
[1.7592613, 0.7392844, 0.88311255, 0.13686435]
[1.8956895, 1.0538205, 0.70465386, 0.13721511]
[1.6866832, 0.70137465, 0.8503022, 0.13500637]
[2.0587263, 0.9703427, 0.95617855, 0.1322051]
[1.6905726, 0.76818764, 0.7878036, 0.13458148]
[1.8761628, 0.77835673, 0.9708732, 0.12693292]
[1.860451, 0.8484383, 0.87663424, 0.13537842]
[1.7436495, 0.6686518, 0.9377652, 0.13723248]
[1.5581467, 0.8894905, 0.53176755, 0.1368887]
[1.7306483, 0.72972465, 0.858482, 0.14244165]
[1.7082256, 0.67098445, 0.8980944, 0.13914664]
[1.6823705, 0.7437217, 0.7897363, 0.14891255]
[1.7993243, 1.0500476, 0.62616175, 0.12311479]
[1.7774699, 0.7201253, 0.91796285, 0.13938159]
[1.9775124, 0.80916, 1.043103, 0.12524945]
[1.8110178, 0.77640057, 0.8863678, 0.14824942]
[1.9018123, 0.94240254, 0.81148875, 0.14792109]
[1.9350493, 1.0794604, 0.7217667, 0.13382226]
[1.8627582, 0.87062156, 0.86989427, 0.122242376]
[1.7039785, 0.8335534, 0.7364911, 0.13393398]
[1.8940707, 0.9056839, 0.86123353, 0.1271533]
[1.6122448, 0.81729627, 0.6668743, 0.1280743]
[1.4351562, 0.61200416, 0.67481124, 0.14834078]
[1.8460333, 0.67297137, 1.031398, 0.14166388]
[1.8608463, 1.0829631, 0.6217278, 0.15615535]
[1.8154619, 0.8502612, 0.8222373, 0.14296341]
[1.8087989, 0.8198551, 0.83987427, 0.14906958]
[1.6477062, 0.6015352, 0.887475, 0.15869597]
[2.0680394, 1.1809417, 0.7356677, 0.15143013]
[1.8676556, 0.97044414, 0.7564752, 0.14073622]
[1.6389651, 0.7221439, 0.7577063, 0.15911499]
[1.6857096, 0.8533705, 0.68587935, 0.14645971]
[2.2312276, 0.7677493, 1.3149531, 0.14852533]
[1.8562671, 1.0039937, 0.7131122, 0.13916124]
[1.8682253, 1.0207732, 0.71355844, 0.13389367]
[1.6705179, 0.67769337, 0.8638452, 0.12897938]
[1.9903464, 0.69090116, 1.1565824, 0.14286289]
[1.73053, 0.8707663, 0.7182049, 0.14155887]
[1.5233945, 0.73589605, 0.6470842, 0.14041421]
[1.7400278, 0.72471315, 0.87705284, 0.13826177]
[1.8701487, 0.7417904, 0.99854565, 0.1298126]
[1.9684967, 0.9433682, 0.8908287, 0.13429971]
[1.7295172, 0.8297225, 0.7598608, 0.1399338]
[1.8271446, 0.864513, 0.83341444, 0.1292171]
[1.7201896, 0.70116735, 0.8909166, 0.1281057]
[1.9975393, 0.98748887, 0.8864702, 0.12358028]
[2.0368257, 0.93447053, 0.9670955, 0.13525967]
[1.828849, 1.0274029, 0.6622547, 0.1391914]
[1.756216, 0.82136846, 0.8044205, 0.13042715]
[1.7125936, 0.7408253, 0.8544502, 0.11731804]
[1.8093461, 0.69837654, 0.9806385, 0.13033101]
[1.7300175, 0.88229585, 0.72541386, 0.12230785]
[1.8371218, 0.705421, 1.0141473, 0.11755355]
[1.714821, 0.76039016, 0.82970536, 0.12472549]
[1.92043, 1.1258504, 0.67279917, 0.12178039]
[1.984372, 0.70636344, 1.157074, 0.12093459]
[1.9464387, 1.1043715, 0.72523844, 0.116828665]
[1.9058605, 0.9767314, 0.8131728, 0.11595629]
[1.6949378, 0.72531855, 0.84186476, 0.12775457]
[1.8575801, 1.0094136, 0.7210028, 0.12716362]
[1.8551345, 0.81979823, 0.92110217, 0.11423408]
[1.7721196, 0.923746, 0.72567475, 0.12269886]
[1.7401888, 0.7819666, 0.82212746, 0.13609487]
[1.9204731, 0.90160537, 0.8974804, 0.121387295]
[1.8063376, 0.7817744, 0.90122265, 0.12334061]
[2.003333, 0.86471164, 1.0093479, 0.12927364]
[1.9226061, 0.989864, 0.8022114, 0.13053067]
[1.7502857, 0.8208879, 0.81154597, 0.11785182]
[1.8014975, 0.8125955, 0.86675227, 0.12214967]
[1.8021202, 0.91336, 0.76791954, 0.120840624]
[1.9629486, 1.1542579, 0.6924261, 0.11626461]
[1.7076845, 0.7901833, 0.80182445, 0.1156767]
[1.6505585, 0.8287929, 0.6977135, 0.124052055]
