[1.7878883, 0.77234226, 0.8696262, 0.14591986]
[1.7190948, 0.84869283, 0.72756577, 0.14283614]
[1.8229313, 0.81984913, 0.8481905, 0.15489177]
[1.9002398, 0.98097694, 0.7716679, 0.14759508]
[1.6892133, 0.71964353, 0.81835544, 0.1512144]
[1.5999639, 0.8059942, 0.63503087, 0.15893883]
[1.6211667, 0.52569973, 0.94835687, 0.14711012]
[1.845958, 0.8719936, 0.83294153, 0.14102292]
[1.580996, 0.7843017, 0.6545962, 0.14209816]
[1.6610816, 0.78806686, 0.71262455, 0.16039008]
[1.7163243, 0.68034154, 0.8932218, 0.14276099]
[2.061032, 0.9953013, 0.90822065, 0.15751]
[1.9671772, 0.9034055, 0.9007933, 0.16297844]
[1.7682583, 0.7868932, 0.8360212, 0.14534396]
[1.8620822, 0.9279349, 0.78008187, 0.15406552]
[1.7718394, 0.7957924, 0.83418167, 0.14186524]
[1.9482064, 0.72889096, 1.0730639, 0.14625165]
[1.8879066, 1.2135004, 0.53796333, 0.1364429]
[1.8137805, 0.5135231, 1.1515274, 0.14872998]
[1.760604, 0.926896, 0.6958065, 0.13790157]
[1.6399113, 0.71278393, 0.7926793, 0.13444802]
[1.7621609, 0.8051563, 0.82398057, 0.13302413]
[1.8181069, 0.80709326, 0.8689599, 0.14205375]
[1.9265869, 0.9677973, 0.8194269, 0.13936275]
[1.7743751, 0.7939375, 0.85102934, 0.1294082]
[1.6957992, 0.65617025, 0.8924422, 0.14718673]
[1.635108, 0.8081713, 0.7028929, 0.12404379]
[1.7467614, 0.910208, 0.69978034, 0.13677311]
[1.5270184, 0.62557286, 0.7641688, 0.13727674]
[1.6583908, 0.882287, 0.6210103, 0.15509342]
[1.6262951, 0.63935864, 0.8286712, 0.1582653]
[1.7872009, 0.9350594, 0.6885863, 0.16355515]
[1.7180008, 0.7642518, 0.79407626, 0.15967262]
[1.5454762, 0.7103324, 0.68574, 0.14940386]
[1.82457, 0.7717774, 0.8974874, 0.1553052]
[1.6190089, 0.7863512, 0.67113805, 0.16151965]
[1.8174453, 0.8560052, 0.7979706, 0.16346952]
[1.5379692, 0.81267315, 0.5534352, 0.17186077]
[1.6825975, 0.66044223, 0.86825836, 0.1538969]
[1.6095067, 0.66688275, 0.7662089, 0.17641512]
[1.7527297, 0.90912414, 0.6829517, 0.16065378]
[2.1704743, 0.9899899, 1.0211178, 0.15936664]
[1.5126224, 0.8429562, 0.5066606, 0.16300559]
[1.7566592, 0.6169832, 0.9716828, 0.16799319]
[1.8493364, 1.1006439, 0.5912715, 0.15742105]
[1.6495142, 0.7760792, 0.7149565, 0.15847856]
[1.8783717, 0.85485125, 0.8658768, 0.15764374]
[1.6803832, 0.71785694, 0.8017929, 0.16073328]
[1.7514967, 0.75384235, 0.84534705, 0.15230727]
[1.8965584, 0.83124924, 0.89700866, 0.16830052]
[1.6549631, 0.6289286, 0.85603976, 0.16999471]
[1.8040565, 0.9601167, 0.6840848, 0.15985504]
[1.930959, 0.745174, 1.0242597, 0.16152523]
[1.6888111, 0.77996176, 0.7466589, 0.16219047]
[1.567429, 0.6653002, 0.75581634, 0.1463124]
[1.7640145, 0.58966535, 1.00973, 0.16461916]
[1.8753715, 1.0767696, 0.63148487, 0.16711697]
[1.8267832, 0.73745286, 0.93739605, 0.1519342]
[1.502736, 0.65350085, 0.6811139, 0.16812119]
[1.8126616, 0.82618576, 0.8209836, 0.16549227]
[1.9137233, 0.7921537, 0.97521764, 0.14635196]
[1.8339849, 0.89698386, 0.78087527, 0.15612584]
[1.92165, 0.7720015, 0.99715126, 0.15249726]
[1.9839579, 0.9580126, 0.8841764, 0.14176893]
[2.0109267, 1.0821686, 0.7850601, 0.14369786]
[1.5421686, 0.60622704, 0.8031095, 0.13283208]
[1.7221363, 0.7858392, 0.7977532, 0.13854383]
[1.687581, 0.70886517, 0.8319534, 0.14676236]
[1.7637358, 0.76297265, 0.85014653, 0.1506167]
[1.8762568, 0.7886413, 0.9275192, 0.16009629]
[1.6985494, 0.72265595, 0.8247284, 0.15116501]
[1.8432409, 0.88408124, 0.81534266, 0.14381695]
[1.8678252, 0.78810763, 0.934108, 0.1456095]
[1.8522575, 0.8343922, 0.8773127, 0.14055258]
[2.1084576, 0.8624964, 1.0949552, 0.15100604]
[1.7012182, 0.7641627, 0.80811363, 0.12894186]
[1.7912292, 0.9505054, 0.69472146, 0.14600241]
[1.7289077, 0.82671654, 0.76842594, 0.13376519]
[1.8316445, 0.8666067, 0.83489823, 0.13013962]
[1.5316118, 0.53464043, 0.85491025, 0.14206114]
[1.8078018, 0.8510823, 0.7930678, 0.16365173]
[1.9563787, 0.8976706, 0.9099165, 0.14879161]
[1.6692868, 0.7521627, 0.7704613, 0.1466628]
[1.8555387, 0.935812, 0.77371407, 0.14601263]
[1.7846327, 0.92153335, 0.7214991, 0.14160022]
[1.6430864, 0.569003, 0.9204849, 0.1535986]
[1.7979457, 1.0113989, 0.6403107, 0.14623624]
[1.9923137, 0.816535, 1.0228933, 0.1528854]
[1.7817367, 0.5903015, 1.0635517, 0.12788358]
[1.6597874, 0.93958426, 0.5658637, 0.15433945]
[1.823512, 0.7955876, 0.89026546, 0.13765892]
[2.1715362, 1.1372801, 0.8909435, 0.1433127]
[1.7064135, 0.83053035, 0.73297167, 0.14291137]
[1.71571, 0.71659243, 0.87058973, 0.12852788]
[2.013406, 0.9548768, 0.9099153, 0.14861396]
[1.9719093, 1.163493, 0.67130554, 0.13711068]
[1.704052, 0.68915176, 0.888453, 0.12644726]
[1.7944423, 0.8778842, 0.78255236, 0.13400562]
[1.7905371, 0.66235554, 0.9822276, 0.14595386]
[1.9087012, 1.0748379, 0.7100381, 0.12382503]
[1.6291629, 0.71457154, 0.7878163, 0.12677516]
[1.7687273, 0.7635323, 0.86169827, 0.14349669]
[2.0166216, 0.9940914, 0.8790852, 0.1434449]
[1.8221018, 0.9932097, 0.6837576, 0.14513446]
[1.7161711, 0.8536849, 0.738796, 0.12369026]
[1.8789208, 0.8768457, 0.86016357, 0.1419115]
[1.7446363, 0.890252, 0.72303236, 0.13135192]
[1.8356313, 0.8181447, 0.88890946, 0.12857708]
[2.010156, 0.8695314, 1.0179677, 0.12265671]
[1.8444357, 1.0761755, 0.6419697, 0.12629056]
[1.901647, 0.73682815, 1.0426856, 0.12213309]
[1.8991613, 0.94716465, 0.815241, 0.13675566]
[1.9469075, 0.8321154, 0.9862834, 0.12850872]
[1.7031885, 0.7993566, 0.789155, 0.114677]
[1.6965802, 0.79518104, 0.78002304, 0.12137605]
[1.9309785, 0.9226213, 0.87525547, 0.13310176]
[1.7158133, 0.8351061, 0.7488236, 0.1318836]
[1.6553397, 0.77998745, 0.7458509, 0.12950137]
[1.6855037, 0.7821951, 0.7717335, 0.13157517]
[1.9297757, 0.9109015, 0.8865148, 0.13235947]
[1.760447, 0.7037007, 0.91316426, 0.1435821]
[1.7433555, 0.7532985, 0.855401, 0.13465601]
[1.9520419, 0.8215778, 0.99302393, 0.13744015]
[1.7669983, 0.7969589, 0.83068395, 0.13935548]
[1.5630428, 0.6879543, 0.73484564, 0.14024282]
[1.9296519, 0.93252033, 0.85031694, 0.14681457]
[2.053404, 0.7832784, 1.1364462, 0.13367946]
[1.7148769, 0.7884576, 0.7959691, 0.1304503]
[1.5364455, 0.73712194, 0.6494738, 0.14984977]
[1.6868353, 0.6767342, 0.8663417, 0.14375941]
[1.5976462, 0.6203691, 0.8275459, 0.14973128]
[1.7972966, 0.9256674, 0.7351692, 0.13646004]
[1.8705738, 0.7448457, 0.97297156, 0.15275642]
[1.5247339, 0.6633557, 0.7175111, 0.14386712]
[1.8382863, 0.9730453, 0.7060407, 0.15920028]
[1.6951492, 0.6493236, 0.89851606, 0.14730948]
[1.6976361, 0.9525497, 0.6044164, 0.14067012]
[1.7360901, 0.80280054, 0.7673662, 0.16592333]
[1.9030578, 0.753083, 1.0075588, 0.14241594]
[1.8909775, 0.9345892, 0.81609356, 0.14029472]
[1.7380958, 0.6690225, 0.9401729, 0.12890023]
[1.8661065, 1.0002394, 0.7183173, 0.14754987]
[1.7595685, 0.8482969, 0.7726191, 0.13865244]
[1.8034824, 0.67972016, 0.9717207, 0.15204155]
[1.7689852, 0.8592989, 0.7632776, 0.14640872]
[1.7014698, 0.7554341, 0.8177029, 0.12833278]
[1.7825989, 1.0038098, 0.632164, 0.14662504]
[1.675135, 0.72202975, 0.8081858, 0.1449195]
[1.7947805, 0.7823802, 0.8618839, 0.15051636]
[1.6373446, 0.75856197, 0.737155, 0.14162761]
[1.7566893, 0.74002934, 0.8572267, 0.1594332]
[1.7859455, 0.7347972, 0.89865243, 0.15249601]
[1.8755666, 1.1943448, 0.52073306, 0.16048874]
[1.7927291, 0.7348853, 0.91344, 0.144404]
[1.9273071, 0.98059773, 0.8051003, 0.14160901]
[1.8021133, 0.6879487, 0.95512307, 0.15904158]
[1.724399, 0.79460096, 0.7809365, 0.1488615]
[1.7422562, 0.8771757, 0.7251905, 0.13988991]
[1.6395562, 0.6225222, 0.88057995, 0.13645416]
[1.8882781, 1.0830138, 0.648479, 0.15678537]
[1.8071982, 0.9288269, 0.7372174, 0.14115378]
[1.5422994, 0.49828142, 0.9068091, 0.13720882]
[1.7871819, 0.8843257, 0.761854, 0.14100224]
[1.7309116, 0.65603757, 0.9218323, 0.15304172]
[1.5214615, 0.72341573, 0.657994, 0.14005184]
[1.9035883, 1.0953172, 0.63964266, 0.16862851]
[1.4266111, 0.3353424, 0.9494534, 0.14181527]
[1.6783041, 0.90247035, 0.62895614, 0.14687766]
[1.5752599, 0.6709492, 0.7664303, 0.13788037]
[1.7937973, 0.7127862, 0.9256767, 0.15533438]
[1.6908482, 0.87526655, 0.65099156, 0.16459012]
[2.0136747, 0.8293387, 1.0258659, 0.15847003]
[1.8208745, 1.0240736, 0.6241174, 0.17268345]
[2.1655667, 0.6526289, 1.3571439, 0.1557938]
[1.5888777, 0.81220126, 0.626322, 0.15035443]
[1.9855843, 1.0045636, 0.82890713, 0.15211359]
[1.8118589, 0.9061545, 0.7723201, 0.13338417]
[1.8748703, 0.828866, 0.89387554, 0.15212873]
[1.7760646, 0.796229, 0.840675, 0.13916066]
[2.0514364, 0.86408365, 1.0395528, 0.14779997]
[1.7426414, 0.9205154, 0.69108486, 0.13104114]
[1.7798032, 0.86512244, 0.78095317, 0.13372758]
[1.8245784, 0.8113026, 0.8791183, 0.13415758]
[1.76497, 0.7729932, 0.84756273, 0.14441404]
[1.7110618, 0.8938575, 0.6813006, 0.13590375]
[1.5282913, 0.70021534, 0.6978015, 0.13027452]
[1.7997272, 0.8682435, 0.80081785, 0.13066576]
[1.8642634, 0.93840575, 0.7934797, 0.13237795]
[1.5568918, 0.59968066, 0.81668586, 0.14052524]
[1.644248, 0.7506288, 0.75276643, 0.14085263]
[1.5983319, 0.82233876, 0.6202042, 0.1557889]
[1.9195148, 0.7350764, 1.0365587, 0.14787963]
[1.9125322, 1.0093768, 0.75800955, 0.14514592]
[1.8834105, 0.9298615, 0.78407323, 0.1694758]
[1.9746792, 0.73266786, 1.0868411, 0.15517017]
[1.8204223, 0.9294785, 0.74117047, 0.14977327]
[1.7650523, 1.036287, 0.5919076, 0.13685775]
[1.7460933, 0.78541094, 0.8215594, 0.139123]
[1.6696677, 0.6334089, 0.88906395, 0.14719483]
[1.8501141, 0.9390991, 0.7683654, 0.14264962]
[1.9948032, 1.0480614, 0.80718005, 0.1395618]
[1.7496828, 0.91019154, 0.6941764, 0.14531484]
[2.105712, 1.0260994, 0.9337733, 0.1458393]
[1.8172069, 0.9417855, 0.74126863, 0.13415259]
[1.7200096, 0.7844838, 0.8058455, 0.1296803]
[1.9605494, 0.94931716, 0.88286823, 0.1283639]
[1.7149192, 0.9115225, 0.6783563, 0.12504037]
[1.6784831, 0.77023375, 0.76653874, 0.14171064]
[1.8181673, 0.9458409, 0.7469418, 0.12538464]
[1.845889, 0.8161561, 0.87997353, 0.14975937]
[1.7606026, 0.64600384, 0.9750025, 0.13959622]
[1.6907716, 0.7361009, 0.8112447, 0.14342591]
[1.9481053, 0.9027791, 0.9084636, 0.13686258]
[1.9278975, 0.85387623, 0.9431686, 0.13085276]
[1.7810979, 0.84391177, 0.8225776, 0.11460856]
[1.8682772, 0.8616533, 0.8832806, 0.123343386]
[1.669668, 0.8444106, 0.69089544, 0.13436204]
[1.8128986, 0.6956528, 0.97873944, 0.13850638]
[1.6987746, 0.8617941, 0.70199466, 0.13498585]
[1.7346984, 0.6952126, 0.899382, 0.1401038]
[1.7928596, 0.8327735, 0.81975603, 0.14033008]
[1.7308757, 0.9078198, 0.675804, 0.14725181]
[1.8290452, 0.7205986, 0.947612, 0.16083464]
[1.9413462, 0.93995416, 0.8549355, 0.14645645]
[1.9188274, 0.91945124, 0.8603053, 0.13907084]
[1.744348, 0.70711267, 0.891155, 0.14608036]
[1.7276919, 0.99417746, 0.60808206, 0.12543231]
[1.9197513, 0.97440153, 0.7921973, 0.15315242]
[1.6318434, 0.7293646, 0.76708275, 0.13539612]
[1.6461061, 0.68809843, 0.8138209, 0.14418685]
[1.9505482, 0.80349684, 0.9980974, 0.14895388]
[1.8244448, 0.8654885, 0.81056774, 0.14838853]
[1.7849227, 0.8057977, 0.8374884, 0.14163658]
[1.9321713, 0.9662544, 0.8275952, 0.13832176]
[1.85569, 0.823509, 0.8953721, 0.13680881]
[1.6610563, 0.6921984, 0.8278964, 0.14096135]
[1.9104581, 0.80651957, 0.9715397, 0.13239887]
[1.6561525, 0.6879393, 0.8191761, 0.14903718]
[1.8285574, 0.94554615, 0.7382722, 0.14473906]
[1.9038817, 0.7625693, 1.0014782, 0.13983414]
[1.8388889, 0.71129507, 0.99184144, 0.13575247]
[1.7834427, 0.89847296, 0.7437986, 0.14117122]
[1.8046861, 0.7981569, 0.86370736, 0.14282183]
[1.832468, 0.8283165, 0.84995186, 0.15419962]
[1.9594777, 1.2027085, 0.60923827, 0.14753091]
[1.8726621, 0.84793115, 0.8845513, 0.1401796]
[1.7109615, 0.81917, 0.76343715, 0.12835434]
[1.8874543, 0.95880353, 0.80456984, 0.12408094]
[1.923839, 0.892352, 0.9097252, 0.12176183]
[1.7671267, 0.8382552, 0.7971222, 0.13174924]
[1.754913, 0.7748772, 0.85249716, 0.12753853]
[1.9290097, 0.9340081, 0.8528358, 0.14216578]
[1.9355838, 1.0263317, 0.77269405, 0.13655809]
[1.7593617, 0.8854165, 0.75273466, 0.121210515]
[1.9238029, 0.9065347, 0.90281206, 0.114456125]
[1.8532273, 0.9686425, 0.759677, 0.124907814]
[1.7690804, 0.7370151, 0.9006687, 0.1313965]
[1.9493892, 0.9479536, 0.8717524, 0.12968321]
[1.5231131, 0.65099037, 0.7452688, 0.12685397]
[1.6975822, 0.6654334, 0.8972943, 0.1348545]
[1.7222213, 0.93450296, 0.6667455, 0.12097274]
[1.7342491, 0.7295897, 0.8660127, 0.13864675]
[1.7184163, 0.82279295, 0.7615417, 0.13408172]
[1.9111485, 0.8779005, 0.8855994, 0.14764869]
[1.7076141, 0.6958418, 0.87410444, 0.13766778]
[1.7949928, 0.8783157, 0.7827369, 0.13394022]
[1.7271993, 0.67376333, 0.9234161, 0.13001987]
[1.7182279, 0.8988994, 0.66329086, 0.1560376]
[1.6273243, 0.7575564, 0.7220864, 0.14768147]
[1.6282055, 0.5499803, 0.93015397, 0.14807123]
[1.7312707, 0.94785416, 0.62359524, 0.15982124]
[1.8429773, 0.7789426, 0.9204239, 0.14361076]
[1.6972847, 0.7313049, 0.81278217, 0.15319759]
[1.7077192, 0.720672, 0.8303019, 0.1567453]
[2.0830095, 1.038354, 0.8772402, 0.16741525]
[1.5849689, 0.78232884, 0.66852945, 0.1341106]
[1.7388256, 0.9313408, 0.6659597, 0.141525]
[1.7138133, 0.7955559, 0.77406037, 0.14419705]
[1.8135207, 0.7589611, 0.90233535, 0.1522243]
[1.8862814, 0.9367918, 0.79040515, 0.15908442]
[1.7744021, 0.90089566, 0.7387935, 0.13471287]
[1.9970801, 0.84136426, 0.99755037, 0.1581654]
[1.8412429, 0.88143337, 0.80445707, 0.15535247]
[1.778329, 0.84288883, 0.791408, 0.14403209]
[1.7877823, 0.7514646, 0.8963268, 0.13999091]
[1.7652462, 0.8234085, 0.79118806, 0.15064949]
[1.7863706, 0.95148563, 0.6894534, 0.14543162]
[1.999993, 0.74845815, 1.1149524, 0.1365824]
[2.0826583, 1.0892785, 0.8474225, 0.14595747]
[1.9388213, 1.0625786, 0.75089705, 0.1253457]
[1.9064727, 0.8656914, 0.91593605, 0.12484521]
[1.5890689, 0.7480657, 0.6969336, 0.14406955]
[1.7680683, 0.6276045, 0.9960623, 0.14440155]
[2.1385052, 1.2237124, 0.7872965, 0.12749618]
[1.7372595, 0.5582983, 1.0418845, 0.13707669]
[1.8174059, 0.9270226, 0.760537, 0.1298463]
[1.9645287, 0.93807244, 0.89122635, 0.13522999]
[1.9285645, 0.91458833, 0.8890637, 0.124912456]
[1.6810821, 0.67841065, 0.8804294, 0.12224212]
[1.7760956, 0.86440283, 0.78483987, 0.12685303]
[1.9378706, 0.8103169, 0.99649286, 0.13106084]
[2.0606115, 0.9847045, 0.95134735, 0.12455959]
[1.849398, 0.9972886, 0.72609055, 0.12601884]
[1.7405723, 0.7714175, 0.8583441, 0.11081077]
[1.8117061, 0.7336369, 0.94491875, 0.13315031]
[1.6360774, 0.8006477, 0.70965695, 0.12577274]
[1.8690944, 0.9102596, 0.8350142, 0.12382054]
[1.8004502, 0.9458697, 0.72469854, 0.12988195]
[1.6840007, 0.80864763, 0.7611165, 0.114236645]
[1.7388349, 0.6249487, 0.9728092, 0.14107701]
[1.9856877, 0.9136281, 0.94105893, 0.13100082]
[1.6922147, 0.7534454, 0.8036648, 0.13510457]
[1.941614, 1.0359986, 0.77854204, 0.12707338]
[1.656736, 0.6991384, 0.81304795, 0.1445497]
[1.6695232, 0.7911762, 0.74211144, 0.13623565]
[1.8943567, 0.9282815, 0.8210446, 0.14503065]
[1.7301573, 0.8568951, 0.7451956, 0.12806654]
[1.6834862, 0.64501274, 0.90131855, 0.13715498]
[1.8574166, 0.8597001, 0.8569459, 0.14077061]
[1.9292125, 0.7959184, 1.0005189, 0.13277516]
[1.8481077, 0.9772052, 0.72112954, 0.149773]
[1.8529186, 0.79356444, 0.9188797, 0.14047453]
[1.6427115, 0.7679895, 0.73575336, 0.13896859]
[1.7284616, 0.8536662, 0.7278483, 0.14694712]
[1.8360169, 0.8257451, 0.8794918, 0.13077992]
[1.8612428, 0.93982846, 0.76447487, 0.15693957]
[1.8403548, 0.9145258, 0.7871772, 0.13865176]
[1.7141007, 0.72127485, 0.8562114, 0.13661441]
[1.8125663, 0.80536103, 0.86891365, 0.13829157]
[1.8785691, 0.7375775, 0.99099624, 0.14999534]
[1.831556, 0.8397061, 0.86032194, 0.1315279]
[1.680577, 0.70172095, 0.83727324, 0.14158286]
[1.8986567, 0.907962, 0.85130024, 0.13939436]
[1.7786435, 0.7519293, 0.8834947, 0.14321958]
[1.9823955, 0.8271518, 1.0057293, 0.14951442]
[1.7328911, 0.81598586, 0.7756798, 0.14122528]
[1.9328296, 1.0675029, 0.71695113, 0.14837563]
[1.755828, 0.6453512, 0.9760448, 0.13443205]
[1.6536949, 0.8185514, 0.6940069, 0.14113659]
[1.6285309, 0.6791793, 0.8071883, 0.14216326]
[1.7802839, 0.9620639, 0.68972266, 0.1284973]
[1.4115539, 0.68527114, 0.5620112, 0.16427162]
[1.885083, 0.8737583, 0.8680129, 0.14331177]
[1.6216288, 0.6849797, 0.78484684, 0.15180236]
[1.7183383, 0.82199407, 0.7418583, 0.15448594]
[1.638993, 0.5207919, 0.96485853, 0.15334256]
[1.6264938, 0.9279339, 0.53603923, 0.16252074]
[1.727531, 0.78655565, 0.799083, 0.14189225]
[1.7786498, 0.8119131, 0.81487525, 0.15186138]
[1.8162032, 0.94244474, 0.7233224, 0.15043601]
[1.65763, 0.6306317, 0.8697713, 0.15722701]
[1.9664311, 1.1160758, 0.7012702, 0.1490852]
[1.82542, 0.67168343, 1.0017653, 0.15197131]
[1.6995128, 0.8698139, 0.6805253, 0.14917359]
[1.958442, 1.0022646, 0.8059361, 0.1502413]
[1.6143925, 0.89053464, 0.5599722, 0.16388553]
[1.7752328, 0.7505801, 0.8943614, 0.13029136]
[1.8030753, 1.0216438, 0.64075315, 0.14067842]
[1.8263289, 0.84418124, 0.84251976, 0.13962778]
[1.846658, 0.77354366, 0.9249954, 0.14811894]
[1.7154107, 0.8738972, 0.7190008, 0.12251273]
[1.7898991, 0.88950956, 0.76395106, 0.13643843]
[1.9096084, 0.9365408, 0.82553256, 0.14753504]
[1.8742744, 1.0146945, 0.724107, 0.13547291]
[1.8589488, 0.7780229, 0.9489112, 0.13201478]
[1.7658497, 0.9149343, 0.70391345, 0.14700201]
[1.8012087, 0.73264754, 0.93031776, 0.13824339]
[1.8050907, 0.77375406, 0.9035775, 0.12775916]
[1.7800314, 0.82916063, 0.8081242, 0.14274669]
[1.6262892, 0.75752366, 0.72987115, 0.13889444]
[1.7806312, 0.88422227, 0.7404924, 0.15591657]
[1.9589864, 0.7337646, 1.0874374, 0.13778436]
[1.5537587, 0.7532797, 0.64614785, 0.15433124]
[1.7648351, 0.6564175, 0.96361125, 0.14480634]
[1.750219, 0.8352166, 0.7671174, 0.14788496]
[1.7225214, 0.7929577, 0.78136957, 0.14819416]
[1.7179892, 0.87603164, 0.70233226, 0.13962528]
[1.9347448, 0.8773469, 0.8972096, 0.16018842]
[2.0479786, 0.7663684, 1.1287218, 0.15288836]
[1.7948909, 0.90695095, 0.7594481, 0.12849182]
[1.6719669, 0.637044, 0.88238984, 0.15253301]
[1.7770905, 0.7249354, 0.89414054, 0.15801457]
[1.7296904, 0.7752346, 0.783466, 0.17098987]
[1.7358096, 0.87102854, 0.7267519, 0.13802907]
[1.7495579, 0.53461, 1.0528065, 0.1621414]
[1.659883, 0.8082424, 0.6957452, 0.15589544]
[1.6946927, 0.66259545, 0.86623275, 0.16586459]
[1.7139331, 0.92660016, 0.6123652, 0.17496774]
[1.8578624, 0.62982225, 1.0672312, 0.16080892]
[1.8649865, 0.9677968, 0.737648, 0.15954177]
[1.8914868, 0.8639258, 0.8764564, 0.15110452]
[1.630357, 0.5860064, 0.89442617, 0.14992449]
[1.8892597, 0.87710226, 0.86199737, 0.15016012]
[1.690878, 0.6939314, 0.84966063, 0.14728609]
[1.8071939, 0.9439362, 0.70504165, 0.15821603]
[1.6400021, 0.7746065, 0.7066313, 0.15876421]
[1.7634605, 0.6485645, 0.9630105, 0.15188554]
[1.4592468, 0.8975335, 0.40827885, 0.1534344]
[2.1063557, 0.8414298, 1.1015643, 0.16336167]
[1.6502409, 0.7562878, 0.73954785, 0.15440527]
[1.5925628, 0.61241484, 0.8411591, 0.13898882]
[1.7058022, 0.9101356, 0.63001436, 0.16565233]
[2.0392866, 0.97421765, 0.9024043, 0.16266465]
[1.8849095, 1.0357037, 0.70052034, 0.14868554]
[1.7291915, 0.753909, 0.832412, 0.14287049]
[1.4898629, 0.7253485, 0.6124053, 0.15210912]
[1.5540705, 0.69208145, 0.6964051, 0.16558383]
[1.8499999, 0.7815809, 0.8975695, 0.17084956]
[1.9480736, 1.0513666, 0.7312634, 0.1654436]
[1.8627329, 0.7531426, 0.95630836, 0.15328188]
[1.8009742, 0.7026175, 0.9374786, 0.1608781]
[1.7188299, 0.90204585, 0.6555352, 0.16124885]
[1.5939039, 0.66260904, 0.77372396, 0.15757096]
[1.6713347, 0.7572648, 0.7598685, 0.15420154]
[1.63168, 0.6544968, 0.8194514, 0.15773183]
[2.008662, 0.992215, 0.8636622, 0.15278491]
[1.7647331, 0.8729515, 0.72776127, 0.16402024]
[1.7687014, 0.68022686, 0.9157653, 0.1727093]
[1.7340615, 1.0435026, 0.53378725, 0.15677163]
[1.9038138, 0.8867465, 0.85723996, 0.15982735]
[1.6472036, 0.8466248, 0.64511204, 0.1554667]
[1.7256354, 0.64500993, 0.92520314, 0.15542236]
[1.7789118, 0.99723256, 0.6226398, 0.15903953]
[1.6531429, 0.7968576, 0.7132411, 0.14304426]
[1.913125, 0.9125533, 0.85213935, 0.14843233]
[1.7202137, 0.76719344, 0.80682576, 0.14619449]
[1.4771969, 0.7761119, 0.528438, 0.172647]
[1.9758685, 0.84726703, 0.9628229, 0.1657785]
[1.9527302, 0.9141773, 0.87733495, 0.16121796]
[1.8956809, 0.99172354, 0.75114036, 0.15281695]
[1.7688223, 0.7366832, 0.89409757, 0.13804159]
[2.121893, 1.0346853, 0.93889683, 0.14831084]
[1.7624165, 0.66095716, 0.96964145, 0.1318179]
[1.9288747, 0.8650261, 0.9138208, 0.15002769]
[1.8477162, 0.74310404, 0.9773232, 0.12728892]
[1.7884836, 0.85267675, 0.7958746, 0.13993227]
[1.6977987, 0.76185584, 0.80318755, 0.13275522]
[1.6990057, 0.7357966, 0.8288731, 0.13433611]
[1.7903049, 0.9700775, 0.6775128, 0.14271444]
[1.7751162, 0.7689263, 0.87391615, 0.13227372]
[1.737315, 0.85624397, 0.731313, 0.14975813]
[2.1673298, 0.70222366, 1.316052, 0.14905414]
[1.8014544, 1.0851688, 0.5918983, 0.12438724]
[1.7380403, 0.7843958, 0.8080527, 0.14559183]
[1.7435671, 0.653289, 0.9490953, 0.14118275]
[1.7163084, 0.9014435, 0.66639173, 0.14847311]
[1.9258533, 0.9858979, 0.8101102, 0.1298451]
[1.6394756, 0.73204255, 0.7668745, 0.14055854]
[1.640292, 0.7865095, 0.7043744, 0.14940822]
[1.5184395, 0.5852361, 0.7743784, 0.15882507]
[1.8077102, 0.8150263, 0.85069835, 0.14198558]
[1.9046648, 0.9650017, 0.7936375, 0.14602548]
[1.9420407, 0.77441156, 1.0144215, 0.15320764]
[1.6564769, 0.7939764, 0.7202464, 0.14225397]
[2.001943, 0.9505445, 0.89691865, 0.15447992]
[1.6625993, 0.81724465, 0.71213365, 0.13322103]
[1.6716956, 0.78086615, 0.74402905, 0.1468004]
[1.7591369, 0.83360034, 0.77033323, 0.1552033]
[1.7678857, 0.8141092, 0.8057345, 0.14804196]
[1.6428701, 0.62417245, 0.8756954, 0.14300211]
[1.7230836, 0.76890117, 0.7829045, 0.17127788]
[1.7118678, 0.74740565, 0.8022301, 0.1622321]
[1.7105044, 0.80031985, 0.7409431, 0.16924156]
[1.7626599, 0.7470143, 0.8520033, 0.16364226]
[1.7740749, 0.9721893, 0.6343914, 0.16749418]
[1.5584499, 0.58911437, 0.81136036, 0.15797508]
[1.9421265, 0.88073003, 0.89261174, 0.1687847]
[1.7735695, 0.88805616, 0.7300951, 0.15541828]
[1.5344453, 0.7052393, 0.66434634, 0.1648596]
[1.7392807, 0.77975035, 0.77647525, 0.18305522]
[2.2156415, 0.9837315, 1.0623316, 0.16957864]
[1.6636369, 0.66792715, 0.84483826, 0.15087153]
[1.62926, 0.7825211, 0.68352145, 0.16321738]
[1.8568326, 0.73230714, 0.95934784, 0.1651777]
[1.9192955, 0.9610559, 0.79724526, 0.16099438]
[1.819148, 0.9321206, 0.7215101, 0.16551721]
[1.7666575, 0.840377, 0.7740127, 0.15226781]
[1.7943379, 0.7839989, 0.8623868, 0.14795221]
[1.8448536, 0.91622645, 0.7921266, 0.13650063]
[1.9176508, 0.9170486, 0.8473333, 0.15326893]
[1.8361963, 0.83666575, 0.8483323, 0.15119824]
[1.9212847, 0.79453295, 0.9641586, 0.16259319]
[2.0472138, 1.1892247, 0.7175391, 0.14045006]
[1.7679971, 0.7727244, 0.8537265, 0.1415463]
[1.8909497, 0.7648206, 0.9803585, 0.14577065]
[1.793321, 0.9185052, 0.73458064, 0.1402352]
[1.7989428, 0.68069434, 0.96218866, 0.15605968]
[1.8132873, 1.1085243, 0.56455743, 0.14020555]
[2.055272, 0.8969708, 1.0170841, 0.14121711]
[1.9811664, 0.85849226, 0.99871063, 0.12396351]
[1.9836222, 0.9494871, 0.8856558, 0.14847934]
[1.8869659, 0.8368248, 0.9279479, 0.12219326]
[1.9247297, 0.8335831, 0.9616786, 0.12946798]
[1.8108171, 0.9103346, 0.7777698, 0.12271273]
[1.7025775, 0.7232095, 0.8637401, 0.115627915]
[1.8116213, 0.86494917, 0.8242611, 0.12241097]
[1.5638103, 0.7307279, 0.67293906, 0.16014335]
[1.7017355, 0.8639412, 0.7076437, 0.1301505]
[1.6432198, 0.8118876, 0.7087475, 0.12258475]
[1.7001871, 0.6571352, 0.9149199, 0.12813202]
[1.6754506, 0.63394713, 0.90770173, 0.13380167]
[2.1054282, 1.0027306, 0.96450996, 0.1381876]
[1.6883392, 0.7295649, 0.81023157, 0.14854275]
[1.8527275, 0.86302865, 0.8484124, 0.14128649]
[1.8015211, 0.8998316, 0.75774544, 0.143944]
[1.7917644, 0.77157515, 0.8797939, 0.14039531]
[1.7949973, 1.0065169, 0.66118383, 0.12729657]
[1.7526752, 0.5215461, 1.0799187, 0.15121034]
[1.7493584, 0.913651, 0.7221752, 0.11353229]
[1.741864, 0.82931894, 0.7675337, 0.14501128]
[1.9877728, 0.98133266, 0.8758092, 0.13063094]
[1.642884, 0.84486604, 0.668024, 0.12999386]
[1.708415, 0.625499, 0.95261973, 0.13029623]
[2.0239873, 0.86958694, 1.0052714, 0.14912888]
[1.8037766, 0.74952906, 0.91617894, 0.13806851]
[1.7655113, 1.0378761, 0.61278766, 0.11484745]
[1.7884068, 0.906621, 0.75116897, 0.13061687]
[1.7242922, 0.8029975, 0.78832304, 0.13297163]
[1.7637784, 0.97065043, 0.6658992, 0.12722874]
[1.7251347, 0.6499076, 0.957153, 0.11807404]
[1.8378898, 0.8781391, 0.8260699, 0.13368087]
[1.6688157, 0.7640942, 0.76899886, 0.13572279]
[1.7476839, 0.73127365, 0.86377954, 0.15263066]
[1.6466264, 0.8265045, 0.6743677, 0.14575408]
[1.8309813, 0.9449819, 0.7459166, 0.1400828]
[1.8700984, 0.970644, 0.7625512, 0.13690314]
[1.6711661, 0.84480727, 0.69303524, 0.1333236]
[1.853724, 0.7669598, 0.9517933, 0.13497095]
[1.645184, 0.73009866, 0.77306247, 0.14202282]
[1.6853695, 0.99741733, 0.5510675, 0.13688466]
[1.8143561, 0.8542697, 0.8103423, 0.14974406]
[1.7086716, 0.6869185, 0.8938745, 0.12787858]
[1.7358397, 0.73632807, 0.86742055, 0.13209118]
[1.9812006, 0.8641645, 0.97163326, 0.1454028]
[1.887534, 0.91277474, 0.84631073, 0.12844859]
[1.6320122, 0.721189, 0.7604791, 0.15034415]
[1.8943465, 0.8883878, 0.85303426, 0.15292445]
[1.7852157, 0.98916733, 0.63549745, 0.16055094]
[1.8007581, 0.86389494, 0.79418576, 0.14267749]
[1.6872702, 0.6379391, 0.900746, 0.1485851]
[1.8355093, 0.65638113, 1.0247216, 0.15440658]
[1.7535707, 0.92238545, 0.68651223, 0.144673]
[1.8686512, 0.92359793, 0.8026744, 0.14237884]
[1.8248132, 0.64029753, 1.0513678, 0.13314797]
[2.0183635, 1.1157978, 0.76102865, 0.14153701]
[1.5791597, 0.6902064, 0.766496, 0.12245724]
[1.8592801, 0.9945719, 0.7383172, 0.126391]
[1.8387296, 0.76935315, 0.9339526, 0.13542396]
[1.9429035, 1.0399683, 0.75852, 0.14441523]
[1.8940972, 0.9399842, 0.8106125, 0.14350045]
[1.894194, 1.0001087, 0.7630223, 0.13106295]
[1.8418941, 0.80127925, 0.90667117, 0.13394375]
[1.9669446, 0.967528, 0.8670563, 0.13236031]
[1.8321955, 0.7432909, 0.9679865, 0.120918065]
[1.8764579, 0.74790657, 1.0004996, 0.1280518]
[1.6534098, 0.74017596, 0.7708166, 0.14241728]
[1.7608726, 0.84904546, 0.7787024, 0.13312483]
[1.6960729, 0.8251864, 0.7399138, 0.13097271]
[1.8003868, 0.86950296, 0.80270946, 0.12817441]
[1.9509634, 0.9208767, 0.88617766, 0.1439091]
[1.7707946, 0.7408968, 0.90688676, 0.123011135]
[1.7869012, 0.90344375, 0.75333345, 0.13012409]
[1.8874304, 0.7719526, 0.9795814, 0.13589649]
[1.8048463, 0.8012335, 0.8714646, 0.13214824]
[1.756149, 0.7682133, 0.8489082, 0.13902763]
[1.7648034, 0.8505357, 0.78196263, 0.13230518]
[1.6765275, 0.72469246, 0.8209659, 0.13086909]
[1.7311203, 0.7668975, 0.82911634, 0.13510655]
[1.7088495, 0.78795385, 0.78734994, 0.13354574]
[1.9534515, 1.0067418, 0.82164615, 0.12506357]
[1.785916, 0.80485576, 0.84994864, 0.13111153]
[1.7843305, 0.78208494, 0.87018913, 0.13205633]
[1.9474642, 1.055117, 0.7603878, 0.13195942]
[1.8510662, 0.9272634, 0.7952455, 0.1285573]
[1.9469728, 0.75623083, 1.0551023, 0.13563973]
[1.793267, 1.0852011, 0.5798924, 0.12817344]
[1.6995873, 0.6930025, 0.87597865, 0.1306062]
[1.8594137, 0.9165686, 0.81033266, 0.13251248]
[2.0295374, 0.96903956, 0.93902016, 0.12147765]
[1.8430161, 0.7768611, 0.9445393, 0.12161573]
[1.5030559, 0.66372675, 0.70554113, 0.13378797]
[1.7565057, 0.8916579, 0.72149324, 0.14335465]
[1.769119, 0.81953037, 0.8243716, 0.12521711]
[1.8183302, 0.8548272, 0.83378375, 0.12971917]
[1.9251139, 1.0260899, 0.76620746, 0.1328165]
[1.7229193, 0.7570772, 0.8417705, 0.12407157]
[1.725614, 0.6418774, 0.95177, 0.13196644]
[1.7128143, 0.82089627, 0.74758637, 0.1443317]
[1.6201284, 0.77769935, 0.6949167, 0.14751226]
[1.6628004, 0.810744, 0.71486497, 0.13719139]
[1.7174737, 0.697936, 0.86562824, 0.15390947]
[1.8696947, 0.75129247, 0.97270304, 0.14569923]
[1.7917631, 0.85537004, 0.7864873, 0.1499057]
[1.6961583, 0.6861233, 0.8612542, 0.1487807]
[1.8377326, 0.8143877, 0.87266946, 0.15067548]
[1.951313, 1.0096271, 0.80758375, 0.13410217]
[1.8380517, 0.84143007, 0.85636824, 0.14025345]
[1.7509488, 0.7708699, 0.83526576, 0.14481315]
[1.8191313, 0.8549667, 0.814116, 0.15004857]
[2.1382325, 1.0759134, 0.91030884, 0.15201014]
[1.8273342, 0.9126729, 0.79112965, 0.12353164]
[1.7262069, 0.72198075, 0.88005954, 0.12416659]
[1.8684458, 0.83620065, 0.894888, 0.13735716]
[1.8837441, 0.8717091, 0.8765018, 0.13553318]
[2.0620196, 1.007325, 0.915619, 0.13907541]
[1.7438908, 0.8840429, 0.7232466, 0.1366012]
[1.7178462, 0.8297788, 0.7488009, 0.13926646]
[1.8853731, 0.983853, 0.76934403, 0.13217612]
[2.0767796, 0.9067235, 1.0442288, 0.1258273]
[1.7256842, 0.72537506, 0.85767597, 0.14263326]
[1.659866, 0.6651474, 0.86429703, 0.13042152]
[1.8392004, 0.8402396, 0.86569446, 0.13326633]
[1.8867444, 0.9681967, 0.79109883, 0.12744889]
[1.8341438, 0.8636719, 0.8446462, 0.12582564]
[1.6666461, 0.76774085, 0.7601486, 0.13875665]
[1.5970273, 0.689821, 0.7591404, 0.14806591]
[1.7979534, 0.8839822, 0.7658125, 0.14815873]
[1.6058813, 0.712373, 0.77066565, 0.122842714]
[1.7945716, 0.8038069, 0.8421818, 0.14858288]
[1.8602816, 0.84094507, 0.86410236, 0.15523422]
[1.6997048, 0.6687808, 0.8873272, 0.14359675]
[1.9143672, 1.0125306, 0.7602406, 0.14159608]
[1.7873454, 0.8126818, 0.82445425, 0.1502094]
[1.8409476, 0.7948095, 0.8891235, 0.15701455]
[1.7293003, 0.83295995, 0.75618577, 0.1401546]
[1.7426342, 0.76742107, 0.8332468, 0.14196622]
[1.7635653, 0.7238554, 0.90212655, 0.13758335]
[1.618559, 0.8816394, 0.59129757, 0.145622]
[1.9092436, 0.92855537, 0.8412159, 0.1394722]
[1.8572862, 0.87152886, 0.83789957, 0.14785784]
[1.5772161, 0.60120535, 0.81029475, 0.16571608]
[1.5628043, 0.54273987, 0.86043876, 0.15962565]
[1.9490895, 1.0188082, 0.76662, 0.16366118]
[1.6910524, 0.68913174, 0.85768545, 0.14423531]
[1.6611933, 0.61714685, 0.87939596, 0.16465047]
[1.8198742, 0.91488254, 0.7574911, 0.14750051]
[1.6192567, 0.5212871, 0.9483267, 0.14964291]
[1.685484, 0.78203297, 0.7345986, 0.16885242]
[1.6338406, 0.5392585, 0.9197465, 0.17483556]
[1.9188813, 0.93556064, 0.8039469, 0.1793737]
[1.8152351, 0.66323924, 0.99187636, 0.16011953]
[1.9464922, 0.97683775, 0.7973931, 0.17226142]
[1.9277076, 0.9044503, 0.8472246, 0.17603262]
[1.8312198, 0.9809496, 0.68870294, 0.16156729]
[1.92592, 0.7792136, 0.99528146, 0.15142491]
[1.8257084, 0.904695, 0.7859718, 0.13504153]
[1.8575574, 0.83830094, 0.84745866, 0.17179784]
[1.5736023, 0.7755328, 0.6306271, 0.16744244]
[1.4333043, 0.55104685, 0.74243665, 0.13982083]
[1.7424804, 0.6708184, 0.90527827, 0.16638376]
[1.9229643, 0.90999424, 0.8377583, 0.17521176]
[1.827758, 0.9959979, 0.6793941, 0.1523659]
[1.6675467, 0.7010164, 0.8074692, 0.15906122]
[1.7525957, 0.9150298, 0.6742153, 0.16335057]
[1.8762004, 0.94328696, 0.7765977, 0.15631585]
[2.1538978, 1.0765557, 0.92759454, 0.14974725]
[1.687754, 0.8403134, 0.7062447, 0.14119586]
[1.9042304, 1.0429139, 0.71734285, 0.14397363]
[1.7006419, 0.73017126, 0.8305211, 0.13994952]
[1.7109656, 0.8881232, 0.68905044, 0.13379188]
[1.5652816, 0.540762, 0.8905929, 0.13392669]
[1.9022435, 1.0479207, 0.70819867, 0.1461241]
[1.9747622, 1.0891547, 0.74583423, 0.13977323]
[1.8449652, 0.93316156, 0.760564, 0.15123966]
[2.1021497, 1.0991147, 0.86641246, 0.13662264]
[1.8598502, 0.72994196, 0.9894826, 0.14042565]
[1.7959062, 0.91861296, 0.73476064, 0.14253259]
[1.8707799, 1.0193508, 0.7205914, 0.1308377]
[1.8074232, 0.8244065, 0.84266365, 0.14035305]
[1.9100208, 0.7870764, 0.9823656, 0.14057876]
[1.6386135, 0.9650855, 0.54803264, 0.12549528]
[2.059392, 0.94928193, 0.9908288, 0.11928132]
[1.608054, 0.7310335, 0.751721, 0.12529956]
[1.7626263, 0.7215836, 0.91747236, 0.12357028]
[1.9342213, 0.8758604, 0.9164812, 0.14187968]
[1.6940401, 0.7058143, 0.8560837, 0.13214202]
[1.7575649, 0.80075014, 0.81548387, 0.14133081]
[1.6057884, 0.82744026, 0.6325469, 0.14580122]
[1.9038956, 0.8348502, 0.92557275, 0.14347264]
[1.8567555, 0.8698782, 0.84766376, 0.1392135]
[1.6822686, 0.6761044, 0.8739239, 0.13224024]
[1.7032554, 0.90348285, 0.656831, 0.1429415]
[1.8267213, 0.79150355, 0.9052934, 0.1299244]
[1.8312892, 0.9219749, 0.77523315, 0.13408116]
[2.101096, 1.0721881, 0.89524406, 0.13366367]
[1.8046095, 0.78360564, 0.8813305, 0.13967353]
[1.8429519, 0.80024815, 0.9087794, 0.13392432]
[1.6248648, 0.8298701, 0.6541041, 0.14089066]
[1.6652476, 0.67772055, 0.8431925, 0.14433439]
[1.6192423, 0.55620533, 0.9062664, 0.15677059]
[1.9927653, 1.0209303, 0.83673316, 0.1351019]
[1.8729336, 0.94431186, 0.785159, 0.14346279]
[1.8317143, 0.78506774, 0.90859234, 0.13805425]
[1.8247298, 0.90219194, 0.7938905, 0.12864742]
[1.7411003, 0.71688247, 0.88657254, 0.13764524]
[1.6995362, 0.9103339, 0.6390536, 0.15014875]
[1.9011055, 0.71507835, 1.0434952, 0.14253198]
[1.483254, 0.51370215, 0.84687245, 0.12267939]
[1.7199762, 0.68036234, 0.8885027, 0.15111116]
[1.8449919, 0.93147117, 0.7670793, 0.14644147]
[1.617702, 0.58344376, 0.8806686, 0.15358967]
[1.8119824, 0.847056, 0.8174027, 0.14752358]
[1.9863434, 1.1244208, 0.6879902, 0.1739324]
[1.7488953, 0.6515776, 0.9492253, 0.14809242]
[1.8955263, 0.8344326, 0.9177058, 0.14338794]
[1.9492909, 0.7811669, 1.0196261, 0.14849782]
[1.6506243, 0.9090276, 0.59561133, 0.1459853]
[1.6467942, 0.73214966, 0.76606053, 0.14858404]
[2.0337327, 1.1093252, 0.773571, 0.1508364]
[1.9970965, 0.90486085, 0.9471704, 0.14506534]
[1.9626788, 0.98576015, 0.84572256, 0.13119611]
[1.8302, 0.8808081, 0.8099536, 0.13943823]
[1.8591223, 1.0325036, 0.68972087, 0.13689777]
[1.7725655, 0.75685763, 0.87624514, 0.13946268]
[1.616326, 0.8406155, 0.6359762, 0.1397343]
[1.9660554, 0.9085778, 0.90995383, 0.14752372]
[1.8133955, 0.9706221, 0.71293926, 0.12983423]
[1.746726, 0.8933834, 0.7120859, 0.14125682]
[1.735394, 0.775642, 0.81850016, 0.1412518]
[1.6271, 0.854591, 0.62956035, 0.14294857]
[1.6086658, 0.6559176, 0.8115673, 0.1411809]
[1.9046469, 0.96966684, 0.7904538, 0.1445262]
[1.7272334, 0.91561866, 0.6714719, 0.14014289]
[1.7904452, 1.0743262, 0.5625439, 0.1535751]
[1.7487782, 0.8017816, 0.80930495, 0.13769157]
[1.7962143, 0.86112595, 0.78671694, 0.14837149]
[1.7582958, 0.70660716, 0.9107852, 0.14090344]
[1.788491, 0.90157986, 0.73689055, 0.15002054]
[1.6581072, 0.8302937, 0.6830112, 0.14480217]
[2.0038192, 0.79759187, 1.0627494, 0.143478]
[1.7370107, 0.80163485, 0.7978767, 0.13749905]
[1.8360593, 0.866387, 0.824345, 0.14532739]
[2.0739257, 1.0281327, 0.91113997, 0.13465317]
[1.8348304, 0.7565518, 0.9355248, 0.14275375]
[1.7134587, 0.7146261, 0.87152755, 0.12730506]
[1.674068, 0.744156, 0.78966284, 0.1402491]
[1.6707457, 0.7863626, 0.73549426, 0.14888892]
[1.7200916, 0.80579615, 0.759079, 0.1552164]
[1.7509677, 0.7559196, 0.8409654, 0.15408283]
[1.76458, 0.6215503, 0.98491204, 0.15811759]
[1.5012294, 0.63872147, 0.7022505, 0.16025746]
[2.0149455, 1.0655112, 0.7987108, 0.15072341]
[1.8106325, 0.6594455, 1.0103127, 0.1408742]
[1.7587186, 0.8405566, 0.76789033, 0.15027165]
[1.9532288, 0.8475944, 0.94954735, 0.15608709]
[1.8480579, 0.8797642, 0.81409043, 0.15420331]
[1.8340845, 0.9480746, 0.7376523, 0.14835769]
[1.8864578, 0.8611088, 0.89191574, 0.13343327]
[1.8137357, 0.76264393, 0.91546404, 0.13562776]
[1.8929218, 1.0419049, 0.7024802, 0.14853668]
[1.7319398, 0.710057, 0.88066196, 0.14122087]
[1.8917147, 0.91323984, 0.83587754, 0.1425973]
[1.9213302, 0.8309429, 0.95806164, 0.13232568]
[1.6824576, 0.83849865, 0.7210617, 0.122897245]
[1.6235654, 0.71922255, 0.76046395, 0.14387892]
[1.7797387, 0.86275, 0.7791692, 0.13781953]
[1.8694549, 0.9740257, 0.74829745, 0.14713174]
[1.9042776, 0.9673647, 0.79625773, 0.14065507]
[1.8164506, 0.79331285, 0.8868964, 0.13624138]
[1.7554905, 0.80034155, 0.81978196, 0.13536704]
[1.9731637, 1.015742, 0.83188933, 0.12553255]
[1.8666949, 0.84143466, 0.89701545, 0.12824485]
[1.7822088, 0.80212796, 0.85369205, 0.12638883]
[1.729821, 0.8247304, 0.76450884, 0.1405817]
[1.5772519, 0.7953104, 0.64459527, 0.1373463]
[1.7636602, 0.805922, 0.8153038, 0.1424343]
[1.8134975, 0.9780972, 0.7046466, 0.13075376]
[1.7110319, 0.7960093, 0.7714962, 0.14352638]
[1.8386424, 0.89278793, 0.8189367, 0.12691778]
[1.7161897, 0.685117, 0.8757365, 0.15533623]
[1.894004, 1.0422959, 0.7107417, 0.14096633]
[1.8578228, 0.9768536, 0.7570764, 0.1238928]
[2.0017402, 0.8777875, 0.9942863, 0.12966654]
[1.833829, 0.74068654, 0.9609805, 0.13216193]
[1.8672149, 0.9168813, 0.8095428, 0.14079078]
[1.886764, 0.733534, 1.0252389, 0.1279912]
[1.8740501, 0.99929523, 0.74142617, 0.13332865]
[2.0242894, 0.8130958, 1.0787745, 0.1324192]
[1.7735054, 0.6242623, 1.0165817, 0.13266154]
[1.7917516, 0.88114107, 0.7861711, 0.12443952]
[1.8858199, 1.0399556, 0.7180326, 0.12783164]
[1.649693, 0.49619582, 1.020197, 0.13330022]
[1.8227153, 0.75677073, 0.9371063, 0.12883833]
[1.6815803, 0.7129173, 0.8435962, 0.12506676]
[1.9241023, 1.0089877, 0.7841474, 0.13096732]
[1.7229632, 0.7753105, 0.8113669, 0.13628581]
[1.5631514, 0.5970235, 0.83171165, 0.13441628]
[1.707787, 0.86299896, 0.7078918, 0.13689631]
[1.7861911, 0.72129273, 0.917873, 0.14702532]
[2.1869366, 1.036934, 1.0097178, 0.14028485]
[1.7105647, 0.721714, 0.86284804, 0.12600267]
[1.9860184, 0.82674396, 1.0166492, 0.14262517]
[1.8860147, 1.0096858, 0.75700265, 0.11932634]
[1.7442611, 0.7934624, 0.8249165, 0.12588224]
[1.9870517, 1.0326998, 0.8221508, 0.13220114]
[1.562933, 0.61206174, 0.8143661, 0.13650513]
[1.6163422, 0.80418503, 0.67665714, 0.1355001]
[1.7721473, 0.85822713, 0.75430965, 0.15961048]
[1.8013263, 0.8395256, 0.8327346, 0.12906608]
[1.8037076, 0.99358493, 0.6773701, 0.13275266]
[1.8049018, 0.7523186, 0.9055382, 0.14704499]
[1.8259401, 0.9431114, 0.74011004, 0.14271864]
[1.9275178, 0.82827216, 0.9714614, 0.1277841]
[1.6866443, 0.6410262, 0.8912201, 0.1543979]
[1.9937327, 1.0481708, 0.8063363, 0.13922557]
[1.8254979, 0.9430789, 0.7552378, 0.12718123]
[1.7186341, 0.8887335, 0.694244, 0.13565663]
[1.8208838, 0.9146725, 0.7713269, 0.13488434]
[1.6106988, 0.6595341, 0.80462474, 0.14654005]
[1.8054453, 1.0047411, 0.6614412, 0.13926303]
[1.6756474, 0.6914931, 0.84336317, 0.1407911]
[1.9087931, 0.8171905, 0.94194037, 0.14966217]
[1.6720382, 0.8313217, 0.6919682, 0.14874831]
[1.7593191, 0.797831, 0.81756115, 0.14392692]
[1.6106471, 0.6192897, 0.83760536, 0.15375197]
[1.7977164, 0.8481636, 0.79995316, 0.14959952]
[1.8216698, 0.84767616, 0.8220166, 0.15197709]
[1.6458858, 0.90238, 0.60836273, 0.13514316]
[1.8538296, 0.6809273, 1.0329354, 0.13996692]
[1.6418152, 0.8240839, 0.6707801, 0.14695124]
[1.7882601, 0.68025225, 0.96369284, 0.14431496]
[1.9681889, 0.74541384, 1.0704303, 0.15234484]
[1.8238289, 0.91225946, 0.77125597, 0.14031354]
[1.9900314, 0.6599902, 1.1881028, 0.1419383]
[1.8693482, 1.0960828, 0.62480474, 0.14846066]
[1.9926662, 1.0974987, 0.7578006, 0.13736703]
[2.001504, 0.7626842, 1.1186433, 0.12017651]
[1.6890854, 0.7815715, 0.7791173, 0.12839667]
[1.7008376, 0.77949154, 0.7928706, 0.12847537]
[1.9157801, 0.8614273, 0.9415634, 0.11278944]
[1.767167, 0.89548117, 0.7523347, 0.119351]
[1.5922676, 0.6762239, 0.7768845, 0.13915935]
[1.9907469, 0.900414, 0.95982295, 0.13050999]
[1.8742988, 0.9249718, 0.8056177, 0.14370935]
[1.9713743, 0.76114625, 1.0815504, 0.12867756]
[1.7555217, 1.1304823, 0.49165425, 0.13338503]
[1.7412052, 0.7811727, 0.83666146, 0.123371094]
[1.7307287, 0.81756526, 0.7685255, 0.14463794]
[1.7058805, 0.81679785, 0.7642534, 0.12482928]
[1.8836099, 0.83257353, 0.9249711, 0.12606528]
[1.8142564, 0.90837884, 0.7854295, 0.12044808]
[1.9015794, 0.84590644, 0.93084514, 0.12482789]
[1.8332623, 0.72649944, 0.9792888, 0.12747411]
[1.8062718, 0.9500426, 0.73660815, 0.11962099]
[1.9080935, 0.9580108, 0.83375394, 0.11632866]
[1.9439131, 0.8800952, 0.9344979, 0.12932003]
[1.7779722, 0.8407154, 0.82405514, 0.11320167]
[1.8865399, 0.76529384, 0.99098134, 0.13026482]
[1.6093459, 0.6940439, 0.804922, 0.11038005]
[1.8570533, 0.9730596, 0.76263493, 0.12135869]
[1.9519217, 0.7271331, 1.0950662, 0.12972236]
[1.8411803, 0.899224, 0.83404744, 0.10790898]
[1.9113474, 0.8783024, 0.9223863, 0.1106586]
[1.9588132, 0.8510052, 0.98104334, 0.12676464]
[1.8019618, 0.96927583, 0.7008213, 0.13186467]
[1.5966742, 0.7659509, 0.716747, 0.11397621]
[1.6923095, 0.86717886, 0.6946428, 0.13048777]
[1.7758822, 0.8584565, 0.7925372, 0.12488851]
[1.7737486, 0.80611783, 0.83934116, 0.12828971]
[1.9148308, 0.8171533, 0.97235763, 0.12531987]
[1.7914371, 0.8639917, 0.79532135, 0.13212425]
[1.5172828, 0.67056143, 0.71210444, 0.13461694]
[1.6374217, 0.77303994, 0.7220064, 0.14237536]
[1.7634214, 0.85433483, 0.7582015, 0.1508851]
[1.7439674, 0.79983974, 0.8043878, 0.13973984]
[1.8623717, 1.0053602, 0.71949637, 0.13751505]
[1.881675, 0.886602, 0.8530957, 0.14197733]
[1.8779216, 0.8557159, 0.88357794, 0.13862777]
[1.6959453, 0.72610486, 0.8321456, 0.13769485]
[1.7169123, 0.76946366, 0.80212724, 0.14532131]
[1.883131, 0.74566853, 1.0027024, 0.13476013]
[1.8756003, 1.0053867, 0.7333724, 0.13684136]
[1.7049965, 0.759488, 0.8110156, 0.1344929]
[1.8791391, 0.88299847, 0.8555349, 0.14060566]
[1.7619395, 0.685879, 0.9378442, 0.13821624]
[1.8147149, 0.99588394, 0.6745486, 0.14428233]
[1.7580107, 0.79524297, 0.81807446, 0.14469329]
[1.8700062, 0.6909722, 1.0472891, 0.13174486]
[1.76162, 0.81202626, 0.8133403, 0.13625345]
[1.9361662, 1.0405495, 0.76086855, 0.13474807]
[1.8276557, 0.78412807, 0.90757525, 0.13595232]
[1.7072942, 0.60043395, 0.9773432, 0.12951702]
[1.8493013, 1.0129553, 0.70439744, 0.13194856]
[1.7921839, 0.7695023, 0.87653285, 0.14614868]
[1.6376395, 0.76275957, 0.7337538, 0.14112616]
[1.8929629, 1.0666547, 0.6741841, 0.15212417]
[1.8953433, 0.750005, 1.0014169, 0.14392143]
[1.8779334, 0.8283652, 0.9144397, 0.1351285]
[1.895643, 0.9246223, 0.83153707, 0.13948372]
[1.6566536, 0.70216936, 0.83691806, 0.11756621]
[2.047505, 1.1178434, 0.79665816, 0.13300326]
[1.943713, 0.8283512, 0.97799635, 0.13736531]
[2.00168, 1.1008072, 0.77634335, 0.12452925]
[1.6903312, 0.7734087, 0.7954514, 0.12147118]
[2.0415323, 0.9280783, 0.98676914, 0.1266849]
[1.614166, 0.94462997, 0.55219895, 0.11733711]
[1.7013447, 0.8235127, 0.7411324, 0.13669963]
[1.8692923, 0.8201075, 0.9150275, 0.13415715]
[1.974024, 0.9911589, 0.84801614, 0.13484907]
[1.5865515, 0.84923893, 0.61810553, 0.11920704]
[1.7048247, 0.75346255, 0.8202669, 0.13109523]
[1.9772801, 0.96446747, 0.8756393, 0.13717337]
[1.7587068, 0.8070916, 0.825466, 0.1261492]
[1.76762, 0.78855276, 0.84380794, 0.13525926]
[1.7828001, 0.9899443, 0.6681282, 0.12472759]
[1.7382464, 0.7434847, 0.866238, 0.12852384]
[1.9266942, 0.9361639, 0.84984136, 0.14068894]
[1.7067556, 0.75517553, 0.8156863, 0.13589382]
[1.901081, 0.94638073, 0.8220574, 0.13264282]
[1.7168826, 0.7164886, 0.8565082, 0.1438857]
[1.7439985, 0.77232784, 0.8274921, 0.1441786]
[1.5905281, 0.7209301, 0.7199878, 0.1496102]
[1.6889422, 0.8049514, 0.7433747, 0.14061604]
[1.9837685, 1.0323725, 0.8196312, 0.13176471]
[1.9260747, 0.74714696, 1.0409817, 0.13794607]
[1.9606194, 1.0072398, 0.81980056, 0.13357908]
[1.6751299, 0.87957, 0.6588671, 0.13669282]
[2.0797331, 0.9181993, 1.0314636, 0.13007018]
[1.6293099, 0.73604995, 0.7596019, 0.13365811]
[1.6484439, 0.81360006, 0.7015718, 0.13327208]
[2.0107214, 0.7882272, 1.0802896, 0.14220463]
[1.7798716, 0.7901677, 0.85666054, 0.1330434]
[1.7959523, 0.8405661, 0.82684165, 0.12854451]
[1.6604083, 0.8371826, 0.6939213, 0.12930435]
[1.6763735, 0.7968326, 0.7456988, 0.13384202]
[1.9076067, 0.84600705, 0.9281799, 0.13341975]
[1.7702413, 0.79551625, 0.82445526, 0.15026973]
[1.8009948, 1.0510612, 0.61731255, 0.13262108]
[1.5376217, 0.6990339, 0.69406587, 0.1445219]
[1.9404595, 0.8307104, 0.97043574, 0.13931337]
[1.8825431, 1.0591077, 0.69771636, 0.12571907]
[1.8661492, 0.8020835, 0.9260198, 0.13804597]
[1.8549482, 0.9554594, 0.767874, 0.13161485]
[1.6616762, 0.7800572, 0.73646164, 0.1451573]
[1.7110418, 0.8636262, 0.72254854, 0.124867104]
[1.8285972, 0.75266534, 0.9424803, 0.13345155]
[1.7919173, 1.005692, 0.6448047, 0.14142054]
[1.8807989, 0.9850795, 0.75979865, 0.13592073]
[1.8178936, 0.7808125, 0.90466464, 0.13241649]
[2.0605552, 0.8422668, 1.083858, 0.13443033]
[1.8759838, 0.9119978, 0.8386315, 0.12535456]
[1.9200118, 0.83174145, 0.9615052, 0.12676516]
[2.0716724, 1.0428271, 0.90884876, 0.11999665]
[1.7986054, 0.88756156, 0.78244185, 0.12860197]
[1.6570809, 0.67868, 0.85248613, 0.12591484]
[1.6350093, 0.67687047, 0.83668876, 0.12145007]
[1.8075092, 0.8922994, 0.78258634, 0.13262339]
[1.671159, 0.7440994, 0.789134, 0.13792558]
[1.8618292, 0.64771235, 1.0784757, 0.13564107]
[1.5063934, 0.6533384, 0.71158886, 0.14146614]
[1.8292419, 0.9352489, 0.7508844, 0.1431085]
[1.7385921, 0.89763975, 0.69559896, 0.14535348]
[1.6579331, 0.7585432, 0.779232, 0.1201578]
[2.054918, 0.6518832, 1.2544206, 0.14861417]
[1.7041836, 0.8735822, 0.6877197, 0.1428816]
[1.9713128, 0.91605985, 0.91491777, 0.1403351]
[1.8004566, 0.86314607, 0.811809, 0.12550151]
[1.63198, 0.90836126, 0.59678507, 0.12683372]
[1.6708064, 0.6588545, 0.8704016, 0.14155033]
[1.839128, 0.877092, 0.8326967, 0.12933937]
[1.7421821, 0.8434423, 0.7583475, 0.14039235]
[1.8823838, 0.7976818, 0.9486295, 0.13607258]
[2.1369483, 1.0070072, 0.9981619, 0.13177924]
[1.7240596, 0.76747704, 0.8317768, 0.12480568]
[1.8367097, 0.65678763, 1.04853, 0.13139209]
[1.8191803, 0.9641467, 0.7180445, 0.13698913]
[1.7511642, 0.84052765, 0.7772918, 0.13334481]
[1.709947, 0.78289855, 0.7903429, 0.13670552]
[1.7819939, 0.683785, 0.9806078, 0.117601015]
[1.8866466, 1.0550169, 0.69416636, 0.13746347]
[1.8526008, 0.97253126, 0.7481749, 0.13189459]
[1.8045317, 0.77220047, 0.9099683, 0.122362986]
[1.784063, 0.82807577, 0.828874, 0.1271132]
[2.0763047, 1.206342, 0.73650813, 0.13345453]
[1.6779091, 0.5915222, 0.9719602, 0.11442673]
[1.5738015, 0.7884412, 0.66908765, 0.11627264]
[1.7821398, 0.81500655, 0.8443278, 0.12280542]
[1.7553939, 0.88231176, 0.7404108, 0.1326712]
[2.009108, 1.0526026, 0.8349503, 0.121555105]
[1.7303593, 0.5983261, 0.9868802, 0.14515299]
[1.7915728, 1.0645857, 0.6048508, 0.122136414]
[1.8808331, 0.9079091, 0.8573887, 0.11553541]
[1.9237186, 0.93527806, 0.8677641, 0.12067638]
[1.9133569, 0.9207844, 0.8757933, 0.116779216]
[1.9090378, 0.7832676, 1.0236645, 0.10210568]
[1.7598269, 1.0067346, 0.62948436, 0.12360783]
[1.8442243, 0.85168016, 0.86229396, 0.13025026]
[1.7778941, 0.9263628, 0.73165464, 0.119876705]
[1.6836139, 0.79834545, 0.75941813, 0.12585032]
[1.8451227, 0.85467744, 0.86598986, 0.12445532]
[1.9325181, 0.8347789, 0.98582304, 0.11191614]
[1.861605, 0.962517, 0.7790081, 0.12007991]
[1.9808849, 0.9587015, 0.88922143, 0.13296202]
[1.6526474, 0.68047136, 0.85348797, 0.11868799]
[1.8164129, 0.8758605, 0.81807995, 0.122472554]
[1.7463814, 0.8970085, 0.7189288, 0.13044418]
[1.83999, 0.8947514, 0.810569, 0.13466966]
[1.7323225, 0.7731763, 0.83967507, 0.1194711]
[1.690598, 0.65195024, 0.90743995, 0.13120782]
[1.5971589, 0.76965666, 0.693584, 0.13391834]
