[1.7773428, 0.95285815, 0.68258715, 0.14189744]
[1.6206578, 0.62443984, 0.8453532, 0.15086472]
[1.6421429, 0.8102733, 0.67939806, 0.15247157]
[1.8870642, 0.73818994, 1.0179064, 0.13096783]
[1.7814764, 1.0227127, 0.6087123, 0.15005134]
[1.9066768, 0.7936863, 0.9745946, 0.13839594]
[1.8963938, 0.8399471, 0.9100262, 0.14642048]
[1.7755474, 0.8424525, 0.80653083, 0.126564]
[1.7087593, 0.8505716, 0.7284017, 0.12978607]
[1.7946391, 0.67693496, 0.98817825, 0.12952591]
[1.820247, 0.9563833, 0.7121828, 0.15168096]
[1.7993332, 0.91409266, 0.74651533, 0.13872519]
[1.8295952, 0.73791146, 0.9440746, 0.14760914]
[1.6092374, 0.7096332, 0.75733554, 0.14226869]
[1.9208553, 0.8039722, 0.97737527, 0.13950777]
[1.939674, 0.93481064, 0.8537457, 0.15111773]
[1.6425805, 0.74004275, 0.7484505, 0.15408736]
[1.7912855, 0.9437487, 0.69556326, 0.15197352]
[1.6702684, 0.8126118, 0.7107763, 0.1468803]
[1.6535122, 0.6591351, 0.86165595, 0.13272125]
[1.6410859, 0.7756026, 0.7102771, 0.15520623]
[1.8096802, 0.7839806, 0.8739506, 0.15174896]
[1.7491047, 0.726715, 0.8778414, 0.14454824]
[1.7426391, 0.9663927, 0.62773365, 0.14851278]
[1.7207712, 0.705322, 0.860019, 0.15543015]
[1.9511071, 0.8092984, 0.9715101, 0.17029873]
[1.7227672, 0.8622521, 0.71169865, 0.14881647]
[1.7131654, 0.743415, 0.8126635, 0.15708697]
[1.728613, 0.9317669, 0.64707005, 0.1497761]
[1.8802447, 0.751681, 0.9602121, 0.16835168]
[1.9985678, 0.9320861, 0.9141815, 0.1523003]
[1.7443222, 0.80674803, 0.778913, 0.15866117]
[1.6392668, 0.7442188, 0.7289183, 0.16612974]
[1.5742344, 0.66824895, 0.7429389, 0.16304648]
[1.9503052, 1.1283851, 0.66997606, 0.15194412]
[1.8013248, 0.865686, 0.7907672, 0.14487173]
[1.626492, 0.8352021, 0.6505036, 0.14078644]
[1.9632902, 0.7065935, 1.1044424, 0.1522544]
[1.7406957, 0.82001483, 0.78150785, 0.13917305]
[1.6575152, 0.7126718, 0.80547816, 0.13936515]
[1.7732244, 0.6876183, 0.94390815, 0.14169791]
[1.7611885, 0.91037047, 0.70201385, 0.14880423]
[1.6320841, 0.7579804, 0.7152649, 0.15883875]
[1.5634449, 0.6740899, 0.7218338, 0.16752118]
[2.0620434, 0.8761179, 1.0212505, 0.16467509]
[1.5854393, 0.88456845, 0.54677254, 0.15409836]
[1.7772691, 0.6770468, 0.95026445, 0.14995794]
[1.8681313, 0.98049986, 0.71958923, 0.16804221]
[1.8004848, 0.77735466, 0.850185, 0.17294517]
[1.799442, 0.8508448, 0.78793555, 0.16066173]
[1.7694873, 0.6958351, 0.91255134, 0.16110078]
[1.8167014, 1.0066004, 0.64139014, 0.16871092]
[1.6659206, 0.5732861, 0.9213093, 0.1713252]
[1.8697306, 0.84454846, 0.8729034, 0.15227881]
[1.6572175, 0.7750814, 0.7231866, 0.15894954]
[1.583334, 0.78177536, 0.6430712, 0.15848744]
[1.8077778, 0.6663992, 0.9786997, 0.16267881]
[1.7500569, 0.85730904, 0.72449094, 0.16825685]
[1.8511326, 0.9035681, 0.8007586, 0.14680606]
[1.6948937, 0.7290642, 0.8074801, 0.15834944]
[1.8173313, 0.80079484, 0.8428023, 0.17373417]
[1.8247812, 0.8766885, 0.79097366, 0.15711907]
[1.7002513, 0.8451679, 0.69558835, 0.15949506]
[1.841072, 0.7785045, 0.9076069, 0.1549605]
[1.856048, 1.0475384, 0.6383878, 0.17012176]
[1.592766, 0.64384604, 0.77984434, 0.16907568]
[1.5557978, 0.6466809, 0.7532315, 0.15588547]
[2.0407755, 0.9964118, 0.89040697, 0.15395677]
[1.5939343, 0.7477801, 0.7000798, 0.14607447]
[1.8230201, 0.9133284, 0.73711157, 0.1725801]
[1.928521, 0.855492, 0.9264038, 0.14662513]
[1.6850337, 0.6246029, 0.89708936, 0.16334137]
[1.7391536, 0.8578662, 0.72097874, 0.1603086]
[2.078774, 0.98023474, 0.9411715, 0.15736777]
[1.8242805, 0.8304194, 0.8449229, 0.14893818]
[1.5778048, 0.61831, 0.8231057, 0.13638917]
[1.8721534, 1.1137431, 0.61531377, 0.14309655]
[1.932653, 0.8663908, 0.91301334, 0.15324882]
[1.5959247, 0.8230205, 0.62007856, 0.15282576]
[1.6656635, 0.74514127, 0.7568184, 0.16370377]
[1.8615775, 0.8256824, 0.875703, 0.1601921]
[1.8739194, 0.75229716, 0.9612657, 0.1603565]
[1.8019571, 0.7550789, 0.8900052, 0.15687305]
[1.7545253, 0.70569026, 0.8942944, 0.15454063]
[1.6078445, 0.91926515, 0.5210373, 0.16754213]
[1.6746283, 0.6682311, 0.84198976, 0.16440734]
[1.6092343, 0.6131486, 0.8301476, 0.16593817]
[1.8242605, 0.9355645, 0.72300196, 0.165694]
[1.9063678, 0.75183684, 1.0022845, 0.15224642]
[1.9392033, 0.97517353, 0.80283827, 0.16119143]
[2.0481389, 0.9175943, 0.9660702, 0.16447428]
[1.8891536, 0.89036775, 0.85962254, 0.13916336]
[1.833056, 0.8890922, 0.7983244, 0.14563939]
[1.9985396, 0.7619672, 1.0757114, 0.16086105]
[1.7838846, 0.9167668, 0.72317255, 0.14394537]
[1.7754896, 0.8955238, 0.7362291, 0.14373665]
[1.7065893, 0.73448026, 0.8335018, 0.1386073]
[1.7237241, 0.702162, 0.8936815, 0.12788053]
[1.7097208, 0.77553177, 0.7893678, 0.14482132]
[1.9211364, 0.8283909, 0.9462346, 0.1465108]
[1.866557, 0.9464501, 0.7756158, 0.14449105]
[1.7358885, 0.748875, 0.8506149, 0.1363986]
[1.7769386, 0.9843128, 0.63617563, 0.15645011]
[1.5970582, 0.6036011, 0.8499544, 0.14350262]
[1.8575476, 0.87554514, 0.8286332, 0.15336931]
[1.7853556, 0.90368724, 0.7414439, 0.1402245]
[1.6746671, 0.61881125, 0.90500253, 0.15085337]
[1.6180869, 0.6920763, 0.78309464, 0.142916]
[1.819175, 1.1329831, 0.5278448, 0.15834709]
[1.7363677, 0.7610174, 0.8275678, 0.14778262]
[1.7055789, 0.8881806, 0.660216, 0.15718234]
[1.851347, 0.7042098, 0.9897318, 0.15740544]
[1.880039, 0.90250754, 0.82228565, 0.15524581]
[1.8941044, 0.94548297, 0.7956712, 0.1529502]
[1.7821691, 0.6650485, 0.979498, 0.13762254]
[1.725186, 0.75363576, 0.8258202, 0.14572999]
[1.9548059, 0.99042463, 0.80386573, 0.16051549]
[1.9617461, 0.83956695, 0.966322, 0.15585718]
[1.8081832, 0.82259256, 0.83604336, 0.14954734]
[1.8352125, 0.89392805, 0.79191977, 0.14936468]
[1.8693419, 0.93367094, 0.7897413, 0.14592952]
[1.856418, 0.80599856, 0.91118443, 0.13923502]
[2.1646383, 0.9453933, 1.0845768, 0.13466802]
[1.7560053, 0.74882174, 0.8564278, 0.1507558]
[1.6169865, 0.94577307, 0.5286291, 0.1425843]
[1.7573218, 0.6103002, 1.0185087, 0.128513]
[1.5690737, 0.91580474, 0.51507825, 0.13819072]
[1.739792, 0.72383356, 0.88027537, 0.13568304]
[1.7840644, 0.69135004, 0.9552208, 0.13749346]
[2.1170673, 0.92817247, 1.0267546, 0.16214024]
[1.7425601, 0.8565521, 0.7518852, 0.13412279]
[1.7124548, 0.79917204, 0.7774808, 0.13580203]
[1.8696628, 0.80892843, 0.9074036, 0.15333077]
[1.8691175, 1.0702422, 0.65993834, 0.13893695]
[1.7996862, 0.54011166, 1.1180798, 0.14149469]
[1.5899034, 0.75099957, 0.70116377, 0.13774008]
[2.0028346, 1.0530204, 0.8164629, 0.13335139]
[1.6968364, 0.7120863, 0.8473574, 0.1373926]
[1.7238461, 0.72244185, 0.85739654, 0.14400771]
[1.5421739, 0.58237135, 0.8154448, 0.14435765]
[1.967273, 1.131319, 0.6902769, 0.14567712]
[1.7845249, 0.7225198, 0.9175618, 0.14444333]
[1.9084357, 0.955999, 0.80733943, 0.14509723]
[1.9275551, 0.79690367, 0.9984708, 0.13218063]
[1.8282917, 0.9315736, 0.75747263, 0.13924542]
[1.9123772, 0.9062205, 0.86489624, 0.14126053]
[1.8099849, 0.9068332, 0.7616209, 0.14153087]
[1.8455788, 0.934654, 0.7759757, 0.13494913]
[1.6732473, 0.7508235, 0.7887165, 0.13370731]
[1.9342965, 0.98091674, 0.83511686, 0.118262865]
[1.7664037, 0.8767302, 0.75920624, 0.13046718]
[1.8492427, 0.94531476, 0.7676954, 0.13623244]
[2.1194916, 1.0613836, 0.9118475, 0.14626054]
[1.820023, 0.75420576, 0.93900335, 0.12681374]
[1.638275, 0.72834706, 0.78363705, 0.12629092]
[1.5849527, 0.70821047, 0.7281518, 0.14859046]
[1.7398304, 0.77073216, 0.8329976, 0.1361007]
[1.9313041, 0.7602079, 1.0385236, 0.13257265]
[1.7150111, 0.78102875, 0.79337966, 0.14060274]
[1.6896658, 0.7807292, 0.7618774, 0.14705917]
[1.9911659, 0.8471219, 1.0044898, 0.13955429]
[1.7411634, 0.9227899, 0.6815224, 0.13685107]
[2.0407577, 1.1007025, 0.8042089, 0.13584614]
[1.6161985, 0.62693226, 0.85559684, 0.13366938]
[1.4307287, 0.56863743, 0.71648914, 0.14560205]
[1.838849, 0.96782017, 0.7433971, 0.12763166]
[1.6573994, 0.634189, 0.8826479, 0.14056249]
[1.7150826, 0.81168336, 0.7510613, 0.15233807]
[1.6588883, 0.7570156, 0.7623224, 0.1395503]
[1.9380926, 0.94739133, 0.8510407, 0.13966048]
[2.110534, 1.0688742, 0.9077573, 0.13390234]
[1.6267681, 0.57434475, 0.92593014, 0.1264932]
[1.8502903, 0.93332964, 0.77963185, 0.13732883]
[1.6545006, 0.70607156, 0.79918766, 0.1492413]
[1.9464724, 0.82413036, 0.9750627, 0.14727923]
[1.7278452, 0.9308344, 0.65553796, 0.14147279]
[1.8065614, 0.75667393, 0.90760684, 0.14228062]
[1.7609178, 0.7723055, 0.8481319, 0.1404804]
[1.8096995, 0.7302009, 0.92090166, 0.15859705]
[1.7038348, 0.8831072, 0.6811545, 0.13957307]
[2.1297178, 0.7605746, 1.2305532, 0.13859008]
[1.7746627, 0.97127557, 0.66838896, 0.1349982]
[1.866727, 0.8022107, 0.91725653, 0.1472598]
[1.7038709, 0.862401, 0.6981028, 0.14336714]
[1.6763996, 0.6723456, 0.87505215, 0.12900189]
[1.7326536, 0.89737296, 0.6891915, 0.14608908]
[1.6800997, 0.7277994, 0.80377614, 0.14852417]
[1.7311567, 0.7951289, 0.79180884, 0.14421906]
[1.8522027, 0.76690185, 0.9338691, 0.15143162]
[1.7658634, 0.8968193, 0.725045, 0.14399904]
[1.8020778, 0.8056955, 0.8558874, 0.14049476]
[1.9732056, 0.9343102, 0.8895337, 0.14936163]
[1.5874438, 0.81476295, 0.6393715, 0.1333093]
[1.6022602, 0.7101716, 0.7561702, 0.13591845]
[2.0125191, 0.97661513, 0.8899535, 0.14595059]
[1.550866, 0.65877926, 0.73233217, 0.15975463]
[1.9084505, 0.8191898, 0.9351678, 0.15409294]
[1.7066804, 0.84832096, 0.68913466, 0.16922486]
[1.9670626, 0.90774196, 0.910216, 0.14910476]
[1.6767966, 0.90972406, 0.6289574, 0.138115]
[1.7352552, 0.8238133, 0.7680427, 0.1433993]
[1.633383, 0.69856346, 0.79081124, 0.14400837]
[1.7166687, 0.7589571, 0.7963916, 0.16132012]
[1.7466953, 0.8856496, 0.72054285, 0.14050277]
[1.9843798, 0.6814349, 1.1549544, 0.14799047]
[1.8506508, 1.0064214, 0.69744575, 0.14678359]
[1.8018634, 0.8199788, 0.83598554, 0.14589903]
[1.7445254, 0.95523906, 0.64551413, 0.14377229]
[1.7511874, 0.7121418, 0.8978772, 0.1411685]
[1.4376562, 0.6548851, 0.6285745, 0.15419649]
[1.8158945, 0.7999543, 0.8698118, 0.14612837]
[1.8382248, 0.851892, 0.84387636, 0.14245638]
[1.8225924, 0.8927498, 0.78222126, 0.1476213]
[1.8619304, 0.7150197, 1.0016147, 0.14529596]
[1.7002597, 0.90630543, 0.63768095, 0.15627334]
[1.6038946, 0.77983224, 0.68708587, 0.13697651]
[1.7456739, 0.86200035, 0.73183346, 0.15184015]
[1.6403503, 0.66933084, 0.8280939, 0.1429256]
[1.60818, 0.68527997, 0.7874268, 0.13547319]
[1.8952314, 0.8202325, 0.9152911, 0.1597078]
[1.5261564, 0.67922294, 0.7077692, 0.13916418]
[2.0790124, 0.9051131, 1.0253026, 0.14859658]
[1.9606205, 0.8495131, 0.9518717, 0.15923576]
[1.6929328, 0.8517899, 0.6900519, 0.15109113]
[1.6974251, 0.7502799, 0.7882922, 0.15885308]
[1.752413, 0.84762186, 0.74627423, 0.15851685]
[1.6568315, 0.61714894, 0.903135, 0.1365475]
[1.7107298, 0.90286744, 0.63233256, 0.17552982]
[1.7377362, 0.79061675, 0.7742022, 0.17291728]
[2.0493035, 1.1410456, 0.74215186, 0.1661062]
[1.7394392, 0.74240965, 0.8643173, 0.13271233]
[1.8630143, 0.97222525, 0.73554397, 0.15524523]
[1.6961273, 0.623185, 0.91723937, 0.15570292]
[2.2539854, 1.3336, 0.76986694, 0.15051834]
[2.0042632, 0.85018045, 0.9929025, 0.16118026]
[1.7680596, 0.8110219, 0.82106805, 0.13596967]
[1.8370997, 0.79967743, 0.89755416, 0.13986817]
[1.7394991, 0.79963017, 0.8040583, 0.13581055]
[1.7335632, 0.8958904, 0.6683904, 0.16928247]
[1.685549, 0.6523596, 0.89861476, 0.13457465]
[1.8130825, 0.8624749, 0.7991678, 0.1514396]
[1.5415391, 0.66031, 0.7353744, 0.14585467]
[1.602158, 0.84757525, 0.6058245, 0.14875832]
[1.8917415, 0.8654467, 0.8517924, 0.17450234]
[1.8870268, 0.81453866, 0.9215785, 0.15090972]
[1.7645414, 0.85147405, 0.73799765, 0.17506973]
[2.0531578, 1.0203995, 0.8722235, 0.16053486]
[1.6690941, 0.64102453, 0.88108873, 0.1469807]
[1.7995738, 1.0753181, 0.57766354, 0.14659217]
[1.6178246, 0.62048155, 0.8496728, 0.14767027]
[1.8003756, 0.7242972, 0.9191746, 0.15690373]
[1.8090539, 0.7982027, 0.8628342, 0.14801687]
[1.6700836, 0.7029675, 0.82525027, 0.14186588]
[1.7180871, 0.7870174, 0.77961266, 0.15145698]
[1.8252738, 0.83066666, 0.83579314, 0.15881392]
[1.7268317, 0.803169, 0.7725998, 0.15106282]
[1.7558576, 0.7330111, 0.8830173, 0.13982917]
[1.720686, 0.87654305, 0.7066643, 0.13747862]
[1.7899554, 0.8364022, 0.7895423, 0.16401091]
[1.6475624, 0.63985425, 0.8367806, 0.17092752]
[1.8265363, 0.6513686, 0.9918226, 0.18334506]
[1.8023454, 0.8662936, 0.7795439, 0.15650785]
[1.7777188, 0.91325283, 0.6988908, 0.16557509]
[1.8525342, 0.9046921, 0.790612, 0.15723002]
[1.6434474, 0.6368519, 0.85130787, 0.15528756]
[1.9174404, 0.98978674, 0.76861, 0.15904367]
[1.6693827, 0.74137354, 0.7614791, 0.16653004]
[1.7492156, 0.61132693, 0.9888785, 0.14901021]
[1.5628289, 0.8501964, 0.5612972, 0.15133536]
[1.9390798, 0.8430226, 0.92997825, 0.16607895]
[1.873834, 0.61015546, 1.103229, 0.16044949]
[1.57478, 0.8671315, 0.5380643, 0.16958433]
[1.7702616, 0.90731764, 0.69536084, 0.16758311]
[1.7914467, 0.7604528, 0.88258576, 0.14840817]
[1.7854853, 0.7713928, 0.8543901, 0.15970233]
[1.8391194, 0.95460916, 0.7245159, 0.15999433]
[1.6358604, 0.63097346, 0.85973465, 0.1451523]
[1.6162212, 0.81439567, 0.64830226, 0.15352318]
[1.7134863, 0.69773364, 0.87758046, 0.13817228]
[1.8620253, 1.0359898, 0.66199076, 0.16404468]
[1.64326, 0.60068583, 0.90257514, 0.13999903]
[1.9939332, 1.1897678, 0.65209055, 0.15207481]
[1.7666845, 0.70552826, 0.92429876, 0.13685745]
[1.8618519, 0.8397602, 0.86838925, 0.15370253]
[1.8584131, 0.8298835, 0.87200546, 0.15652408]
[1.5231131, 0.71411157, 0.6826216, 0.12637995]
[1.6400822, 0.86530495, 0.63075614, 0.14402112]
[1.7328949, 0.7777234, 0.7996396, 0.15553185]
[1.957966, 0.96386075, 0.84030473, 0.15380047]
[1.686991, 0.6346437, 0.8893392, 0.16300815]
[1.5838151, 0.7112004, 0.730646, 0.14196879]
[1.6103829, 0.591263, 0.8382404, 0.1808795]
[1.8523036, 0.9459022, 0.7509663, 0.15543509]
[1.9492161, 0.9392673, 0.84038943, 0.16955948]
[1.93705, 0.99430203, 0.7841741, 0.15857387]
[1.7651107, 0.88889205, 0.72831213, 0.14790648]
[1.912222, 0.8731033, 0.88323903, 0.15587962]
[1.7630872, 0.83873475, 0.7675591, 0.15679327]
[1.8259709, 0.8586102, 0.8266785, 0.14068228]
[1.8023314, 0.8075038, 0.8358902, 0.15893751]
[1.6660116, 0.7194468, 0.79067373, 0.15589102]
[1.7681198, 0.8788704, 0.7278681, 0.16138119]
[1.7264454, 0.8554008, 0.713457, 0.1575877]
[2.0706604, 0.9226442, 0.98196435, 0.16605197]
[1.8846444, 0.89928883, 0.8319315, 0.15342417]
[1.7663448, 0.8201386, 0.7988025, 0.14740366]
[2.0162032, 0.7609419, 1.096184, 0.15907717]
[1.5465662, 0.7753315, 0.616712, 0.1545228]
[2.0947251, 1.1554284, 0.8003042, 0.13899262]
[1.7823305, 0.6847652, 0.9503077, 0.14725761]
[1.8821423, 0.92616665, 0.80845606, 0.14751956]
[1.6627418, 0.82313967, 0.7009207, 0.13868144]
[1.7696623, 0.8059715, 0.8085748, 0.15511599]
[1.9110566, 0.9909374, 0.77864176, 0.14147745]
[1.6436491, 0.60703945, 0.89909285, 0.13751674]
[1.5401328, 0.6529809, 0.73567015, 0.15148164]
[1.915282, 1.055755, 0.7002667, 0.15926026]
[1.7308617, 0.7443026, 0.85690314, 0.12965593]
[1.6911384, 0.79958934, 0.73784524, 0.15370384]
[1.5623925, 0.71973175, 0.69613945, 0.14652136]
[1.9794214, 0.8498485, 0.96133906, 0.16823387]
[2.0149264, 0.9313257, 0.9223633, 0.16123752]
[2.0240192, 1.1296507, 0.7391381, 0.15523028]
[1.6153631, 0.73547435, 0.74293685, 0.13695194]
[1.8137544, 0.8555845, 0.8151951, 0.14297487]
[1.7906328, 0.88178647, 0.76277596, 0.14607033]
[1.7486873, 0.6562579, 0.94954205, 0.14288738]
[2.0696092, 1.0842066, 0.8447748, 0.14062789]
[1.7206081, 0.880844, 0.6950762, 0.14468786]
[1.7311765, 0.71757674, 0.88918376, 0.12441599]
[1.8789591, 0.8294369, 0.9160165, 0.1335057]
[1.9192994, 0.93668246, 0.8311572, 0.1514597]
[1.688694, 0.58735585, 0.9640767, 0.13726139]
[1.7132845, 0.8424341, 0.7282196, 0.14263082]
[1.8457482, 0.82153964, 0.8799536, 0.14425488]
[1.631772, 0.7725308, 0.7038684, 0.15537283]
[1.789264, 0.78237337, 0.8518979, 0.15499268]
[1.7214788, 0.7802348, 0.802065, 0.139179]
[1.4591274, 0.5639663, 0.75162685, 0.14353424]
[1.8379986, 0.79608446, 0.89287436, 0.14903976]
[1.7292867, 0.5719739, 1.0007246, 0.15658817]
[1.4350586, 0.6082171, 0.67505836, 0.15178315]
[1.9315126, 1.045847, 0.71362984, 0.1720357]
[2.096751, 0.97333854, 0.9657545, 0.15765792]
[1.8644642, 0.8764684, 0.8271452, 0.16085052]
[1.6094693, 0.61150706, 0.8284577, 0.16950448]
[2.1332786, 0.93132716, 1.064547, 0.13740441]
[1.6580516, 0.80464196, 0.720925, 0.13248467]
[1.466548, 0.6924095, 0.62369245, 0.15044588]
[1.682424, 0.65812516, 0.8641131, 0.16018571]
[2.0236595, 0.6703094, 1.1948342, 0.15851587]
[1.6744723, 0.8872634, 0.6402674, 0.14694154]
[1.8159242, 1.0258032, 0.6535157, 0.13660532]
[1.6581438, 0.7187382, 0.78963315, 0.14977236]
[1.6558452, 0.50656766, 0.99441457, 0.15486288]
[1.659725, 0.88844746, 0.6155769, 0.15570058]
[1.9050746, 0.97192323, 0.779665, 0.15348636]
[2.1615832, 1.1131096, 0.88659036, 0.16188326]
[1.6756883, 0.84643257, 0.66992164, 0.15933405]
[1.6739333, 0.6464238, 0.870096, 0.15741348]
[1.8223243, 0.62621266, 1.0424547, 0.15365693]
[1.946359, 1.0936916, 0.699051, 0.15361638]
[1.7788723, 0.90202636, 0.72468317, 0.15216279]
[1.9061122, 0.9930871, 0.77916634, 0.1338587]
[1.8833092, 0.8189388, 0.9257324, 0.13863811]
[1.8310881, 0.7828102, 0.9012711, 0.14700681]
[1.7525065, 0.85690767, 0.72642434, 0.16917445]
[1.7920237, 0.753621, 0.89857656, 0.13982606]
[1.6156036, 0.73127294, 0.7366568, 0.14767385]
[1.9161963, 0.88800466, 0.87758857, 0.15060303]
[1.8398616, 0.8137647, 0.8686473, 0.15744974]
[1.9926982, 0.91555154, 0.940768, 0.13637868]
[1.7680664, 0.8276646, 0.7860123, 0.15438944]
[1.7118477, 0.78861576, 0.76138294, 0.16184887]
[1.8424026, 1.0133681, 0.68048203, 0.14855239]
[1.7303673, 0.88054085, 0.70933855, 0.1404879]
[1.7169925, 0.7551681, 0.8196524, 0.14217196]
[1.880623, 0.9109129, 0.8302097, 0.1395005]
[1.8214185, 0.7558747, 0.9337785, 0.13176534]
[1.5397661, 0.6618897, 0.7423718, 0.13550459]
[1.9370319, 0.9809046, 0.7972401, 0.1588873]
[1.6881847, 0.87340933, 0.68581104, 0.12896444]
[1.5697831, 0.71300864, 0.71021086, 0.1465637]
[1.912395, 1.0482812, 0.7073057, 0.15680818]
[1.9085261, 0.54633516, 1.2097102, 0.15248074]
[1.7630217, 0.76739156, 0.85598147, 0.13964869]
[1.8690736, 0.92693853, 0.8147898, 0.12734538]
[1.8658535, 0.876939, 0.8488822, 0.14003229]
[1.7446451, 0.85012376, 0.7444749, 0.15004648]
[1.7012655, 0.66989946, 0.8826853, 0.14868064]
[1.5462656, 0.6281277, 0.7653206, 0.15281726]
[1.7880663, 0.7630427, 0.8424866, 0.18253699]
[1.6583953, 0.6986553, 0.8214551, 0.13828492]
[1.7817361, 0.88275826, 0.745309, 0.15366894]
[1.6782502, 0.55014765, 0.9933889, 0.13471363]
[1.7187784, 0.95994365, 0.5930682, 0.16576654]
[1.9164258, 0.9817287, 0.7730055, 0.16169164]
[1.5117145, 0.5468993, 0.8138832, 0.15093192]
[1.7425337, 0.7925085, 0.7891821, 0.16084313]
[1.8335907, 0.8403251, 0.8291192, 0.16414642]
[1.7180996, 0.7506912, 0.7891114, 0.178297]
[1.7624512, 0.8673444, 0.74840045, 0.14670633]
[1.9286422, 0.90599215, 0.8313924, 0.19125763]
[1.9371586, 0.7109939, 1.0654907, 0.16067396]
[1.8457141, 0.9273342, 0.7643023, 0.15407749]
[1.6559474, 0.9763516, 0.5259899, 0.15360588]
[1.857561, 0.8155615, 0.90064514, 0.14135441]
[1.8665954, 0.87646174, 0.84263194, 0.14750174]
[1.8394917, 0.74748486, 0.9202256, 0.17178117]
[1.5657141, 0.7946482, 0.62168455, 0.14938137]
[1.9999003, 0.68335897, 1.1415052, 0.17503613]
[1.7232239, 0.77284145, 0.7989508, 0.15143162]
[2.0123436, 1.0711291, 0.7874541, 0.15376052]
[1.8404359, 0.70989144, 0.9909041, 0.13964036]
[1.767511, 0.8412125, 0.7820813, 0.14421716]
[1.8686237, 0.925352, 0.7888551, 0.15441665]
[1.8815458, 1.0619559, 0.6649442, 0.15464568]
[1.7638482, 0.680163, 0.9463955, 0.13728961]
[1.7134258, 0.9707624, 0.6052448, 0.13741864]
[1.8505827, 0.75535357, 0.9513911, 0.14383808]
[1.8134472, 0.9909613, 0.6656876, 0.15679839]
[1.8295991, 0.95221424, 0.7381989, 0.139186]
[1.7837777, 0.6386364, 0.99654925, 0.14859197]
[1.909678, 1.0036509, 0.76139987, 0.14462715]
[1.790865, 0.7051649, 0.9549735, 0.13072664]
[1.7953228, 0.5985178, 1.0616945, 0.13511045]
[1.6521093, 0.81473, 0.69299614, 0.14438303]
[1.4423579, 0.66506267, 0.63140094, 0.14589432]
[1.7522082, 0.96113765, 0.64613634, 0.14493418]
[1.855716, 1.0054969, 0.70943785, 0.1407813]
[1.9215949, 0.7398813, 1.0393164, 0.14239715]
[1.6885742, 0.83595645, 0.703547, 0.14907072]
[1.8410835, 0.8234296, 0.86823475, 0.14941916]
[1.7966421, 0.8316467, 0.81619173, 0.14880365]
[1.6500447, 0.8509668, 0.6616553, 0.13742256]
[1.7083806, 1.0060633, 0.5683173, 0.13399991]
[1.7117296, 0.5228008, 1.032206, 0.15672283]
[1.8087876, 0.8778689, 0.76235616, 0.16856253]
[1.6995336, 0.8065763, 0.7441164, 0.14884081]
[1.8868624, 0.811098, 0.9211873, 0.15457714]
[2.0149858, 0.9982817, 0.8820755, 0.13462853]
[1.7982401, 0.70853305, 0.94119084, 0.14851615]
[1.8681622, 1.0432801, 0.6827183, 0.1421637]
[1.7379621, 0.80555725, 0.80323863, 0.12916628]
[1.7195947, 0.8138753, 0.772161, 0.1335584]
[1.8436496, 0.7816957, 0.9219635, 0.13999037]
[1.6481, 0.7760722, 0.7436731, 0.12835464]
[1.6012862, 0.8331245, 0.62965214, 0.1385095]
[1.7650689, 0.80640405, 0.8165085, 0.14215636]
[1.7301109, 0.746781, 0.817186, 0.16614383]
[1.6844212, 0.9689976, 0.57607245, 0.13935116]
[1.7307377, 0.5909581, 0.98415357, 0.15562603]
[2.0224679, 0.844074, 1.0349154, 0.14347835]
[1.6406938, 0.8380666, 0.6345266, 0.16810057]
[1.7804744, 0.9380484, 0.6932153, 0.14921074]
[1.7831843, 0.9308567, 0.709777, 0.1425506]
[1.6715636, 0.778764, 0.7509427, 0.14185695]
[1.7028594, 0.66614336, 0.89493763, 0.14177851]
[1.7566792, 0.98417735, 0.6141336, 0.15836823]
[1.7191025, 0.757053, 0.806962, 0.15508749]
[1.6952691, 0.73904985, 0.8150835, 0.14113571]
[1.5773883, 0.6373855, 0.78109014, 0.15891269]
[1.6011443, 0.7200326, 0.7264013, 0.1547104]
[1.7085409, 0.81564873, 0.73227006, 0.16062212]
[1.8020896, 0.8124126, 0.82248056, 0.1671964]
[1.890724, 0.8976761, 0.813545, 0.1795029]
[1.7882788, 0.9222225, 0.7006694, 0.16538693]
[1.8185015, 0.65845937, 1.0147918, 0.14525038]
[1.9633442, 0.94023204, 0.84956396, 0.17354824]
[1.4914833, 0.6426288, 0.685115, 0.16373953]
[1.9937588, 0.872166, 0.9681926, 0.15340035]
[1.955656, 0.8789016, 0.91174006, 0.16501439]
[1.9662057, 0.9815556, 0.8277949, 0.15685523]
[1.9511213, 0.85517573, 0.9564514, 0.13949414]
[1.980886, 1.0902257, 0.7572534, 0.1334069]
[1.6575146, 0.897452, 0.61992896, 0.14013356]
[1.7543273, 0.66707855, 0.9439481, 0.14330068]
[1.9412261, 1.0412589, 0.75930583, 0.14066139]
[1.8530557, 0.75782627, 0.9598581, 0.13537136]
[1.8360419, 0.8572482, 0.8401152, 0.13867852]
[1.889449, 0.7450732, 1.0158583, 0.12851754]
[1.7904613, 0.97224057, 0.686262, 0.13195872]
[1.6815367, 0.79796064, 0.75912607, 0.12444997]
[1.8059466, 0.7830766, 0.86664706, 0.15622288]
[1.6576009, 0.9019498, 0.61705923, 0.13859174]
[1.7346857, 0.48479936, 1.112054, 0.13783225]
[1.9851875, 1.1833403, 0.6621724, 0.13967496]
[1.894289, 0.8039398, 0.94157577, 0.14877345]
[1.6756287, 0.7988132, 0.7558002, 0.121015266]
[1.8865926, 0.8685577, 0.8902767, 0.12775828]
[1.6805352, 0.8636795, 0.6790345, 0.13782123]
[1.8840129, 0.65275395, 1.0992339, 0.1320251]
[1.8424485, 0.82664186, 0.8734219, 0.14238477]
[2.0365121, 0.968376, 0.92836523, 0.13977095]
[1.9031062, 0.89571077, 0.88530064, 0.12209487]
[1.7600138, 0.9468184, 0.67651343, 0.136682]
[1.7855566, 0.8101879, 0.8358442, 0.13952443]
[1.565238, 0.65908134, 0.78393865, 0.122217976]
[1.7378588, 0.88712347, 0.7185813, 0.13215399]
[1.7220623, 0.77207863, 0.79854345, 0.15144025]
[1.6214933, 0.76835036, 0.6954379, 0.15770505]
[1.7658865, 0.77594197, 0.84886396, 0.1410806]
[2.047903, 1.015806, 0.88584626, 0.14625078]
[1.9817415, 1.0633295, 0.76293087, 0.15548125]
[2.0624318, 0.9350676, 0.99419475, 0.1331693]
[1.6988555, 0.7890581, 0.7772047, 0.13259275]
[1.8288767, 1.0793574, 0.6091538, 0.14036559]
[1.7697603, 0.8082906, 0.8339145, 0.12755512]
[1.6999311, 0.7677109, 0.80039394, 0.13182628]
[1.8246763, 0.7550427, 0.92845476, 0.1411789]
[2.033374, 0.87448806, 1.0055611, 0.15332492]
[2.0068488, 1.0555016, 0.816863, 0.13448441]
[1.738117, 0.8380327, 0.76819944, 0.13188475]
[1.8954756, 0.923066, 0.8370194, 0.13539028]
[1.7459732, 0.8332782, 0.7942297, 0.11846527]
[1.6354389, 0.67857116, 0.8254596, 0.13140818]
[1.7787302, 0.7858404, 0.86156636, 0.13132328]
[1.5812058, 0.71406776, 0.74024445, 0.12689358]
[1.8555831, 0.9713921, 0.7402617, 0.14392933]
[1.7670931, 0.58547294, 1.0602834, 0.1213367]
[1.8706086, 0.7547937, 0.97279954, 0.14301533]
[1.8019615, 0.8826751, 0.77829885, 0.14098747]
[1.8040459, 0.8209495, 0.82421184, 0.15888448]
[2.0991507, 1.2281101, 0.745386, 0.12565464]
[1.7539873, 0.60432196, 1.0147668, 0.13489857]
[1.5396981, 0.72897816, 0.68551195, 0.12520802]
[1.9302036, 1.0759751, 0.711832, 0.14239654]
[1.8270518, 0.7801231, 0.9155372, 0.13139144]
[1.7820226, 0.8755795, 0.76862496, 0.13781819]
[1.9445854, 0.71606326, 1.0837021, 0.14482006]
[1.7618757, 0.7739607, 0.8524732, 0.13544191]
[1.7473294, 0.8806545, 0.73020613, 0.1364688]
[1.8929408, 0.8993335, 0.85280514, 0.14080217]
[1.9151659, 0.891998, 0.8986874, 0.1244805]
[1.7497748, 0.7037267, 0.91730726, 0.12874086]
[1.6257749, 0.77495, 0.7123443, 0.13848051]
[1.6976421, 0.72630763, 0.84303856, 0.12829584]
[1.8703249, 0.8396633, 0.8776305, 0.15303105]
[1.6169324, 0.6730697, 0.804128, 0.13973472]
[1.6455274, 0.8175528, 0.68963224, 0.13834241]
[1.840925, 0.8485099, 0.843063, 0.14935203]
[1.6611676, 0.80765986, 0.7106594, 0.14284834]
[1.8802425, 0.9526144, 0.78571874, 0.14190924]
[1.7834998, 0.65012133, 0.9890045, 0.14437403]
[1.8879037, 0.9899745, 0.7387285, 0.15920061]
[1.725689, 0.65485215, 0.93537194, 0.13546503]
[1.6322002, 0.8447828, 0.6313139, 0.15610354]
[1.8314235, 0.64812744, 1.0217569, 0.16153926]
[1.8617511, 1.1313314, 0.58049524, 0.14992446]
[1.4738426, 0.49221477, 0.8420304, 0.13959745]
[1.7441179, 0.90557504, 0.6468371, 0.19170573]
[2.0088925, 1.0929774, 0.7559193, 0.15999576]
[1.9313788, 0.8283036, 0.9484014, 0.1546738]
[1.7971605, 0.78645957, 0.87235224, 0.1383487]
[1.7415862, 0.8435574, 0.7508831, 0.14714569]
[1.8131274, 0.96755975, 0.69784194, 0.14772575]
[1.9109132, 0.8692734, 0.8949107, 0.14672914]
[1.7730459, 0.8575824, 0.7578918, 0.15757172]
[1.6904346, 0.7388922, 0.8066039, 0.14493847]
[1.5527731, 0.8987304, 0.51785547, 0.13618721]
[1.824722, 0.8021076, 0.85697687, 0.16563767]
[1.7191502, 0.775341, 0.7971136, 0.1466956]
[2.0515647, 1.086637, 0.81441337, 0.15051445]
[1.8164897, 0.8135419, 0.8662048, 0.13674311]
[1.800673, 0.6527177, 0.993408, 0.15454726]
[1.7801392, 1.1222087, 0.5232081, 0.13472252]
[1.9205399, 0.67331094, 1.101984, 0.14524485]
[1.6898277, 0.84927046, 0.6890569, 0.15150036]
[1.9501903, 0.8278396, 0.9863999, 0.1359508]
[1.902383, 0.96790236, 0.789853, 0.14462772]
[1.6918029, 0.6515174, 0.89062905, 0.1496564]
[1.9293762, 0.89080566, 0.89790547, 0.14066519]
[1.7835582, 0.8169429, 0.82332987, 0.14328554]
[1.8571286, 0.83852446, 0.86482054, 0.15378354]
[1.8655005, 0.8123784, 0.90760744, 0.14551467]
[1.6814225, 0.732988, 0.81602, 0.13241452]
[1.7192858, 0.78647196, 0.80192477, 0.1308891]
[1.6981161, 0.6936542, 0.8645309, 0.13993096]
[1.926541, 0.82243145, 0.99853003, 0.10557948]
[1.725442, 0.6838472, 0.9002315, 0.14136343]
[1.6936309, 0.7051634, 0.8472101, 0.14125739]
[1.8129549, 0.85871917, 0.81343246, 0.14080329]
[1.695505, 0.7137997, 0.83660626, 0.14509901]
[1.9062214, 0.8754189, 0.8998234, 0.130979]
[1.8179935, 0.90179515, 0.7774668, 0.13873157]
[1.8862255, 0.8284314, 0.9093387, 0.1484554]
[1.838174, 0.7837781, 0.9113624, 0.14303346]
[1.5532587, 0.70218205, 0.71274203, 0.13833448]
[1.6493257, 0.6738566, 0.82156336, 0.15390575]
[1.7849777, 0.8726463, 0.77741075, 0.13492061]
[1.4955989, 0.6768007, 0.66856444, 0.15023376]
[1.8561978, 0.7594836, 0.94669956, 0.15001458]
[1.8116574, 0.9245504, 0.7259127, 0.16119434]
[1.7213929, 0.95609933, 0.62589854, 0.13939494]
[1.7886109, 0.6546677, 0.98086387, 0.15307936]
[1.8045505, 0.8349055, 0.81744623, 0.15219875]
[1.6026999, 0.7054189, 0.7482691, 0.149012]
[1.7523049, 0.75200105, 0.8428837, 0.15742019]
[1.795373, 0.90637916, 0.7254934, 0.16350037]
[1.6999875, 0.8650047, 0.67114687, 0.1638359]
[1.7117102, 0.53837514, 1.0241852, 0.14914986]
[1.800112, 0.9620762, 0.6834284, 0.15460737]
[1.7994374, 0.7884409, 0.85495365, 0.15604296]
[1.6710093, 0.67900777, 0.8271637, 0.16483778]
[1.6441053, 0.7796093, 0.71362376, 0.15087222]
[1.4991024, 0.6129768, 0.7161026, 0.1700229]
[1.6355774, 0.86007744, 0.6156821, 0.15981792]
[1.7521368, 0.7711332, 0.8161025, 0.16490117]
[1.9211068, 0.82126313, 0.9264112, 0.17343245]
[1.6432543, 0.67951405, 0.7969452, 0.16679507]
[1.8666761, 0.8159261, 0.87713397, 0.17361607]
[1.7518306, 0.7022961, 0.89358425, 0.15595026]
[1.7980336, 1.0193098, 0.6151562, 0.16356763]
[1.9093341, 0.779249, 0.9583366, 0.17174847]
[1.8500688, 0.9350112, 0.7533371, 0.1617205]
[1.6894631, 0.7521348, 0.768553, 0.16877532]
[1.688652, 0.8321264, 0.6968014, 0.15972428]
[1.8951677, 0.85599446, 0.8766746, 0.16249862]
[1.6176542, 0.64471245, 0.8076625, 0.16527922]
[1.8608835, 1.0708808, 0.6202054, 0.16979729]
[2.0022182, 0.7541244, 1.1017743, 0.14631939]
[1.9991938, 1.2515616, 0.60384965, 0.14378253]
[1.6150641, 0.7979576, 0.684395, 0.13271157]
[1.6944535, 0.7329608, 0.7985208, 0.1629718]
[1.8221176, 0.8279863, 0.83914727, 0.15498406]
[1.7282805, 0.69703436, 0.88673025, 0.14451605]
[1.8663095, 1.0034881, 0.6996959, 0.1631256]
[1.7116237, 0.7460609, 0.8096348, 0.1559279]
[1.9635987, 1.0916648, 0.7183765, 0.15355745]
[1.7432573, 0.7601776, 0.8266586, 0.156421]
[1.8107991, 0.8877332, 0.764536, 0.15852983]
[1.8935797, 0.77766174, 0.97182393, 0.14409398]
[1.7587522, 0.7618827, 0.8456643, 0.15120515]
[1.8330114, 0.96351504, 0.7073988, 0.1620976]
[1.8089986, 0.8451898, 0.8188739, 0.14493486]
[1.8928174, 0.98610985, 0.754193, 0.1525146]
[1.5424143, 0.67267764, 0.71198344, 0.15775323]
[1.7572312, 0.6944282, 0.90738165, 0.15542138]
[1.9323769, 1.1219311, 0.6619518, 0.14849396]
[1.8136322, 0.76747537, 0.88833195, 0.15782496]
[1.8604045, 0.84821963, 0.8635879, 0.14859697]
[1.4713775, 0.51622117, 0.8147633, 0.14039302]
[1.8868854, 0.9652998, 0.7580465, 0.16353919]
[1.9392842, 0.84769434, 0.9593067, 0.13228312]
[1.9136775, 0.81222713, 0.9588232, 0.14262718]
[1.718208, 0.82448775, 0.753104, 0.1406163]
[1.7718374, 0.88435066, 0.7453537, 0.14213303]
[1.5807327, 0.74471796, 0.6858679, 0.15014684]
[1.6904243, 0.75557923, 0.79341036, 0.14143476]
[1.6645913, 0.7963406, 0.7239129, 0.14433783]
[1.80033, 0.85022044, 0.79933894, 0.15077071]
[1.911696, 0.8063624, 0.9535798, 0.15175381]
[1.7842846, 0.89742196, 0.72714424, 0.15971841]
[1.9118257, 0.9262046, 0.8386378, 0.1469832]
[1.7510656, 0.62998295, 0.9696679, 0.1514148]
[1.68429, 0.88012254, 0.65301704, 0.1511505]
[1.6791965, 0.74039114, 0.79666543, 0.1421399]
[1.7534027, 0.72623426, 0.8737639, 0.1534045]
[1.7148755, 0.88340443, 0.6770645, 0.15440653]
[1.6570851, 0.64395964, 0.8558507, 0.1572747]
[1.8797925, 0.9227006, 0.8061502, 0.15094161]
[1.784616, 0.69859415, 0.9235939, 0.16242784]
[1.750778, 0.88867176, 0.70243156, 0.15967463]
[1.6821389, 0.6991752, 0.8182235, 0.1647403]
[1.5399421, 0.7118701, 0.66645575, 0.16161633]
[1.8720064, 0.6382883, 1.0678041, 0.16591409]
[1.8257396, 1.1650678, 0.512547, 0.14812477]
[1.5744272, 0.52658045, 0.89357436, 0.15427247]
[1.795858, 0.670157, 0.96779317, 0.15790789]
[1.711207, 0.9962537, 0.5437089, 0.17124441]
[2.022695, 0.7635681, 1.1155491, 0.14357771]
[1.9116218, 0.7632321, 1.0044494, 0.14394031]
[1.7718669, 0.941015, 0.6781657, 0.15268621]
[1.6822574, 0.61075306, 0.9269979, 0.14450647]
[1.6722836, 0.9050651, 0.61655176, 0.15066673]
[1.7819191, 1.025473, 0.61348397, 0.14296213]
[1.5635741, 0.5983666, 0.8173684, 0.14783911]
[1.7542782, 0.7838011, 0.80179954, 0.16867763]
[1.7332393, 0.83254784, 0.73895085, 0.16174069]
[1.7543039, 0.70631087, 0.89175093, 0.15624219]
[1.9670928, 0.9361661, 0.8670247, 0.16390193]
[1.7437973, 0.76674414, 0.831598, 0.14545509]
[1.8548416, 0.9608203, 0.7217937, 0.17222753]
[1.6956942, 0.7354443, 0.79267895, 0.16757089]
[1.8654873, 0.87741166, 0.83106846, 0.15700716]
[1.758306, 0.7297636, 0.88043296, 0.1481094]
[1.6982044, 0.61177456, 0.9392171, 0.14721274]
[1.4059381, 0.66973954, 0.56741357, 0.1687851]
[1.7977479, 0.87754333, 0.7400826, 0.18012184]
[1.8080851, 0.8837956, 0.74768484, 0.17660463]
[1.8351413, 0.83673227, 0.80974394, 0.18866503]
[1.9983988, 0.9251125, 0.8991953, 0.17409101]
[1.9932939, 0.81962377, 1.0059526, 0.16771756]
[1.8251475, 0.85611403, 0.80743706, 0.1615964]
[1.6504815, 0.66882193, 0.81927526, 0.16238421]
[1.7762572, 0.81672466, 0.78233004, 0.17720242]
[1.845716, 0.97802126, 0.7045436, 0.1631512]
[1.762339, 0.778567, 0.82762265, 0.15614924]
[2.0502617, 1.155136, 0.73490804, 0.16021767]
[1.6515777, 0.7089725, 0.7849665, 0.1576387]
[2.0695348, 0.9605576, 0.93459713, 0.17438]
[1.5479202, 0.7990236, 0.5800659, 0.16883065]
[2.0489633, 0.91905224, 0.9666146, 0.16329654]
[1.759449, 1.0132996, 0.5992435, 0.14690593]
[1.6057746, 0.6261282, 0.84299487, 0.13665158]
[1.7517565, 0.84503603, 0.75080514, 0.15591538]
[1.860548, 0.9450513, 0.76349103, 0.1520057]
[1.8037419, 0.9500944, 0.7138691, 0.13977842]
[1.655546, 0.71227854, 0.804968, 0.13829951]
[1.6049871, 0.76315, 0.6840186, 0.1578185]
[1.6786551, 0.9496951, 0.56874883, 0.16021124]
[1.7987989, 0.78641, 0.8430107, 0.16937815]
[1.6895727, 0.6800418, 0.8518839, 0.15764704]
[2.018866, 1.1805236, 0.6902447, 0.1480977]
[1.9587767, 0.76551104, 1.054234, 0.1390316]
[1.4513755, 0.5619662, 0.73885226, 0.15055701]
[1.902406, 1.1400576, 0.62781435, 0.13453412]
[1.6474581, 0.6103076, 0.8970766, 0.14007391]
[1.4709445, 0.6732638, 0.64257467, 0.15510604]
[1.6907722, 0.7247206, 0.7954331, 0.17061839]
[1.5796041, 0.72479564, 0.7038944, 0.15091413]
[1.6892524, 0.69268847, 0.82576364, 0.17080021]
[2.0576541, 0.9897193, 0.9154099, 0.15252489]
[1.9494832, 0.7689512, 1.0220481, 0.15848382]
[1.7913718, 0.72209597, 0.8986012, 0.17067465]
[1.7284759, 0.82214844, 0.7519276, 0.1543999]
[1.6564187, 0.90626866, 0.5972444, 0.15290558]
[1.826169, 0.7317853, 0.945163, 0.14922072]
[1.7454964, 0.92056274, 0.66472906, 0.16020453]
[1.5645378, 0.45891392, 0.94443285, 0.161191]
[1.7635224, 0.8379593, 0.7741093, 0.15145373]
[1.7076895, 0.7747162, 0.78522336, 0.14774989]
[1.7845373, 0.7186602, 0.8977213, 0.16815594]
[1.7717161, 0.8540126, 0.7563277, 0.16137582]
[1.8524232, 0.66782284, 1.0246103, 0.15999001]
[1.8419126, 0.9189633, 0.7802417, 0.14270759]
[1.8160672, 0.9705802, 0.6790817, 0.16640529]
[1.8511174, 0.6706624, 1.0175145, 0.16294053]
[1.6855, 0.89770293, 0.6323264, 0.1554707]
[1.6530684, 0.86066365, 0.6328239, 0.15958078]
[1.8261088, 0.7768129, 0.89978695, 0.14950892]
[1.5552071, 0.58356524, 0.82118607, 0.15045583]
[1.7838162, 1.0075305, 0.6190083, 0.15727742]
[1.7762067, 0.7615885, 0.83670056, 0.17791776]
[1.766253, 0.84038293, 0.7638622, 0.16200781]
[1.6702162, 0.78343785, 0.7154367, 0.17134169]
[2.020569, 1.0402863, 0.8137492, 0.16653357]
[1.6375735, 0.7280777, 0.74205256, 0.16744322]
[1.8409489, 0.6469933, 1.0318604, 0.16209528]
[1.733385, 0.745857, 0.8372926, 0.15023533]
[1.5969687, 0.7465519, 0.70355964, 0.14685708]
[1.7802458, 0.8097879, 0.8212621, 0.14919572]
[1.7996536, 0.83295876, 0.8037628, 0.16293202]
[1.8166053, 0.7923901, 0.8802183, 0.14399698]
[2.011688, 0.97992015, 0.85990286, 0.17186488]
[1.9344811, 0.9927976, 0.7710587, 0.17062487]
[1.7041622, 0.66551495, 0.8764622, 0.16218504]
[1.8182033, 0.72357345, 0.92518866, 0.1694412]
[1.8226366, 0.9159901, 0.7610027, 0.14564376]
[1.7115905, 0.8204776, 0.7271482, 0.16396469]
[1.8467864, 0.73220617, 0.95908844, 0.15549172]
[2.0753748, 1.1937393, 0.7297143, 0.15192124]
[1.7162669, 0.75819325, 0.80472946, 0.1533441]
[1.9396298, 0.8068336, 0.97695553, 0.15584067]
[1.7113261, 0.75971687, 0.8049288, 0.14668046]
[1.6588162, 0.60476166, 0.9005711, 0.15348355]
[1.808189, 1.0187336, 0.6463511, 0.14310434]
[1.7488256, 0.6405306, 0.972515, 0.13578]
[1.6658076, 0.82336485, 0.6797171, 0.16272557]
[1.8559629, 0.88253546, 0.82092166, 0.15250573]
[1.5656693, 0.62286186, 0.7895895, 0.15321788]
[1.8397032, 0.8771857, 0.826017, 0.13650045]
[1.875762, 0.89197564, 0.8287009, 0.15508546]
[1.7555956, 0.88113606, 0.7243518, 0.15010779]
[1.8672051, 0.8947648, 0.8163909, 0.15604953]
[1.6677275, 0.5608634, 0.9507718, 0.15609229]
[1.8690566, 1.0127851, 0.69831467, 0.15795684]
[1.7315497, 0.80473256, 0.7703032, 0.15651387]
[1.7718303, 0.73823047, 0.87460685, 0.15899307]
[1.8706417, 0.8265894, 0.889964, 0.15408829]
[1.8127809, 0.7691866, 0.8813249, 0.16226941]
[1.8492825, 0.8872732, 0.81337905, 0.14863022]
[2.0168455, 0.9807859, 0.8782171, 0.15784247]
[1.8804069, 0.92142797, 0.81260866, 0.14637013]
[1.7491641, 0.91114855, 0.7047788, 0.13323672]
[1.8032129, 0.76964194, 0.87726426, 0.1563067]
[1.8698432, 0.91113114, 0.8184725, 0.14023963]
[1.8887591, 1.0357158, 0.7049776, 0.14806585]
[1.766201, 0.79208606, 0.8476747, 0.12644033]
[1.8590391, 0.7526291, 0.96405375, 0.1423562]
[1.6886685, 0.79859793, 0.74829835, 0.14177224]
[1.9687226, 0.9419396, 0.87934124, 0.14744177]
[1.92039, 1.0277811, 0.76113856, 0.13147035]
[1.7470872, 0.80605286, 0.79820544, 0.14282897]
[1.8017573, 0.9425976, 0.7171613, 0.1419984]
[1.6656994, 0.77696407, 0.7481293, 0.140606]
[1.8576581, 0.80719507, 0.89541364, 0.15504944]
[1.628854, 0.76458335, 0.7338738, 0.1303969]
[1.7947106, 0.8778939, 0.76437044, 0.15244627]
[1.5991447, 0.74311566, 0.71151775, 0.14451128]
[2.032646, 0.8978946, 0.9725402, 0.16221109]
[1.8038253, 0.8838649, 0.7669833, 0.15297714]
[1.7764204, 0.602182, 1.0371552, 0.13708335]
[1.551916, 0.69964975, 0.705608, 0.14665827]
[1.8668698, 0.91565603, 0.8005502, 0.15066354]
[1.6119504, 0.71794826, 0.73342705, 0.16057521]
[1.8846923, 0.79970133, 0.9276782, 0.15731278]
[1.7839874, 0.8713109, 0.7558897, 0.15678678]
[1.7903531, 0.91151446, 0.73603547, 0.14280315]
[1.7998044, 0.7593702, 0.89915663, 0.14127749]
[1.7789155, 0.699479, 0.93652964, 0.14290689]
[1.785899, 0.8225759, 0.8170841, 0.14623907]
[1.630581, 0.66852844, 0.809157, 0.15289561]
[1.6939825, 0.7245488, 0.8391205, 0.13031319]
[1.711414, 0.8701885, 0.6819781, 0.1592474]
[1.7749978, 0.65116096, 0.9820621, 0.14177474]
[1.5565791, 0.6596701, 0.7559318, 0.1409772]
[1.7910429, 0.80573016, 0.83199847, 0.1533142]
[1.6105418, 0.716902, 0.73328006, 0.16035974]
[1.7636006, 0.8087859, 0.79319644, 0.16161817]
[1.738141, 0.7982923, 0.78807, 0.15177855]
[1.6202843, 0.70968175, 0.75014997, 0.16045266]
[1.7555255, 0.89280176, 0.6996671, 0.16305664]
[1.9691083, 0.78939635, 1.0195429, 0.16016906]
[1.8231987, 0.7987331, 0.8647075, 0.15975796]
[1.5100787, 0.88415146, 0.4336918, 0.19223541]
[1.7002735, 0.7351309, 0.79655397, 0.16858864]
[1.654422, 0.64329666, 0.84714735, 0.16397808]
[1.6561707, 0.73657686, 0.7441657, 0.17542815]
[1.7384452, 0.89237654, 0.6657208, 0.18034777]
[1.9459158, 0.79372793, 0.9871233, 0.16506456]
[1.9206377, 0.6706525, 1.0760438, 0.17394133]
[1.8737494, 1.1385895, 0.583557, 0.15160286]
[1.7389529, 0.85147464, 0.72175705, 0.16572112]
[1.7914565, 0.93577766, 0.70072365, 0.15495521]
[2.0452294, 0.86170185, 1.0247216, 0.15880588]
[1.739945, 0.92389584, 0.6551999, 0.1608493]
[1.5303845, 0.8390809, 0.52331537, 0.16798836]
[1.7078079, 0.87560314, 0.67226386, 0.15994087]
[1.7376271, 0.5873461, 0.98116064, 0.16912046]
[1.8771086, 0.9724875, 0.7381941, 0.16642687]
[1.9115056, 0.9116077, 0.84099853, 0.1588994]
[1.8943577, 0.7332276, 1.0100137, 0.15111634]
[1.8453743, 0.896101, 0.7803597, 0.16891357]
[1.6875266, 0.79116714, 0.73748296, 0.15887657]
[1.7130117, 0.8234894, 0.74051714, 0.14900513]
[1.6955161, 0.82404786, 0.7164564, 0.15501189]
[1.9203924, 0.9093377, 0.85662884, 0.15442586]
[1.8260683, 0.80661094, 0.87579846, 0.14365883]
[1.8901993, 0.83524776, 0.90107024, 0.15388134]
[1.8321362, 0.9972408, 0.68718934, 0.14770606]
[1.7028195, 0.81282216, 0.7371166, 0.15288079]
[1.9490043, 0.80498433, 0.9998293, 0.14419071]
[1.7920779, 0.8343118, 0.80581605, 0.15195003]
[1.6387328, 0.79373956, 0.6867465, 0.15824673]
[1.7649528, 0.9366457, 0.6800776, 0.14822946]
[1.4828038, 0.51485026, 0.8397575, 0.12819603]
[1.7484105, 0.9452561, 0.65575, 0.14740446]
[1.7811329, 0.8108299, 0.83179617, 0.13850689]
[1.7210581, 0.81991476, 0.7592505, 0.14189285]
[1.6335312, 0.7877419, 0.68096435, 0.16482496]
[1.8982314, 0.7880275, 0.9681074, 0.14209643]
[1.8027805, 0.8510119, 0.77941114, 0.17235744]
[1.6143829, 0.6901381, 0.7489766, 0.17526817]
[1.7387098, 0.75521374, 0.8235177, 0.15997839]
[1.8916982, 0.90077096, 0.82983935, 0.1610879]
[1.7539206, 0.896591, 0.6999365, 0.15739301]
[1.6190234, 0.6849004, 0.7848853, 0.14923772]
[1.8396432, 0.76890546, 0.9037459, 0.16699189]
[1.7348584, 0.83819956, 0.7374469, 0.15921204]
[1.8783895, 0.84140027, 0.87595695, 0.16103235]
[1.8086137, 0.8123909, 0.8451721, 0.15105066]
[1.8903741, 0.78614736, 0.9456651, 0.15856156]
[1.7545234, 0.8018717, 0.7803273, 0.1723243]
[2.010602, 0.9196924, 0.9284855, 0.16242407]
[1.9018748, 0.98527867, 0.7414006, 0.17519546]
[1.6867507, 0.74321795, 0.78676647, 0.15676615]
[1.9990783, 0.7609627, 1.0745298, 0.16358578]
[1.88773, 0.855418, 0.8771237, 0.15518823]
[1.6115611, 0.7267411, 0.7357688, 0.14905117]
[1.9509709, 0.7436745, 1.0531273, 0.15416911]
[1.9304193, 1.0702085, 0.71168953, 0.14852127]
[1.6799618, 0.74166214, 0.7958373, 0.14246236]
[1.7360123, 0.696434, 0.8897377, 0.14984062]
[1.8311449, 0.88096184, 0.8017894, 0.14839378]
[1.704802, 0.8301658, 0.71407735, 0.16055892]
[1.8300982, 0.78600025, 0.88743925, 0.15665868]
[1.743516, 0.6949662, 0.88919055, 0.15935928]
[1.7806739, 0.8174888, 0.8174089, 0.1457762]
[1.7262162, 0.8453764, 0.720362, 0.16047779]
[1.7796701, 0.9011035, 0.72059, 0.15797666]
[1.9972991, 1.0877888, 0.7489021, 0.16060813]
[2.0670762, 1.0369294, 0.8840068, 0.14614019]
[2.0863502, 0.8396034, 1.1050174, 0.14172946]
[1.7162235, 0.9169134, 0.66066396, 0.13864613]
[1.8645452, 0.7659748, 0.96919173, 0.1293787]
[1.6744692, 0.81631637, 0.7073901, 0.15076283]
[1.8878089, 0.9197929, 0.8185462, 0.14946987]
[1.7771027, 0.79742336, 0.83837914, 0.14130026]
[1.8159873, 1.0522001, 0.6350019, 0.12878531]
[1.8521819, 0.88003147, 0.84371173, 0.12843867]
[1.8869936, 0.8526428, 0.8854043, 0.14894658]
[1.6844897, 0.6927325, 0.85696894, 0.13478824]
[1.7022849, 0.77411544, 0.78105664, 0.14711282]
[1.8876973, 0.9898006, 0.75699097, 0.1409057]
[1.5258536, 0.52663267, 0.8493589, 0.14986202]
[1.8225822, 0.9999713, 0.6868573, 0.13575366]
[1.667922, 0.6836142, 0.8425949, 0.14171289]
[1.716006, 0.82156307, 0.75065637, 0.14378661]
[1.6256208, 0.57977295, 0.8897289, 0.15611899]
[1.8966355, 0.8921552, 0.85552824, 0.14895216]
[1.6938622, 0.84638596, 0.6890542, 0.158422]
[1.7175075, 0.67580175, 0.89019454, 0.15151119]
[1.7915123, 0.85594875, 0.7694217, 0.16614178]
[2.0182076, 0.90002406, 0.9723029, 0.14588048]
[1.5485923, 0.60063756, 0.79751307, 0.15044168]
[1.7246912, 0.7790724, 0.79990166, 0.1457171]
[1.7451093, 0.70523316, 0.8711389, 0.16873729]
[1.7388489, 0.6874119, 0.9046034, 0.1468336]
[1.6923455, 0.965921, 0.5658786, 0.16054596]
[1.855838, 0.7953484, 0.9043863, 0.15610322]
[1.783162, 0.94534194, 0.69072634, 0.14709367]
[1.9233124, 0.7503541, 1.010222, 0.16273646]
[1.8388498, 0.7823499, 0.9264579, 0.1300421]
[1.6696788, 0.8095608, 0.71237445, 0.14774355]
[1.6774035, 0.9519498, 0.593306, 0.13214767]
[2.0246656, 1.0241301, 0.8732959, 0.12723954]
[1.8248786, 0.7592711, 0.9299872, 0.13562019]
[1.806752, 0.78673476, 0.88185287, 0.13816433]
[1.6857928, 0.775913, 0.7726896, 0.13719018]
[1.5760182, 0.77638704, 0.6474323, 0.15219894]
[1.7286098, 0.8090499, 0.76904464, 0.15051536]
[1.6169269, 0.7359308, 0.7368504, 0.14414579]
[1.7988425, 0.9307101, 0.71356213, 0.15457034]
[1.8023536, 0.7472607, 0.91764176, 0.13745111]
[1.7112404, 0.81140804, 0.74870896, 0.15112336]
[1.9916769, 0.9291109, 0.91775715, 0.14480886]
[1.94067, 0.92368925, 0.8698875, 0.14709336]
[1.8118546, 0.9184487, 0.75289696, 0.14050886]
[1.7514062, 0.74385226, 0.85529757, 0.15225631]
[1.7380385, 0.69391966, 0.8992659, 0.14485306]
[1.667671, 0.92104423, 0.6092274, 0.13739938]
[1.7229035, 0.76950085, 0.81159425, 0.14180838]
[1.949196, 1.1024432, 0.69578916, 0.1509637]
[1.9240355, 0.8699667, 0.905056, 0.14901277]
[1.864405, 0.8849058, 0.8333976, 0.1461016]
[1.8200448, 0.8979337, 0.79613674, 0.12597428]
[1.8688917, 0.94537914, 0.78453994, 0.13897261]
[1.6484438, 0.74658775, 0.77033234, 0.1315237]
[1.8563837, 0.6723827, 1.0390977, 0.1449033]
[2.0377886, 1.0509678, 0.8418556, 0.14496513]
[1.6441201, 0.6638212, 0.84903306, 0.13126571]
[1.6386131, 0.75049746, 0.74067867, 0.14743702]
[1.9227908, 0.87177086, 0.909671, 0.14134887]
[1.9797356, 0.85181224, 0.9936793, 0.13424414]
[1.7560956, 0.770118, 0.8480515, 0.13792607]
[1.8040118, 0.7742207, 0.8887154, 0.14107567]
[1.7503998, 0.8603513, 0.753212, 0.13683648]
[1.5582309, 0.5682846, 0.8494319, 0.14051437]
[1.9588916, 0.9796222, 0.837755, 0.14151442]
[1.9331532, 0.97472334, 0.8171735, 0.14125629]
[1.9593731, 1.0413878, 0.7848024, 0.13318288]
[1.9780395, 1.074494, 0.7547776, 0.14876792]
[1.8823066, 0.92173153, 0.828164, 0.13241103]
[1.8198571, 0.8072353, 0.8745017, 0.13812023]
[1.8860022, 0.9351026, 0.8057658, 0.14513388]
[1.7945637, 0.69352746, 0.9729841, 0.12805212]
[1.7660813, 0.85145134, 0.7887346, 0.12589544]
[1.6372011, 0.7494868, 0.7599759, 0.12773834]
[1.8796145, 0.96214855, 0.78543776, 0.13202822]
[1.8143785, 0.7513002, 0.93115866, 0.13191965]
[1.9765517, 0.9403378, 0.9058929, 0.13032088]
[1.8652182, 0.7554556, 0.99416643, 0.11559604]
[2.0006535, 0.82389474, 1.0491626, 0.1275962]
[1.8232718, 0.8096776, 0.87319756, 0.14039657]
[1.7733982, 0.85841143, 0.7710816, 0.14390513]
[1.6762732, 0.6589441, 0.89038163, 0.12694752]
[1.7452579, 0.89701873, 0.71746457, 0.1307745]
[1.7533288, 0.691031, 0.9283671, 0.13393065]
[1.9400032, 0.90770483, 0.91243964, 0.11985876]
[1.8252556, 0.76692367, 0.9201404, 0.13819158]
[1.6822317, 0.7529634, 0.7939104, 0.13535786]
[1.6498718, 0.62121534, 0.89870274, 0.12995377]
[1.6601858, 0.7622371, 0.76138127, 0.13656741]
[2.008074, 1.02872, 0.82674843, 0.15260547]
[1.8087622, 0.8928555, 0.7862914, 0.12961517]
[1.7251024, 0.64898753, 0.9402226, 0.13589227]
[1.6934391, 0.7241523, 0.8377198, 0.131567]
[1.8069589, 0.88231754, 0.77171457, 0.15292685]
[1.8194548, 0.9262519, 0.7380292, 0.15517364]
[1.5779153, 0.6691064, 0.76962084, 0.13918804]
[1.6052264, 0.9004755, 0.55900115, 0.14574972]
[1.8292065, 0.67022467, 1.0171344, 0.14184736]
[1.7643731, 0.82924664, 0.776933, 0.15819341]
[1.7121361, 0.7523916, 0.80805826, 0.15168631]
[1.5919826, 0.78559756, 0.6522169, 0.15416807]
[1.9821168, 0.9173028, 0.91690123, 0.14791287]
[1.6455771, 0.8638798, 0.6466217, 0.1350756]
[1.7488827, 0.70386446, 0.8995702, 0.145448]
[1.8811647, 0.94395506, 0.7764254, 0.16078408]
