[1.7560325, 0.7523923, 0.84439266, 0.15924758]
[1.7918226, 0.8016385, 0.82015955, 0.17002454]
[1.9798133, 0.8700824, 0.9589484, 0.15078254]
[1.834208, 0.7452947, 0.9542066, 0.1347067]
[1.7974274, 0.8949146, 0.7501751, 0.15233767]
[1.7814331, 0.88618743, 0.7483531, 0.14689253]
[1.7514348, 0.795804, 0.8162621, 0.13936862]
[1.7996064, 0.57456803, 1.0713091, 0.15372932]
[1.6364721, 0.9217498, 0.5598687, 0.15485367]
[1.857856, 0.848853, 0.85455596, 0.15444705]
[1.7358952, 0.86489594, 0.74475455, 0.1262447]
[1.7925155, 0.733619, 0.90896976, 0.14992674]
[1.8737544, 0.77552426, 0.9503405, 0.14788966]
[1.8748178, 1.0357326, 0.6896408, 0.14944439]
[1.7934489, 0.58635736, 1.0680221, 0.1390695]
[1.8121696, 0.95059097, 0.71630937, 0.14526919]
[1.8144013, 0.79723823, 0.8660058, 0.15115729]
[1.8482913, 0.99686, 0.71014094, 0.14129034]
[1.7596985, 0.7967863, 0.81829584, 0.14461634]
[1.7117969, 0.68272674, 0.8837055, 0.14536464]
[1.9917064, 0.89512557, 0.9568577, 0.13972309]
[2.0305321, 0.9370672, 0.9626633, 0.13080166]
[1.8464572, 0.7381067, 0.9706298, 0.13772076]
[1.6760432, 0.6554209, 0.8863344, 0.13428782]
[1.6703279, 0.931728, 0.60222673, 0.13637319]
[1.6692774, 0.56829256, 0.95541424, 0.14557065]
[1.7163687, 0.6668068, 0.90861803, 0.1409438]
[1.8338561, 1.0305277, 0.66005903, 0.1432693]
[1.6741717, 0.7282618, 0.80043805, 0.14547184]
[1.8400781, 1.0161184, 0.6697929, 0.1541668]
[1.9656124, 0.8851352, 0.9294893, 0.1509878]
[1.8127813, 0.893684, 0.77740663, 0.14169079]
[1.719846, 0.83243895, 0.7469147, 0.14049242]
[1.8392398, 0.8294097, 0.84951454, 0.16031554]
[1.9180756, 0.8635967, 0.9091666, 0.14531232]
[1.6581557, 0.70096946, 0.80101687, 0.15616943]
[1.7748501, 1.0110981, 0.6162423, 0.14750968]
[1.565848, 0.6645653, 0.7575188, 0.14376393]
[1.9014491, 0.8552804, 0.9006052, 0.14556345]
[1.8296514, 0.8564587, 0.8251963, 0.14799637]
[1.987408, 1.1055577, 0.7413963, 0.14045402]
[1.7530377, 0.8400464, 0.7590593, 0.15393199]
[1.775524, 0.86276096, 0.7677692, 0.14499392]
[1.8860593, 0.72897387, 1.0347724, 0.12231299]
[1.6627921, 0.8790837, 0.6434155, 0.14029285]
[1.8046336, 0.85268754, 0.8123271, 0.13961895]
[1.5532688, 0.616371, 0.8036317, 0.13326612]
[1.6171424, 0.91226315, 0.56369793, 0.14118132]
[1.9175804, 0.748597, 1.0161271, 0.15285629]
[1.749857, 0.87999225, 0.7284177, 0.14144708]
[1.7522491, 0.9385835, 0.6642871, 0.14937851]
[1.5622195, 0.7052867, 0.715145, 0.14178789]
[1.7289636, 0.6995892, 0.8725809, 0.15679353]
[1.872764, 0.83570665, 0.8878657, 0.14919159]
[1.748838, 0.98181164, 0.63343465, 0.13359162]
[1.7570822, 0.59959656, 0.98902595, 0.16845965]
[1.808743, 0.99389565, 0.66703224, 0.14781517]
[1.848288, 0.82165456, 0.8738016, 0.15283191]
[1.6753826, 0.7775462, 0.7400671, 0.15776922]
[1.9024142, 0.93621874, 0.80372584, 0.16246966]
[1.7585818, 0.8371129, 0.7665771, 0.1548917]
[1.8452237, 0.84741986, 0.84391177, 0.153892]
[1.7134695, 0.7468981, 0.8284501, 0.1381214]
[1.5612857, 0.635589, 0.7775095, 0.14818719]
[1.7736918, 0.8607798, 0.7719234, 0.14098844]
[1.9547157, 1.0500867, 0.7510809, 0.15354818]
[1.855706, 0.66177475, 1.039968, 0.15396318]
[1.9459697, 0.9166352, 0.8858308, 0.1435037]
[1.731134, 0.8396653, 0.7438904, 0.14757837]
[1.8008924, 0.7428392, 0.91148746, 0.14656572]
[1.8202256, 0.88522184, 0.7840564, 0.15094735]
[2.0242686, 0.98845285, 0.8926618, 0.143154]
[1.873533, 0.8482449, 0.8889018, 0.13638628]
[1.8795629, 0.8123354, 0.9076812, 0.1595463]
[1.7484643, 0.67933476, 0.92419946, 0.1449301]
[1.7039807, 0.88703656, 0.67136925, 0.1455748]
[1.5373937, 0.7716253, 0.6214049, 0.1443635]
[1.694557, 0.60544723, 0.9402347, 0.14887504]
[1.4530008, 0.5240634, 0.7863225, 0.1426149]
[1.8030407, 0.9977949, 0.6427541, 0.16249175]
[1.7911055, 0.7649653, 0.8924124, 0.13372773]
[1.7954144, 0.82745147, 0.8185705, 0.14939252]
[1.6274186, 0.63922596, 0.81669694, 0.17149583]
[1.9017197, 0.9931256, 0.742519, 0.16607516]
[1.8606355, 0.9081441, 0.7993935, 0.15309788]
[1.5571772, 0.6351422, 0.7715763, 0.1504587]
[1.7302312, 0.895424, 0.67288834, 0.16191871]
[1.383653, 0.59856755, 0.6140789, 0.17100659]
[1.8365166, 0.86901367, 0.79078245, 0.17672053]
[1.6473016, 0.81145096, 0.67670083, 0.15914974]
[1.8671988, 0.83126277, 0.861938, 0.17399797]
[2.1123843, 0.7032279, 1.2489159, 0.16024044]
[1.9038719, 1.1599264, 0.5912797, 0.15266578]
[2.1473374, 0.9347889, 1.0665841, 0.14596443]
[1.8803566, 0.8492216, 0.89442635, 0.1367086]
[1.7022084, 0.7407523, 0.8123362, 0.14911997]
[1.5388353, 0.6499776, 0.7288602, 0.1599975]
[1.8584247, 0.9888053, 0.7313499, 0.13826947]
[1.885648, 0.8235148, 0.90881217, 0.15332097]
[1.752667, 0.73349464, 0.88396287, 0.13520938]
[1.6985654, 0.7323507, 0.8000615, 0.16615303]
[1.9605144, 0.9544749, 0.86320686, 0.14283264]
[1.95527, 1.0948341, 0.7275928, 0.13284308]
[1.8667586, 0.8000203, 0.92918813, 0.13755013]
[1.7984071, 0.8079489, 0.85256016, 0.13789795]
[1.6302688, 0.7010465, 0.7775774, 0.15164489]
[1.6489468, 0.7142582, 0.7887307, 0.14595798]
[1.7159902, 0.91419584, 0.6588218, 0.14297257]
[1.8570375, 0.7386369, 0.9654424, 0.15295815]
[1.7033268, 0.7394042, 0.812619, 0.15130368]
[1.7289095, 0.8425304, 0.7170394, 0.1693396]
[1.6955819, 0.8547264, 0.6674236, 0.17343193]
[1.8711925, 0.94224834, 0.78206444, 0.14687972]
[1.6208177, 0.7124028, 0.7524376, 0.15597719]
[1.9073733, 0.7711434, 0.96898985, 0.16724005]
[1.7757968, 0.75077903, 0.8681321, 0.15688558]
[1.6749899, 0.8212839, 0.6970618, 0.15664437]
[1.6375084, 0.6340544, 0.83459824, 0.1688557]
[1.8645275, 0.91287446, 0.7817249, 0.16992804]
[1.8637601, 0.87000823, 0.84675646, 0.14699543]
[1.7148025, 0.83668697, 0.71632683, 0.16178876]
[1.9351659, 1.0885596, 0.68505454, 0.16155177]
[1.779639, 0.7399552, 0.8846791, 0.1550048]
[1.9664675, 0.99299645, 0.82896936, 0.14450172]
[1.7488809, 0.6838191, 0.90315175, 0.16191003]
[1.8959553, 0.971437, 0.7610659, 0.16345243]
[1.7344108, 0.74487984, 0.84116596, 0.14836499]
[1.700689, 0.7537201, 0.79758376, 0.14938511]
[1.8869784, 0.78121203, 0.9427216, 0.16304475]
[1.7697881, 0.8010822, 0.80257314, 0.16613278]
[1.6839727, 0.6360822, 0.9002322, 0.14765835]
[1.7640121, 0.8780749, 0.7435926, 0.1423446]
[1.9555451, 0.7279426, 1.0688082, 0.1587943]
[1.6442571, 0.7673204, 0.7361582, 0.14077856]
[1.8858573, 0.89373374, 0.8351359, 0.1569877]
[1.6636361, 0.8575417, 0.65362877, 0.15246573]
[1.6403279, 0.72640395, 0.75212634, 0.16179761]
[1.8309042, 0.8391629, 0.84087056, 0.15087086]
[1.8532653, 0.75383294, 0.9661454, 0.133287]
[1.8621132, 0.9592678, 0.74498165, 0.15786389]
[1.9192742, 0.8900078, 0.8796717, 0.14959465]
[1.8360783, 0.9304435, 0.74521077, 0.16042402]
[1.7429087, 0.7245647, 0.87460387, 0.1437402]
[1.680393, 0.5965378, 0.9283724, 0.15548275]
[2.1040237, 1.1178076, 0.8447881, 0.1414281]
[1.8633065, 0.98313236, 0.7530078, 0.12716632]
[1.6497774, 0.59698343, 0.91872025, 0.13407376]
[1.7088315, 0.81213546, 0.7414447, 0.15525144]
[1.6997572, 0.80489343, 0.74935794, 0.14550579]
[1.5591751, 0.71656096, 0.7189745, 0.123639666]
[1.8591703, 0.88714164, 0.83449054, 0.1375381]
[1.6867762, 0.79780006, 0.74635553, 0.14262056]
[1.7525864, 0.76306725, 0.8533926, 0.13612655]
[1.8212414, 0.829126, 0.84966683, 0.14244854]
[1.7441604, 0.87733924, 0.74813706, 0.11868402]
[1.849119, 0.90517056, 0.79643124, 0.14751717]
[1.6748542, 0.84161603, 0.6856922, 0.14754596]
[1.6509589, 0.644557, 0.85214216, 0.15425979]
[1.8237001, 0.8597198, 0.8198219, 0.14415836]
[1.5861198, 0.59900105, 0.838946, 0.14817277]
[1.626446, 0.7042419, 0.78324616, 0.13895793]
[1.65661, 0.7031475, 0.8064165, 0.14704607]
[1.8642082, 1.0240068, 0.6743771, 0.16582423]
[1.9330288, 0.96600175, 0.80694735, 0.16007969]
[1.8845856, 0.9370474, 0.79620075, 0.15133744]
[1.8720341, 0.8784885, 0.85184044, 0.14170519]
[1.8143035, 0.85523736, 0.80771995, 0.1513462]
[1.93557, 0.8196135, 0.9648027, 0.15115379]
[1.6761897, 0.73358965, 0.8026964, 0.1399036]
[1.8186051, 0.8803258, 0.7832122, 0.15506709]
[2.1044023, 1.079487, 0.87131166, 0.1536036]
[1.9312849, 0.9701046, 0.8211698, 0.14001064]
[1.8358792, 0.8855709, 0.8118039, 0.13850442]
[1.7968225, 0.57453465, 1.0976884, 0.12459941]
[1.7041482, 0.6908009, 0.8746898, 0.13865742]
[1.8302282, 0.78224397, 0.91095984, 0.13702437]
[1.6857318, 0.7631397, 0.7781933, 0.14439881]
[1.8449632, 0.8017892, 0.91016734, 0.1330067]
[1.8648844, 0.97736007, 0.7481526, 0.13937163]
[1.5970408, 0.73397785, 0.71669704, 0.14636587]
[1.8379371, 0.8271389, 0.8703848, 0.1404134]
[1.8805783, 0.9082129, 0.8324493, 0.13991609]
[1.7846676, 0.76878417, 0.8670802, 0.14880328]
[1.8089105, 0.9000572, 0.77443135, 0.13442194]
[1.6897132, 0.7963189, 0.75228214, 0.14111227]
[1.6362056, 0.6967417, 0.79775035, 0.14171349]
[1.878297, 0.7940924, 0.92545015, 0.15875444]
[1.6833806, 0.85969937, 0.69544697, 0.12823421]
[1.7356659, 0.83996093, 0.7373765, 0.15832844]
[1.7669115, 0.7651961, 0.8602816, 0.14143378]
[1.7972361, 0.78396904, 0.8630608, 0.15020618]
[1.6801106, 0.71207863, 0.8208175, 0.14721456]
[1.6906776, 0.8862169, 0.6470639, 0.15739673]
[1.8874242, 0.95162827, 0.77345276, 0.16234323]
[1.6938835, 0.6485412, 0.8969809, 0.14836147]
[2.0115814, 1.1932383, 0.649507, 0.16883603]
[1.9424498, 0.86340964, 0.9307464, 0.14829373]
[1.6564678, 0.60147905, 0.92180556, 0.13318308]
[1.7768381, 0.73946965, 0.89371026, 0.1436582]
[1.7852525, 0.89083433, 0.7340827, 0.16033539]
[1.9079372, 0.9411931, 0.8207241, 0.14601998]
[1.7752097, 0.6839423, 0.9565198, 0.13474745]
[2.0439804, 1.0861561, 0.8086982, 0.14912596]
[1.921288, 0.90165365, 0.8887998, 0.13083453]
[1.712261, 0.8974536, 0.67909634, 0.13571092]
[1.8326353, 0.8148619, 0.87760895, 0.1401645]
[1.7252764, 0.87818897, 0.7126512, 0.13443626]
[2.0062935, 0.7462003, 1.1115491, 0.14854398]
[1.7518619, 0.8989365, 0.7225702, 0.13035524]
[1.8349136, 0.9307757, 0.7744565, 0.12968145]
[1.6131575, 0.71470284, 0.76852155, 0.12993312]
[1.78637, 0.7835133, 0.87278545, 0.13007125]
[1.7292262, 0.8779284, 0.7147225, 0.13657531]
[1.7971711, 0.8281425, 0.82303643, 0.14599216]
[1.5838468, 0.6561334, 0.7877555, 0.13995792]
[1.6577408, 0.599702, 0.920558, 0.1374808]
[1.6382129, 0.6919014, 0.8005385, 0.145773]
[1.7987057, 0.8411249, 0.80415237, 0.15342847]
[1.7850064, 0.93680114, 0.7022186, 0.14598665]
[1.6369741, 0.75320446, 0.740076, 0.14369375]
[1.7407873, 0.6611434, 0.92345405, 0.1561898]
[1.8689762, 0.8650683, 0.8640485, 0.13985942]
[1.9245613, 0.83309174, 0.95182586, 0.13964364]
[1.8784142, 1.0005258, 0.71869844, 0.15918988]
[1.8082426, 0.8302593, 0.82896966, 0.14901353]
[1.8463221, 0.8584473, 0.85380805, 0.13406672]
[1.7785499, 0.8732399, 0.75563174, 0.14967829]
[1.7329888, 0.79969287, 0.77493834, 0.15835762]
[1.7122543, 0.66151834, 0.88978577, 0.16095014]
[1.5845661, 0.6844009, 0.7309114, 0.16925377]
[1.6423135, 0.6984409, 0.78466, 0.15921256]
[1.8263497, 0.82210577, 0.85693866, 0.14730522]
[1.8185498, 0.8013985, 0.86275053, 0.1544007]
[1.7852464, 0.74902904, 0.8867593, 0.14945799]
[1.6822754, 0.67741954, 0.8371043, 0.16775158]
[1.8024074, 0.90207666, 0.7486551, 0.15167558]
[1.9170684, 1.0766237, 0.6886532, 0.15179147]
[1.7224092, 0.62084866, 0.94214994, 0.15941072]
[1.8889265, 0.9324076, 0.7915834, 0.16493544]
[1.6577287, 0.88141024, 0.61215544, 0.16416302]
[1.676986, 0.64231193, 0.8849821, 0.1496919]
[1.6673194, 0.59027696, 0.9317052, 0.1453372]
[1.611183, 0.8215988, 0.63335884, 0.1562253]
[1.6251185, 0.8550237, 0.6129024, 0.15719244]
[2.1112866, 1.1894188, 0.7570193, 0.16484846]
[1.5668612, 0.58928525, 0.8395587, 0.13801724]
[1.8465511, 0.8654381, 0.82782483, 0.1532881]
[1.5377638, 0.72862333, 0.638656, 0.17048451]
[1.472998, 0.61614895, 0.6961596, 0.16068947]
[1.7838931, 0.8620976, 0.7740152, 0.14778024]
[1.863024, 0.7395574, 0.9566374, 0.16682929]
[1.8189174, 1.0183448, 0.64212775, 0.15844485]
[1.7160853, 0.7258806, 0.830338, 0.15986672]
[1.9231982, 1.0822337, 0.6884686, 0.15249604]
[1.9172715, 0.898837, 0.87940806, 0.13902652]
[1.7495257, 0.8466663, 0.74438334, 0.158476]
[1.9376041, 0.8672735, 0.9189924, 0.15133825]
[1.6959552, 0.76471925, 0.78515077, 0.14608514]
[1.6100966, 0.8198671, 0.62682486, 0.1634046]
[1.923044, 1.0645018, 0.7019385, 0.15660375]
[1.7485478, 0.80802083, 0.7840745, 0.15645237]
[1.6400853, 0.77440345, 0.7186552, 0.14702669]
[1.7303833, 0.7938876, 0.7852014, 0.15129435]
[1.4151632, 0.47674096, 0.7765986, 0.16182363]
[1.9553249, 1.0817724, 0.7137121, 0.1598404]
[1.8964132, 0.81457734, 0.9348753, 0.14696059]
[1.6642028, 0.71934843, 0.79202694, 0.15282735]
[1.7843165, 0.7947316, 0.82720023, 0.16238481]
[1.6476691, 0.8468193, 0.64798003, 0.15286967]
[1.7370572, 0.8420454, 0.74136883, 0.15364295]
[1.7934368, 0.55212975, 1.0844228, 0.15688416]
[1.5559032, 0.6244527, 0.7786244, 0.15282601]
[1.8965833, 0.8569964, 0.87695765, 0.1626293]
[1.8154185, 0.8254056, 0.8357568, 0.1542561]
[1.7813344, 0.7513932, 0.8670149, 0.16292636]
[1.5611266, 0.81686234, 0.59337604, 0.15088823]
[1.8131943, 0.7166499, 0.940884, 0.15566042]
[1.7505172, 0.78648984, 0.80781496, 0.15621245]
[1.8329921, 0.7803868, 0.8897638, 0.16284156]
[1.8011634, 0.86673176, 0.780195, 0.15423661]
[1.7805407, 0.64595026, 0.9780542, 0.15653619]
[1.8782785, 0.9386108, 0.7707923, 0.16887552]
[1.4754928, 0.6531411, 0.66119266, 0.16115913]
[1.7661769, 0.72481877, 0.8857825, 0.15557575]
[1.5436145, 0.76798445, 0.60381556, 0.17181459]
[1.6176393, 0.8158586, 0.63672656, 0.16505411]
[1.5253747, 0.76686203, 0.571097, 0.18741563]
[1.7300396, 0.68823445, 0.88253635, 0.15926892]
[1.9019922, 0.7775972, 0.9544403, 0.16995469]
[1.7766311, 1.0627292, 0.5262923, 0.18760957]
[1.804257, 0.70910776, 0.92366403, 0.17148528]
[2.074345, 1.0975976, 0.8253449, 0.15140261]
[1.7693595, 0.7652577, 0.83060026, 0.17350145]
[2.1547828, 1.2086498, 0.79229426, 0.15383875]
[2.0400708, 0.62464535, 1.2667563, 0.14866912]
[1.6317626, 1.0050122, 0.4805829, 0.14616762]
[1.7807035, 0.85109115, 0.7844914, 0.14512095]
[1.6554545, 0.6973686, 0.8065033, 0.15158264]
[1.808527, 0.98005724, 0.6816193, 0.14685048]
[1.8531109, 0.8825477, 0.80510557, 0.16545758]
[1.758731, 0.95917046, 0.63517004, 0.16439044]
[1.9496151, 0.8711339, 0.91192985, 0.16655132]
[1.7040977, 0.76617646, 0.77064013, 0.16728114]
[2.0646996, 1.1027625, 0.82461834, 0.13731879]
[2.027097, 0.8734131, 1.0117743, 0.1419097]
[1.7522527, 0.9017055, 0.708583, 0.14196421]
[1.7179164, 0.8703196, 0.70423484, 0.14336191]
[1.8958387, 0.7556513, 0.9999112, 0.14027613]
[2.0616145, 0.94712245, 0.9855089, 0.12898317]
[1.6556015, 0.79000545, 0.7280842, 0.13751185]
[2.002653, 0.95160806, 0.9241929, 0.12685183]
[1.7769095, 0.7254317, 0.92339385, 0.12808393]
[1.5673437, 0.6389663, 0.7811249, 0.14725259]
[1.8033195, 0.79455984, 0.8673899, 0.14136967]
[1.6764336, 0.7060386, 0.8210882, 0.14930683]
[1.7432406, 0.73767006, 0.8649402, 0.14063019]
[1.6342306, 0.8175514, 0.6766311, 0.1400482]
[1.6612852, 0.65859663, 0.85644174, 0.14624675]
[1.7809274, 0.8021344, 0.8320403, 0.14675277]
[1.7687416, 0.7872, 0.84120184, 0.14033984]
[1.8669829, 0.72930634, 0.9782897, 0.15938689]
[1.7742951, 0.8162676, 0.80338913, 0.15463832]
[1.8933871, 0.8627044, 0.8845458, 0.14613691]
[1.7389299, 0.81538796, 0.7748749, 0.14866701]
[1.674851, 0.6926756, 0.8331373, 0.14903805]
[1.744843, 0.7990104, 0.79908425, 0.14674824]
[1.7639403, 0.81829405, 0.79190177, 0.15374446]
[1.7075112, 0.8365533, 0.7133317, 0.15762617]
[1.4981191, 0.6041808, 0.74603415, 0.14790422]
[1.7675884, 0.68237364, 0.9354939, 0.14972094]
[2.1227934, 1.1322622, 0.8379872, 0.15254399]
[1.7472302, 0.6917041, 0.91515255, 0.14037359]
[1.7847337, 0.83946496, 0.79933614, 0.14593256]
[1.5442343, 0.74316967, 0.659317, 0.14174756]
[1.7350372, 0.61190426, 0.9604898, 0.16264306]
[1.8827766, 1.0227541, 0.7039932, 0.15602931]
[1.7853518, 0.72993207, 0.89591706, 0.1595026]
[1.5806965, 0.7669775, 0.6541835, 0.15953553]
[1.8998809, 0.8731396, 0.874686, 0.15205532]
[1.4956673, 0.7385031, 0.60081494, 0.15634935]
[1.6884792, 0.6753544, 0.8577957, 0.15532899]
[1.7671517, 1.0265667, 0.5811851, 0.1593999]
[1.8970081, 0.87996876, 0.85277915, 0.16426015]
[1.7089183, 0.72102284, 0.8233797, 0.16451575]
[1.8833711, 0.9890788, 0.73087966, 0.16341254]
[1.7532518, 0.9903096, 0.61954504, 0.14339706]
[1.8967935, 0.7800792, 0.9763964, 0.14031789]
[1.6596882, 0.7831372, 0.7442347, 0.1323164]
[1.7698863, 0.97726, 0.6431409, 0.14948529]
[1.7484401, 0.82908857, 0.7647619, 0.15458968]
[1.6547519, 0.6356147, 0.8711672, 0.14797005]
[1.7788748, 0.81977654, 0.8048265, 0.15427172]
[2.0905273, 0.77119386, 1.1558083, 0.16352518]
[1.7939168, 0.911515, 0.7219367, 0.16046514]
[1.6805115, 0.759265, 0.77759457, 0.14365198]
[1.9255031, 1.0422137, 0.7246248, 0.15866455]
[1.6385744, 0.8538887, 0.6355674, 0.14911821]
[1.9386166, 0.76228976, 1.0216542, 0.15467267]
[1.8037715, 0.75920403, 0.8768282, 0.16773927]
[1.6277885, 0.85937107, 0.6105197, 0.15789774]
[1.7760632, 0.78617716, 0.8507124, 0.1391736]
[1.8573376, 0.90893495, 0.8064836, 0.14191906]
[1.5663178, 0.7051902, 0.70133555, 0.15979204]
[1.7031024, 0.8461729, 0.71247673, 0.14445269]
[1.8085413, 0.8382843, 0.8253702, 0.14488676]
[1.6687598, 0.80189764, 0.7280204, 0.13884178]
[1.7204603, 0.684688, 0.8696456, 0.16612668]
[1.7653673, 0.6144689, 1.001596, 0.14930242]
[1.5983047, 0.83576286, 0.6008211, 0.16172072]
[1.7591095, 0.80946124, 0.7953674, 0.15428084]
[1.8168615, 0.8072715, 0.85063255, 0.15895745]
[1.7823164, 0.93008506, 0.6962315, 0.15599993]
[1.6469404, 0.8219477, 0.6777985, 0.14719418]
[1.8840309, 0.7334274, 0.9850234, 0.16558018]
[1.8892353, 1.1334755, 0.5937932, 0.1619665]
[1.677797, 0.7827903, 0.7404026, 0.1546041]
[1.7275262, 0.7029648, 0.86893, 0.1556314]
[1.9437134, 0.8975801, 0.89673054, 0.1494028]
[1.5798846, 0.74613166, 0.6683368, 0.16541609]
[1.9992297, 0.87048733, 0.9732511, 0.15549123]
[1.7548046, 0.9788601, 0.6060278, 0.16991669]
[1.7509843, 0.862499, 0.73602176, 0.15246356]
[1.8204662, 0.73555315, 0.9420624, 0.1428506]
[1.7857337, 0.95738274, 0.676669, 0.15168189]
[1.6536236, 0.70087755, 0.80247784, 0.15026814]
[1.5265297, 0.75859284, 0.6119758, 0.15596104]
[1.882471, 0.86491704, 0.8719647, 0.14558926]
[1.795606, 0.76697004, 0.8726428, 0.15599307]
[1.8683877, 0.9289519, 0.7744142, 0.16502169]
[1.4954377, 0.7826282, 0.54315853, 0.16965099]
[1.849432, 0.78365934, 0.9092212, 0.15655142]
[1.7936411, 0.7690017, 0.86226207, 0.1623773]
[2.0297627, 0.9411706, 0.91490626, 0.17368597]
[1.7681831, 0.8087142, 0.8244082, 0.13506062]
[1.8722506, 0.79602396, 0.91206414, 0.16416243]
[1.8402696, 0.89070284, 0.78874516, 0.1608216]
[1.6976376, 0.89386386, 0.6442471, 0.15952653]
[1.7803245, 0.5921311, 1.0244496, 0.16374369]
[1.7230116, 0.9290466, 0.64303994, 0.15092501]
[1.6857227, 0.7586455, 0.7701967, 0.15688045]
[2.0711417, 0.77237856, 1.152096, 0.14666715]
[1.6844977, 0.7850568, 0.7601372, 0.13930364]
[1.8330266, 0.90452415, 0.7807944, 0.14770824]
[1.9415977, 0.84387994, 0.95443475, 0.14328295]
[2.0354984, 1.0668707, 0.82409096, 0.14453667]
[1.5817027, 0.7114761, 0.72974014, 0.14048645]
[1.5408592, 0.49517325, 0.88367546, 0.16201052]
[1.8918257, 0.8887217, 0.84433055, 0.15877345]
[1.5880159, 0.6554229, 0.77172136, 0.16087167]
[1.5276325, 0.80986285, 0.55653214, 0.16123742]
[2.0269897, 0.93263197, 0.92096627, 0.17339142]
[1.9348502, 0.78978455, 0.99088985, 0.15417573]
[1.5574981, 0.78429544, 0.6244147, 0.14878802]
[1.7151442, 0.6610149, 0.89068365, 0.16344564]
[1.7948968, 1.0506427, 0.5832758, 0.16097838]
[1.6747919, 0.7884804, 0.7268728, 0.15943877]
[1.7896863, 0.68271023, 0.9594397, 0.14753637]
[1.796488, 0.9553101, 0.6884912, 0.15268669]
[1.5580784, 0.4893123, 0.89350593, 0.1752602]
[1.6654058, 0.91119266, 0.5830203, 0.1711927]
[1.6836184, 0.8028933, 0.71522176, 0.16550335]
[1.8025585, 0.9118189, 0.71584165, 0.17489803]
[1.6330528, 0.6184794, 0.8619584, 0.15261509]
[1.7568735, 0.83550453, 0.75355875, 0.16781022]
[2.0103734, 1.0493784, 0.79852134, 0.16247377]
[1.6089283, 0.7147008, 0.7275362, 0.1666913]
[1.7666316, 0.91057765, 0.6893533, 0.16670054]
[1.813687, 0.69549763, 0.9460833, 0.17210607]
[1.9521158, 0.78771174, 0.9952276, 0.16917646]
[1.657858, 0.6768153, 0.82308906, 0.15795362]
[1.6808548, 0.7841908, 0.72861344, 0.16805051]
[1.6031746, 0.5959017, 0.8315588, 0.17571397]
[1.7974181, 1.1333971, 0.50494444, 0.1590766]
[1.8202285, 0.8083292, 0.8567711, 0.15512814]
[1.7418617, 0.8645154, 0.71007955, 0.16726677]
[1.8580983, 0.679721, 1.0045905, 0.17378676]
[1.7829251, 1.0489018, 0.5752679, 0.15875544]
[1.523303, 0.60097325, 0.7532606, 0.16906923]
[1.4712805, 0.59587777, 0.7072328, 0.16816981]
[1.766862, 0.82333654, 0.7714366, 0.17208901]
[1.8905703, 0.80354834, 0.9225856, 0.16443633]
[1.7112592, 0.71180606, 0.8296827, 0.16977048]
[1.8304718, 0.84315974, 0.8148424, 0.17246968]
[1.7225385, 0.73924637, 0.81796443, 0.16532762]
[1.6892287, 0.56684136, 0.96062756, 0.16175973]
[1.6619787, 1.0910547, 0.39763856, 0.17328551]
[1.9340012, 0.6438026, 1.1197011, 0.17049736]
[1.8180755, 1.1115173, 0.5552404, 0.1513178]
[1.6517215, 0.46186844, 1.0485171, 0.1413359]
[1.7063279, 0.81100595, 0.7235544, 0.17176765]
[1.9088687, 1.0161259, 0.7455363, 0.14720646]
[1.8789686, 0.7631352, 0.9600152, 0.1558182]
[1.7790184, 1.0022018, 0.6203234, 0.15649325]
[1.6726763, 0.67148435, 0.85545063, 0.14574128]
[1.9461592, 0.92140675, 0.86629725, 0.15845522]
[1.662886, 0.69965106, 0.80881935, 0.15441561]
[1.7533221, 0.8249365, 0.7707329, 0.1576528]
[1.7539556, 0.928777, 0.6686697, 0.1565089]
[1.6791344, 0.7539849, 0.7742568, 0.1508926]
[1.6458809, 0.83201706, 0.6611793, 0.15268457]
[1.7952881, 0.562462, 1.0789343, 0.15389182]
[1.7255545, 1.1068916, 0.45205343, 0.16660939]
[1.749457, 0.74354786, 0.8372556, 0.16865356]
[2.0474467, 0.86301863, 1.0375705, 0.14685759]
[1.8242971, 0.88652575, 0.7920677, 0.1457037]
[1.5852225, 0.6468257, 0.7830974, 0.15529944]
[1.7612933, 0.92799914, 0.6799627, 0.15333137]
[1.594951, 0.6690665, 0.7637254, 0.16215909]
[1.8576319, 0.8767335, 0.82924235, 0.15165617]
[1.8890312, 0.8708906, 0.8658808, 0.15225981]
[1.7049503, 0.67846423, 0.87206054, 0.15442568]
[1.6937194, 0.8758526, 0.6399825, 0.1778843]
[1.6661686, 0.7532965, 0.75664544, 0.15622666]
[1.938053, 0.7494084, 1.0187502, 0.16989431]
[2.0136309, 0.80548346, 1.0474778, 0.16066965]
[1.8085015, 0.8963483, 0.7599178, 0.15223543]
[1.7100841, 0.7845959, 0.77916753, 0.1463207]
[1.6640131, 0.6940719, 0.8198626, 0.1500786]
[1.9413797, 0.81740785, 0.96721154, 0.15676038]
[1.4654667, 0.66596234, 0.64746004, 0.15204433]
[1.6990546, 0.7110747, 0.8133927, 0.17458713]
[1.6496766, 0.8729495, 0.6136952, 0.16303185]
[1.599006, 0.67250335, 0.76275814, 0.16374461]
[1.6170962, 0.7057273, 0.75317556, 0.1581934]
[1.7051686, 0.80443895, 0.72758055, 0.17314911]
[1.8143516, 0.72220445, 0.93104756, 0.1610996]
[2.1823852, 1.0910677, 0.9211292, 0.17018816]
[1.6044391, 0.61643004, 0.8249378, 0.16307129]
[1.8934823, 0.7583277, 0.9735339, 0.16162074]
[2.0142317, 1.1731286, 0.66946507, 0.17163792]
[1.4726384, 0.4193396, 0.907074, 0.14622474]
[1.6549225, 0.7753397, 0.73011434, 0.14946848]
[1.6373549, 0.8047788, 0.670516, 0.16206]
[1.893065, 0.9245381, 0.8071482, 0.16137856]
[1.6967824, 0.708271, 0.8273649, 0.16114637]
[1.7015668, 0.762367, 0.769881, 0.1693188]
[1.7777762, 0.9764387, 0.6507589, 0.15057859]
[1.7274832, 0.69340193, 0.8693631, 0.16471802]
[1.8689393, 0.99946165, 0.7187742, 0.15070347]
[1.7234606, 0.7291316, 0.8286499, 0.1656791]
[1.7568399, 0.7262685, 0.8648095, 0.16576186]
[1.7871412, 0.9882858, 0.6477472, 0.15110815]
[1.6092546, 0.63523734, 0.8180069, 0.15601037]
[1.9846702, 1.1043501, 0.72112155, 0.15919857]
[1.9814268, 1.0389354, 0.7867333, 0.15575805]
[1.7939656, 0.77082276, 0.8709692, 0.1521737]
[1.8909761, 1.020232, 0.71520317, 0.15554094]
[1.9695857, 0.7834734, 1.0381505, 0.14796168]
[1.6156523, 0.7875047, 0.6957091, 0.13243854]
[1.8162069, 0.7964591, 0.869416, 0.15033188]
[1.6865672, 0.75212085, 0.7702708, 0.16417547]
[1.8133821, 0.74493444, 0.90792894, 0.16051877]
[1.9028662, 1.194951, 0.5535337, 0.15438154]
[1.8144656, 0.69077873, 0.9708133, 0.15287359]
[1.8137387, 0.69284517, 0.9811832, 0.13971026]
[1.8029646, 0.9420979, 0.7157865, 0.14508016]
[2.1125846, 1.0626361, 0.9038795, 0.1460689]
[2.0944612, 0.8842602, 1.0723915, 0.13780954]
[1.6316481, 0.66431504, 0.82540846, 0.14192462]
[1.7800295, 0.842987, 0.80176586, 0.1352767]
[2.0893142, 1.0443677, 0.91010666, 0.1348398]
[1.7608043, 0.7042384, 0.9183466, 0.13821927]
[1.8168237, 0.79139817, 0.8939779, 0.13144769]
[1.6559011, 0.9171355, 0.601493, 0.13727257]
[1.6970811, 0.78816557, 0.7732141, 0.13570139]
[1.7404808, 0.8300096, 0.776664, 0.13380718]
[1.7227137, 0.7599372, 0.8292681, 0.1335084]
[1.7111974, 0.86806726, 0.6918689, 0.1512612]
[1.6808082, 0.7328234, 0.7958398, 0.15214506]
[1.6518562, 0.77050924, 0.7297154, 0.15163158]
[1.803484, 0.6765449, 0.9732303, 0.15370865]
[1.6687399, 0.9043891, 0.60778165, 0.15656914]
[1.9047009, 0.8495537, 0.89740807, 0.15773904]
[1.8809097, 1.0841726, 0.63933915, 0.15739793]
[1.5916773, 0.46319407, 0.98300695, 0.14547619]
[1.8488663, 1.126684, 0.5609791, 0.16120327]
[1.7325028, 0.68258023, 0.8946753, 0.15524732]
[1.5459508, 0.8319807, 0.5543181, 0.15965204]
[1.98301, 0.9158171, 0.92717105, 0.14002194]
[2.0932205, 1.0649799, 0.8633434, 0.16489728]
[1.8291168, 0.8239518, 0.8633101, 0.14185505]
[1.9360716, 0.77789426, 1.0084316, 0.14974576]
[1.6685019, 0.8319922, 0.6983046, 0.13820502]
[1.7599186, 0.7373108, 0.87842953, 0.14417827]
[1.6033347, 0.675328, 0.7783602, 0.14964655]
[1.6815248, 0.7190423, 0.8225225, 0.13995996]
[1.7904699, 1.038168, 0.60754746, 0.14475441]
[1.7052246, 0.8048099, 0.74919736, 0.15121731]
[1.8818096, 0.85955465, 0.8737254, 0.14852948]
[1.7297418, 0.6844342, 0.90243685, 0.14287072]
[1.7889166, 0.9318818, 0.7045677, 0.15246707]
[1.6567074, 0.7199355, 0.7911096, 0.14566234]
[1.6516292, 0.841176, 0.6606632, 0.14979011]
[1.9469717, 0.88075364, 0.9115485, 0.15466954]
[1.8021452, 0.88663876, 0.7619474, 0.15355906]
[1.902384, 0.9016106, 0.84942734, 0.15134609]
[1.6787717, 0.7650192, 0.75921506, 0.15453738]
[1.788229, 0.71992147, 0.9146117, 0.15369579]
[1.7052405, 0.91067606, 0.630795, 0.16376953]
[1.7841226, 0.83003, 0.7968683, 0.15722427]
[2.1096625, 0.9102891, 1.0622761, 0.13709731]
[1.8836493, 1.0135494, 0.7189543, 0.15114558]
[1.8133303, 0.6689329, 0.9976131, 0.14678428]
[1.7629831, 0.87482876, 0.74727046, 0.14088395]
[1.6082853, 0.5547074, 0.9022509, 0.15132704]
[1.7169173, 0.840315, 0.7138916, 0.16271065]
[1.5883144, 0.7016698, 0.72441447, 0.1622301]
[1.8370821, 0.990459, 0.68929803, 0.157325]
[1.4952867, 0.46014982, 0.8974304, 0.13770658]
[1.866982, 0.9017353, 0.8057035, 0.1595432]
[1.7884492, 0.80923605, 0.8254604, 0.15375273]
[1.6620249, 0.67502993, 0.84219444, 0.14480057]
[1.7031913, 0.8177158, 0.7366859, 0.14878967]
[1.6580294, 0.65967786, 0.8410021, 0.15734948]
[1.8118703, 1.0000216, 0.6507685, 0.1610803]
[1.6871849, 0.67927974, 0.8619451, 0.14596014]
[1.5913434, 0.57670385, 0.85473984, 0.15989971]
[1.7530856, 0.8823348, 0.7196859, 0.15106489]
[1.7745097, 0.92349076, 0.67767876, 0.1733401]
[1.5597926, 0.6036408, 0.7990772, 0.1570746]
[1.8106955, 0.8730557, 0.77462196, 0.1630179]
[1.5474404, 0.69087917, 0.68456376, 0.1719974]
[1.578845, 0.6846118, 0.7042088, 0.1900244]
[2.0342128, 1.026738, 0.83978796, 0.16768682]
[1.9326508, 0.71386945, 1.0313414, 0.18743998]
[1.7509587, 0.94976604, 0.62110174, 0.18009084]
[1.6856637, 0.51281786, 1.006813, 0.1660328]
[1.9444939, 0.90721333, 0.8625479, 0.17473273]
[1.7627468, 0.855307, 0.7326269, 0.17481294]
[1.7285573, 0.70710456, 0.8559656, 0.16548717]
[1.6660391, 0.77048844, 0.72340614, 0.17214456]
[1.5875522, 0.7005538, 0.70762074, 0.17937768]
[2.2027693, 0.9483128, 1.0720873, 0.18236914]
[1.6971606, 0.8360431, 0.70922816, 0.15188935]
[2.04049, 1.0933583, 0.7798792, 0.16725245]
[1.7757694, 0.71068907, 0.9151366, 0.14994371]
[1.6980679, 0.8246312, 0.71636415, 0.15707254]
[1.9576497, 0.90909606, 0.88832754, 0.1602261]
[1.9307337, 0.9711032, 0.8096361, 0.1499944]
[1.8788651, 0.9077704, 0.8166895, 0.1544052]
[1.9641569, 0.7317859, 1.0922819, 0.1400891]
[1.8044308, 0.83104897, 0.822968, 0.1504139]
[1.8210098, 0.7704256, 0.89666176, 0.1539224]
[1.7401153, 0.88597775, 0.6893724, 0.16476507]
[1.9141433, 0.823466, 0.94041103, 0.15026633]
[1.5964597, 0.9451146, 0.5082481, 0.14309709]
[1.7428206, 0.84869516, 0.74264175, 0.15148365]
[1.7626214, 0.67533994, 0.9317043, 0.15557718]
[1.7232804, 0.82181704, 0.7567651, 0.1446983]
[1.8762214, 0.9337666, 0.7786268, 0.16382803]
[1.7401593, 0.89518046, 0.68043685, 0.1645419]
[1.6947609, 0.55914545, 0.9676915, 0.16792402]
[1.6984739, 0.77303994, 0.769549, 0.15588495]
[1.7975246, 0.7508265, 0.8750613, 0.17163682]
[1.8784043, 0.9783739, 0.7496111, 0.15041934]
[1.7587999, 0.8431125, 0.74322635, 0.172461]
[1.7578149, 0.6916825, 0.90430313, 0.16182922]
[1.8836806, 0.9966888, 0.7205189, 0.16647288]
[1.6586025, 0.6723533, 0.83118844, 0.15506075]
[1.6846042, 0.7547038, 0.77696514, 0.15293533]
[1.6465992, 0.6297579, 0.8595534, 0.15728796]
[1.6731911, 0.7765571, 0.74584746, 0.15078655]
[1.8970625, 0.9993864, 0.7339281, 0.16374807]
[1.9500833, 0.6057134, 1.1765759, 0.16779405]
[1.7762406, 0.96081316, 0.64767516, 0.16775227]
[1.7272121, 0.93971586, 0.63586694, 0.1516293]
[1.6778667, 0.58928347, 0.9365808, 0.15200248]
[1.7205918, 0.80853724, 0.7658596, 0.14619496]
[1.6058476, 0.7578576, 0.69439626, 0.15359382]
[1.7211995, 0.90063167, 0.6599294, 0.16063839]
[1.6584226, 0.6678183, 0.8185822, 0.17202207]
[1.6771505, 0.84626067, 0.6838411, 0.14704877]
[1.6387613, 0.84543276, 0.6308634, 0.16246516]
[1.712555, 0.6008196, 0.93769073, 0.17404476]
[1.7311095, 0.7942312, 0.78011537, 0.15676299]
[1.6952512, 0.7013471, 0.8222494, 0.17165473]
[1.7428876, 0.7568457, 0.8290287, 0.15701316]
[1.5665877, 0.6317221, 0.7570456, 0.17782]
[1.7847712, 0.9165815, 0.7050829, 0.16310686]
[1.7635721, 0.60697794, 0.9932163, 0.16337793]
[1.5312607, 0.6297349, 0.7289211, 0.17260486]
[1.6279542, 0.7256632, 0.7271137, 0.17517737]
[1.6431457, 0.6502446, 0.81728095, 0.17562023]
[1.7055745, 0.7452932, 0.78750867, 0.17277268]
[1.7205106, 0.7533438, 0.7848092, 0.1823577]
[2.0373785, 0.77412796, 1.075727, 0.18752354]
[1.8880925, 1.0861365, 0.6344017, 0.16755442]
[1.7816423, 0.70751345, 0.9218277, 0.15230124]
[1.6894602, 0.7482636, 0.77340996, 0.16778657]
[1.863211, 0.93831944, 0.7501316, 0.17475998]
[1.7358207, 0.7972832, 0.79194546, 0.14659199]
[2.0000765, 0.8460134, 0.98750955, 0.16655344]
[1.7679706, 0.8338573, 0.75100696, 0.18310632]
[1.9008933, 0.93891305, 0.8016368, 0.16034353]
[1.8383586, 0.7697333, 0.9110651, 0.15756017]
[1.5808818, 0.7760091, 0.63981366, 0.16505912]
[1.6901597, 0.6520734, 0.87543756, 0.16264884]
[1.8698549, 0.93966615, 0.76340234, 0.16678646]
[1.7760116, 0.8116338, 0.8101082, 0.15426958]
[1.8030965, 0.9262217, 0.70407057, 0.17280418]
[1.7428298, 0.57816994, 1.0041546, 0.16050532]
[1.7041218, 0.87783915, 0.6530694, 0.1732132]
[1.4341327, 0.5685177, 0.7049936, 0.16062143]
[1.516557, 0.8405049, 0.5069281, 0.169124]
[1.6172365, 0.61372864, 0.8308671, 0.17264068]
[1.7714791, 0.8455773, 0.7356366, 0.19026515]
[1.900033, 0.9950275, 0.7331681, 0.17183737]
[1.7128574, 0.6137376, 0.9289224, 0.17019738]
[1.8789592, 1.0902187, 0.6318879, 0.15685254]
[1.6396437, 0.55919677, 0.91121525, 0.16923162]
[1.8900687, 0.8398708, 0.85942364, 0.1907742]
[1.7613151, 0.79092395, 0.80329967, 0.16709153]
[1.7141247, 0.8287536, 0.73356307, 0.15180808]
[1.83606, 0.73089594, 0.95994186, 0.1452222]
[1.5340838, 0.82941717, 0.5390626, 0.16560414]
[1.7175858, 0.7407169, 0.8157002, 0.16116878]
[1.821282, 0.77434766, 0.8701717, 0.17676273]
[1.8148113, 0.91598964, 0.71986127, 0.17896047]
[1.900775, 0.7174009, 1.0128386, 0.17053548]
[2.019421, 1.2232568, 0.6314354, 0.16472879]
[1.8153158, 0.7313795, 0.9245852, 0.15935116]
[1.6709721, 0.9384962, 0.56113124, 0.17134471]
[1.6692936, 0.65969914, 0.8588865, 0.15070799]
[2.010734, 0.8915875, 0.97859395, 0.14055264]
[1.530337, 0.8227464, 0.5474487, 0.16014178]
[1.7082213, 0.966275, 0.5991144, 0.14283195]
[1.8208123, 0.76758415, 0.88564587, 0.1675824]
[1.8195599, 0.8480817, 0.7983711, 0.17310712]
[1.9128033, 0.97477615, 0.7733295, 0.16469769]
[1.7203904, 0.8253344, 0.7480555, 0.1470004]
[1.9184042, 0.82522136, 0.9273553, 0.16582763]
[1.7431927, 0.79683447, 0.79596084, 0.15039733]
[1.7740469, 0.768816, 0.8496226, 0.15560825]
[1.6548169, 0.78314483, 0.72113633, 0.15053569]
[1.7772707, 0.8509231, 0.7667051, 0.15964244]
[1.5928547, 0.6055337, 0.83284307, 0.1544779]
[1.6819861, 1.015976, 0.51561755, 0.15039259]
[1.7098151, 0.72899777, 0.8401387, 0.14067872]
[1.741289, 0.7399209, 0.83347523, 0.16789283]
[1.7500244, 0.8373978, 0.75656986, 0.15605673]
[1.775283, 0.7691995, 0.84072256, 0.16536091]
[1.8822224, 0.90789294, 0.8137704, 0.16055903]
[1.7557474, 0.7968045, 0.7972018, 0.16174112]
[1.9450612, 0.87374806, 0.90841675, 0.16289645]
[1.817283, 0.70513374, 0.96228766, 0.14986174]
[1.8717852, 0.91604495, 0.8033072, 0.15243302]
[1.768436, 0.8751897, 0.7257718, 0.16747454]
[1.7358253, 0.8346145, 0.73708534, 0.16412544]
[1.7531868, 0.81377566, 0.7940658, 0.14534532]
[1.7688189, 0.8506919, 0.7704234, 0.14770353]
[1.8941164, 0.8130664, 0.9282056, 0.15284441]
[1.6857957, 0.71089077, 0.8304524, 0.14445242]
[1.777304, 0.91496813, 0.7017931, 0.16054282]
[1.8008657, 0.7614167, 0.8866131, 0.15283589]
[1.8430701, 0.9183824, 0.780135, 0.14455286]
[1.8449955, 0.8578354, 0.82323325, 0.1639269]
[1.6293995, 0.78817534, 0.6846735, 0.15655062]
[1.7635053, 0.79006016, 0.81558764, 0.15785757]
[1.9268969, 1.1547837, 0.60753936, 0.16457382]
[1.9398135, 0.706141, 1.0768359, 0.15683664]
[1.8450403, 0.79389334, 0.8793644, 0.17178261]
[1.7394863, 0.80616283, 0.7813393, 0.15198418]
[1.912381, 0.7915643, 0.9593152, 0.16150151]
[1.7946607, 0.90072274, 0.7386372, 0.1553007]
[1.6982896, 0.8392236, 0.7112207, 0.14784528]
[1.7853378, 0.99316776, 0.643043, 0.14912713]
[1.6098603, 0.5891726, 0.8808676, 0.13982013]
[1.7436036, 0.8030152, 0.7703041, 0.17028439]
[1.772079, 0.6957005, 0.8976128, 0.17876571]
[1.8792889, 0.89864355, 0.81408286, 0.1665625]
[1.5107031, 0.68035907, 0.6656112, 0.16473281]
[1.7366381, 0.9827138, 0.5735013, 0.18042299]
[1.9046726, 0.8055543, 0.93919706, 0.15992129]
[1.9395003, 0.7450232, 1.0353706, 0.15910643]
[1.732624, 1.0829668, 0.4970042, 0.15265302]
[1.6708033, 0.58736205, 0.9277353, 0.15570596]
[1.5793808, 0.752444, 0.6664663, 0.16047046]
[1.6801662, 0.9247511, 0.58712, 0.16829517]
[1.6155224, 0.5966252, 0.87489164, 0.14400557]
[1.949606, 0.97645277, 0.7978044, 0.17534874]
[1.9379003, 1.028926, 0.7359775, 0.17299679]
[1.7038317, 0.7384311, 0.8064708, 0.1589298]
[1.76428, 0.79019606, 0.8252598, 0.14882407]
[1.7287931, 0.7393033, 0.83113456, 0.15835527]
[1.7444781, 0.6677424, 0.91827494, 0.15846077]
[1.78617, 0.78756326, 0.83447105, 0.16413572]
[1.8275981, 0.8357198, 0.8268767, 0.16500166]
[1.7127779, 0.7436964, 0.80863404, 0.16044737]
[1.8251529, 0.7305005, 0.9264066, 0.16824579]
[1.6278696, 0.73320246, 0.73920584, 0.15546125]
[1.7242109, 0.6755949, 0.9052318, 0.1433841]
[2.02365, 0.9503764, 0.90467656, 0.16859704]
[1.7200705, 0.74185944, 0.82224417, 0.15596691]
[1.9124169, 0.8065231, 0.9641748, 0.14171909]
[1.632864, 0.817419, 0.65981585, 0.1556291]
[1.8370064, 0.82714593, 0.85482, 0.15504053]
[1.5910667, 0.67639, 0.7654404, 0.14923632]
[1.8057703, 0.8926854, 0.7494801, 0.1636047]
[2.0699575, 1.0463325, 0.8509368, 0.17268822]
[1.9118717, 0.9707682, 0.7855644, 0.1555391]
[1.8304687, 0.6119833, 1.0705905, 0.14789486]
[1.7544591, 0.9151424, 0.68148994, 0.15782672]
[1.7410553, 0.73782486, 0.8378831, 0.16534737]
[1.6205393, 0.6325046, 0.82422984, 0.16380486]
[1.8192093, 0.9667791, 0.7032622, 0.14916798]
[1.8163348, 0.7778692, 0.89201415, 0.1464515]
[1.7539523, 0.89652145, 0.69585454, 0.16157621]
[1.8657482, 0.77240515, 0.91451335, 0.17882967]
[1.6473653, 0.72220665, 0.76207715, 0.16308159]
[1.6418748, 0.7134275, 0.75896955, 0.16947766]
[1.6599374, 0.6543871, 0.83141994, 0.17413034]
[1.8135424, 0.9954285, 0.6464959, 0.17161801]
[1.963136, 0.90826064, 0.8820975, 0.17277786]
[1.9895554, 1.1938298, 0.6373272, 0.15839843]
[1.9907241, 0.9035599, 0.9389044, 0.14825974]
[1.874401, 0.94445145, 0.779407, 0.15054245]
[1.5931039, 0.71367437, 0.7353313, 0.14409831]
[1.8386003, 0.91063654, 0.7728337, 0.15513006]
[1.8014576, 0.8431779, 0.8120376, 0.14624216]
[1.8284326, 0.84851056, 0.8276641, 0.15225795]
[1.8565749, 0.69247067, 1.0187652, 0.14533897]
[1.6118094, 0.97239727, 0.4799301, 0.15948196]
[1.8279622, 0.7749332, 0.9062004, 0.14682847]
[2.0050423, 0.92964554, 0.93784, 0.13755685]
[1.8981814, 0.9500579, 0.81546354, 0.13265987]
[1.6980356, 0.62653327, 0.915795, 0.15570728]
[1.6206956, 0.7061478, 0.7685536, 0.14599422]
[1.8592724, 1.0318509, 0.67769265, 0.14972875]
[1.6946498, 0.5994762, 0.9522563, 0.14291728]
[1.8384157, 1.0738156, 0.620844, 0.14375617]
[1.7296245, 0.75405157, 0.83567685, 0.1398961]
[1.7167631, 0.8372834, 0.7451458, 0.134334]
[1.7760589, 0.7437445, 0.87301296, 0.15930155]
[1.6256188, 0.69364274, 0.78981143, 0.14216457]
[1.833961, 0.7685037, 0.9099863, 0.15547092]
[1.8694847, 1.0377485, 0.67494744, 0.15678883]
[1.6793134, 0.5999305, 0.9325436, 0.14683941]
[1.584229, 0.71600056, 0.7007317, 0.16749671]
[1.4834453, 0.5517256, 0.7721851, 0.15953459]
[1.5120751, 0.86072576, 0.49769437, 0.15365496]
[1.8231032, 0.68382716, 0.971614, 0.167662]
[1.8517883, 0.82162464, 0.863928, 0.16623563]
[1.9818974, 1.0243723, 0.79976726, 0.15775782]
[1.7236427, 0.78035855, 0.7932986, 0.14998555]
[1.4391615, 0.7003951, 0.57633305, 0.16243333]
[1.752323, 0.8448031, 0.7533216, 0.15419829]
[1.6730983, 0.6203196, 0.8916922, 0.16108656]
[1.5965606, 0.70751655, 0.716696, 0.17234798]
[1.7754815, 0.85288715, 0.7585759, 0.1640184]
[1.5193347, 0.64149904, 0.7018126, 0.17602298]
[1.6745129, 0.7605086, 0.7505846, 0.16341966]
[1.9009178, 0.9351143, 0.79962385, 0.1661796]
[1.9494328, 0.8737217, 0.9125238, 0.1631872]
[1.9453527, 1.0447209, 0.73857677, 0.16205505]
[1.5126789, 0.5688758, 0.79000777, 0.15379518]
[1.8773633, 0.8577664, 0.8301546, 0.18944228]
[1.8488861, 0.998637, 0.69197184, 0.1582773]
[1.700084, 0.6556051, 0.8791796, 0.16529925]
[1.8079176, 0.8702321, 0.78315574, 0.15452975]
[1.6732057, 0.7048636, 0.8135823, 0.15475973]
[1.7724242, 0.67342544, 0.92837995, 0.17061877]
[1.759002, 0.99225867, 0.6089539, 0.15778951]
[1.7109172, 0.66080153, 0.88904107, 0.1610746]
[1.7434884, 0.8565164, 0.73106575, 0.15590633]
[2.0111232, 0.8441423, 1.0099635, 0.15701744]
[1.6818144, 0.6845387, 0.85550964, 0.1417661]
[1.7573234, 0.8888191, 0.7158791, 0.1526252]
[1.832123, 0.90600586, 0.7610815, 0.16503567]
[1.7221266, 0.73943305, 0.8246606, 0.158033]
[1.5026854, 0.6118709, 0.72896993, 0.1618446]
[1.698904, 0.7897751, 0.7582775, 0.15085143]
[1.8655506, 0.76309013, 0.9378153, 0.16464522]
[1.704076, 0.89029515, 0.6482075, 0.1655734]
[2.132912, 0.9607016, 1.0206734, 0.15153705]
[1.6162663, 0.6960718, 0.76152045, 0.15867399]
[1.630408, 0.7612227, 0.6989057, 0.17027962]
[1.759643, 0.81827974, 0.77047086, 0.17089239]
[1.5274595, 0.89642316, 0.47698757, 0.15404879]
[1.7127463, 0.63761216, 0.9046526, 0.17048156]
[1.7830164, 1.057727, 0.569049, 0.15624043]
[1.9197862, 0.6881291, 1.071193, 0.1604641]
[1.7630441, 0.96918154, 0.62368464, 0.17017789]
[1.9734806, 0.78353965, 1.0336831, 0.15625787]
[1.9970515, 1.0214207, 0.8081876, 0.16744322]
[1.7645668, 0.82248867, 0.7955202, 0.1465579]
[1.8420471, 0.85056126, 0.8303761, 0.16110979]
[1.8020227, 0.99749273, 0.6627519, 0.14177793]
[1.5089777, 0.59510666, 0.7851653, 0.12870577]
[1.6382942, 0.8302256, 0.65224826, 0.15582038]
[1.7875649, 0.83773565, 0.7743273, 0.17550196]
[1.6221819, 0.6685797, 0.7852093, 0.16839296]
[1.6808902, 0.79947495, 0.72845256, 0.15296265]
[1.8654548, 0.89744276, 0.80636036, 0.16165178]
[1.6743088, 0.8297174, 0.6832904, 0.16130096]
[1.9319144, 0.8078612, 0.95244735, 0.1716059]
[1.6161802, 0.667374, 0.77293277, 0.17587337]
[1.4709435, 0.5107031, 0.8145617, 0.14567867]
[1.8751764, 0.98583245, 0.7351792, 0.15416485]
[1.8384879, 0.6795614, 0.9743675, 0.18455896]
[1.809594, 1.0030105, 0.64852685, 0.15805659]
[2.0237722, 0.9375998, 0.9080172, 0.1781551]
[1.8410833, 1.0012366, 0.69438934, 0.14545745]
[1.8073218, 0.6657602, 0.9756992, 0.16586229]
[1.9257534, 0.78232074, 0.98795205, 0.15548068]
[1.747787, 0.78604, 0.80270696, 0.15903994]
[1.6757557, 0.68195426, 0.825137, 0.16866446]
[1.7421162, 0.7637063, 0.8394471, 0.13896278]
[1.7975103, 0.69721705, 0.94754833, 0.15274486]
[1.7397788, 0.7194296, 0.88116544, 0.13918373]
[1.7698021, 0.9352108, 0.6677238, 0.16686746]
[1.749599, 0.6369543, 0.9555243, 0.15712029]
[1.7255638, 0.85961175, 0.7107795, 0.15517257]
[1.8021367, 0.9701525, 0.65926945, 0.17271471]
[1.6898148, 0.49624696, 1.018097, 0.17547077]
[1.8448637, 0.9316094, 0.74982035, 0.16343391]
[1.6416227, 0.79612106, 0.6868489, 0.15865263]
[1.8274467, 0.98622715, 0.66171855, 0.17950104]
[1.7929125, 0.670352, 0.96662116, 0.15593931]
[1.721003, 0.9888574, 0.5776724, 0.15447329]
[1.6719437, 0.66175, 0.84774816, 0.1624456]
[1.7231853, 0.58174336, 0.9941908, 0.14725108]
[1.7056725, 0.9014054, 0.6174144, 0.18685272]
[1.8816893, 0.69046295, 1.0245565, 0.1666699]
[1.9679512, 1.0595409, 0.7419163, 0.166494]
[1.5549585, 0.76626563, 0.622658, 0.16603485]
[1.6636823, 0.7453836, 0.73999786, 0.17830083]
[1.8684783, 0.87302047, 0.83066666, 0.1647911]
[1.5829524, 0.7700848, 0.65980613, 0.15306151]
[1.953881, 1.0619884, 0.74709934, 0.14479323]
[1.717924, 0.7780972, 0.7734306, 0.16639626]
[1.7510333, 0.71515095, 0.86243206, 0.17345022]
[1.8915286, 1.1469799, 0.57441294, 0.17013574]
[1.7462392, 0.7961786, 0.78463674, 0.16542387]
[1.5954303, 0.57361376, 0.84817874, 0.17363778]
[1.4799184, 0.6634834, 0.6344111, 0.18202387]
[1.757367, 0.9908029, 0.5886451, 0.177919]
[1.6893872, 0.74575305, 0.7880715, 0.15556267]
[1.6897608, 0.7137946, 0.80286694, 0.17309932]
[1.8209082, 1.0586253, 0.5827997, 0.17948315]
[1.642669, 0.5928894, 0.859038, 0.19074157]
[1.5947273, 1.0051725, 0.41365516, 0.17589965]
[1.8761336, 0.61909884, 1.0836713, 0.17336333]
[1.7900777, 0.86214113, 0.75836515, 0.16957137]
[1.8117371, 0.78483653, 0.861105, 0.1657956]
[1.6101401, 0.6634141, 0.78265524, 0.16407079]
[1.7762178, 0.94922376, 0.63743496, 0.18955909]
[1.675886, 0.64148915, 0.8469951, 0.18740182]
[1.8004143, 1.0566728, 0.5713011, 0.17244035]
[1.8149033, 0.69056344, 0.9445494, 0.17979044]
[1.8521556, 1.1409127, 0.5405051, 0.17073782]
[1.9672287, 0.77849513, 1.0310682, 0.15766531]
[2.0320075, 0.9701988, 0.8904016, 0.1714069]
[1.972455, 0.75320554, 1.0700152, 0.14923427]
[1.919451, 0.72970736, 1.0487852, 0.14095841]
[1.7510184, 0.7996734, 0.80412793, 0.14721712]
[1.7907367, 0.8311524, 0.7989235, 0.16066071]
[2.0773594, 0.94163835, 0.9820752, 0.15364578]
[1.6003797, 0.7905626, 0.64794505, 0.16187209]
[1.6697412, 0.7466444, 0.7717446, 0.15135217]
[1.6725901, 0.7698561, 0.7482563, 0.1544777]
[1.5762945, 0.52106684, 0.901054, 0.15417373]
[1.5807636, 0.7122715, 0.6930206, 0.1754716]
[1.7728937, 0.8587532, 0.75562406, 0.15851645]
[1.7511182, 0.7218392, 0.84814596, 0.18113308]
[2.0398822, 1.0448503, 0.83078706, 0.16424468]
[1.5714529, 0.6428673, 0.7713238, 0.15726173]
[1.7087854, 0.8454175, 0.6953637, 0.16800417]
[1.8458816, 0.83208257, 0.8522524, 0.16154662]
[1.8286299, 0.9407915, 0.7269565, 0.16088189]
[1.7863272, 0.6954879, 0.93783915, 0.15300024]
[1.6286882, 0.8173625, 0.64113075, 0.17019501]
[1.683629, 0.7003608, 0.83001995, 0.15324828]
[1.9400988, 0.86989456, 0.9126345, 0.1575697]
[1.5194205, 0.7007033, 0.6773039, 0.14141333]
[1.7512789, 0.5848744, 0.9933925, 0.17301205]
[1.5848137, 0.8354002, 0.58121145, 0.168202]
[1.6899678, 0.68083376, 0.83802134, 0.17111263]
[1.6897305, 0.7782737, 0.74707603, 0.16438076]
[1.814824, 0.92914784, 0.71998906, 0.16568707]
[1.7921618, 0.8304651, 0.809427, 0.15226975]
[1.8629906, 0.65832585, 1.0225292, 0.18213555]
[1.7082486, 0.8825321, 0.66389674, 0.16181967]
[1.712477, 0.80854404, 0.7390952, 0.16483778]
[1.7735192, 0.7227188, 0.8810975, 0.16970287]
[2.0126514, 0.967754, 0.8766889, 0.16820851]
[1.9992628, 1.2188194, 0.6064475, 0.17399603]
[1.808171, 0.72458017, 0.9061172, 0.17747366]
[1.8836813, 0.7130829, 1.0027926, 0.16780573]
[2.027231, 0.8330467, 1.0354232, 0.15876111]
[1.7749491, 0.8877441, 0.7304523, 0.15675263]
[1.5470295, 0.67849797, 0.72185576, 0.14667588]
[1.8483027, 0.72988766, 0.9405018, 0.17791331]
[1.9166594, 1.0393298, 0.7226956, 0.15463397]
[2.0552742, 0.64208436, 1.2629797, 0.15021023]
[1.783883, 1.0727806, 0.55755395, 0.15354832]
[1.7866062, 0.7617084, 0.86781347, 0.15708439]
[1.7115431, 0.7242243, 0.83921564, 0.14810318]
[1.5758644, 0.7978251, 0.6447071, 0.13333225]
[1.6610097, 0.6197601, 0.8833898, 0.15785979]
[2.0200691, 1.0271912, 0.855183, 0.13769491]
[1.6970648, 0.76989067, 0.77150893, 0.15566519]
[1.6915822, 0.72615653, 0.827903, 0.13752273]
[1.665014, 0.71888936, 0.79582596, 0.15029877]
[1.8719435, 0.9073638, 0.79886836, 0.16571143]
[1.9246044, 0.94264317, 0.8259496, 0.15601155]
[2.0862901, 1.058736, 0.8746615, 0.1528925]
[1.6361543, 0.6168264, 0.8842112, 0.13511665]
[1.7874476, 0.8227147, 0.81887376, 0.14585914]
[1.9599311, 1.0458262, 0.77647096, 0.13763402]
[1.6968358, 0.8037211, 0.7610953, 0.13201936]
[1.8976387, 0.824389, 0.9322622, 0.14098749]
[1.7627313, 0.81434035, 0.80380046, 0.14459047]
[1.8044041, 0.7495794, 0.9022939, 0.15253076]
[1.6660658, 0.7832074, 0.7365049, 0.14635353]
[1.8584536, 0.8608525, 0.8623716, 0.1352295]
[1.823122, 0.9441322, 0.74276066, 0.13622911]
[2.0835924, 0.8907818, 1.0356284, 0.1571822]
[1.9413648, 1.0650917, 0.73430276, 0.14197034]
[1.7335691, 0.7384068, 0.863359, 0.13180342]
[1.5987848, 0.6716576, 0.788137, 0.13899021]
[1.9471351, 0.9272316, 0.86929846, 0.15060505]
[1.5966825, 0.7820092, 0.6804377, 0.13423564]
[1.8288894, 0.85022914, 0.8425415, 0.13611862]
[1.7631928, 0.5907217, 1.0175394, 0.15493166]
[1.6014851, 0.76240337, 0.68573916, 0.15334257]
[1.4562402, 0.59496325, 0.7263383, 0.13493863]
[1.6735265, 0.78884304, 0.7284939, 0.15618956]
[2.0663264, 1.0693917, 0.83805305, 0.15888168]
[1.9700125, 0.6705636, 1.1513567, 0.14809227]
[1.8038284, 1.0612061, 0.59650326, 0.14611897]
[1.9658918, 0.9055047, 0.9120823, 0.14830485]
[1.7799463, 0.75648624, 0.87729716, 0.14616294]
[1.8631911, 0.8145642, 0.90320176, 0.1454251]
[1.7695096, 0.90457356, 0.7177871, 0.14714885]
[1.7481745, 0.67288625, 0.92073154, 0.15455674]
[1.9297388, 1.078305, 0.71167874, 0.13975495]
[1.7564545, 0.87418234, 0.74661887, 0.13565326]
[1.8366321, 0.924881, 0.7673862, 0.14436494]
[1.866999, 0.8392904, 0.8974817, 0.130227]
[1.7580125, 0.86035633, 0.74976087, 0.14789534]
