[1.7941166, 0.8190042, 0.82984835, 0.14526404]
[1.7779654, 0.96112895, 0.6850778, 0.13175869]
[1.7111154, 0.67925346, 0.88980615, 0.14205578]
[1.8936881, 0.920789, 0.8247954, 0.14810364]
[1.8781545, 0.9220742, 0.8142971, 0.14178318]
[1.7865899, 0.86815834, 0.7875035, 0.1309281]
[1.8701956, 0.891212, 0.8334552, 0.14552848]
[1.8074433, 0.90859467, 0.76892054, 0.12992796]
[1.814671, 0.89193726, 0.7915545, 0.13117939]
[1.7721257, 0.76016426, 0.8569034, 0.15505815]
[1.6045896, 0.77055573, 0.6954417, 0.13859215]
[1.7428191, 0.8361366, 0.75820935, 0.1484732]
[1.5412791, 0.5645734, 0.83347356, 0.14323215]
[1.512969, 0.7651521, 0.5943743, 0.15344259]
[1.8954024, 0.97483206, 0.7619233, 0.15864709]
[1.5243082, 0.536752, 0.83971035, 0.14784583]
[1.6600546, 0.88667965, 0.6193825, 0.15399244]
[1.523649, 0.7994356, 0.5651379, 0.15907551]
[1.5915947, 0.70924103, 0.7440281, 0.13832556]
[1.6498052, 0.8132978, 0.6806958, 0.15581164]
[1.8965116, 1.1551943, 0.58613044, 0.1551869]
[2.1661077, 0.9986861, 1.0099934, 0.15742834]
[1.7515998, 0.70394146, 0.88899595, 0.15866227]
[1.7544669, 0.7668017, 0.82040876, 0.16725643]
[1.6533177, 0.6352647, 0.8486753, 0.16937767]
[1.6315862, 0.77467597, 0.68462205, 0.17228822]
[1.9327574, 0.76820254, 0.99605155, 0.16850324]
[1.6342237, 0.9391185, 0.528877, 0.16622812]
[1.9291353, 0.878703, 0.89821094, 0.15222144]
[1.5363654, 0.7933291, 0.59351563, 0.14952067]
[1.7011582, 0.81520545, 0.72228473, 0.163668]
[2.030237, 0.7167863, 1.1518872, 0.1615634]
[1.8687934, 0.8654187, 0.83912253, 0.16425219]
[1.7086661, 0.65647876, 0.89229196, 0.15989543]
[1.7998676, 0.8712456, 0.77892107, 0.1497009]
[1.9369242, 0.99646366, 0.7832229, 0.15723768]
[2.0004642, 1.0217413, 0.8326713, 0.14605168]
[1.7279156, 0.7675689, 0.80384755, 0.15649924]
[1.797698, 0.7170788, 0.9155445, 0.16507469]
[1.8549342, 0.8410667, 0.87448823, 0.1393792]
[1.8242104, 0.8582101, 0.8147626, 0.15123773]
[1.8214828, 0.97657275, 0.7033918, 0.14151825]
[1.8484342, 0.60074097, 1.1114156, 0.13627768]
[1.5748435, 0.8354067, 0.598946, 0.14049089]
[1.5979388, 0.66712725, 0.78442204, 0.14638951]
[1.6864209, 0.80318695, 0.7340075, 0.14922646]
[1.5991677, 0.6409792, 0.79342806, 0.16476043]
[1.7796752, 0.8210776, 0.7938682, 0.16472954]
[1.8775645, 0.9472652, 0.7699058, 0.16039363]
[1.8566699, 0.89518225, 0.8102505, 0.15123716]
[1.5958997, 0.5719843, 0.8757075, 0.14820786]
[1.7812748, 0.7216401, 0.9067211, 0.15291357]
[1.8148701, 0.61896425, 1.0380459, 0.15786004]
[1.744912, 1.0206425, 0.55436736, 0.16990219]
[1.6094369, 0.807979, 0.6457813, 0.15567657]
[1.9309633, 0.9787395, 0.7819794, 0.1702444]
[1.8499854, 0.78705573, 0.9060355, 0.1568942]
[1.7688794, 0.90802217, 0.7127327, 0.14812464]
[1.9225118, 0.79479134, 0.9883857, 0.13933486]
[1.7402875, 0.77634376, 0.80017316, 0.16377072]
[2.147982, 1.0355412, 0.96250325, 0.1499373]
[1.6231645, 0.7666637, 0.69450843, 0.1619924]
[1.8001423, 0.7419082, 0.9130815, 0.14515257]
[1.9123726, 1.1320131, 0.6408972, 0.13946225]
[2.0812197, 1.0107129, 0.9342427, 0.1362642]
[1.6628227, 0.81437075, 0.7107619, 0.13769013]
[1.4056957, 0.633999, 0.6269612, 0.14473563]
[1.7716137, 0.96460336, 0.6519048, 0.15510546]
[1.7002988, 0.6743356, 0.8834331, 0.14253002]
[1.430419, 0.6233045, 0.65908486, 0.14802952]
[1.7480617, 0.76096845, 0.8214548, 0.16563848]
[1.6289037, 0.877363, 0.59037334, 0.16116735]
[1.5771359, 0.46044275, 0.9760836, 0.14060959]
[1.9183519, 1.1359795, 0.624699, 0.15767336]
[1.9354562, 0.7980757, 0.9794721, 0.15790832]
[1.6791556, 0.67216456, 0.86278665, 0.14420435]
[1.9494181, 0.8759995, 0.9214057, 0.15201283]
[1.783583, 0.9250914, 0.7073363, 0.15115538]
[1.55478, 0.7967675, 0.5943377, 0.16367477]
[1.5065699, 0.564336, 0.77679086, 0.16544294]
[1.9003792, 0.9431173, 0.80129546, 0.15596646]
[1.8728678, 0.93164194, 0.78648996, 0.15473592]
[1.6451967, 0.8625283, 0.6130855, 0.16958281]
[1.7696973, 0.7850715, 0.83978343, 0.14484239]
[1.6466255, 0.5237408, 0.9674736, 0.15541103]
[1.7743838, 0.85987175, 0.76089215, 0.15361992]
[1.8572415, 0.64476085, 1.0472852, 0.1651955]
[1.7035531, 0.93536747, 0.59801894, 0.17016661]
[1.7077594, 0.73037803, 0.80564135, 0.17174011]
[1.4755318, 0.63694274, 0.6940821, 0.14450687]
[2.035705, 0.87790453, 0.9824735, 0.17532694]
[1.8108988, 0.8965566, 0.76514673, 0.14919537]
[1.8937604, 0.7960048, 0.9453356, 0.1524201]
[1.7473365, 0.96477675, 0.634595, 0.14796484]
[1.8334124, 0.7663311, 0.90910006, 0.15798129]
[1.6876098, 0.7376598, 0.7926804, 0.15726957]
[1.7216852, 0.7347037, 0.850674, 0.13630745]
[1.7478235, 0.969112, 0.6135347, 0.16517693]
[1.8165758, 0.6718363, 0.96785784, 0.17688158]
[1.7043196, 0.93274415, 0.6224266, 0.14914879]
[1.9339145, 0.78850096, 0.99429494, 0.15111867]
[1.7542707, 0.82770824, 0.7630513, 0.1635112]
[1.8145386, 0.9266808, 0.74257505, 0.14528276]
[1.6204351, 0.8589065, 0.6206966, 0.1408321]
[1.5744493, 0.78720886, 0.6281897, 0.15905067]
[1.6826644, 0.7872714, 0.73593754, 0.1594555]
[1.8692299, 1.0485439, 0.6598339, 0.16085204]
[1.6760521, 0.50315946, 0.9812055, 0.1916871]
[1.9204445, 1.0763503, 0.67475426, 0.16933987]
[1.7676868, 0.69421303, 0.9172067, 0.15626723]
[1.8078209, 0.8913678, 0.75229204, 0.16416109]
[1.658903, 0.6831535, 0.8431958, 0.13255367]
[1.6365606, 0.7917179, 0.6729364, 0.17190632]
[1.8483809, 0.8548522, 0.8318552, 0.16167358]
[1.8346192, 0.8523179, 0.8205694, 0.16173181]
[1.8179709, 0.84993577, 0.79929185, 0.16874327]
[1.6175714, 0.7564065, 0.7073122, 0.15385275]
[1.8421655, 0.8798566, 0.80377173, 0.1585371]
[1.7244202, 0.83896995, 0.72780657, 0.15764368]
[1.8770236, 0.7631011, 0.9598396, 0.15408292]
[1.663763, 0.67719764, 0.83389026, 0.15267521]
[1.7564933, 0.7801627, 0.81575334, 0.16057727]
[1.7969387, 0.77495456, 0.86743927, 0.15454489]
[2.0439126, 1.0139229, 0.857317, 0.17267282]
[1.8525707, 0.90633726, 0.7966367, 0.14959666]
[1.6899642, 0.8333436, 0.7230967, 0.13352379]
[1.8802977, 0.88160855, 0.8514744, 0.1472147]
[2.0887117, 0.81124103, 1.1192315, 0.15823916]
[1.7274225, 0.96118677, 0.6109779, 0.15525785]
[1.925907, 0.8374044, 0.952243, 0.13625968]
[1.8740255, 0.83230436, 0.8915354, 0.15018567]
[1.8421037, 0.7489862, 0.95584196, 0.1372756]
[1.8560675, 0.78071916, 0.93473065, 0.14061777]
[1.9108068, 0.8364967, 0.9322143, 0.14209566]
[1.8723902, 0.8799971, 0.85420454, 0.13818845]
[1.6376354, 0.8352823, 0.6580901, 0.14426294]
[1.7335739, 0.6374161, 0.9548665, 0.14129123]
[1.5287087, 0.68521017, 0.6910846, 0.1524139]
[1.7305231, 0.8930954, 0.6852387, 0.15218899]
[1.5749184, 0.4904278, 0.9226013, 0.16188931]
[1.6718943, 0.74330735, 0.7664448, 0.16214213]
[1.8205615, 0.71216416, 0.939924, 0.16847341]
[1.8888446, 0.98427, 0.7611057, 0.14346899]
[1.5946195, 0.68831146, 0.7535753, 0.1527327]
[1.7567724, 0.6788839, 0.91938585, 0.15850273]
[1.5252461, 0.78415215, 0.5851122, 0.15598182]
[1.7777208, 0.9052153, 0.7072468, 0.16525874]
[1.6630149, 0.694696, 0.8185328, 0.14978594]
[1.4268391, 0.6427107, 0.6356793, 0.14844918]
[1.7415613, 0.6326452, 0.9394344, 0.16948159]
[1.6962374, 0.767004, 0.7605636, 0.16866985]
[2.0215044, 1.0070798, 0.8591784, 0.15524626]
[1.903786, 0.9733113, 0.7535127, 0.17696194]
[1.7894768, 0.88435245, 0.7506591, 0.15446523]
[2.1050684, 1.0724449, 0.8778715, 0.15475209]
[1.6585062, 0.7464134, 0.7654362, 0.14665654]
[1.6028584, 0.90349543, 0.5517312, 0.14763176]
[1.552598, 0.53783643, 0.8627733, 0.15198827]
[1.8460774, 0.89539, 0.7960985, 0.1545889]
[1.8293802, 0.93141204, 0.73961115, 0.15835704]
[1.926585, 0.88444436, 0.87646997, 0.16567062]
[1.5602216, 0.8211775, 0.57861316, 0.16043095]
[1.8181111, 0.8983799, 0.78231823, 0.13741292]
[1.8428413, 0.8013512, 0.8940234, 0.14746663]
[1.6790432, 0.869601, 0.64934003, 0.16010217]
[1.7483526, 0.79178274, 0.8167343, 0.13983557]
[1.8543261, 0.71330166, 0.99651766, 0.14450684]
[1.7372284, 0.89694756, 0.6767921, 0.16348869]
[1.6930449, 0.7379867, 0.80874455, 0.14631371]
[1.8395027, 0.8425501, 0.8470898, 0.1498628]
[1.984531, 0.9042079, 0.9212322, 0.15909085]
[1.8513724, 1.1001166, 0.585181, 0.1660748]
[1.762187, 0.6659552, 0.94992876, 0.14630301]
[1.8210871, 0.9155788, 0.7384991, 0.16700925]
[1.8002563, 0.84666395, 0.8103518, 0.14324047]
[1.8285866, 0.92271805, 0.7542965, 0.15157193]
[1.7131728, 0.57059455, 0.9951424, 0.14743575]
[1.6818286, 0.77029264, 0.75098836, 0.16054764]
[1.5904881, 0.87392426, 0.5583849, 0.15817893]
[1.5841691, 0.58927935, 0.845793, 0.14909673]
[1.7157519, 0.7923043, 0.7758672, 0.14758039]
[1.7029865, 0.7142687, 0.8154526, 0.17326525]
[1.6041795, 0.83337235, 0.61106896, 0.15973821]
[1.9590344, 0.7934173, 1.021432, 0.14418508]
[1.7549642, 0.76564944, 0.8326755, 0.15663925]
[1.7893146, 0.7844324, 0.82654893, 0.17833331]
[1.7860285, 0.8007523, 0.8169757, 0.16830054]
[1.5458145, 0.68205106, 0.6768688, 0.18689461]
[1.5275106, 0.78211313, 0.56199634, 0.18340108]
[1.5292056, 0.63745743, 0.71846443, 0.17328374]
[1.8937927, 0.87147844, 0.8533823, 0.16893205]
[1.811604, 0.8177662, 0.8243559, 0.16948202]
[1.9425445, 0.9477099, 0.8184087, 0.17642587]
[1.7379198, 0.7167938, 0.8421672, 0.17895886]
[1.7638162, 0.80614436, 0.7775018, 0.18017007]
[1.6355567, 0.5944119, 0.88630474, 0.15484002]
[1.6758561, 0.85481584, 0.64666253, 0.17437771]
[1.4778755, 0.65334606, 0.65302837, 0.17150101]
[1.6073971, 0.70892465, 0.7350016, 0.16347072]
[1.6497984, 0.80874985, 0.64816177, 0.19288681]
[1.9851887, 0.8109515, 1.0067484, 0.16748875]
[1.6950992, 0.6941111, 0.8172767, 0.18371141]
[1.8467722, 0.8636764, 0.81743664, 0.16565913]
[1.7624488, 0.80358624, 0.7761432, 0.18271938]
[2.0958514, 0.7594366, 1.1595099, 0.17690483]
[1.6108032, 0.7503061, 0.69149065, 0.16900648]
[1.7335556, 0.86407596, 0.70899105, 0.16048859]
[1.6198758, 0.7383889, 0.7117508, 0.16973607]
[1.6879898, 0.6789523, 0.85503894, 0.15399858]
[1.5528013, 0.6271342, 0.7458634, 0.17980368]
[1.7451646, 0.94172657, 0.6254637, 0.17797431]
[1.7729406, 0.73806995, 0.8631607, 0.17171007]
[1.6359233, 0.71249056, 0.7553876, 0.16804516]
[1.7318083, 0.75305146, 0.7825126, 0.19624424]
[1.6074212, 0.7601173, 0.6763929, 0.1709109]
[1.6607349, 0.74349403, 0.7326932, 0.18454766]
[1.9808245, 0.95514536, 0.850817, 0.17486215]
[2.0703793, 0.8677007, 1.0272412, 0.17543738]
[1.8372595, 0.72105473, 0.9632365, 0.15296832]
[1.7297525, 0.7718526, 0.8038033, 0.15409663]
[1.9164932, 1.0380113, 0.7077539, 0.17072797]
[1.7734597, 0.695738, 0.9039513, 0.17377037]
[1.690333, 0.8850891, 0.6300024, 0.17524159]
[1.8826485, 0.8383665, 0.8630937, 0.18118837]
[1.8841342, 0.7434206, 0.9832031, 0.15751036]
[2.0100555, 0.9931602, 0.8683802, 0.14851512]
[1.7233675, 0.8898057, 0.6684226, 0.16513918]
[1.9073317, 0.77977026, 0.9550087, 0.1725528]
[1.6599691, 0.8429549, 0.67626053, 0.1407537]
[1.7930882, 0.97569025, 0.66840345, 0.14899445]
[1.8429503, 0.7553432, 0.93345517, 0.15415189]
[1.8680811, 0.98182136, 0.72403735, 0.16222239]
[1.7585073, 0.94632494, 0.67207164, 0.14011073]
[1.9568741, 0.9534801, 0.8401122, 0.1632818]
[1.6558563, 0.7025835, 0.8120432, 0.14122948]
[1.8165181, 0.9938023, 0.6706126, 0.15210319]
[1.6991348, 0.75491416, 0.79743755, 0.14678311]
[2.0722554, 0.8939152, 1.0196972, 0.1586431]
[1.771699, 0.87251925, 0.76747096, 0.1317088]
[1.6999085, 0.6978781, 0.83360386, 0.16842648]
[1.8145225, 0.84691566, 0.82606655, 0.14154026]
[1.8064799, 0.91791606, 0.747772, 0.14079191]
[1.5147173, 0.67922497, 0.6940673, 0.14142513]
[1.8163403, 0.88367385, 0.7807288, 0.1519376]
[1.5835, 0.4793386, 0.9486567, 0.1555048]
[1.5112888, 0.7729182, 0.5802016, 0.15816894]
[1.6279509, 0.8063623, 0.65848625, 0.16310234]
[1.9515405, 0.89970946, 0.9026792, 0.14915174]
[1.9616892, 0.93161625, 0.8758075, 0.15426537]
[1.6644212, 0.8491831, 0.65457386, 0.16066425]
[1.6389134, 0.8302528, 0.64102566, 0.16763498]
[1.6455467, 0.6880608, 0.8180096, 0.13947624]
[1.8977375, 0.8216243, 0.9308988, 0.14521444]
[1.865324, 0.96803176, 0.74074066, 0.15655155]
[1.7173977, 0.6488698, 0.90071714, 0.16781065]
[1.8084263, 0.9177159, 0.745752, 0.14495835]
[1.6761553, 0.76655614, 0.75280666, 0.15679255]
[1.9465697, 0.9534038, 0.83386636, 0.15929964]
[1.7601563, 0.7947061, 0.80828154, 0.15716866]
[1.7728441, 0.7261435, 0.8903299, 0.15637065]
[1.8254142, 0.73776305, 0.93252295, 0.15512818]
[1.6488174, 0.74643093, 0.759193, 0.14319345]
[1.7740872, 0.8838881, 0.7510936, 0.1391055]
[1.881013, 0.7959235, 0.9347682, 0.15032133]
[1.7552798, 0.9211604, 0.6704681, 0.1636512]
[1.7123302, 0.6908483, 0.8715067, 0.14997515]
[1.6898073, 0.7356414, 0.80947876, 0.14468704]
[1.8009694, 0.9100296, 0.72596353, 0.16497624]
[1.5657973, 0.6551907, 0.773615, 0.13699156]
[1.7393875, 0.84391534, 0.74417496, 0.15129718]
[1.8828765, 0.78662205, 0.9449989, 0.15125552]
[1.7506338, 0.6199503, 0.98205626, 0.14862727]
[1.7886537, 0.8688741, 0.76877964, 0.15100001]
[1.6628213, 0.7313706, 0.7650001, 0.16645044]
[1.7541883, 0.703563, 0.89307344, 0.15755191]
[1.6710339, 0.96103495, 0.5502714, 0.15972757]
[1.8521343, 0.5671769, 1.125998, 0.15895951]
[1.5653113, 0.600817, 0.8150097, 0.14948454]
[1.5220855, 0.6103174, 0.73103124, 0.18073693]
[1.2743592, 0.43460274, 0.66586566, 0.17389089]
[1.8589919, 1.0983452, 0.5884582, 0.17218849]
[1.9594302, 0.783451, 1.0100626, 0.16591668]
[1.7887372, 0.93180877, 0.67813313, 0.17879519]
[1.9459608, 0.9635318, 0.81784856, 0.16458036]
[1.7844316, 0.9326296, 0.69122064, 0.16058138]
[1.6745509, 0.5134066, 0.99361026, 0.16753402]
[1.6752181, 0.9405685, 0.5719656, 0.16268393]
[1.5921036, 0.6411681, 0.80332863, 0.14760682]
[1.6338668, 0.8353666, 0.63151556, 0.16698454]
[1.7259309, 0.9202731, 0.6578163, 0.14784145]
[1.615814, 0.68487334, 0.7650213, 0.16591926]
[1.9950557, 1.0194306, 0.8192682, 0.15635687]
[1.9635689, 0.94338715, 0.87002075, 0.15016097]
[1.9562366, 1.0893368, 0.7146783, 0.15222152]
[2.0145931, 1.0398824, 0.83729315, 0.13741745]
[1.6082023, 0.56994224, 0.9062198, 0.13204041]
[1.8138936, 0.7440367, 0.9404509, 0.12940592]
[1.5494549, 0.8579414, 0.53669, 0.15482357]
[1.952056, 1.0273079, 0.7801561, 0.14459212]
[1.6572915, 0.88722676, 0.636529, 0.13353571]
[1.8358318, 0.7642262, 0.9376265, 0.13397907]
[1.6838622, 0.73252255, 0.8109756, 0.14036408]
[1.6062374, 0.8732388, 0.57645816, 0.15654045]
[1.7897317, 0.73508143, 0.8970592, 0.1575911]
[1.8417673, 0.8307895, 0.86168504, 0.14929268]
[1.7387111, 0.7411361, 0.8334891, 0.1640858]
[1.5563427, 0.72565967, 0.68827665, 0.14240631]
[1.7454147, 0.80267465, 0.78978395, 0.15295607]
[1.7877879, 0.99508786, 0.63093835, 0.16176179]
[1.8667867, 0.8177825, 0.89313734, 0.15586683]
[1.6885593, 0.8831336, 0.6542687, 0.15115698]
[1.684108, 0.48819372, 1.0384145, 0.1574998]
[1.7863697, 0.97563267, 0.6573907, 0.15334629]
[1.9304943, 0.9112012, 0.8674663, 0.15182689]
[1.797604, 0.8116836, 0.84224164, 0.14367877]
[1.9122698, 0.85510004, 0.89672375, 0.16044599]
[1.709442, 0.70255035, 0.86701, 0.13988177]
[1.6662078, 0.8783889, 0.6273195, 0.16049933]
[1.6509159, 0.7034178, 0.8019074, 0.14559063]
[1.7270216, 0.7755774, 0.7968723, 0.15457189]
[1.5415362, 0.56475323, 0.7938857, 0.18289717]
[1.6962099, 0.8209783, 0.7116212, 0.1636104]
[1.7635744, 0.83092105, 0.77771366, 0.15493965]
[1.8842525, 0.7547432, 0.97713125, 0.15237811]
[1.684794, 1.0043404, 0.5305412, 0.14991239]
[1.6845617, 0.79683495, 0.7350916, 0.15263516]
[2.0474696, 0.7658359, 1.1245296, 0.15710416]
[1.4845952, 0.774023, 0.5660522, 0.1445199]
[1.6710236, 0.78885365, 0.7106676, 0.17150229]
[1.8803129, 0.8040302, 0.9165764, 0.15970632]
[1.7855182, 0.92080396, 0.71211815, 0.152596]
[1.8664777, 0.74109465, 0.97650915, 0.14887387]
[1.7062687, 0.6659249, 0.87626624, 0.1640775]
[1.6432037, 0.7050016, 0.7878574, 0.15034476]
[1.7329606, 0.8787127, 0.69346976, 0.16077815]
[1.7898562, 0.82689106, 0.8167957, 0.14616944]
[1.6234396, 0.5516275, 0.93511534, 0.13669667]
[1.8934281, 1.1206481, 0.6309986, 0.14178136]
[1.7766517, 0.57158387, 1.0525928, 0.15247509]
[1.7624667, 0.87593937, 0.7358008, 0.15072656]
[1.7758001, 0.7498232, 0.8841263, 0.14185055]
[2.0445867, 1.1451979, 0.75702834, 0.14236039]
[1.8467312, 1.0093534, 0.68741345, 0.14996438]
[1.6820396, 0.64327365, 0.8964851, 0.14228089]
[1.8104628, 0.91823834, 0.73965114, 0.1525733]
[1.9438272, 0.8293398, 0.9669685, 0.1475189]
[1.508058, 0.6517923, 0.720935, 0.13533069]
[1.7126929, 0.7709104, 0.78725195, 0.15453057]
[1.7938411, 0.79968345, 0.84998345, 0.14417428]
[1.8991691, 0.9047027, 0.83700705, 0.15745936]
[1.7084373, 0.7755921, 0.7826637, 0.15018149]
[1.755162, 0.61977375, 0.9905132, 0.14487508]
[1.9013824, 0.9152017, 0.8423104, 0.1438704]
[1.457914, 0.51120484, 0.79963803, 0.14707108]
[1.7931986, 1.0016983, 0.64755297, 0.14394741]
[1.9417256, 0.8592963, 0.94966745, 0.1327618]
[1.734842, 0.8214946, 0.75802505, 0.15532231]
[1.8930187, 0.9456965, 0.8012785, 0.1460438]
[1.783487, 0.9999716, 0.6275362, 0.15597919]
[1.8111699, 0.78416, 0.8731667, 0.1538431]
[1.7713492, 0.67137724, 0.95078075, 0.14919119]
[1.8415892, 0.9791855, 0.69654846, 0.1658552]
[1.9377834, 0.8534296, 0.9333358, 0.15101805]
[1.8072908, 0.850327, 0.8171227, 0.13984106]
[1.7994486, 0.86093175, 0.7761283, 0.16238853]
[1.6844497, 0.8153242, 0.7234931, 0.14563242]
[1.8167758, 0.8759947, 0.7812142, 0.15956691]
[1.5956926, 0.69245875, 0.7404429, 0.16279098]
[1.770075, 0.8826641, 0.7184211, 0.1689898]
[1.7421676, 0.8622437, 0.72904587, 0.1508781]
[1.7141474, 0.6391711, 0.921737, 0.15323937]
[1.9427485, 0.94179386, 0.8374145, 0.1635401]
[1.7867873, 0.96627027, 0.6625548, 0.1579622]
[1.8275318, 0.8520018, 0.8019071, 0.1736229]
[1.937193, 0.9607711, 0.82976985, 0.14665212]
[1.7308443, 0.7938363, 0.7820222, 0.15498573]
[1.5679133, 0.6935136, 0.7242913, 0.15010831]
[1.8694705, 0.9046624, 0.79907566, 0.1657325]
[1.7380143, 0.9095254, 0.6661509, 0.16233802]
[1.6024163, 0.79765046, 0.64088523, 0.16388065]
[1.8675678, 0.7661278, 0.9396163, 0.16182363]
[1.8367909, 0.9945661, 0.69670403, 0.14552084]
[1.9419323, 0.89399886, 0.8777454, 0.17018808]
[1.5605966, 0.7240092, 0.67393374, 0.16265357]
[1.8336003, 0.8776996, 0.8038622, 0.15203847]
[1.7337728, 0.7874192, 0.7903415, 0.15601204]
[1.8103896, 0.89959323, 0.7649312, 0.14586523]
[1.8643837, 0.75032383, 0.9599643, 0.15409562]
[1.6315787, 0.8933725, 0.5979173, 0.14028881]
[1.6969213, 0.7650172, 0.7797242, 0.15217991]
[1.9227376, 0.8100968, 0.9497261, 0.16291471]
[1.7889749, 0.94049084, 0.7006061, 0.14787796]
[1.4781147, 0.76366216, 0.5640567, 0.15039587]
[1.8636556, 0.9233323, 0.7906656, 0.14965773]
[1.8377697, 0.7760036, 0.89482474, 0.16694139]
[1.9315252, 0.8818015, 0.8981354, 0.15158832]
[1.8693503, 0.94869745, 0.7718939, 0.14875904]
[1.9324818, 0.84218055, 0.94215095, 0.14815015]
[1.5632915, 0.50211895, 0.9166093, 0.14456336]
[1.8516783, 1.0299368, 0.6606089, 0.16113259]
[1.5748161, 0.61393666, 0.80634636, 0.15453303]
[1.7074078, 0.8147099, 0.7373097, 0.1553882]
[1.863555, 0.6621906, 1.0474696, 0.15389463]
[1.8433911, 0.8596706, 0.8228636, 0.16085681]
[1.5067127, 0.557671, 0.8016771, 0.14736462]
[1.7303145, 0.82556814, 0.75611067, 0.1486356]
[1.7545936, 0.7175739, 0.8759602, 0.16105968]
[1.8161585, 0.97758216, 0.6747391, 0.16383718]
[1.7007082, 0.75996774, 0.7779627, 0.16277768]
[1.7089273, 0.6866728, 0.8634342, 0.15882027]
[1.7361732, 0.8488606, 0.7359179, 0.15139455]
[1.6633104, 0.8075788, 0.69135606, 0.16437551]
[1.6166245, 0.6574404, 0.80159754, 0.15758646]
[1.7306266, 0.7374619, 0.82351875, 0.16964586]
[1.818738, 0.7316879, 0.92424154, 0.16280851]
[1.9410548, 0.882246, 0.89053357, 0.16827525]
[1.8108923, 0.8315559, 0.8285028, 0.15083359]
[1.8132762, 0.83280176, 0.8157667, 0.16470776]
[1.7119353, 0.87090224, 0.69383216, 0.14720085]
[1.5812434, 0.6474813, 0.77963483, 0.15412721]
[1.9386733, 0.95707095, 0.80835795, 0.17324439]
[1.7031003, 0.62839854, 0.893569, 0.1811328]
[1.8550278, 0.8259611, 0.8707611, 0.15830556]
[1.7287688, 0.8183148, 0.7397749, 0.17067912]
[1.9445713, 0.7361196, 1.0430986, 0.16535309]
[1.4653957, 0.7610414, 0.546626, 0.15772825]
[1.6920897, 0.85433483, 0.6826606, 0.15509427]
[1.6166006, 0.715791, 0.7385368, 0.16227281]
[1.8740091, 0.78571963, 0.8939563, 0.19433315]
[1.7321943, 0.79113674, 0.7784744, 0.1625832]
[1.7389966, 0.88289523, 0.6930904, 0.16301095]
[1.9781468, 0.65640604, 1.1595422, 0.16219854]
[1.9982215, 1.1052873, 0.73785955, 0.15507469]
[1.9785792, 1.0652916, 0.7700002, 0.1432873]
[1.807596, 0.8171244, 0.85205555, 0.138416]
[1.7881954, 0.94131136, 0.7024255, 0.14445852]
[1.8486993, 0.96424985, 0.7432306, 0.14121896]
[1.795577, 0.6685449, 0.9928874, 0.1341448]
[2.057405, 1.0229084, 0.88422906, 0.15026742]
[1.868237, 0.88097256, 0.84039056, 0.14687392]
[1.687264, 0.78641045, 0.76215065, 0.13870281]
[1.4580748, 0.71142286, 0.6099739, 0.13667797]
[1.89946, 0.8918048, 0.8733626, 0.13429251]
[1.8669897, 0.9524889, 0.76565135, 0.14884946]
[1.9555136, 0.8088518, 1.0049709, 0.14169088]
[1.9203565, 1.0883731, 0.6932362, 0.13874727]
[1.6699286, 0.7182279, 0.8196244, 0.1320762]
[1.6479572, 0.84806716, 0.65277183, 0.14711824]
[1.7141414, 0.76955694, 0.79236376, 0.1522207]
[1.8263229, 0.98618317, 0.68010753, 0.16003217]
[1.700264, 0.75753576, 0.7844513, 0.15827687]
[1.7942462, 0.8512978, 0.79739, 0.14555839]
[1.9628332, 0.8032563, 1.0142134, 0.14536346]
[1.9756202, 1.0480546, 0.78091204, 0.1466535]
[1.9797859, 0.7855667, 1.0572134, 0.13700585]
[1.5857421, 0.7690972, 0.6804992, 0.13614573]
[1.7615271, 0.88476384, 0.73313224, 0.14363098]
[1.7835383, 0.7469482, 0.9005083, 0.136082]
[1.489233, 0.6716015, 0.6720187, 0.14561285]
[1.7695109, 0.9145271, 0.7025583, 0.15242542]
[2.0287633, 0.64078856, 1.2295879, 0.15838689]
[1.8109586, 0.99921006, 0.6708394, 0.1409092]
[1.7776902, 0.8636739, 0.7873884, 0.12662789]
[1.725078, 0.820727, 0.76487434, 0.1394767]
[1.7325311, 0.8147981, 0.76906526, 0.14866768]
[1.7119476, 0.9222265, 0.6480236, 0.14169751]
[1.9353857, 0.8635449, 0.9204603, 0.1513806]
[1.8224111, 0.85780126, 0.8162042, 0.14840552]
[1.7281349, 0.8448423, 0.73896265, 0.14432985]
[1.7105618, 0.70894706, 0.8620639, 0.13955079]
[1.6476479, 0.7342019, 0.76202965, 0.15141629]
[1.7698929, 0.794389, 0.8219094, 0.15359443]
[1.6538402, 0.7122214, 0.7843015, 0.15731731]
[1.8259368, 0.75365835, 0.9061506, 0.1661279]
[1.5246828, 0.68732315, 0.6915315, 0.14582813]
[1.8005643, 1.0178282, 0.6115476, 0.17118846]
[1.6265554, 0.6118852, 0.85748714, 0.15718323]
[1.8578616, 1.017518, 0.68008965, 0.16025393]
[1.6156673, 0.6655102, 0.79036164, 0.15979552]
[1.9294043, 0.9141137, 0.8465216, 0.16876888]
[1.9164712, 0.8133816, 0.9536226, 0.149467]
[1.6062071, 0.6553929, 0.8009428, 0.14987147]
[1.6924158, 0.6864304, 0.84933025, 0.15665516]
[1.9890084, 1.0898279, 0.73783946, 0.16134106]
[1.3689653, 0.4625603, 0.72121054, 0.18519434]
[1.8391863, 0.9209639, 0.74845076, 0.16977167]
[1.6257304, 0.7247015, 0.74968916, 0.15133962]
[1.6736479, 0.6779119, 0.8359181, 0.15981793]
[1.7259103, 0.8354143, 0.7395037, 0.15099232]
[1.746005, 0.88991976, 0.69434035, 0.16174492]
[1.8114287, 0.85691226, 0.7679832, 0.18653324]
[1.7328143, 0.8686245, 0.70508, 0.15910977]
[1.7017679, 0.6082041, 0.9175973, 0.17596644]
[1.625951, 0.7194489, 0.74484503, 0.16165712]
[1.7014847, 0.9021635, 0.6292368, 0.17008437]
[1.8876274, 0.73765707, 0.9732473, 0.17672296]
[1.696403, 0.7895495, 0.7330611, 0.17379242]
[1.7233837, 0.8048974, 0.7614512, 0.15703508]
[1.8736696, 0.7515522, 0.9425757, 0.17954168]
[1.8926315, 0.8153888, 0.89483106, 0.18241173]
[1.9378321, 1.2503347, 0.51181555, 0.1756818]
[1.8338815, 0.78039753, 0.91200936, 0.14147463]
[1.8806427, 0.72367924, 0.98831606, 0.16864723]
[1.7552366, 0.91840917, 0.68112504, 0.15570235]
[1.7481191, 0.6964291, 0.9014276, 0.15026242]
[1.7061006, 0.7686877, 0.7652167, 0.17219615]
[1.5795105, 0.7723881, 0.6209025, 0.18621999]
[1.6669463, 0.8345417, 0.66319674, 0.16920793]
[1.8807814, 0.61693835, 1.0866452, 0.1771978]
[1.659172, 0.88781357, 0.6103387, 0.16101986]
[1.8156964, 0.8166716, 0.8268714, 0.17215332]
[1.8512464, 0.8311766, 0.8527057, 0.16736406]
[1.846322, 1.015647, 0.6741489, 0.15652597]
[1.7032294, 0.59290195, 0.92788506, 0.18244241]
[1.9069924, 0.86690074, 0.8703406, 0.16975111]
[1.7425228, 0.86081076, 0.7071423, 0.1745697]
[1.5137919, 0.49802956, 0.86050045, 0.15526189]
[1.6796021, 0.84707403, 0.64815986, 0.18436828]
[1.4854592, 0.527878, 0.7855525, 0.17202862]
[1.612889, 0.73435986, 0.6798659, 0.1986633]
[1.6805043, 0.7246726, 0.7911004, 0.16473123]
[1.855091, 0.94455254, 0.75651956, 0.15401885]
[1.8303629, 0.62433475, 1.0376872, 0.16834106]
[1.9574759, 1.1160505, 0.6825072, 0.1589181]
[1.8041842, 0.5596514, 1.0728335, 0.1716993]
[1.9613675, 0.95437825, 0.8451961, 0.16179308]
[1.7385588, 0.7719201, 0.8132426, 0.1533961]
[1.6448237, 0.6228405, 0.8641218, 0.15786132]
[1.439693, 0.49679303, 0.79850173, 0.14439815]
[1.4965376, 0.6375169, 0.68848467, 0.17053595]
[1.8312593, 0.94743407, 0.72839844, 0.15542677]
[1.749351, 0.7369431, 0.8467528, 0.16565517]
[1.8724294, 0.8271543, 0.856386, 0.18888903]
[1.7564871, 0.8701103, 0.7025794, 0.18379742]
[2.1988401, 0.87424743, 1.1654499, 0.15914299]
[2.0868888, 1.230144, 0.6921931, 0.16455178]
[1.7373457, 0.71340203, 0.8749119, 0.1490317]
[1.6666731, 0.7396506, 0.7758335, 0.15118892]
[1.8615147, 0.9126893, 0.7824201, 0.16640535]
[1.7585976, 0.81363297, 0.7962084, 0.14875633]
[1.8641608, 0.6495825, 1.07809, 0.13648835]
[1.8322208, 0.7574701, 0.9109517, 0.1637991]
[1.6734442, 0.9578807, 0.5410116, 0.17455186]
[1.6498868, 0.74930096, 0.7429413, 0.15764454]
[1.913083, 0.74483407, 1.0074899, 0.160759]
[1.9743332, 0.9668051, 0.85962737, 0.14790073]
[1.9390316, 0.92725384, 0.854713, 0.15706465]
[1.5932723, 0.60398376, 0.84474695, 0.14454159]
[1.8363512, 0.95928556, 0.7258183, 0.1512472]
[1.894779, 0.6786101, 1.0730014, 0.14316744]
[1.8184195, 0.93217623, 0.72518784, 0.16105539]
[1.8408178, 0.9083267, 0.7900406, 0.1424505]
[1.7077714, 0.7655606, 0.7937986, 0.14841214]
[1.5308541, 0.66110456, 0.72703826, 0.14271125]
[1.6160836, 0.8362479, 0.63427544, 0.1455603]
[1.6258422, 0.6349575, 0.8305372, 0.16034754]
[1.7239816, 0.8827574, 0.6692747, 0.1719495]
[1.9317274, 0.9565706, 0.82603097, 0.14912577]
[1.6061556, 0.7282834, 0.71479344, 0.16307878]
[1.6564697, 0.7096689, 0.77853096, 0.16826984]
[1.7989222, 0.8045046, 0.82574075, 0.16867684]
[1.7869453, 0.8612628, 0.76891965, 0.15676284]
[1.6416935, 0.7209811, 0.75573033, 0.16498193]
[2.0778165, 0.81264716, 1.1084434, 0.15672594]
[1.835279, 1.1112738, 0.5505005, 0.17350474]
[1.5757318, 0.7571887, 0.66328657, 0.15525648]
[1.7239611, 0.89557934, 0.65666884, 0.17171282]
[1.7335502, 0.7602661, 0.81753784, 0.15574624]
[1.6715003, 0.666332, 0.8410258, 0.16414252]
[1.9325565, 0.87644345, 0.8926668, 0.16344634]
[1.8714174, 0.82359266, 0.9028535, 0.14497122]
[1.6506177, 0.7280737, 0.7715724, 0.15097158]
[1.6662395, 0.8273088, 0.6927123, 0.14621837]
[1.9611304, 0.85900223, 0.9512545, 0.15087369]
[2.0604508, 1.0792376, 0.828877, 0.15233618]
[1.887267, 0.72485906, 1.019603, 0.14280498]
[1.6858587, 0.94128, 0.59624684, 0.14833184]
[1.7031918, 0.7790492, 0.77667207, 0.14747041]
[1.8963654, 0.9895474, 0.7508224, 0.15599559]
[1.8805983, 0.78968424, 0.92835534, 0.16255873]
[1.7143748, 0.7890043, 0.7740749, 0.1512956]
[1.6173131, 0.78353435, 0.68260276, 0.15117595]
[1.8168213, 0.8420535, 0.8303139, 0.14445399]
[1.7154535, 0.81725675, 0.750497, 0.14769974]
[1.7005917, 0.7392717, 0.8061511, 0.15516886]
[1.9467795, 1.0343406, 0.7645645, 0.1478743]
[1.8060445, 0.8219863, 0.81392884, 0.17012933]
[1.8326044, 0.7736957, 0.9072485, 0.15166016]
[1.8968415, 1.0125581, 0.7310149, 0.15326859]
[1.7093174, 0.7348373, 0.82916147, 0.14531879]
[1.7147802, 0.6855528, 0.8641496, 0.16507778]
[1.5271097, 0.64962023, 0.7330986, 0.14439096]
[1.809464, 0.8107258, 0.84223175, 0.15650643]
[1.55215, 0.64592206, 0.75411904, 0.15210886]
[1.8578217, 0.8953103, 0.8057406, 0.1567708]
[1.9529463, 0.8741752, 0.90902376, 0.16974732]
[1.7598474, 0.8450135, 0.7658181, 0.14901574]
[1.6741437, 0.6301656, 0.8940157, 0.14996228]
[1.502646, 0.8117225, 0.5338461, 0.15707728]
[1.8656993, 0.74670166, 0.9516438, 0.16735381]
[1.8718283, 0.99720204, 0.7178675, 0.15675873]
[1.8645846, 0.8102921, 0.90631783, 0.14797463]
[1.7159266, 0.7167848, 0.8502009, 0.14894098]
[1.6159399, 0.7608398, 0.7276114, 0.12748864]
[1.8295355, 0.66511923, 0.98539376, 0.17902261]
[1.9455509, 0.96504086, 0.81990016, 0.16060998]
[1.7973932, 0.8766022, 0.769683, 0.15110803]
[1.8370173, 0.81065905, 0.87358296, 0.15277532]
[1.8262858, 0.87453985, 0.78671074, 0.16503522]
[1.8420798, 0.7112018, 0.9770578, 0.15382016]
[1.674471, 0.71878004, 0.78490204, 0.17078888]
[1.9162264, 0.9362783, 0.83900476, 0.14094323]
[1.7451414, 0.8698217, 0.73730004, 0.13801964]
[1.5852635, 0.72120595, 0.7192999, 0.14475766]
[1.5266054, 0.6609354, 0.7172524, 0.14841753]
[1.9955944, 0.82653195, 1.0180712, 0.15099134]
[1.8205489, 0.93862855, 0.7291807, 0.15273967]
[1.7103864, 0.6970676, 0.85604304, 0.15727581]
[1.8389645, 0.9753233, 0.71679306, 0.14684808]
[1.8707067, 0.9351301, 0.78800106, 0.14757553]
[1.6543705, 0.68815863, 0.8130627, 0.15314907]
[2.0106416, 0.87543184, 0.9941138, 0.14109588]
[1.862729, 0.9067514, 0.7992257, 0.15675183]
[1.8584533, 0.878672, 0.8488449, 0.13093632]
[1.8494781, 0.8646074, 0.8425455, 0.14232533]
[1.8854694, 0.9408615, 0.80670834, 0.1378996]
[1.9383515, 0.97096753, 0.8326366, 0.13474737]
[1.6056831, 0.7489183, 0.7259207, 0.13084418]
[1.8513956, 0.8571396, 0.8651968, 0.12905921]
[1.6432233, 0.85015047, 0.6625266, 0.13054615]
[1.7400367, 0.7404487, 0.8618167, 0.13777138]
[1.7536943, 1.0284834, 0.58087313, 0.1443378]
[1.7137539, 0.74163246, 0.82778525, 0.14433622]
[1.8316406, 0.73288196, 0.9506196, 0.14813915]
[1.9078054, 0.83018625, 0.9259192, 0.15169999]
[1.730827, 0.73045325, 0.8442211, 0.15615258]
[1.8803002, 1.14098, 0.5858613, 0.15345888]
[1.6433133, 0.61360645, 0.8885446, 0.14116228]
[1.9022164, 0.9274491, 0.8115995, 0.16316788]
[1.6940246, 0.7835597, 0.76935655, 0.1411083]
[1.798056, 0.7091373, 0.91722107, 0.1716976]
[1.9698834, 0.8243791, 0.9964011, 0.14910334]
[1.95369, 0.87567157, 0.92931384, 0.14870466]
[1.8151728, 0.8750607, 0.789915, 0.15019713]
[1.7549525, 0.8386588, 0.7747812, 0.14151251]
[1.6957998, 0.87868583, 0.6771766, 0.13993737]
[1.764204, 0.7056384, 0.90407515, 0.1544905]
[1.7668324, 0.9573374, 0.65081704, 0.15867794]
[1.7374052, 0.83495694, 0.7538521, 0.14859614]
[1.6075448, 0.6145282, 0.84322333, 0.14979324]
[1.8508396, 0.8399621, 0.85892135, 0.15195611]
[1.7548003, 0.7600498, 0.83495784, 0.15979272]
[1.7973975, 0.8162111, 0.8300017, 0.15118465]
[1.885778, 0.73057026, 1.0073506, 0.14785713]
[1.628892, 0.9411707, 0.535473, 0.15224831]
[1.7312105, 0.8360335, 0.73911905, 0.15605778]
[1.8124083, 0.89376724, 0.76676106, 0.15187998]
[1.7376146, 0.6731893, 0.9221594, 0.14226605]
[1.6207271, 0.890811, 0.58923256, 0.14068344]
[1.9364634, 0.70967066, 1.0892427, 0.13754998]
[1.8117503, 0.8840316, 0.76456225, 0.16315642]
[1.7058178, 0.85187095, 0.7045325, 0.14941442]
[1.9126339, 0.8827165, 0.8783146, 0.15160276]
[1.7233164, 0.64449656, 0.9389551, 0.13986474]
[1.803087, 0.71229345, 0.96227103, 0.12852246]
[1.7366416, 0.93777883, 0.6512637, 0.14759909]
[1.996465, 0.8798826, 0.9663726, 0.15020978]
[1.7773451, 0.8136108, 0.8117363, 0.15199795]
[1.5156914, 0.5739013, 0.783812, 0.15797813]
[1.5906099, 0.73517275, 0.710389, 0.1450481]
[1.7172339, 0.6712051, 0.9121258, 0.13390307]
[1.8066671, 0.87064695, 0.77147937, 0.16454071]
[1.5991701, 0.7887236, 0.6606553, 0.14979112]
[1.7950681, 0.9805739, 0.6608328, 0.15366134]
[1.5680145, 0.5615523, 0.86048746, 0.14597473]
[1.6545069, 0.89930785, 0.57584345, 0.17935564]
[1.405937, 0.5058868, 0.7644854, 0.13556483]
[1.5645561, 0.7319037, 0.6584909, 0.17416152]
[1.6819388, 0.77441907, 0.7349806, 0.17253909]
[1.9527985, 0.8871884, 0.8980415, 0.16756856]
[1.9924494, 0.965281, 0.8624178, 0.16475058]
[1.7438745, 0.64493334, 0.93424606, 0.16469508]
[1.7283837, 0.8213575, 0.7294099, 0.17761621]
[1.7601857, 0.87790585, 0.7004365, 0.18184339]
[1.8704977, 0.8496646, 0.83470803, 0.18612505]
[1.8221762, 0.8107619, 0.85502446, 0.15638977]
[1.7027936, 0.8145647, 0.7174653, 0.17076358]
[1.8754174, 0.7674345, 0.9266483, 0.18133458]
[2.1755915, 1.0554276, 0.9503288, 0.16983508]
[1.6819785, 1.0382779, 0.4942749, 0.1494257]
[1.4719903, 0.50942844, 0.8116549, 0.15090708]
[1.7625637, 0.7793169, 0.81988823, 0.16335857]
[2.0023642, 0.91675234, 0.9263293, 0.1592825]
[1.6600838, 0.7438804, 0.7530934, 0.16311002]
[1.796272, 0.8973658, 0.75107837, 0.14782792]
[1.6689336, 0.64976335, 0.8621678, 0.15700239]
[1.6301774, 0.77946496, 0.67937636, 0.17133604]
[1.780678, 0.8954272, 0.7312541, 0.15399665]
[1.6261687, 0.5866824, 0.87156165, 0.16792469]
[1.6828005, 0.93432903, 0.596609, 0.15186244]
[1.9493982, 0.7915665, 0.98866624, 0.16916545]
[1.8830547, 0.8970921, 0.8227997, 0.16316289]
[1.6301762, 0.6331233, 0.83596337, 0.16108951]
[2.0773, 0.99618053, 0.9226656, 0.15845397]
[1.8562431, 0.88439745, 0.8142177, 0.15762809]
[1.8668035, 1.0527068, 0.6578908, 0.1562059]
[1.5324886, 0.63814163, 0.74638844, 0.14795852]
[1.8062801, 0.90962887, 0.7375077, 0.15914354]
[1.6593106, 0.8668368, 0.6314492, 0.16102456]
[1.8282813, 0.6326382, 1.0486681, 0.14697497]
[1.7700393, 0.85189945, 0.7363294, 0.18181056]
[1.6473343, 0.65844154, 0.8392831, 0.14960971]
[1.8436937, 0.96261096, 0.7218915, 0.15919128]
[1.5505573, 0.6575202, 0.73785555, 0.15518157]
[1.5558596, 0.76188505, 0.63315296, 0.16082156]
[1.878474, 0.8871815, 0.82833886, 0.16295364]
[1.8272629, 0.7258563, 0.94218796, 0.15921852]
[1.72274, 0.78953826, 0.77186394, 0.16133782]
[1.8206328, 0.874896, 0.7626876, 0.18304916]
[1.6430188, 0.62319875, 0.8430334, 0.17678675]
[1.8422534, 0.92484707, 0.755116, 0.1622904]
[1.9098489, 0.9024457, 0.8554609, 0.15194239]
[1.7320478, 0.68546975, 0.890505, 0.15607306]
[1.6733551, 0.81833243, 0.7003046, 0.15471798]
[1.928496, 0.816581, 0.95790887, 0.15400612]
[1.8312616, 1.0315006, 0.63050455, 0.16925651]
[1.8521225, 0.76261246, 0.9309696, 0.1585405]
[1.8693632, 0.8867614, 0.8301356, 0.1524662]
[1.8331897, 0.8167852, 0.86187065, 0.15453392]
[1.9646603, 0.9019505, 0.8997459, 0.16296402]
[1.7771335, 0.99429786, 0.63400805, 0.14882757]
[1.5508138, 0.5861541, 0.82094884, 0.14371085]
[1.9141818, 0.9932687, 0.7674285, 0.15348463]
[1.9408004, 1.0137116, 0.7928077, 0.13428122]
[1.7161382, 0.72767663, 0.8517827, 0.13667893]
[1.7369605, 0.8951375, 0.696216, 0.14560713]
[1.8246026, 0.74397695, 0.93553764, 0.14508799]
[1.8292298, 1.0172546, 0.6566596, 0.15531567]
[1.8181392, 0.74595916, 0.9323031, 0.13987693]
[1.6526709, 0.91315836, 0.59861696, 0.14089556]
[1.9183742, 0.90288967, 0.87545836, 0.14002621]
[1.4783509, 0.63802207, 0.68563366, 0.15469514]
[1.9170877, 0.9806818, 0.7807331, 0.15567274]
[1.8911866, 0.8976182, 0.85086596, 0.14270243]
[1.7993655, 0.72605324, 0.9226988, 0.15061349]
[1.7942729, 0.94725454, 0.69897383, 0.14804459]
[1.7514309, 0.73673046, 0.8612753, 0.15342513]
[1.8539667, 0.6516491, 1.05577, 0.14654762]
[1.6467164, 0.88799214, 0.6012541, 0.15747009]
[1.6843865, 0.62494487, 0.9189478, 0.14049381]
[1.7429955, 0.88305867, 0.711303, 0.1486338]
[1.8210942, 0.67075664, 1.004977, 0.14536054]
[1.744587, 0.9108, 0.6767353, 0.15705165]
[1.9230254, 0.8564614, 0.9293698, 0.1371941]
[1.7651047, 0.86556053, 0.75418264, 0.14536154]
[1.6693091, 0.79480386, 0.72097397, 0.15353128]
[1.9153204, 0.79535586, 0.96062243, 0.15934208]
[1.7585653, 0.81915325, 0.7793187, 0.16009347]
[1.8619487, 0.69320387, 1.0093923, 0.15935251]
[1.4970374, 0.75392735, 0.5956853, 0.14742467]
[1.5703104, 0.55879295, 0.8617127, 0.14980465]
[1.6870253, 0.86431146, 0.66979295, 0.15292095]
[1.5548389, 0.61926585, 0.78404284, 0.1515303]
[1.8682432, 0.85680485, 0.8520538, 0.15938452]
[1.796677, 0.6867383, 0.9554086, 0.15453017]
[1.6974103, 0.96051663, 0.5807811, 0.15611263]
[1.6142554, 0.5664616, 0.8921418, 0.15565205]
[1.6457673, 0.6715152, 0.8024926, 0.1717595]
[1.8943675, 1.0951486, 0.6330878, 0.16613096]
[1.6616129, 0.6968412, 0.7946713, 0.17010036]
[1.7156215, 0.8033799, 0.7467953, 0.1654463]
[2.0305927, 0.78575075, 1.074673, 0.17016888]
[1.9446622, 0.9070616, 0.87042826, 0.16717234]
[1.9287797, 1.0716257, 0.69523126, 0.16192284]
[1.9297253, 0.7074704, 1.0738865, 0.1483684]
[1.9205674, 0.9689525, 0.8029633, 0.14865157]
[1.83493, 0.90816647, 0.7668965, 0.15986706]
[1.6628227, 0.7126694, 0.8064394, 0.14371397]
[1.7023972, 0.8170271, 0.7310005, 0.15436971]
[1.4631478, 0.68710333, 0.6220385, 0.1540059]
[1.8685591, 0.74102247, 0.9676303, 0.15990639]
[1.8594637, 1.0337911, 0.6690818, 0.15659079]
[1.8308566, 0.8094224, 0.87344754, 0.14798668]
[1.8998071, 0.8934354, 0.8610881, 0.14528356]
[1.984173, 0.9892026, 0.8513577, 0.14361268]
[1.9478202, 0.9471954, 0.85696566, 0.14365917]
[1.6465927, 0.82163596, 0.6810639, 0.14389285]
[2.0190668, 0.9259715, 0.94875383, 0.14434135]
[1.8669863, 0.9250443, 0.80197096, 0.13997108]
[1.7199551, 0.746217, 0.8264556, 0.14728248]
[1.793467, 0.9754207, 0.6736796, 0.14436668]
[1.8054708, 0.8172389, 0.832424, 0.15580784]
[1.6749595, 0.7805884, 0.7508551, 0.1435161]
[1.8337686, 0.7236832, 0.95789444, 0.15219098]
[1.7165838, 0.85418427, 0.71286935, 0.14953028]
[1.7735858, 0.75740623, 0.8819542, 0.13422543]
[1.8195989, 0.89675784, 0.7845788, 0.13826224]
[1.8677374, 0.95075655, 0.7716628, 0.14531812]
[1.7375855, 0.77973425, 0.8124397, 0.14541164]
[1.7871152, 0.7928465, 0.83896035, 0.15530838]
[2.0437942, 0.93418, 0.95933414, 0.15028]
[1.9103844, 1.046381, 0.7121432, 0.15186024]
[1.9276818, 0.8001677, 0.9906584, 0.13685569]
[1.6270881, 0.67772615, 0.8182413, 0.13112074]
[1.6983528, 0.8119087, 0.7418684, 0.14457573]
[1.810319, 0.9034969, 0.766967, 0.13985504]
[1.7510178, 0.80474764, 0.795921, 0.1503491]
[1.7932309, 0.78055584, 0.8384805, 0.17419454]
[1.8144529, 0.9869245, 0.6694041, 0.1581242]
[1.7648752, 0.6662555, 0.9385402, 0.16007942]
[1.9334841, 0.8637068, 0.91380787, 0.1559694]
[1.8121446, 0.8994911, 0.7569205, 0.155733]
[1.6685985, 0.8600737, 0.6667123, 0.14181253]
[1.8883165, 0.6935479, 1.0520726, 0.14269605]
[1.697125, 0.84290296, 0.7102455, 0.14397639]
[1.7147652, 0.7874814, 0.7788956, 0.14838812]
[1.6345968, 0.628321, 0.8650218, 0.14125389]
[1.758691, 0.9679247, 0.62161875, 0.16914746]
[1.6756467, 0.61534774, 0.9004576, 0.15984125]
[1.6412897, 0.7129262, 0.78649133, 0.14187223]
[1.8776634, 0.6470186, 1.0899806, 0.14066407]
[1.7252647, 0.81638294, 0.7516978, 0.157184]
[1.7582157, 0.62677777, 0.97193587, 0.15950206]
[1.7691209, 0.971218, 0.64894205, 0.14896086]
[2.0409205, 0.97371304, 0.89671236, 0.17049508]
[1.6295689, 0.700331, 0.789829, 0.13940896]
[1.8269105, 0.75901663, 0.9102347, 0.15765916]
[1.5813305, 0.7492465, 0.6759038, 0.15618025]
[1.6933146, 0.9697802, 0.5542388, 0.16929553]
[1.8064735, 0.6313542, 1.0153989, 0.15972044]
[1.9031727, 1.0233903, 0.7221391, 0.15764338]
[1.777304, 0.8273041, 0.79848754, 0.1515124]
[1.7234584, 0.8943842, 0.6754228, 0.1536514]
[1.7212594, 0.77237546, 0.8006722, 0.14821176]
[1.7985756, 0.8588591, 0.78279305, 0.15692347]
[1.8436055, 0.68214995, 1.0035787, 0.157877]
[1.5140245, 0.67020714, 0.6990685, 0.14474899]
[1.8349633, 1.0111021, 0.6737411, 0.15012008]
[1.7619853, 0.7610755, 0.8507134, 0.15019645]
[1.6518815, 0.79445064, 0.68495774, 0.17247304]
[1.9078994, 0.8783047, 0.8682812, 0.1613136]
[1.8212646, 0.89556825, 0.767763, 0.15793331]
[1.8300331, 0.81257284, 0.86876965, 0.14869061]
[1.6744193, 0.848517, 0.68033946, 0.14556275]
[1.8783617, 0.7789185, 0.9398413, 0.15960187]
[1.7070647, 0.9512912, 0.5942358, 0.16153778]
[1.7544364, 0.6603581, 0.9497875, 0.14429078]
[1.7616781, 0.787413, 0.81060934, 0.16365576]
[1.8868022, 0.906873, 0.8250445, 0.1548847]
[1.5473126, 0.700315, 0.7059794, 0.14101827]
[1.7333156, 0.8957189, 0.67269766, 0.16489898]
[1.7544825, 0.782776, 0.82062054, 0.151086]
[1.922725, 0.8894112, 0.86642724, 0.16688663]
[1.9386638, 0.9622648, 0.8161686, 0.16023055]
[1.6969599, 0.82862073, 0.71453524, 0.15380394]
[1.7457956, 0.86354464, 0.7206681, 0.16158283]
[1.7416512, 0.6901739, 0.8925737, 0.15890351]
[1.507683, 0.7169702, 0.62940824, 0.16130456]
[1.820598, 0.791207, 0.8568263, 0.1725646]
[1.8020161, 0.8966932, 0.74191546, 0.16340744]
[1.7544243, 0.8820535, 0.7085278, 0.163843]
[1.9195901, 0.80373245, 0.96790165, 0.14795606]
[1.8566258, 0.95561147, 0.7446432, 0.15637112]
[1.6845284, 0.78432596, 0.73924035, 0.16096212]
[1.6324031, 0.6963145, 0.7913264, 0.14476229]
[1.7936734, 0.8081883, 0.79789925, 0.18758586]
[1.7679302, 0.6221634, 0.9870044, 0.15876237]
[1.7168101, 0.88899875, 0.6684313, 0.15938012]
[1.8026216, 0.86955905, 0.7588474, 0.17421505]
[1.7005231, 0.53941184, 1.0152056, 0.14590575]
[1.6974589, 0.90072656, 0.6282085, 0.16852379]
[1.7895371, 0.6489148, 0.9916293, 0.1489929]
[1.7868761, 0.7816212, 0.8275533, 0.17770156]
[1.8892374, 0.90378284, 0.8185591, 0.16689539]
[1.5336504, 0.6570224, 0.7291169, 0.147511]
[1.6824721, 0.79551494, 0.72807324, 0.15888396]
[1.6063257, 0.5614487, 0.888003, 0.15687406]
[1.7856328, 0.9211953, 0.7018808, 0.16255659]
[1.8119216, 0.792826, 0.8582886, 0.16080706]
[1.8637428, 1.0548724, 0.6405368, 0.16833368]
[2.1599686, 0.70717824, 1.2996751, 0.15311517]
[1.8194528, 0.9215083, 0.74329233, 0.15465213]
[1.8222029, 0.8581703, 0.811213, 0.15281957]
[1.6571676, 0.919868, 0.5801929, 0.1571066]
[1.9132192, 0.8927821, 0.85834336, 0.16209382]
[1.6169894, 0.6311975, 0.84007096, 0.14572099]
[1.5627457, 0.75063795, 0.6432436, 0.1688641]
[1.9230181, 0.76398045, 1.0048244, 0.15421331]
[1.7343429, 0.6892989, 0.88514864, 0.1598953]
[1.7710747, 1.0131319, 0.6020248, 0.155918]
[1.7749445, 0.692466, 0.929037, 0.15344152]
[1.7351925, 0.87882984, 0.68925506, 0.16710764]
[2.105027, 0.8860565, 1.0541267, 0.16484374]
[1.8478826, 0.85477877, 0.8372519, 0.15585196]
[1.766482, 0.73600936, 0.8844105, 0.14606217]
[1.9108189, 0.8372612, 0.9288641, 0.14469358]
[1.7774776, 1.0286092, 0.6082628, 0.14060572]
[1.7109841, 0.75830853, 0.79655266, 0.15612294]
[1.7660662, 0.76884645, 0.84620535, 0.15101442]
[1.8199564, 0.857829, 0.80921245, 0.15291502]
[1.8010943, 0.9305427, 0.71264094, 0.15791065]
[1.7635455, 0.861942, 0.7439495, 0.1576541]
[1.5169735, 0.6155051, 0.75777036, 0.14369798]
[1.8073459, 0.8909408, 0.7332535, 0.1831516]
[1.768255, 0.9118643, 0.68449384, 0.17189698]
[1.8373506, 0.8770592, 0.8122005, 0.14809081]
[1.766437, 0.75857854, 0.8342681, 0.17359038]
[1.978942, 0.8431958, 0.98346317, 0.15228307]
[1.5389291, 0.7118629, 0.6735544, 0.15351175]
[1.7142357, 0.8222097, 0.7434369, 0.14858906]
[1.6752205, 0.6803599, 0.85216534, 0.14269522]
[1.8464236, 0.75145453, 0.93052816, 0.16444091]
[1.8542583, 0.7902194, 0.91153836, 0.15250045]
[1.8946158, 1.0019094, 0.7336149, 0.15909144]
[1.720532, 0.7443852, 0.8293534, 0.14679337]
[1.6342051, 0.7220144, 0.738968, 0.1732226]
[1.9606543, 0.8798858, 0.924888, 0.15588039]
[1.5558795, 0.8462342, 0.54237366, 0.1672716]
[1.7224886, 0.7409577, 0.8017514, 0.17977959]
[1.9727774, 0.9248456, 0.88438344, 0.16354835]
[1.8534114, 0.8493786, 0.8556807, 0.14835209]
[1.8851417, 0.9314615, 0.79555726, 0.1581229]
[1.9305347, 0.69250226, 1.0942184, 0.14381412]
[1.7780888, 0.9930874, 0.63216865, 0.15283269]
[2.1154335, 1.0189837, 0.9358528, 0.16059674]
[1.7842431, 0.7944299, 0.83326995, 0.1565432]
[1.878082, 0.73681474, 1.0063919, 0.1348754]
[1.9362209, 0.74223936, 1.037383, 0.15659854]
[1.9817923, 0.9475032, 0.8886415, 0.14564769]
[1.7568873, 0.8615797, 0.7570447, 0.13826284]
[1.7642083, 0.748749, 0.8668972, 0.14856204]
[1.6746249, 0.76826763, 0.7603923, 0.14596492]
[1.8331975, 0.9522265, 0.7451682, 0.13580278]
[1.8599014, 0.90545577, 0.82959235, 0.12485341]
[1.9032398, 0.8666576, 0.89482903, 0.14175315]
[1.7800919, 0.78986, 0.8384567, 0.15177523]
[1.8665591, 0.9173834, 0.81435734, 0.13481845]
[1.7663308, 0.8317088, 0.8109412, 0.123680785]
[2.0212352, 0.94285965, 0.944646, 0.13372958]
[1.6842949, 0.94641757, 0.61541283, 0.12246453]
[1.797071, 0.78501844, 0.8864907, 0.1255619]
[1.8357885, 0.72222894, 0.9876496, 0.12590994]
[1.8305274, 0.81912917, 0.86701536, 0.14438286]
[1.8202163, 0.89188683, 0.79859734, 0.12973218]
[1.8737073, 0.79752815, 0.925284, 0.15089507]
[1.8554221, 1.0883093, 0.62223625, 0.14487663]
[1.7480612, 0.92790216, 0.6904653, 0.12969379]
[1.8183904, 0.888556, 0.8112587, 0.11857571]
[1.8327909, 0.76918066, 0.9312933, 0.1323168]
[1.7382165, 0.76076376, 0.85297453, 0.124478236]
[1.6207763, 0.7327337, 0.7575749, 0.13046765]
[1.8018495, 0.9672048, 0.69537544, 0.13926926]
[1.8491275, 0.7551968, 0.9562064, 0.13772443]
[1.7754098, 0.778883, 0.8443735, 0.15215334]
[1.55821, 0.8348284, 0.5737801, 0.14960155]
[1.7235873, 0.726985, 0.84715605, 0.14944625]
[2.1436055, 0.9137484, 1.0735775, 0.15627955]
[2.0101604, 0.9498048, 0.9157785, 0.14457703]
[1.7545651, 0.8967546, 0.7175821, 0.14022842]
[1.9982185, 0.82842934, 1.0309937, 0.1387955]
[1.8364135, 0.9610867, 0.7507955, 0.124531396]
[1.9562912, 0.66566515, 1.1654819, 0.1251441]
[1.7359661, 0.85246, 0.75088996, 0.13261613]
[1.8554456, 0.8271307, 0.89440835, 0.13390654]
[1.6802862, 0.8238977, 0.72491705, 0.13147144]
[1.8464004, 0.8388101, 0.8574221, 0.15016815]
[1.6169997, 0.6224234, 0.87193286, 0.122643486]
[1.8120401, 0.9425484, 0.73755294, 0.13193864]
[1.5309502, 0.7970239, 0.6142099, 0.11971639]
[1.6158429, 0.56836563, 0.9029385, 0.1445388]
[1.705209, 0.85027885, 0.7141318, 0.14079827]
[1.611713, 0.7034334, 0.7640031, 0.14427647]
[1.9835739, 0.93001544, 0.9050302, 0.14852837]
[1.7955284, 0.81342113, 0.8418194, 0.14028792]
[1.9768969, 1.1355026, 0.69485974, 0.14653453]
[1.9014884, 0.8355231, 0.93283707, 0.13312829]
[1.83363, 0.8805881, 0.80522645, 0.14781538]
[1.6857874, 0.77574885, 0.7832588, 0.1267798]
[1.9312483, 0.82857406, 0.9551301, 0.14754418]
[1.6950309, 0.8074622, 0.75529337, 0.13227533]
[1.8540779, 0.88481915, 0.8371962, 0.13206257]
[1.507156, 0.7111987, 0.6452095, 0.15074791]
[1.684822, 0.7356523, 0.80440915, 0.14476049]
[1.6730866, 0.71820587, 0.79639065, 0.15849018]
[1.9391556, 1.1818308, 0.61143404, 0.14589077]
[1.6869614, 0.77039385, 0.7656386, 0.150929]
[1.7727329, 0.85420495, 0.7845825, 0.13394532]
[1.6732669, 0.91062576, 0.6282569, 0.13438419]
[1.6788554, 0.6388478, 0.88859737, 0.15141016]
[1.6834679, 0.8405711, 0.6860717, 0.1568251]
[1.8918505, 0.78478813, 0.94001245, 0.16704985]
[1.637927, 0.7691257, 0.7176147, 0.15118675]
[1.940932, 0.8113765, 0.95641756, 0.17313796]
[1.6281399, 0.5736927, 0.8986496, 0.1557976]
[1.6046541, 0.71451056, 0.71474826, 0.17539528]
[1.9232982, 0.8566966, 0.9042351, 0.16236651]
[1.955024, 0.8967867, 0.9071658, 0.15107153]
[1.6819901, 0.802963, 0.74100447, 0.13802266]
[1.8451687, 0.72839534, 0.95597994, 0.16079344]
[1.7473745, 0.7370986, 0.84405696, 0.16621904]
