[1.0889535, 1.307664] 
[1.2854916, 1.2066324] 
[1.0748762, 1.189632] 
[1.2511115, 1.0438368] 
[1.1855011, 1.2944838] 
[1.1189845, 0.9635252] 
[1.2892978, 1.1417074] 
[1.179507, 1.0124731] 
[1.2611237, 1.016204] 
[1.440481, 1.2527709] 
[1.1691625, 1.0941718] 
[1.3791058, 1.3087567] 
[1.3761988, 1.2683858] 
[1.2114911, 1.1772869] 
[1.1509082, 1.3127415] 
[1.3258691, 1.1412771] 
[1.5535277, 1.3747898] 
[1.3213551, 1.1206453] 
[1.4064987, 1.1811831] 
[1.4137102, 1.1349925] 
[1.2430816, 1.1836051] 
[1.4546633, 1.5129297] 
[1.342656, 1.3640583] 
[1.3537371, 1.4538914] 
[1.0526836, 1.3979425] 
[1.5684762, 1.3506] 
[1.3280358, 1.0429429] 
[1.2439674, 1.0582988] 
[1.4565482, 1.2054865] 
[1.033293, 0.8848758] 
[1.2870953, 1.4500512] 
[1.4850819, 1.440953] 
[1.2047254, 1.2841656] 
[1.2806551, 1.4376045] 
[0.9650328, 0.9271101] 
[1.5324528, 1.299989] 
[1.2526287, 1.055383] 
[1.0515101, 0.8710507] 
[1.2299333, 1.0537889] 
[1.2558545, 1.1337667] 
[1.0001307, 0.9940708] 
[1.3015647, 1.4837708] 
[1.1255307, 1.1744747] 
[1.2212704, 1.2117536] 
[1.2231163, 1.2841372] 
[1.0911301, 0.9764937] 
[1.1083373, 0.9996313] 
[1.2553864, 1.0970521] 
[1.2415285, 1.0474303] 
[1.0448143, 0.93230695] 
[1.1097245, 1.2099905] 
[1.056459, 1.13362] 
[1.1809998, 1.1573472] 
[1.2452753, 1.1748779] 
[1.2431599, 1.1261333] 
[1.3822439, 1.2210325] 
[1.2760311, 1.1214964] 
[1.2826297, 1.090785] 
[1.3008512, 1.0854554] 
[1.1649913, 0.9828117] 
[1.0634862, 1.2407854] 
[1.2585435, 1.1679406] 
[1.6275144, 1.5542402] 
[1.2279866, 1.2482911] 
[1.3502824, 1.0030615] 
[1.2676287, 1.0793966] 
[1.4092491, 1.1620351] 
[1.5609186, 1.2803353] 
[1.14484, 0.9419155] 
[1.4276958, 1.2677258] 
[1.1874676, 1.2998176] 
[1.6978574, 1.5174558] 
[1.1648645, 1.2271322] 
[1.5173976, 1.4953706] 
[1.4337658, 1.290068] 
[1.5261351, 1.3246112] 
[1.2321899, 1.012857] 
[1.481461, 1.2864647] 
[1.2957915, 1.0302614] 
[1.3211637, 1.1252896] 
[1.445271, 1.3661412] 
[1.10086, 1.0793458] 
[1.2133058, 1.3976986] 
[1.2979952, 1.2333547] 
[1.3768697, 1.512457] 
[1.567077, 1.3437097] 
[1.190774, 0.9944529] 
[1.2010355, 0.99744725] 
[1.2332951, 1.0424795] 
[1.2675505, 0.9912944] 
[1.4035815, 1.7034123] 
[1.3807511, 1.2592267] 
[1.2771351, 1.2112653] 
[0.9608544, 1.2780674] 
[1.0889789, 1.1820612] 
[1.2820151, 1.1151035] 
[1.1700574, 1.0007693] 
[1.5230566, 1.3287776] 
[1.3416989, 1.1817417] 
[0.9718534, 0.84795094] 
[1.0879745, 0.97495544] 
[1.2158985, 1.1839681] 
[1.1229885, 0.9884658] 
[1.163199, 1.1472166] 
[1.6108272, 1.2658165] 
[1.084106, 0.9609898] 
[1.1651729, 0.9305209] 
[1.2331631, 1.1366646] 
[1.099785, 0.99945986] 
[1.4150305, 1.2647045] 
[1.1067221, 1.1294402] 
[1.268682, 1.088256] 
[1.3707277, 1.4600828] 
[1.1880811, 1.0137804] 
[1.2888755, 1.2408701] 
[1.2551271, 1.0993443] 
[1.2887129, 1.1500292] 
[1.2058809, 1.0420079] 
[1.0936642, 0.87378764] 
[1.2126465, 0.9924705] 
[1.0058546, 1.2181141] 
[1.1785026, 1.2594113] 
[1.3092315, 1.287227] 
[1.4926908, 1.387857] 
[1.3909628, 1.2978582] 
[1.2634308, 1.051318] 
[1.7221055, 1.4308001] 
[1.0751263, 0.92259765] 
[1.3455341, 1.1104633] 
[1.2377694, 1.0453953] 
[1.4092598, 1.1992557] 
[1.4198322, 1.4287332] 
[1.3138921, 1.2106531] 
[1.168176, 1.1753306] 
[1.2892342, 1.2961085] 
[1.3013074, 1.1084883] 
[1.2113168, 1.002185] 
[0.9748556, 0.86023474] 
[1.3167114, 1.1611857] 
[1.3824979, 1.1822146] 
[1.3012997, 1.2646316] 
[1.3733096, 1.4525268] 
[1.1617885, 1.261965] 
[1.5338373, 1.3464016] 
[1.307872, 1.2434995] 
[1.3539307, 1.1245092] 
[1.0768375, 0.8948482] 
[1.5350999, 1.2869309] 
[1.4255147, 1.2183323] 
[1.1894922, 1.001154] 
[1.2551606, 0.99816334] 
[1.1754582, 1.1029478] 
[1.210855, 1.2042407] 
[1.1090543, 1.3251255] 
[1.0489142, 1.297652] 
[0.83706313, 0.70673096] 
[1.1700957, 0.9694632] 
[1.1058848, 0.9808065] 
[1.3957703, 1.2300634] 
[1.1287242, 0.94237804] 
[1.352521, 1.2206225] 
[1.2570617, 1.257216] 
[1.0804076, 0.9553784] 
[1.021779, 1.0778008] 
[1.2189212, 1.5536002] 
[1.2544564, 1.1046578] 
[1.259763, 1.1005776] 
[1.2963178, 1.1439536] 
[1.3489294, 1.1855073] 
[1.2135491, 1.0626976] 
[1.09321, 1.1284531] 
[1.322631, 1.4128914] 
[1.3612067, 0.96398425] 
[1.2402799, 1.320213] 
[1.2349496, 1.2571807] 
[1.1591873, 1.0665822] 
[1.0078113, 0.9325769] 
[1.237883, 1.1272435] 
[1.3022752, 1.2084312] 
[1.2276115, 1.0182385] 
[1.2207319, 1.092294] 
[1.2290056, 1.3066126] 
[1.1835728, 1.4330938] 
[1.3136251, 1.2382565] 
[1.37993, 1.3492415] 
[1.4590331, 1.3101152] 
[1.2078276, 1.0777259] 
[1.2017401, 1.100248] 
[0.9546685, 0.85975087] 
[1.1225631, 1.0329695] 
[1.5397964, 1.5120821] 
[1.2202286, 1.4805579] 
[1.0295718, 1.3115067] 
[1.3363359, 1.0486336] 
[1.4489555, 1.3057537] 
[1.0185158, 0.83980525] 
[1.4343522, 1.1978999] 
[1.4248501, 1.2601634] 
[1.282166, 1.1304488] 
[1.2645718, 1.1184998] 
[1.2920053, 1.4612713] 
[1.4861276, 1.2923651] 
[1.1941508, 1.3113127] 
[1.3145463, 1.4872967] 
[1.1872633, 1.141806] 
[1.5388002, 1.2503211] 
[1.3636574, 1.144417] 
[1.4091748, 1.2156355] 
[1.3821069, 1.1798131] 
[1.3685007, 1.2091498] 
[1.3786085, 1.3908573] 
[1.1167586, 1.2065891] 
[1.3604015, 1.393914] 
[1.3010721, 1.2284793] 
[1.100399, 1.0403907] 
[1.2073259, 0.9907639] 
[1.4593613, 1.133405] 
[1.2222024, 1.0488484] 
[1.4129074, 1.207276] 
[1.3995161, 1.2063649] 
[1.2955161, 1.2939496] 
[1.0847263, 1.0118339] 
[1.1962299, 1.1486592] 
[1.1603103, 1.1147126] 
[1.3627541, 1.1939309] 
[1.6565626, 1.451081] 
[1.2808479, 1.1107924] 
[1.0987337, 0.9404373] 
[1.3560896, 1.1062313] 
[1.4141686, 1.1881937] 
[1.2108749, 1.144874] 
[1.3370199, 1.2047732] 
[1.4452268, 1.4690092] 
[1.2816448, 1.2534673] 
[1.4328309, 1.3218651] 
[1.3179705, 1.0261818] 
[1.4239364, 1.1447037] 
[1.2571241, 1.0535969] 
[1.6406432, 1.3978274] 
[1.2619748, 1.0494978] 
[1.2941365, 1.0942154] 
[1.3620739, 1.1984382] 
[1.117099, 1.3250053] 
[1.1445516, 1.0898087] 
[1.2280712, 1.1989524] 
[1.5736856, 1.186227] 
[1.0749401, 0.8757881] 
[1.3593663, 1.0592287] 
[1.534314, 1.2823263] 
[1.346242, 1.1843559] 
[1.4792762, 1.3321346] 
[1.114267, 1.2924628] 
[1.3616376, 1.2034789] 
[1.5031916, 2.0523474] 
[1.324157, 1.1497605] 
[1.6209651, 1.3314354] 
[1.2795866, 1.1009438] 
[1.124208, 0.9307878] 
[1.1840265, 0.99496067] 
[1.2809231, 1.0886346] 
[1.1251562, 1.0273695] 
[1.133611, 1.3303995] 
[1.315302, 1.2548814] 
[1.7295301, 1.2654254] 
[1.3223717, 1.1019033] 
[0.927789, 0.76705545] 
[0.9409333, 0.772176] 
[1.0948585, 0.9562533] 
[1.307539, 1.1108283] 
[1.3530178, 1.1710062] 
[1.2130947, 1.1287961] 
[1.2286031, 1.3503437] 
[1.427738, 1.3705223] 
[1.347645, 1.770067] 
[1.2166569, 1.3260853] 
[1.0816072, 0.8641186] 
[1.2827048, 1.1363804] 
[1.3491983, 1.1132394] 
[1.2151811, 0.9956622] 
[1.140682, 0.9310626] 
[1.1523519, 1.350704] 
[1.2813195, 1.155287] 
[1.1183307, 1.1360692] 
[1.3803127, 1.2188928] 
[1.0651008, 1.1501656] 
[1.0722398, 0.8750322] 
[1.1323142, 0.9777614] 
[0.96438766, 0.83188087] 
[1.1683662, 0.9938967] 
[1.3703685, 1.1862293] 
[1.361382, 1.2943174] 
[1.2620016, 1.1698468] 
[1.2528766, 1.2945302] 
[1.5606496, 1.4620554] 
[1.5672412, 1.3070662] 
[1.4544274, 1.1840183] 
[1.1919086, 1.0844591] 
[1.4605622, 1.219916] 
[1.5066509, 1.2705688] 
[1.1491275, 0.99335456] 
[1.5301408, 1.3440905] 
[1.397893, 1.3103083] 
[1.4349928, 1.366029] 
[1.0492996, 0.940366] 
[1.3164022, 1.1126676] 
[1.2800846, 1.1011336] 
[1.0015745, 0.8833363] 
[1.8034623, 1.4151905] 
[1.096811, 0.91887975] 
[1.5938506, 1.3786368] 
[1.2750818, 1.1985737] 
[1.166266, 1.0005163] 
[1.4252609, 1.8685033] 
[1.3624992, 1.2779875] 
[1.4827168, 1.5093259] 
[1.2722553, 1.0319872] 
[1.3514475, 1.1076138] 
[1.2153792, 0.9980007] 
[1.3026402, 1.0786016] 
[1.3045845, 1.1536441] 
[1.0926409, 1.1913888] 
[1.3732696, 1.0370803] 
[0.9404315, 1.0807201] 
[1.0558822, 1.0275174] 
[1.4082379, 1.2640343] 
[1.4318316, 1.1502185] 
[1.1216881, 0.97600925] 
[1.2868352, 1.129364] 
[1.0202667, 0.876267] 
[1.203526, 1.0854856] 
[1.274616, 1.2804053] 
[1.3531542, 1.3802009] 
[1.0969832, 1.1481771] 
[1.0703288, 1.129782] 
[1.2017581, 1.3225585] 
[1.0691085, 0.902784] 
[1.0937159, 0.9527647] 
[1.33073, 1.1222663] 
[1.4001608, 1.2374779] 
[1.2412945, 1.0545077] 
[1.1344166, 1.2269386] 
[1.2055053, 1.1416847] 
[1.30793, 1.130353] 
[1.2506235, 1.4556842] 
[1.2194211, 1.1544614] 
[1.6459544, 1.4277234] 
[1.3939651, 1.156249] 
[1.3881913, 1.1349347] 
[1.3125644, 1.1386625] 
[1.225363, 0.99602276] 
[1.4773204, 1.5044103] 
[1.3182995, 1.4715154] 
[1.2310724, 1.2518] 
[1.1768322, 1.3784038] 
[1.4761794, 1.4065497] 
[1.2135165, 1.0300483] 
[1.2146634, 1.0419983] 
[1.2303857, 1.0238557] 
[1.7822604, 1.4707146] 
[1.1971259, 0.9767646] 
[1.360261, 1.3963976] 
[0.9505763, 0.9119844] 
[1.4320066, 1.3003565] 
[1.3911941, 1.3020108] 
[1.1435556, 1.1761024] 
[1.1199514, 0.9315827] 
[1.1342878, 0.9609132] 
[1.2139144, 1.0118833] 
[1.4545231, 1.1442914] 
[1.3726623, 1.1775341] 
[1.1027012, 1.1159309] 
[1.2542987, 1.1944652] 
[1.290762, 1.4079642] 
[1.4996837, 1.5633882] 
[1.2753837, 1.1573328] 
[1.3119166, 1.1866375] 
[1.0510104, 0.89645725] 
[1.4060779, 1.1256312] 
[1.3246226, 1.1929629] 
[1.2359433, 1.0860676] 
[1.1751959, 1.1904287] 
[1.243938, 1.0821784] 
[1.0476224, 0.9382047] 
[1.2295693, 1.2179774] 
[1.1534333, 1.1911283] 
[1.4618033, 1.2108397] 
[1.1697127, 1.0130851] 
[1.4522766, 1.2660284] 
[1.1300197, 0.94649506] 
[1.3657544, 1.2066703] 
[1.2743361, 1.1998653] 
[1.3107554, 1.3218882] 
[1.1672268, 1.2799913] 
[1.1833496, 1.1070347] 
[1.6145688, 1.2216537] 
[0.99001825, 0.89904404] 
[1.2732052, 1.113452] 
[1.3008742, 1.1447443] 
[1.2726139, 1.0816247] 
[1.3471901, 1.1654371] 
[1.0009761, 1.067224] 
[1.1820674, 1.0708956] 
[1.3584336, 1.267497] 
[1.1443754, 1.2422681] 
[1.1803429, 1.177879] 
[1.3391436, 1.2129093] 
[1.1674197, 0.9758411] 
[1.4401981, 1.212923] 
[1.4314556, 1.1845367] 
[1.656477, 1.3910714] 
[1.0574266, 1.137229] 
[1.5590539, 1.331743] 
[1.099248, 1.0330588] 
[1.0955219, 1.1704316] 
[1.4450612, 1.3502473] 
[1.2958542, 1.090663] 
[1.3197979, 1.1534209] 
[1.2432032, 1.026587] 
[1.2041125, 0.9534501] 
[1.3827282, 1.2069538] 
[0.9837855, 1.1086186] 
[1.2181227, 1.4482031] 
[0.9754459, 1.1376823] 
[1.401278, 1.3751547] 
[1.2199078, 1.2448385] 
[1.4271882, 1.1051325] 
[1.2061775, 1.0277026] 
[1.4669126, 1.2301941] 
[1.4992254, 1.2583952] 
[1.1889694, 0.9711839] 
[1.3955523, 1.2638651] 
[1.4996183, 1.4936934] 
[1.0149609, 1.0823948] 
[1.256797, 1.2066224] 
[0.8760244, 0.90744764] 
[1.461386, 1.2453215] 
[1.3659186, 1.1708854] 
[1.4698805, 1.2368909] 
[1.054704, 0.858597] 
[1.6835188, 1.3404241] 
[1.3095328, 1.3314433] 
[1.4600421, 1.497266] 
[1.3116091, 1.2542118] 
[1.2528546, 1.2948563] 
[1.6883382, 1.5515397] 
[1.3197708, 1.1526096] 
[1.4914012, 1.2874764] 
[1.2989361, 1.0552738] 
[1.5073061, 1.2838426] 
[1.0975499, 0.9323685] 
[1.3716459, 1.4969358] 
[1.3730197, 1.3040974] 
[1.1032236, 1.3107771] 
[1.0846324, 1.2963679] 
[1.5313118, 1.6118011] 
[1.2477133, 1.1036747] 
[1.4855864, 1.2349801] 
[1.6174126, 1.2544935] 
[0.9994985, 0.8189829] 
[1.1259422, 0.91341275] 
[1.2836239, 0.9914373] 
[1.0460775, 0.99504095] 
[1.272053, 1.0861887] 
[0.99691725, 1.1504099] 
[1.0146899, 1.1608306] 
[1.5211322, 1.1690359] 
[1.0466794, 0.9396858] 
[1.3223956, 1.079577] 
[1.2092285, 1.0157235] 
[1.4299471, 1.2425867] 
[1.0241451, 1.211138] 
[1.3470731, 1.544235] 
[1.1162343, 1.0976472] 
[1.3232164, 1.2814509] 
[1.3140152, 1.2047167] 
[1.426779, 1.2152023] 
[1.4848142, 1.3117926] 
[1.3554891, 1.1667867] 
[1.2157041, 1.020535] 
[1.1253932, 0.92729783] 
[1.154845, 1.139632] 
[1.2088363, 1.2499583] 
[1.4422866, 1.6016806] 
[1.2855065, 1.4075997] 
[1.389477, 1.2829448] 
[1.3536137, 1.1310353] 
[1.3624024, 1.1906526] 
[1.4947166, 1.3398511] 
[1.1549416, 0.9789721] 
[1.2765632, 1.0187991] 
[1.1330211, 1.1274478] 
[1.3828299, 1.2117217] 
[1.3327062, 1.3427339] 
[1.1416271, 1.2636337] 
[1.3113588, 1.4077964] 
[1.3099864, 1.1064737] 
[1.412879, 1.2323723] 
[0.96095264, 0.8119483] 
[1.0618244, 0.8897392] 
[1.0973977, 0.9714701] 
[1.7494636, 1.6193652] 
[0.92032206, 1.0504037] 
[1.4091091, 1.4606792] 
[1.4377037, 1.396209] 
[1.3800482, 1.494688] 
[1.2838027, 1.104779] 
[1.2891992, 1.1403581] 
[1.4370465, 1.1954] 
[1.2718389, 1.0827831] 
[1.1934396, 1.0258627] 
[1.4451816, 1.3368621] 
[1.356458, 1.1898063] 
[1.03174, 1.1528662] 
[1.2518886, 1.1251513] 
[0.94922805, 1.2208899] 
[1.26402, 1.1543831] 
[1.2018186, 0.98903406] 
[1.2710004, 1.0514846] 
[1.151725, 1.0246437] 
[1.4588387, 1.3050519] 
[1.1979737, 1.2170359] 
[1.2429335, 1.2495131] 
[1.0816154, 1.0518825] 
[1.5016627, 1.4175465] 
[1.511716, 1.2776923] 
[1.1761701, 1.0362027] 
[1.3250985, 1.0968626] 
[1.0951314, 0.8890675] 
[1.1346202, 0.9974304] 
[1.3250196, 1.1764009] 
[1.3692274, 1.3364071] 
[1.1779919, 1.4083819] 
[1.3876563, 1.1404204] 
[1.3300178, 1.3595366] 
[1.0458447, 1.2352421] 
[1.3187149, 1.1364183] 
[1.3777276, 1.1112529] 
[1.3011777, 1.0909355] 
[1.2921215, 1.0972345] 
[1.2242236, 1.0550731] 
[1.3304145, 1.1762824] 
[1.2115722, 1.3273473] 
[1.1395965, 1.177213] 
[1.5928142, 1.3909771] 
[1.3623244, 1.5260324] 
[1.0544931, 0.83987546] 
[1.4214249, 1.2440715] 
[1.4815881, 1.2347555] 
[1.3300742, 1.1004174] 
[1.0624338, 0.89312685] 
[1.3893809, 1.2543007] 
[1.3038331, 1.3772044] 
[1.2096753, 1.3124909] 
[1.3755903, 1.2413144] 
[1.4532394, 1.4409068] 
[1.3164387, 1.1129615] 
[1.2260971, 1.0975184] 
[1.204135, 1.0405843] 
[1.3034993, 1.0267069] 
[1.4049616, 1.1962273] 
[1.061374, 1.1417682] 
[1.2608415, 1.208817] 
[1.1649754, 1.0519586] 
[1.5960782, 1.5316204] 
[1.1998731, 1.2649261] 
[1.414008, 1.1698469] 
[1.3723333, 1.1118649] 
[1.2506876, 1.0496497] 
[1.2048371, 1.0459703] 
[1.192594, 1.0518875] 
[1.3666631, 1.2933105] 
[1.19498, 1.2218903] 
[1.1138544, 1.0167334] 
[1.1758759, 1.2029297] 
[1.2002957, 1.4179603] 
[1.1559819, 0.9867874] 
[1.2980342, 1.0860755] 
[1.2197793, 1.0208718] 
[1.3379956, 1.1381371] 
[1.2207625, 1.0566113] 
[1.359525, 1.2218454] 
[1.0987409, 1.1715953] 
[1.2828453, 1.2341111] 
[1.4675943, 1.3672206] 
[0.983919, 1.0958855] 
[1.5304339, 1.2462779] 
[1.2460167, 1.0569874] 
[1.1682923, 1.0253953] 
[1.3348768, 1.2177632] 
[1.1885718, 0.9802545] 
[0.95119953, 1.1979105] 
[1.1613331, 1.3272933] 
[1.2299825, 1.3242984] 
[1.1765518, 1.1388662] 
[1.2524278, 1.1467934] 
[1.5569057, 1.3526533] 
[1.3448032, 1.0936866] 
[1.4137942, 1.2087389] 
[0.9469681, 0.796646] 
[1.2437692, 1.0632809] 
[1.2085612, 1.2504777] 
[1.2837784, 1.3977553] 
[1.2888534, 1.2873634] 
[1.1142358, 1.2926482] 
[1.4765389, 1.5693655] 
[1.1654747, 1.0083668] 
[1.5305045, 1.3101894] 
[1.2455515, 1.0093232] 
[1.1504754, 1.0206931] 
[1.3289418, 1.1353796] 
[1.2220192, 1.274263] 
[1.0497334, 1.1453116] 
[1.2721608, 1.2490079] 
[1.1464013, 1.3772488] 
[1.4270502, 1.3207836] 
[1.2354522, 0.9812852] 
[1.2924004, 1.1040072] 
[1.3537929, 1.1936723] 
[1.4778101, 1.2552462] 
[1.3047252, 1.0935165] 
[1.2355444, 1.3859475] 
[1.361362, 1.1629131] 
[1.3528427, 1.4365687] 
[1.1078932, 0.96163154] 
[0.9130764, 1.1586788] 
[1.1823101, 1.0109228] 
[1.3694742, 1.241718] 
[1.4774184, 1.3010848] 
[1.1940923, 1.0133731] 
[1.0213268, 0.8991348] 
[1.2380624, 1.1267906] 
[1.1524965, 1.0961301] 
[1.3428991, 1.2779281] 
[1.0986326, 1.3524966] 
[1.1454483, 1.2032757] 
[1.2942156, 1.142319] 
[1.23704, 1.0358758] 
[1.3215734, 1.1665039] 
[1.4264338, 1.2269974] 
[1.4129007, 1.1848309] 
[1.1368375, 1.0356889] 
[1.315248, 1.2152429] 
[1.3423231, 1.3255966] 
[0.99097013, 1.020074] 
[1.6405929, 1.3144714] 
[1.1768091, 0.9938943] 
[1.2012508, 1.0487211] 
[1.2954353, 1.1095219] 
[1.1962111, 1.0787466] 
[1.3012989, 1.1018767] 
[1.2336588, 1.1934593] 
[1.2165312, 1.345398] 
[1.0817125, 0.94107646] 
[1.2987609, 1.3387604] 
[1.1537161, 1.0998179] 
[1.4031243, 1.159572] 
[1.1644056, 0.97149235] 
[1.2769668, 1.0088935] 
[1.0393636, 0.85217273] 
[1.429646, 1.2111067] 
[1.4652234, 1.1666882] 
[1.1861186, 1.1306024] 
[1.3701487, 1.2442211] 
[1.5666072, 1.4222023] 
[1.1629555, 1.4217528] 
[1.2537887, 1.0805104] 
[1.2149534, 1.0477812] 
[1.3769176, 1.2149068] 
[1.3448544, 1.1928792] 
[1.3416259, 1.1216505] 
[1.569519, 1.4788342] 
[1.3583945, 1.1430255] 
[1.1853194, 1.4262168] 
[1.2551203, 1.274301] 
[1.2322778, 1.4461174] 
[1.0281852, 0.8788924] 
[1.3858514, 1.1061311] 
[1.2544408, 1.0646337] 
[1.7195464, 1.3852568] 
[1.4555149, 1.2515757] 
[1.1598961, 1.0276628] 
[1.1211379, 1.0338069] 
[1.1306807, 1.4610336] 
[1.4580047, 1.1865342] 
[1.1690354, 1.4037657] 
[1.3752017, 1.12114] 
[1.3960972, 1.1800056] 
[1.1664323, 1.0165434] 
[1.1234492, 0.9581281] 
[1.3872029, 1.0997043] 
[1.2262855, 1.0253738] 
[1.1811715, 1.2497327] 
[1.6426213, 1.5191815] 
[0.9935001, 1.1763575] 
[1.1490338, 1.1876397] 
[1.2749581, 1.1217815] 
[1.3139666, 1.0773942] 
[1.3568599, 1.170871] 
[1.5113804, 1.2502581] 
[1.2525496, 1.0459204] 
[1.413033, 1.1483301] 
[1.1564181, 1.0720458] 
[1.4345756, 1.2286148] 
[1.0962827, 1.0038452] 
[1.2903978, 1.2885838] 
[1.0631654, 0.8485689] 
[1.1897625, 1.0414178] 
[1.3979065, 1.1808555] 
[1.0638201, 0.8874581] 
[1.470591, 1.2745218] 
[1.1505086, 1.2607582] 
[1.4541097, 1.4177275] 
[1.1230793, 1.0199656] 
[1.2198555, 1.0737276] 
[0.961252, 1.0742154] 
[1.3135751, 1.1521735] 
[1.172205, 1.0238273] 
[1.1157415, 0.94236946] 
[1.4904294, 1.2854633] 
[1.3924417, 1.184916] 
[1.3453429, 0.89969105] 
[1.3664349, 1.2329059] 
[1.2459326, 1.2917075] 
[1.3605793, 1.2680261] 
[1.4000585, 1.2953072] 
[1.2173655, 0.98399734] 
[1.5386949, 1.3050029] 
[1.3676387, 1.1988425] 
[1.18566, 0.98455167] 
[1.3809657, 1.1224979] 
[1.0979042, 1.0594525] 
[1.3573478, 1.0814003] 
[1.2971423, 1.3971124] 
[1.2699378, 1.223732] 
[1.5239387, 1.3643758] 
[1.4304489, 1.2171022] 
[1.1596456, 0.9307511] 
[1.5237069, 1.2445847] 
[1.2073627, 1.0274293] 
[1.6333709, 1.3331075] 
[1.2558177, 1.1552943] 
[1.0079088, 1.1245232] 
[0.9781448, 1.3464668] 
[1.2313094, 1.1586506] 
[0.96168756, 1.3048879] 
[1.2306849, 1.0106524] 
[1.1425645, 1.0054613] 
[1.2576467, 1.0369855] 
[0.97558296, 0.7842713] 
[1.1809781, 1.0320413] 
[1.5225174, 1.4627501] 
[1.0861837, 1.3481386] 
[1.2926936, 1.3678149] 
[1.1062305, 1.0288332] 
[1.1720691, 1.2664229] 
[1.6243317, 1.1708156] 
[1.2110139, 1.0552586] 
[1.2447159, 1.0437334] 
[1.2446123, 1.078126] 
[1.3785658, 1.2205503] 
[1.0844015, 1.0708141] 
[1.2490258, 1.3615589] 
[1.1227033, 1.2797692] 
[1.4997821, 1.3563771] 
[1.4564859, 1.3674837] 
[1.5482048, 1.3332355] 
[1.5200659, 1.3448782] 
[1.3071487, 1.1807455] 
[1.2635564, 1.0612757] 
[1.328026, 1.1337292] 
[1.2864435, 1.2324655] 
[1.2650077, 1.2959917] 
[1.1571779, 1.3719769] 
[1.3434032, 1.2988212] 
[1.0795114, 1.1831157] 
[1.3512144, 1.1965516] 
[1.4054426, 1.2371576] 
[1.3230046, 1.1724823] 
[1.3840556, 1.1212387] 
[1.3957932, 1.1959441] 
[1.2188118, 1.3132744] 
[0.9824786, 1.0309141] 
[1.2323982, 1.1954497] 
[1.2926776, 1.3638167] 
[1.2809312, 1.1044451] 
[1.3208333, 1.1049412] 
[1.0677254, 0.9309151] 
[1.2527807, 1.0645795] 
[1.4462779, 1.222512] 
[1.1212702, 0.9118227] 
[0.98114085, 1.0958866] 
[1.1969116, 1.0679994] 
[1.2586163, 1.3903748] 
[1.2568593, 1.1865685] 
[1.252005, 1.1919166] 
[1.3290153, 1.0737743] 
[1.2153125, 1.0033185] 
[1.2938943, 1.1334608] 
[1.1688643, 0.99740255] 
[1.4267046, 1.2328057] 
[1.20435, 1.2660437] 
[1.2464755, 1.1199543] 
[1.3327892, 1.4566011] 
[1.1444876, 1.26918] 
[1.2755549, 1.2229432] 
[1.3397686, 1.1371565] 
[1.2252761, 1.0551922] 
[1.2990158, 1.0937443] 
[1.139165, 1.0169295] 
[1.4161878, 1.2529051] 
[1.1052077, 1.3967069] 
[1.4636353, 1.4171863] 
[1.0897596, 1.1854486] 
[1.5081484, 1.3571254] 
[1.1886241, 1.2188337] 
[1.4060849, 1.1864314] 
[1.2731229, 1.1000161] 
[1.3083309, 1.109971] 
[1.618646, 1.3757966] 
[1.4326538, 1.2758439] 
[1.4752463, 1.4347422] 
[1.242142, 1.3054295] 
[1.237313, 1.3727045] 
[1.2949919, 1.1211636] 
[1.1912042, 1.4367111] 
[1.3752223, 1.2564139] 
[1.2854108, 1.0798802] 
[1.1913477, 1.0411553] 
[1.2098566, 0.9592358] 
[1.1934628, 0.97411793] 
[1.1082249, 1.0862087] 
[1.1004251, 1.2579184] 
[1.2151284, 1.2715058] 
[1.251511, 1.2961087] 
[1.1816912, 1.1818043] 
[1.2538111, 1.0332363] 
[1.3874173, 1.0261748] 
[1.3073785, 1.1512797] 
[1.2314537, 1.0277267] 
[1.0329372, 0.7990211] 
[1.2164872, 1.2284634] 
[1.3745525, 1.2459521] 
[1.2033768, 1.3540789] 
[0.9882028, 1.0848469] 
[1.2454588, 1.1856503] 
[1.1061387, 0.84564334] 
[1.4150996, 1.1614661] 
[1.2568269, 1.0677598] 
[1.3445754, 1.1293164] 
[1.1905019, 0.93659925] 
[1.3775256, 1.4971653] 
[1.6341912, 1.4183152] 
[1.1319094, 1.3678433] 
[1.2716429, 1.3400433] 
[0.99169064, 1.1427352] 
[1.2407079, 1.0117342] 
[1.2000903, 0.9912988] 
[1.3199265, 1.1657362] 
[1.2303338, 1.1285341] 
[1.4250991, 1.1822828] 
[1.2498131, 1.2639333] 
[1.1992799, 1.109448] 
[1.4016514, 1.22736] 
[1.1267855, 1.1783614] 
[1.172473, 1.1863481] 
[1.4499276, 1.269182] 
[1.164974, 1.0164275] 
[1.2181814, 1.0135224] 
[1.2376187, 1.0278474] 
[1.2425104, 1.0723964] 
[1.2472744, 1.064269] 
[0.8856783, 1.120593] 
[1.2463822, 1.1108813] 
[0.9069157, 0.9758507] 
[1.3911042, 1.2565758] 
[1.3249959, 1.1088161] 
[1.1838164, 0.989028] 
[1.190698, 1.0122895] 
[1.2931116, 1.0919442] 
[1.4360522, 1.175082] 
[1.1210985, 1.1129856] 
[1.0099151, 0.9056556] 
[1.4118125, 1.3718891] 
[1.0783801, 1.1301177] 
[1.4024887, 1.404852] 
[1.4669328, 1.2512133] 
[1.4506555, 1.2197351] 
[1.3528974, 1.1430135] 
[1.1769222, 0.9604113] 
[1.2415951, 1.1249115] 
[1.0556408, 1.0839989] 
[1.1901398, 1.1496034] 
[1.2992733, 1.2720315] 
[1.5727731, 1.4601791] 
[1.3239498, 1.0273337] 
[1.2910924, 1.0054493] 
[1.3150761, 1.1567379] 
[1.362164, 1.136405] 
[1.3834466, 1.1688414] 
[1.2205381, 1.0420002] 
[1.3217299, 1.1837322] 
[1.255544, 1.2101125] 
[1.2399969, 1.3100722] 
[1.3354381, 1.3687642] 
[1.3858217, 1.3143985] 
[1.1123874, 0.97724426] 
[1.2655752, 1.0367613] 
[1.0952768, 0.91251314] 
[1.4639244, 1.2729756] 
[1.1154385, 0.88404673] 
[1.0735171, 1.1042393] 
[1.299027, 1.2957926] 
[1.4156115, 1.377019] 
[1.1544354, 1.0984106] 
[1.2775171, 1.2102225] 
[1.2179947, 0.9283179] 
[1.4163029, 1.2207971] 
[1.1671371, 0.874588] 
[1.2786626, 0.9934954] 
[1.0386765, 0.88795817] 
[1.3999908, 1.3926153] 
[1.2403615, 1.327523] 
[1.1083809, 1.000244] 
[0.9990022, 1.183346] 
[1.1118152, 1.1536962] 
[1.2649691, 1.0848414] 
[1.153384, 0.9836933] 
[1.2438213, 1.037202] 
[1.2095019, 1.1135092] 
[1.6500341, 1.3217621] 
[1.3568801, 1.424002] 
[1.3606404, 1.3695415] 
[1.3653675, 1.5207592] 
[1.3053492, 1.4407718] 
[1.2676573, 1.1439362] 
[1.4441895, 1.169697] 
[1.3189747, 1.188251] 
[0.90415764, 0.7968067] 
[1.1626434, 1.0243773] 
[1.3479332, 1.100443] 
[1.2462833, 1.1918229] 
[1.0105662, 0.9861611] 
[1.3745122, 1.3787601] 
[1.2805446, 1.3256633] 
[1.3445518, 1.1554507] 
[1.1435552, 0.9808718] 
[1.3367683, 1.0926888] 
[1.468467, 1.2255379] 
[1.0926219, 0.947958] 
[1.0306991, 0.8357686] 
[1.3893386, 1.3739045] 
[1.332593, 1.1674978] 
[1.2425882, 1.2459536] 
[1.2974811, 1.3068533] 
[1.250841, 1.12449] 
[1.3122747, 1.1521912] 
[1.340637, 1.1686779] 
[1.2750974, 1.0157886] 
[1.02508, 0.91206664] 
[1.3046296, 1.1462452] 
[1.1547533, 1.2654171] 
[1.443264, 1.3206203] 
[1.1263044, 1.1381557] 
[1.3492126, 1.3439965] 
[1.256769, 1.3858505] 
[1.5021405, 1.2380738] 
[1.1424184, 0.99561405] 
[1.1987425, 1.0912216] 
[1.0999688, 0.9532391] 
[1.5822794, 1.4140481] 
[1.3259838, 1.1268506] 
[1.0786564, 0.9522617] 
[1.209734, 1.1401887] 
[1.2417314, 1.0032308] 
[1.2235329, 1.279094] 
[1.2979513, 1.1665486] 
[1.2789783, 1.0583496] 
[1.0719856, 0.8685324] 
[1.0579376, 0.9119579] 
[1.4033161, 1.2317781] 
[1.2112283, 1.3296969] 
[1.2988855, 1.3051411] 
[1.2010107, 1.4198942] 
[1.2523434, 1.1882362] 
[1.4217006, 1.2175653] 
[1.1879048, 0.9776068] 
[1.2941141, 1.1088395] 
[0.9729491, 0.8371958] 
[1.3840649, 1.1513296] 
[1.1865304, 1.0639689] 
[1.1706274, 1.1742587] 
[1.2470248, 1.1745237] 
[1.4024315, 1.0759404] 
[1.1799629, 1.2218747] 
[1.1117821, 1.3295457] 
[1.2358092, 1.0722353] 
[1.5325844, 1.2530606] 
[1.3675112, 1.208194] 
[1.5246226, 1.3198819] 
[1.2220528, 1.0753397] 
