[1.8423371, 0.8649582, 0.78963184, 0.18774697]
[1.6682974, 0.5923991, 0.91577965, 0.16011865]
[1.7779607, 0.97714823, 0.6109001, 0.18991235]
[1.7839285, 0.7124882, 0.897877, 0.17356333]
[1.7366408, 0.79539585, 0.759411, 0.18183401]
[1.5048814, 0.72439504, 0.611318, 0.16916838]
[1.811563, 0.83397293, 0.7951492, 0.18244088]
[1.6349787, 0.7670186, 0.693213, 0.17474708]
[1.4015542, 0.5378462, 0.67006934, 0.19363868]
[1.7855488, 0.96936965, 0.62579453, 0.19038466]
[2.103269, 0.8853185, 1.0445404, 0.1734102]
[1.8902614, 0.9446576, 0.77837193, 0.16723177]
[2.0218234, 0.9035659, 0.9529315, 0.16532597]
[1.7167671, 0.70738393, 0.82541233, 0.18397087]
[1.5496542, 0.65049505, 0.7347044, 0.16445483]
[1.9414531, 0.98928344, 0.78137183, 0.1707978]
[1.6734104, 0.6875765, 0.8354505, 0.15038344]
[1.6229981, 0.76883227, 0.71040624, 0.14375964]
[1.6532427, 0.670867, 0.80700624, 0.17536938]
[1.8482027, 1.0789937, 0.5939288, 0.17528015]
[1.8095973, 0.7148605, 0.94370234, 0.15103436]
[1.617836, 0.72312313, 0.7187919, 0.17592096]
[1.7591076, 0.8843614, 0.708426, 0.16632015]
[1.7292912, 0.69550586, 0.85469544, 0.17908986]
[1.4480364, 0.48416442, 0.8268951, 0.13697696]
[1.7163416, 1.0114379, 0.5480931, 0.15681063]
[1.6791761, 0.6479858, 0.8465458, 0.18464445]
[1.8218732, 0.79142547, 0.86720234, 0.16324548]
[1.7635462, 0.5092587, 1.0664047, 0.18788296]
[1.7613958, 0.8874386, 0.6924876, 0.18146959]
[1.6713921, 0.66239506, 0.85058165, 0.1584154]
[1.6932514, 0.74311507, 0.78432965, 0.16580671]
[1.7182648, 0.6182925, 0.9295665, 0.1704058]
[2.0266585, 1.0854394, 0.7585392, 0.18267985]
[1.4980696, 0.6191205, 0.69299304, 0.18595615]
[1.8279395, 0.7896219, 0.86561286, 0.17270468]
[1.5165186, 0.7836087, 0.56258863, 0.17032129]
[1.8829486, 0.79318297, 0.9155529, 0.1742127]
[1.5682558, 0.63859975, 0.7602496, 0.16940641]
[1.6799877, 0.8260215, 0.68946266, 0.1645036]
[1.6112201, 0.5780185, 0.8679538, 0.16524798]
[1.8817753, 1.050956, 0.6662329, 0.16458642]
[1.8367778, 0.7795181, 0.8861697, 0.17108996]
[1.6575427, 0.59908664, 0.884073, 0.17438301]
[1.7871771, 0.9291208, 0.70294225, 0.15511405]
[1.7928082, 0.5898806, 1.0344608, 0.16846679]
[1.8987906, 1.143091, 0.59856653, 0.15713312]
[1.6064131, 0.5972297, 0.8467117, 0.16247183]
[1.6377212, 0.81736743, 0.65756863, 0.16278513]
[1.7004366, 0.76101065, 0.7577658, 0.18166023]
[1.8653663, 1.1085304, 0.5858531, 0.17098287]
[1.8378245, 0.7291235, 0.949597, 0.15910402]
[1.5761523, 0.7016321, 0.6971937, 0.17732662]
[1.7775354, 0.6116822, 0.98871875, 0.17713457]
[1.8114125, 0.94813275, 0.6935572, 0.16972245]
[1.8881464, 0.83542496, 0.88267577, 0.17004567]
[1.9810882, 1.1384742, 0.6764612, 0.16615266]
[1.6387066, 0.7390243, 0.7327055, 0.16697678]
[1.660256, 0.6894411, 0.81369215, 0.1571227]
[1.5257185, 0.8185867, 0.5465598, 0.16057193]
[1.7843982, 0.7119348, 0.9058602, 0.1666032]
[1.9387239, 0.86401916, 0.892205, 0.1824998]
[1.8217119, 0.95367885, 0.7129861, 0.15504697]
[1.714768, 0.88427657, 0.66201353, 0.16847788]
[1.5635362, 0.63376147, 0.7672447, 0.16252992]
[1.5701203, 0.66313475, 0.7597873, 0.1471982]
[1.463696, 0.66649926, 0.6282699, 0.16892678]
[1.7022293, 1.0267212, 0.5159287, 0.15957923]
[1.957017, 0.6155163, 1.2023815, 0.13911921]
[1.768572, 1.055397, 0.5373362, 0.1758388]
[1.9381181, 0.7968325, 0.9699538, 0.17133178]
[1.8632493, 0.89725435, 0.78172934, 0.18426564]
[1.525741, 0.7870976, 0.5632171, 0.17542633]
[1.7057759, 0.86376953, 0.6826074, 0.15939894]
[1.8903695, 0.7854668, 0.95519495, 0.1497078]
[1.8461888, 0.6870576, 0.9914757, 0.16765548]
[1.8345686, 0.92884773, 0.7405107, 0.1652101]
[1.632963, 0.8657472, 0.5841585, 0.18305734]
[1.5993621, 0.72577655, 0.7176101, 0.15597543]
[1.5311457, 0.62554985, 0.7336248, 0.17197095]
[1.7392312, 0.7194092, 0.86651486, 0.15330707]
[1.6774707, 0.82545125, 0.6900934, 0.16192609]
[1.8839225, 0.8701904, 0.86523885, 0.14849317]
[1.6914947, 0.7138282, 0.8226447, 0.15502185]
[1.5945499, 0.68832445, 0.7305484, 0.175677]
[1.6720597, 0.78169143, 0.72107095, 0.16929731]
[1.4243245, 0.6767576, 0.5824683, 0.1650987]
[1.6914823, 0.7294961, 0.79975057, 0.16223566]
[1.565893, 0.7415935, 0.6454792, 0.17882034]
[1.8843468, 0.81971884, 0.89432335, 0.17030464]
[1.8513055, 0.76587737, 0.9004706, 0.18495756]
[1.7900352, 0.65209764, 0.9766958, 0.16124171]
[1.7501588, 0.73230875, 0.85871196, 0.15913811]
[1.763897, 0.85791874, 0.7465062, 0.15947194]
[1.6880251, 0.8264047, 0.6794432, 0.18217722]
[1.7048452, 0.80105746, 0.7438823, 0.15990548]
[1.7655272, 0.7929292, 0.7959732, 0.1766249]
[1.8318988, 0.8842931, 0.7768338, 0.17077196]
[1.8424181, 1.0156243, 0.65951633, 0.16727746]
[1.7046202, 0.6998033, 0.82526064, 0.17955628]
[1.607117, 0.7349659, 0.7025518, 0.16959944]
[1.9251906, 0.9339051, 0.8145205, 0.17676495]
[1.5787897, 0.6157711, 0.80037844, 0.16264008]
[1.5604888, 0.7616651, 0.61652535, 0.1822983]
[1.6233007, 0.74690306, 0.70992696, 0.16647065]
[2.0282273, 1.1055353, 0.760206, 0.1624861]
[1.6365573, 0.67320913, 0.79404724, 0.16930103]
[1.8439597, 0.95551765, 0.7167902, 0.17165181]
[1.5805007, 0.6365114, 0.77196693, 0.17202249]
[1.5124243, 0.7673815, 0.5699836, 0.17505915]
[1.781716, 0.7166842, 0.8888156, 0.17621626]
[1.6987064, 0.68374634, 0.8396121, 0.17534798]
[1.7592926, 0.9112013, 0.67594767, 0.17214368]
[1.5099106, 0.65852135, 0.70210314, 0.14928599]
[2.1213923, 1.085001, 0.8795004, 0.15689096]
[1.686724, 0.76735735, 0.73964965, 0.17971696]
[1.6860807, 0.73845774, 0.7566409, 0.19098213]
[1.8811917, 0.96161664, 0.76058865, 0.1589865]
[1.7953421, 0.70575386, 0.92437196, 0.16521636]
[1.4658842, 0.628237, 0.6660937, 0.17155354]
[1.3942968, 0.5260331, 0.6824196, 0.18584403]
[1.6978047, 0.6423659, 0.89320624, 0.16223264]
[1.6405785, 0.8870606, 0.5586188, 0.19489911]
[1.666282, 0.770522, 0.71890414, 0.17685592]
[1.6944525, 0.5358907, 0.99515086, 0.1634109]
[1.6831235, 1.035117, 0.4659782, 0.18202822]
[1.7955831, 0.6206342, 0.9856627, 0.1892862]
[1.8951243, 1.1596613, 0.55862546, 0.17683756]
[1.8296556, 0.80462706, 0.85652435, 0.16850418]
[2.010007, 0.9364252, 0.9184269, 0.15515473]
[1.6418802, 0.63553476, 0.8431571, 0.1631883]
[1.8583581, 1.0018492, 0.69233567, 0.16417342]
[1.9200244, 0.89432335, 0.85821867, 0.16748236]
[1.9420453, 1.0028343, 0.7956618, 0.14354923]
[1.8091297, 0.63207775, 1.024495, 0.15255696]
[1.8273432, 0.8634229, 0.802456, 0.1614643]
[1.5560123, 0.51673, 0.8798921, 0.15939012]
[1.6621468, 0.76433283, 0.73970556, 0.15810847]
[1.8059105, 0.89190185, 0.74698055, 0.16702808]
[1.662955, 0.90746117, 0.6095403, 0.14595369]
[1.7280021, 0.74246526, 0.81485337, 0.17068335]
[1.6561165, 0.7243712, 0.7672125, 0.16453272]
[1.8174312, 0.74742657, 0.92279685, 0.14720775]
[1.9190491, 0.8698537, 0.8902552, 0.15894017]
[1.7416892, 0.7796651, 0.7965591, 0.16546497]
[1.8712256, 0.7332274, 0.9612694, 0.17672879]
[1.7938397, 0.9294516, 0.68557304, 0.17881511]
[1.5888469, 0.67731154, 0.7521651, 0.15937036]
[1.6437501, 0.9246187, 0.5609094, 0.15822195]
[1.7274019, 0.7633761, 0.7972058, 0.16681997]
[1.9600655, 0.95936763, 0.83179677, 0.1689011]
[1.5723859, 0.64605445, 0.75613964, 0.1701919]
[1.8177971, 0.8164983, 0.8235018, 0.17779699]
[1.8352122, 0.8026967, 0.8658209, 0.16669469]
[1.8639076, 0.77251637, 0.94388473, 0.14750645]
[1.7956567, 0.73432386, 0.8950069, 0.16632599]
[1.8250012, 0.9039428, 0.7577236, 0.1633349]
[1.6489828, 0.75988185, 0.72284245, 0.16625851]
[1.820014, 0.8943653, 0.74657035, 0.17907836]
[1.8224843, 0.8106841, 0.8484582, 0.163342]
[1.6680529, 0.78552115, 0.7230631, 0.1594687]
[1.6991715, 0.7294545, 0.80125284, 0.16846417]
[1.7982266, 0.80814993, 0.8349118, 0.15516487]
[1.6915206, 0.8805367, 0.6598145, 0.15116945]
[1.85748, 0.65954566, 1.0359206, 0.16201371]
[1.7775124, 0.6624968, 0.94058454, 0.17443112]
[1.7688987, 0.8424143, 0.7578987, 0.1685858]
[1.6933737, 0.7591653, 0.77350664, 0.16070172]
[1.6704974, 0.66377544, 0.85312176, 0.15360022]
[1.7499872, 0.9703799, 0.6165427, 0.1630646]
[1.7947646, 0.8017758, 0.82316744, 0.16982141]
[1.930536, 0.74030435, 1.0317547, 0.15847692]
[1.835996, 0.7528171, 0.92906004, 0.15411885]
[1.9208285, 0.9818288, 0.78179157, 0.15720809]
[1.8926181, 0.6847758, 1.0653088, 0.14253339]
[1.8821006, 1.0258975, 0.6996515, 0.15655163]
[2.0757577, 1.0488608, 0.87509406, 0.1518029]
[1.574244, 0.75538844, 0.6795323, 0.1393233]
[1.4935648, 0.60467243, 0.74567276, 0.14321974]
[1.7117652, 0.8814243, 0.66737336, 0.16296753]
[1.9876885, 0.9650302, 0.86819756, 0.15446077]
[1.9495431, 0.75397485, 1.0536861, 0.14188203]
[1.7484403, 0.8549486, 0.73679507, 0.15669659]
[1.838634, 0.991184, 0.6959677, 0.1514823]
[1.6643255, 0.6202703, 0.9041477, 0.13990746]
[1.8998927, 0.89605564, 0.840745, 0.16309199]
[2.1928236, 0.8831147, 1.1673965, 0.14231235]
[1.8360832, 0.88948375, 0.8013954, 0.14520402]
[1.6939572, 0.7256168, 0.84345984, 0.124880575]
[1.9786679, 1.066961, 0.7626612, 0.14904557]
[1.754464, 0.77655405, 0.82927406, 0.14863595]
[1.7512958, 0.78243816, 0.8321269, 0.13673063]
[1.7642949, 0.75793856, 0.85456955, 0.15178682]
[1.7756462, 1.009444, 0.6131017, 0.1531005]
[1.7520988, 0.67529035, 0.94163066, 0.13517779]
[1.7109379, 0.68315095, 0.88523877, 0.14254817]
[1.6497262, 0.7382298, 0.76304007, 0.14845636]
[1.7118849, 0.8179156, 0.7359983, 0.15797105]
[1.6618168, 0.82698643, 0.67673665, 0.15809368]
[1.8502135, 0.8218692, 0.8632799, 0.16506451]
[1.4817661, 0.64290404, 0.7017431, 0.13711894]
[1.87084, 1.0483338, 0.6684835, 0.15402272]
[1.716683, 0.5954871, 0.970201, 0.15099487]
[1.8044679, 0.8883726, 0.763468, 0.15262729]
[1.7530531, 0.77033645, 0.83400273, 0.14871396]
[1.6702695, 0.7831275, 0.7213235, 0.16581851]
[1.751464, 0.8772824, 0.7180269, 0.15615477]
[1.7428893, 0.60041344, 1.0130868, 0.12938905]
[1.9764798, 1.1330149, 0.6789218, 0.16454302]
[1.7168615, 0.62582445, 0.92563957, 0.1653974]
[1.6671215, 0.94426864, 0.57655627, 0.14629662]
[2.0928068, 0.77472746, 1.165201, 0.15287834]
[1.8854145, 0.975382, 0.7596776, 0.15035498]
[1.5748799, 0.77053636, 0.6564542, 0.1478894]
[1.6833559, 0.78772974, 0.7594483, 0.13617793]
[1.5040673, 0.79492724, 0.5662488, 0.14289126]
[1.7181126, 0.7701642, 0.7883618, 0.15958652]
[1.8200029, 0.84687936, 0.80269045, 0.17043316]
[1.6708677, 0.81106985, 0.69473183, 0.165066]
[1.5288138, 0.64388764, 0.7319143, 0.15301186]
[1.8104292, 0.87499106, 0.78311, 0.15232816]
[1.7915658, 0.8727136, 0.75434434, 0.1645077]
[1.6556673, 0.7614217, 0.7350214, 0.15922427]
[1.8652086, 0.93302304, 0.77616227, 0.15602323]
[1.7596711, 0.61001635, 0.9917694, 0.15788539]
[1.8152161, 1.0173216, 0.62240183, 0.1754927]
[1.8547494, 0.6519413, 1.0489728, 0.15383536]
[1.7669684, 0.82460773, 0.792024, 0.15033667]
[1.6367052, 0.6680424, 0.811638, 0.15702474]
[1.4869237, 0.6301758, 0.6889627, 0.16778521]
[1.7332336, 0.7973723, 0.76608795, 0.16977334]
[1.5975037, 0.6203748, 0.80282897, 0.17429996]
[1.5925275, 0.7395764, 0.6967763, 0.15617478]
[1.5997835, 0.85019624, 0.5764023, 0.17318496]
[1.7743297, 0.74025965, 0.8636722, 0.17039779]
[2.0636876, 0.78814137, 1.0916493, 0.1838969]
[1.9389621, 1.166739, 0.60279644, 0.16942666]
[1.7728885, 0.73079723, 0.8734803, 0.16861098]
[1.5863018, 0.6747552, 0.7441489, 0.16739768]
[1.9185637, 0.9469222, 0.79742265, 0.17421892]
[1.8334988, 0.71347725, 0.9629959, 0.15702571]
[2.0409214, 1.0815258, 0.79534864, 0.16404708]
[2.0270767, 0.746088, 1.1157794, 0.16520923]
[1.8679097, 1.1511722, 0.56930804, 0.14742953]
[1.7926438, 0.6349302, 1.0210708, 0.13664263]
[1.6433088, 0.8591779, 0.6353866, 0.14874424]
[1.7138499, 0.50590813, 1.052213, 0.15572879]
[1.6820078, 0.74196124, 0.7675845, 0.17246196]
[1.9741985, 0.9973286, 0.8117354, 0.1651345]
[1.5539887, 0.77502984, 0.6215631, 0.15739587]
[1.7624184, 0.7185904, 0.87748605, 0.1663419]
[1.7673944, 0.8936589, 0.7251973, 0.14853826]
[2.0031657, 1.0145781, 0.83097893, 0.15760863]
[1.9840639, 0.96573484, 0.87764525, 0.14068376]
[1.801331, 0.7249195, 0.92258245, 0.15382907]
[1.828484, 0.98081803, 0.68052274, 0.16714333]
[1.7828491, 0.8059939, 0.843544, 0.13331121]
[1.658157, 0.83569354, 0.6646303, 0.15783325]
[1.715934, 0.62656796, 0.95138884, 0.1379773]
[1.6589798, 0.90914726, 0.6061622, 0.14367029]
[1.666836, 0.68630785, 0.8273906, 0.1531375]
[1.685987, 0.71849054, 0.80965996, 0.15783639]
[1.8608795, 0.8480967, 0.8541436, 0.15863921]
[1.5717319, 0.65408784, 0.77022266, 0.14742152]
[1.6319817, 0.853513, 0.6234709, 0.1549978]
[2.1152096, 1.0811532, 0.88155246, 0.15250407]
[1.6926782, 0.62240875, 0.9094247, 0.16084479]
[1.7979738, 0.97818923, 0.66150945, 0.15827504]
[1.7476475, 0.64088106, 0.96549815, 0.14126831]
[1.6885188, 0.77635324, 0.7632516, 0.1489138]
[1.7427427, 0.7522044, 0.8195754, 0.17096281]
[1.6388173, 0.7225883, 0.75041044, 0.16581859]
[1.7106667, 0.7863218, 0.73890907, 0.18543577]
[1.7675092, 1.0177867, 0.5801581, 0.1695643]
[1.894181, 0.720484, 1.0069621, 0.16673487]
[1.5721605, 0.73124695, 0.6671778, 0.17373572]
[1.6693257, 0.73044014, 0.7832475, 0.15563805]
[1.6963732, 0.85496503, 0.68166614, 0.15974218]
[1.5478383, 0.60872424, 0.7889087, 0.15020536]
[1.804119, 0.9212005, 0.705171, 0.17774752]
[1.7935268, 0.82728136, 0.80156815, 0.16467726]
[1.7085365, 0.8262812, 0.7126138, 0.16964146]
[1.8823656, 0.66653675, 1.0522294, 0.16359939]
[1.8903252, 0.89138734, 0.8367057, 0.16223218]
[1.86678, 0.9522168, 0.7484989, 0.16606423]
[1.8789222, 0.90044856, 0.81637603, 0.16209768]
[1.7587411, 0.7834126, 0.7959118, 0.17941679]
[1.6264424, 0.6670064, 0.8073404, 0.15209574]
[1.6099752, 0.79223776, 0.6529537, 0.16478379]
[1.7546201, 0.858496, 0.74360406, 0.15251996]
[1.7641243, 0.826072, 0.77261686, 0.16543543]
[1.5437746, 0.6009146, 0.7928972, 0.14996281]
[1.778909, 0.75483096, 0.85923153, 0.16484645]
[2.0674832, 0.8082986, 1.0968413, 0.16234332]
[1.6209406, 0.87304103, 0.58689284, 0.16100669]
[1.6001217, 0.5057884, 0.94049495, 0.15383846]
[1.9452953, 0.79765093, 0.9792198, 0.16842456]
[1.6517979, 0.75275725, 0.72147965, 0.17756097]
[1.6093109, 0.8135258, 0.63261867, 0.16316642]
[1.8862398, 0.88689065, 0.8309548, 0.16839433]
[1.7071851, 0.5505621, 0.98487866, 0.17174447]
[1.5925163, 0.81542754, 0.6026952, 0.17439349]
[1.9292238, 0.8133476, 0.9490081, 0.16686806]
[1.8078693, 0.8227999, 0.8382317, 0.1468377]
[1.6116569, 0.6189711, 0.841727, 0.15095875]
[1.4239472, 0.65418553, 0.5940124, 0.17574927]
[1.4293828, 0.6683984, 0.60574627, 0.15523821]
[1.8102634, 0.8325712, 0.79702747, 0.1806648]
[1.822372, 0.8534644, 0.7711308, 0.19777673]
[2.127792, 1.0354062, 0.9184002, 0.1739856]
[1.9208984, 0.83044994, 0.9210139, 0.16943449]
[2.080483, 1.1378512, 0.77128565, 0.17134608]
[1.8843743, 0.641099, 1.088269, 0.15500629]
[1.9354259, 1.1267291, 0.6454137, 0.16328295]
[1.9596562, 0.9921896, 0.8085407, 0.158926]
[1.6984527, 0.8693006, 0.666878, 0.1622741]
[1.7142774, 0.826031, 0.74022293, 0.14802352]
[1.8511, 0.9811704, 0.7180574, 0.15187217]
[1.9083302, 0.7906492, 0.96053123, 0.15714985]
[1.6836524, 1.0028899, 0.5151042, 0.1656583]
[1.7461921, 0.758641, 0.83768636, 0.14986482]
[1.7848463, 0.94045633, 0.69408613, 0.15030384]
[1.8592159, 0.9489936, 0.7636938, 0.14652833]
[1.6790385, 0.8630551, 0.6820636, 0.1339198]
[1.9410999, 0.8103945, 0.98769736, 0.14300802]
[1.6288455, 0.68607855, 0.7977301, 0.14503688]
[1.6206592, 0.76921535, 0.70097065, 0.15047319]
[1.8116918, 0.85515964, 0.79700136, 0.15953073]
[2.0457432, 0.9602339, 0.92738783, 0.15812148]
[1.8874056, 0.79576564, 0.9470974, 0.14454263]
[1.7636734, 0.7949653, 0.8294509, 0.1392572]
[1.8806709, 0.799392, 0.94230556, 0.13897339]
[1.7762846, 0.6996613, 0.92667806, 0.14994517]
[1.86924, 1.0738086, 0.6468526, 0.14857885]
[1.7950721, 0.7428538, 0.9144217, 0.13779663]
[1.9268419, 0.88140166, 0.8988769, 0.14656328]
[1.6057042, 0.82674277, 0.63594234, 0.14301912]
[1.7359104, 0.716807, 0.87874293, 0.14036053]
[1.6446865, 0.64417803, 0.8627832, 0.1377252]
[1.5832007, 0.8392998, 0.6010002, 0.14290074]
[1.8659859, 0.8887351, 0.8101591, 0.1670916]
[1.7597786, 0.8565227, 0.7648306, 0.1384253]
[1.8092474, 0.6193352, 1.0385815, 0.1513307]
[1.6209816, 0.85452807, 0.6079596, 0.1584939]
[1.8282585, 0.8577892, 0.8033409, 0.1671283]
[1.5549364, 0.7515631, 0.64616, 0.15721336]
[1.5633162, 0.9525911, 0.4747338, 0.13599133]
[1.9276956, 0.8869358, 0.88453853, 0.15622126]
[1.5931939, 0.6982428, 0.75197494, 0.1429762]
[1.69531, 0.6095449, 0.94314444, 0.14262071]
[1.6203098, 0.6932906, 0.7839657, 0.14305356]
[1.9706751, 0.7818458, 1.0230787, 0.1657506]
[1.8068271, 0.9287722, 0.7193581, 0.15869677]
[1.9171922, 0.76668286, 1.0002012, 0.15030813]
[1.9975364, 0.7820256, 1.0574772, 0.15803365]
[1.6099668, 0.7604531, 0.6947688, 0.1547449]
[1.8434954, 0.8304351, 0.8622546, 0.15080577]
[1.691392, 0.7912495, 0.74238265, 0.15775973]
[1.7554063, 0.7925663, 0.8263613, 0.13647866]
[1.6625882, 0.80793214, 0.69677997, 0.15787613]
[1.9707813, 0.9111844, 0.9084023, 0.1511946]
[1.6708905, 0.7513946, 0.75477576, 0.16472006]
[1.935096, 0.8659399, 0.90307415, 0.16608196]
[1.9529146, 0.95464087, 0.8493186, 0.14895508]
[1.5800828, 0.8049078, 0.62569356, 0.14948142]
[1.6984519, 0.72592306, 0.8164677, 0.15606108]
[1.7886279, 0.8817605, 0.7712184, 0.13564897]
[1.7312293, 0.9652042, 0.6304896, 0.13553548]
[1.5709614, 0.80404806, 0.61144906, 0.15546428]
[1.7714713, 0.8716288, 0.7529454, 0.14689706]
[1.7275262, 0.74427724, 0.83932203, 0.14392692]
[2.0765002, 1.0043995, 0.9215949, 0.15050587]
[1.8985643, 0.9399587, 0.80644584, 0.15215977]
[1.7820251, 0.9165089, 0.7188849, 0.1466313]
[1.7860696, 0.865518, 0.7741016, 0.14645004]
[1.7197033, 0.77747554, 0.7994571, 0.14277063]
[1.6136445, 0.73230815, 0.7410079, 0.14032844]
[1.6492949, 0.702468, 0.7955251, 0.15130182]
[1.713815, 0.9348746, 0.6218168, 0.15712354]
[1.7368205, 0.5460101, 1.0382378, 0.15257262]
[1.6478381, 1.0015113, 0.49033535, 0.1559914]
[1.6508865, 0.6943617, 0.80273634, 0.15378863]
[1.887194, 1.0101047, 0.7102711, 0.16681826]
[1.7106344, 0.67131454, 0.89154947, 0.14777026]
[1.9731903, 0.62230897, 1.2015326, 0.14934868]
[1.5700016, 1.0289681, 0.39250013, 0.14853334]
[1.874432, 0.93957275, 0.7808357, 0.15402356]
[1.6950951, 0.70347965, 0.84688175, 0.14473361]
[2.0214653, 0.8879291, 0.9846012, 0.14893505]
[1.7329255, 0.792927, 0.7896216, 0.1503769]
[1.5638851, 0.5496091, 0.86705214, 0.14722387]
[2.0754771, 1.187665, 0.72582173, 0.16199033]
[1.9141629, 0.6433752, 1.1251376, 0.14565021]
[1.6101773, 0.6952517, 0.77036154, 0.14456406]
[1.7907382, 0.8387864, 0.8123914, 0.13956036]
[1.6640943, 0.6544563, 0.87433577, 0.13530222]
[1.68565, 0.8862808, 0.65765125, 0.141718]
[1.7388301, 0.8120121, 0.77959555, 0.1472225]
[1.5992203, 0.7075753, 0.73940134, 0.1522436]
[1.4839183, 0.78285164, 0.5500914, 0.15097535]
[1.609997, 0.49932647, 0.9416845, 0.16898602]
[1.783033, 0.8991304, 0.72366875, 0.16023389]
[1.720872, 0.68978125, 0.8594558, 0.171635]
[1.7323369, 0.7994286, 0.77629304, 0.15661524]
[1.5286433, 0.69222206, 0.673691, 0.16273022]
[1.7000468, 0.5230622, 0.9984367, 0.17854783]
[1.6295953, 0.9489772, 0.50127363, 0.17934439]
[1.6954653, 0.90898895, 0.62119114, 0.16528517]
[1.4856596, 0.66268003, 0.6724938, 0.15048574]
[1.57882, 0.6706464, 0.74815774, 0.16001576]
[2.063716, 0.9970911, 0.8761011, 0.19052373]
[2.0422344, 0.7991433, 1.0758823, 0.16720884]
[1.7845826, 0.85112685, 0.77574754, 0.15770811]
[1.9922068, 0.8945051, 0.92030096, 0.17740087]
[1.7934853, 1.1083115, 0.53111446, 0.15405925]
[1.8967776, 0.71067727, 1.024962, 0.16113836]
[1.6582782, 0.88930535, 0.6157514, 0.1532215]
[1.8872828, 0.85016394, 0.87307835, 0.16404054]
[1.7406453, 0.86464053, 0.7118908, 0.16411391]
[1.6574296, 0.656419, 0.83833265, 0.16267788]
[1.8555081, 0.7351548, 0.95206714, 0.16828609]
[1.7481762, 0.9803519, 0.6092135, 0.15861082]
[1.6862711, 0.7397045, 0.7930289, 0.15353763]
[1.7345217, 0.6925378, 0.8618202, 0.18016377]
[1.7764285, 0.8762537, 0.7553193, 0.1448555]
[1.8592849, 0.82766354, 0.8712463, 0.16037515]
[1.8435843, 0.9212978, 0.7665313, 0.15575534]
[1.9855961, 1.035805, 0.7952496, 0.15454146]
[1.8559082, 0.698876, 1.0012822, 0.15574998]
[1.7320939, 0.80906343, 0.75068134, 0.1723491]
[1.9670615, 0.6919381, 1.1261866, 0.14893669]
[1.7102649, 0.73353267, 0.8281761, 0.14855628]
[1.9590181, 0.94932467, 0.86125064, 0.14844286]
[1.6243757, 0.7627779, 0.72065544, 0.14094229]
[1.7495056, 0.86242664, 0.7393491, 0.14772987]
[1.9813633, 0.7898636, 1.0362326, 0.15526712]
[1.7859417, 0.81946623, 0.8162649, 0.15021051]
[1.7984385, 1.0159101, 0.6281737, 0.15435463]
[1.7659425, 0.71134233, 0.9135747, 0.14102545]
[1.7332935, 0.7250931, 0.8659071, 0.1422933]
[1.6090791, 0.71083486, 0.7560779, 0.14216644]
[1.8909698, 0.767019, 0.9745494, 0.14940143]
[1.8054787, 0.96844536, 0.67505276, 0.1619805]
[1.8180933, 0.68119216, 0.97837377, 0.15852739]
[1.809138, 0.9503981, 0.72116935, 0.13757046]
[1.770264, 0.8845376, 0.73488104, 0.15084538]
[1.6370826, 0.7835103, 0.7009564, 0.15261579]
[1.529371, 0.66476715, 0.71213204, 0.15247181]
[1.9293065, 1.0263414, 0.74993193, 0.15303312]
[1.7884077, 0.7972828, 0.84525555, 0.1458694]
[1.8965704, 0.74771476, 0.9925621, 0.15629362]
[1.979025, 1.0387721, 0.790129, 0.15012391]
[1.71036, 0.59454656, 0.9782462, 0.13756728]
[1.7505063, 0.76370835, 0.84471655, 0.14208141]
[1.7099133, 0.78579247, 0.7741742, 0.14994653]
[1.7274868, 0.7742724, 0.8050412, 0.14817338]
[1.5074329, 0.7052718, 0.6596741, 0.14248708]
[1.7660562, 0.86897504, 0.75121355, 0.14586762]
[1.7964354, 0.88507044, 0.74727166, 0.1640933]
[1.6460035, 0.6581972, 0.8309853, 0.15682101]
[1.6595036, 0.7601567, 0.73057914, 0.16876781]
[1.8561864, 0.83511233, 0.8642721, 0.1568019]
[1.7243135, 0.7394949, 0.828986, 0.15583254]
[2.068451, 1.0810324, 0.81808674, 0.16933176]
[1.8139241, 0.9024559, 0.72947943, 0.18198875]
[1.6613076, 0.6429779, 0.8564079, 0.16192177]
[1.762317, 0.75025624, 0.8534618, 0.15859887]
[1.6671447, 0.7714353, 0.73603016, 0.15967914]
[1.7026067, 0.883577, 0.65059483, 0.16843486]
[1.8220403, 0.78473735, 0.89256483, 0.1447382]
[1.8576031, 0.87148863, 0.81295365, 0.17316078]
[1.8123978, 0.8907964, 0.77495486, 0.14664662]
[1.9499147, 0.7861301, 1.0212355, 0.14254913]
[2.0391448, 1.1459734, 0.73458534, 0.15858594]
[1.7698287, 0.79549074, 0.813247, 0.16109101]
[1.8424437, 0.91670936, 0.7706841, 0.15505028]
[1.8347176, 1.0623815, 0.6258402, 0.1464959]
[1.6247125, 0.6677037, 0.81303227, 0.1439764]
[1.9225701, 0.8569528, 0.91171515, 0.15390214]
[1.6645712, 0.726308, 0.7945336, 0.14372955]
[1.682717, 0.81801075, 0.7182385, 0.14646779]
[1.7719536, 0.7920827, 0.857023, 0.12284777]
[1.5795994, 0.7780404, 0.65064615, 0.15091272]
[1.6585281, 0.64760923, 0.8322998, 0.17861898]
[1.8084126, 0.718061, 0.9203063, 0.17004526]
[1.482961, 0.58422494, 0.7299956, 0.16874054]
[1.6291203, 0.8581818, 0.62611306, 0.1448255]
[1.792386, 0.6527959, 0.967709, 0.17188117]
[1.8515551, 0.94111305, 0.7367122, 0.17372985]
[1.6794528, 0.7493661, 0.7804193, 0.14966737]
[1.8547387, 0.9492036, 0.7459456, 0.15958953]
[1.5216907, 0.63065165, 0.73394823, 0.15709074]
[1.7554499, 0.8320073, 0.75299007, 0.17045249]
[1.8607861, 0.91762924, 0.7891007, 0.15405619]
[1.8215905, 0.6348679, 1.038277, 0.1484456]
[1.9158754, 1.1769674, 0.5871402, 0.15176784]
[1.802426, 0.73708117, 0.924909, 0.14043586]
[1.724717, 0.8189025, 0.7638015, 0.14201292]
[1.6038038, 0.5057856, 0.9594209, 0.1385972]
[1.6589195, 0.8975526, 0.607282, 0.15408482]
[1.929868, 0.86505425, 0.9094212, 0.15539248]
[1.7062392, 0.9339496, 0.6272118, 0.14507785]
[1.89524, 0.6875366, 1.0394981, 0.16820528]
[1.8589633, 0.9534967, 0.7486308, 0.15683585]
[1.8690287, 0.91652834, 0.8087475, 0.14375293]
[1.5675147, 0.5876182, 0.8188349, 0.16106153]
[1.9368418, 1.0125304, 0.77617073, 0.14814068]
[1.8254408, 0.9495757, 0.71453077, 0.16133425]
[1.5931548, 0.7007984, 0.74143016, 0.15092619]
[1.8462688, 0.89283687, 0.80477715, 0.14865485]
[2.0485854, 1.1553032, 0.7501553, 0.14312693]
[1.8248999, 0.7610959, 0.91557443, 0.1482296]
[1.6014681, 0.65727156, 0.8011811, 0.14301535]
[1.8892766, 1.0624609, 0.6877123, 0.13910343]
[1.9725076, 0.7666093, 1.0563211, 0.1495771]
[1.7031378, 0.96052414, 0.60534966, 0.1372639]
[1.7039301, 0.7102252, 0.8381556, 0.15554935]
[1.5666412, 0.69439304, 0.7100622, 0.16218604]
[1.7249295, 0.8062146, 0.76602453, 0.15269029]
[1.8474625, 0.7763562, 0.89934874, 0.17175755]
[1.6809711, 0.827286, 0.70362854, 0.1500566]
[1.8932302, 0.7820482, 0.95957637, 0.15160565]
[1.6323972, 0.8351104, 0.63939536, 0.15789142]
[1.8715948, 0.92416596, 0.792601, 0.15482786]
[1.6404581, 0.5637593, 0.92810535, 0.14859337]
[1.5845498, 0.66747093, 0.75359523, 0.16348363]
[1.6467639, 0.9161691, 0.5726318, 0.15796301]
[1.9238217, 0.8286835, 0.9352335, 0.1599047]
[1.6752533, 0.8043928, 0.7200623, 0.15079825]
[1.733398, 0.6977675, 0.88739157, 0.1482389]
[1.7043247, 0.8885168, 0.6570249, 0.15878291]
[1.7183068, 0.891696, 0.6800051, 0.14660567]
[1.895538, 0.8055955, 0.93066055, 0.15928188]
[1.546246, 0.78735983, 0.61004615, 0.14884011]
[1.8122325, 0.679942, 0.97732174, 0.15496878]
[1.8214711, 0.8719323, 0.7814247, 0.16811407]
[1.7685645, 0.90953624, 0.71011937, 0.1489088]
[1.5539052, 0.62968606, 0.7739203, 0.15029877]
[1.5631423, 0.7140726, 0.6958401, 0.15322956]
[1.5269387, 0.7379904, 0.6319815, 0.15696678]
[1.9327481, 1.0552824, 0.71235365, 0.16511199]
[1.8503065, 0.8892819, 0.79172385, 0.1693008]
[1.9405313, 0.7106495, 1.0623925, 0.16748929]
[1.8887618, 1.0568722, 0.66366374, 0.16822582]
[1.8994038, 0.8310424, 0.93105984, 0.13730162]
[1.7661433, 0.6848959, 0.9212214, 0.16002603]
[1.7940289, 1.0184878, 0.6109049, 0.16463625]
[1.4433899, 0.43948063, 0.8525965, 0.15131268]
[1.9135307, 0.94719553, 0.82228005, 0.14405513]
[1.6367276, 0.7296231, 0.7349572, 0.17214727]
[1.7995299, 0.70496655, 0.9484503, 0.14611301]
[1.9174942, 1.0471321, 0.70184904, 0.16851291]
[1.553124, 0.71342754, 0.68110585, 0.15859053]
[1.8290548, 0.826988, 0.8406117, 0.16145514]
[1.8606622, 0.8167321, 0.8807268, 0.16320321]
[2.0282388, 0.98700476, 0.881577, 0.15965694]
[1.7622337, 0.76432306, 0.8465452, 0.15136546]
[1.8242669, 0.9295169, 0.73503023, 0.15971974]
[1.6656413, 0.74972034, 0.77092475, 0.14499614]
[1.6354687, 0.7538116, 0.740852, 0.14080513]
[1.9108115, 0.9900788, 0.75891006, 0.1618227]
[1.5522476, 0.5123776, 0.8888581, 0.1510119]
[1.7690905, 0.9607346, 0.6457921, 0.16256377]
[1.899996, 0.79286516, 0.9559264, 0.15120451]
[1.7944248, 0.8303827, 0.80044496, 0.1635971]
[1.619594, 0.6521206, 0.8086425, 0.15883088]
[1.7014362, 0.85927093, 0.66469353, 0.17747173]
[1.7663518, 0.66402274, 0.93070805, 0.17162094]
[2.010649, 1.0610361, 0.78316957, 0.16644338]
[1.9092541, 0.758482, 0.9965482, 0.15422395]
[1.9372171, 0.89616174, 0.88146704, 0.15958834]
[1.8143898, 0.945491, 0.7003755, 0.16852328]
[1.8637378, 0.86224693, 0.85348433, 0.14800651]
[1.6030433, 0.64834714, 0.7931757, 0.16152045]
[1.8872111, 0.7389134, 0.9949033, 0.15339431]
[1.665399, 0.88539946, 0.623888, 0.15611146]
[1.7999935, 0.7009675, 0.95080674, 0.14821929]
[1.6863103, 0.7973163, 0.7275888, 0.16140515]
[1.5269688, 0.69999343, 0.6662472, 0.16072817]
[1.6580497, 0.63147867, 0.88406134, 0.14250973]
[2.0180092, 1.049607, 0.8026134, 0.16578865]
[1.4109253, 0.6748433, 0.58513474, 0.15094723]
[1.8626637, 0.64421815, 1.0470543, 0.17139122]
[1.7134951, 0.7846967, 0.75174314, 0.17705525]
[1.8772241, 0.7556126, 0.9402561, 0.18135539]
[1.821696, 1.2034501, 0.46441746, 0.15382853]
[1.7418497, 0.69506276, 0.906306, 0.14048083]
[1.6913962, 0.67919683, 0.83765525, 0.17454413]
[1.990082, 1.110658, 0.71702284, 0.16240115]
[1.596445, 0.7070179, 0.7414211, 0.14800593]
[2.1132987, 1.0409272, 0.91819185, 0.15417957]
[1.8108983, 1.0442013, 0.62136704, 0.1453299]
[1.7277359, 0.9795338, 0.6125281, 0.135674]
[1.908322, 0.8835541, 0.8968054, 0.12796243]
[1.8463942, 0.73747003, 0.95451486, 0.15440926]
[1.9326348, 0.9074123, 0.88318515, 0.14203733]
[1.6009033, 0.76873654, 0.68737304, 0.14479378]
[1.8117611, 0.91421694, 0.7480516, 0.14949256]
[1.6914269, 0.7146623, 0.80417204, 0.17259249]
[1.865828, 1.1378617, 0.57576466, 0.1522016]
[1.7482673, 0.6173068, 0.9760175, 0.154943]
[1.6719775, 0.6692244, 0.85857326, 0.14417988]
[1.5990014, 0.8593396, 0.59485906, 0.14480284]
[1.8822538, 0.6835097, 1.0376196, 0.16112444]
[1.7158558, 1.0166714, 0.55059016, 0.14859422]
[1.6962845, 0.7345372, 0.81860876, 0.14313865]
[1.9483914, 1.0881636, 0.7041771, 0.15605068]
[1.8979783, 0.92065203, 0.83312905, 0.14419723]
[1.729649, 0.7467679, 0.83830506, 0.14457598]
[1.8554857, 0.75778306, 0.93337137, 0.16433114]
[1.5861628, 0.88828236, 0.5567423, 0.14113814]
[1.7491422, 0.7288854, 0.8619238, 0.15833288]
[1.707027, 0.73141396, 0.8304405, 0.14517254]
[1.6725204, 0.92033887, 0.6039661, 0.14821541]
[1.8666241, 0.87239885, 0.832895, 0.16133018]
[1.3961592, 0.63331157, 0.61334896, 0.14949867]
[1.5988247, 0.6212449, 0.8170164, 0.1605635]
[2.051253, 1.0620444, 0.82270604, 0.16650271]
[1.839375, 0.71681166, 0.9685377, 0.15402561]
[1.8461492, 0.74390423, 0.953442, 0.14880298]
[1.8014482, 0.9590595, 0.6863313, 0.15605748]
[1.8028153, 0.71429014, 0.94043326, 0.14809188]
[1.6743023, 0.67022043, 0.8435343, 0.16054758]
[1.8923426, 1.0899782, 0.6594304, 0.14293395]
[1.5426133, 0.543448, 0.85767114, 0.14149414]
[1.779205, 0.9567693, 0.67414355, 0.14829217]
[1.8160319, 0.9477094, 0.7177378, 0.15058464]
[1.6210644, 0.6796373, 0.7970374, 0.14438957]
[1.7506648, 0.8299717, 0.7719027, 0.14879051]
[1.8593098, 0.99698186, 0.71201956, 0.15030834]
[1.7956963, 0.6765936, 0.98813164, 0.13097095]
[1.775615, 0.86893964, 0.7585459, 0.1481295]
[1.7342407, 0.92214996, 0.6634249, 0.14866583]
[1.827706, 0.69180125, 0.98036385, 0.15554081]
[1.710134, 0.85048246, 0.7082093, 0.15144229]
[1.7500558, 0.93855226, 0.6810775, 0.13042608]
[1.8135659, 0.72193575, 0.9464223, 0.14520773]
[1.6882168, 0.67454755, 0.8752388, 0.13843052]
[1.738033, 0.84951216, 0.74205935, 0.14646149]
[1.8476993, 1.0668323, 0.6367373, 0.1441296]
[1.860455, 0.6140667, 1.0994207, 0.14696765]
[2.1740103, 1.0708938, 0.9430054, 0.1601112]
[1.8559097, 1.018276, 0.68511415, 0.15251958]
[1.6129266, 0.7008581, 0.76789796, 0.1441705]
[1.898531, 0.84166145, 0.91013265, 0.14673692]
[1.8374671, 0.8407961, 0.8413969, 0.15527403]
[1.6377386, 0.7142323, 0.75544214, 0.16806413]
[1.864903, 1.0168711, 0.6948408, 0.15319115]
[1.8503615, 0.58141184, 1.1172175, 0.15173206]
[1.6242268, 0.77612865, 0.6880369, 0.16006118]
[1.9441886, 0.8182378, 0.9706334, 0.15531747]
[1.628693, 0.7302122, 0.74092793, 0.1575528]
[1.8364222, 0.8910662, 0.7819247, 0.16343135]
[2.0128577, 0.6183001, 1.2235951, 0.17096254]
[1.8693967, 1.044115, 0.6836908, 0.14159098]
[1.7447063, 0.53778934, 1.0542853, 0.15263167]
[1.8016266, 1.0464754, 0.60879296, 0.1463581]
[1.9196312, 0.81708145, 0.93896776, 0.16358203]
[1.7811527, 0.6953094, 0.9515176, 0.13432579]
[1.5994146, 0.7852301, 0.66845274, 0.14573167]
[1.6847961, 0.70954853, 0.81926835, 0.15597913]
[1.7507348, 0.7020552, 0.9042256, 0.144454]
[1.7021585, 0.8656755, 0.67884463, 0.15763837]
[1.7243056, 0.6563694, 0.92696583, 0.14097044]
[1.772202, 0.8679384, 0.7646949, 0.13956875]
[1.630938, 0.7840363, 0.6945355, 0.15236627]
[1.7975632, 0.7387648, 0.9079293, 0.150869]
[1.7582119, 0.71251, 0.9006067, 0.14509514]
[1.7957009, 0.8266156, 0.8349139, 0.1341714]
[1.8179411, 0.8955472, 0.767318, 0.15507595]
[1.5740054, 0.64088273, 0.7900976, 0.1430251]
[1.9218438, 0.9833015, 0.7869226, 0.15161961]
[1.7041135, 0.74136984, 0.8099855, 0.15275809]
[2.0707235, 1.118659, 0.8058129, 0.14625159]
[1.9392135, 1.0240207, 0.7747015, 0.1404914]
[1.509937, 0.73693246, 0.64384687, 0.1291578]
[1.635673, 0.87973803, 0.5996467, 0.15628844]
[1.8717635, 0.8491229, 0.8677288, 0.15491173]
[1.790699, 0.8317891, 0.82258856, 0.13632134]
[1.7104146, 0.8331086, 0.73742497, 0.13988118]
[1.802284, 0.83006394, 0.8255699, 0.14665006]
[1.8252755, 0.9751471, 0.70906365, 0.14106476]
[1.5924021, 0.70780253, 0.7402568, 0.14434275]
[1.8623003, 0.9047693, 0.81125265, 0.14627823]
[1.7399275, 0.6609508, 0.9256234, 0.15335333]
[1.8110223, 1.0145346, 0.63068366, 0.16580407]
[1.7056755, 0.7563828, 0.8058306, 0.14346206]
[1.5814764, 0.9231729, 0.51103294, 0.14727071]
[1.7950077, 0.6491401, 1.0086058, 0.13726176]
[1.7823578, 0.83210194, 0.8076596, 0.14259629]
[1.6681131, 0.7071666, 0.8168738, 0.1440727]
[1.8722458, 0.822221, 0.90240425, 0.14762056]
[1.8407598, 0.81808364, 0.8671285, 0.15554762]
[1.6607348, 0.7959859, 0.7074965, 0.15725245]
[1.8805187, 0.6202158, 1.1048365, 0.1554664]
[1.6510739, 0.9028827, 0.58832204, 0.15986916]
[1.7951032, 0.86169964, 0.7734239, 0.15997975]
[1.7392921, 0.78306335, 0.79061294, 0.16561586]
[1.4810299, 0.6094415, 0.7084796, 0.16310868]
[1.969032, 0.95603895, 0.8579015, 0.15509146]
[1.955427, 0.7836128, 1.010041, 0.16177337]
[1.8302794, 0.9508276, 0.7143185, 0.16513322]
[1.8737952, 0.74206406, 0.9930954, 0.13863575]
[1.6993042, 0.6796963, 0.8570326, 0.16257538]
[1.748276, 0.76544887, 0.8332815, 0.1495457]
[1.6746877, 0.7768526, 0.73960114, 0.15823402]
[1.7491581, 0.7930332, 0.7850076, 0.17111728]
[1.9168242, 0.9408004, 0.8258095, 0.15021436]
[1.8507272, 0.6885791, 1.0152619, 0.14688626]
[1.7787381, 0.87008345, 0.7329417, 0.17571297]
[1.9479647, 0.8922162, 0.8914658, 0.16428265]
[1.6800869, 0.605837, 0.9079783, 0.16627161]
[1.782683, 0.9010757, 0.7344324, 0.147175]
[1.8764253, 0.8696097, 0.8438455, 0.1629701]
[1.6652014, 0.5657876, 0.93449366, 0.16492014]
[1.8906541, 1.0084559, 0.7104697, 0.17172843]
[1.8599408, 0.9012961, 0.7887453, 0.16989942]
[1.7394507, 0.7976923, 0.7990887, 0.14266971]
[1.5868945, 0.6699481, 0.7749096, 0.14203686]
[1.7252457, 0.81924486, 0.75757885, 0.14842206]
[1.7801979, 0.79429543, 0.8278696, 0.1580329]
[1.6161426, 0.78687656, 0.6743042, 0.15496197]
[1.9953222, 0.9222518, 0.92103434, 0.15203609]
[1.70822, 0.6118274, 0.9307741, 0.16561857]
[1.5947762, 0.8108408, 0.63676953, 0.14716576]
[1.6797323, 0.6897166, 0.8274204, 0.1625953]
[1.7332146, 0.96226996, 0.6128104, 0.15813427]
[1.6514101, 0.5891089, 0.8895179, 0.17278342]
[1.7613609, 0.8692447, 0.74072874, 0.15138751]
[1.7806039, 0.918965, 0.7007072, 0.16093168]
[2.0086749, 0.82026523, 1.0234842, 0.16492541]
[1.7161732, 0.6797998, 0.88533974, 0.15103367]
[1.5810343, 0.66166514, 0.76660335, 0.15276584]
[1.7887636, 0.84048235, 0.7780808, 0.17020044]
[1.807625, 0.7698172, 0.87248254, 0.1653254]
[1.762823, 0.89645016, 0.6949055, 0.1714673]
[1.7541678, 0.8371695, 0.7537483, 0.16324997]
[1.7548889, 0.90766084, 0.70287377, 0.14435425]
[1.5332026, 0.5719727, 0.79995847, 0.16127141]
[1.9115301, 0.99169576, 0.76815903, 0.15167533]
[1.8412365, 0.8828739, 0.8033654, 0.15499726]
[1.4546865, 0.698596, 0.59472144, 0.1613691]
[1.6590717, 0.62188095, 0.8597046, 0.17748618]
[1.8926541, 0.9636625, 0.7591798, 0.16981187]
[1.6433907, 0.7019926, 0.7757711, 0.16562697]
[1.90671, 0.9027692, 0.84030205, 0.16363873]
[1.6000723, 0.5398374, 0.88270193, 0.17753294]
[1.7281959, 0.935072, 0.6210196, 0.17210439]
[1.858532, 0.8678161, 0.83909076, 0.15162517]
[1.7859596, 0.6891632, 0.93773836, 0.15905796]
[1.6873147, 0.69645035, 0.8315404, 0.15932393]
[1.7409265, 0.99212897, 0.5555719, 0.19322565]
[1.9002154, 0.8321481, 0.8912448, 0.17682247]
[1.653528, 0.64485645, 0.83853096, 0.17014046]
[1.7846308, 0.9904755, 0.6269094, 0.1672459]
[1.7504123, 0.7783699, 0.8161584, 0.15588398]
[1.6414481, 0.6997261, 0.78163254, 0.16008946]
[1.7494129, 0.91631746, 0.679172, 0.15392339]
[2.0641959, 0.8591828, 1.045126, 0.15988712]
[1.8215002, 1.1784375, 0.48272777, 0.16033491]
[1.7262137, 0.80828595, 0.7631805, 0.15474728]
[1.7175165, 0.7418993, 0.8416828, 0.13393442]
[1.7520978, 0.74143565, 0.8517401, 0.15892214]
[1.8015494, 0.82377964, 0.8153847, 0.16238514]
[1.6719689, 0.8082892, 0.7224226, 0.14125717]
[1.7547582, 0.7713005, 0.8145034, 0.16895439]
[1.5573097, 0.68915844, 0.6973015, 0.1708498]
[1.5091126, 0.6837163, 0.66943514, 0.15596117]
[1.8179228, 0.83624643, 0.8143009, 0.16737555]
[1.6136985, 0.85254204, 0.60700774, 0.15414867]
[1.9085169, 0.67280453, 1.0600328, 0.17567943]
[1.8017068, 0.9997303, 0.642704, 0.15927246]
[1.5411935, 0.57270813, 0.8374988, 0.1309866]
[1.6738782, 0.93822277, 0.57982934, 0.15582612]
[1.8090185, 0.78599715, 0.85471696, 0.16830434]
[1.8276944, 0.8365825, 0.82383084, 0.16728115]
[1.8181218, 0.8910958, 0.79443336, 0.13259257]
[1.6762292, 0.7661048, 0.7422415, 0.16788293]
[1.6995794, 0.88755, 0.63565814, 0.17637125]
[1.7942021, 0.7838205, 0.8545549, 0.15582666]
[1.5799599, 0.6814186, 0.7377026, 0.1608386]
[1.6526649, 0.8638003, 0.62961483, 0.1592498]
[1.9848988, 0.6870834, 1.1141653, 0.18365003]
[1.7645382, 0.7962407, 0.7916067, 0.1766907]
[1.8548689, 0.8148968, 0.871823, 0.16814905]
[1.6104537, 0.78322893, 0.6633172, 0.16390765]
[1.7179359, 0.69478035, 0.8475991, 0.17555651]
[1.8625356, 0.8987092, 0.79094607, 0.17288032]
[1.4875264, 0.72759706, 0.59667075, 0.16325858]
[1.874404, 0.8019669, 0.8819456, 0.19049141]
[2.1840255, 1.1511824, 0.8457521, 0.18709105]
[1.7796469, 0.70794874, 0.8899555, 0.18174271]
[1.690247, 0.7761326, 0.7440268, 0.17008775]
[1.9185, 0.85838896, 0.88313055, 0.17698044]
[1.6675938, 0.81999815, 0.6940087, 0.15358697]
[1.6978545, 0.7052885, 0.8137284, 0.1788375]
[1.9253103, 0.9348546, 0.8263563, 0.16409934]
[1.6447942, 0.52736616, 0.96541166, 0.15201639]
[1.8274602, 0.6816359, 0.97954154, 0.16628279]
[1.6341856, 0.9522401, 0.51129544, 0.17065006]
[1.754538, 0.6622505, 0.9091947, 0.1830928]
[1.8585403, 0.9258136, 0.76382935, 0.16889735]
[1.6456022, 0.6073591, 0.8631563, 0.17508678]
[1.6295601, 0.92425233, 0.54738975, 0.1579181]
[1.6978278, 0.73893875, 0.7796477, 0.17924145]
[1.7132925, 0.74864477, 0.8202718, 0.14437589]
[1.6263235, 0.6388596, 0.8112848, 0.1761791]
[1.5612539, 0.79657584, 0.59761775, 0.1670603]
[1.7703767, 0.9756522, 0.61956006, 0.17516442]
[1.563918, 0.51584744, 0.86838686, 0.17968373]
[1.8576242, 1.1156442, 0.5492431, 0.19273691]
[1.7656015, 0.6461064, 0.9371503, 0.18234482]
[1.7453606, 0.90881777, 0.6496428, 0.18689999]
[1.9300758, 1.0726027, 0.67362744, 0.18384562]
[1.4719081, 0.71353495, 0.5973648, 0.16100839]
[1.5280788, 0.6975249, 0.6659119, 0.16464198]
[1.7697127, 0.72938955, 0.8762124, 0.16411069]
[1.4691732, 0.746303, 0.5590502, 0.16382]
[1.641946, 0.55500984, 0.89216185, 0.19477424]
[1.7080309, 0.9721333, 0.54960525, 0.18629238]
[1.7717233, 0.57179546, 1.0207435, 0.1791843]
[1.9771562, 1.0133592, 0.7770512, 0.18674582]
[1.7855762, 0.9096448, 0.68789184, 0.18803968]
[1.8939794, 0.6827123, 1.0221268, 0.18914033]
[1.9401937, 0.96641725, 0.8054819, 0.16829446]
[1.7897756, 0.6680071, 0.9487491, 0.17301947]
[1.743554, 1.0564508, 0.49901694, 0.18808618]
[1.936312, 0.75919616, 1.0127019, 0.16441387]
[1.8264415, 1.0084505, 0.6578533, 0.1601377]
[1.5944574, 0.5843724, 0.8547409, 0.15534405]
[1.8304694, 0.82552844, 0.8426754, 0.16226551]
[1.8052986, 0.8963109, 0.7440456, 0.16494201]
[1.7590268, 0.7867948, 0.79977024, 0.17246175]
[1.6823908, 0.5997457, 0.91272676, 0.16991845]
[1.6523215, 0.7982217, 0.702527, 0.1515728]
[1.9353093, 0.884084, 0.8838582, 0.16736707]
[1.8612444, 0.8458109, 0.8502816, 0.1651519]
[1.689453, 0.8842402, 0.6532686, 0.15194425]
[1.6263548, 0.71939373, 0.74746597, 0.15949515]
[1.7239197, 0.9289311, 0.6194701, 0.17551848]
[1.7134237, 0.5983049, 0.94939077, 0.1657281]
[1.7984078, 0.92892915, 0.6841702, 0.18530846]
[1.5996189, 0.5923966, 0.8536514, 0.15357089]
[1.7074245, 1.0851834, 0.43608055, 0.18616053]
[1.8212221, 0.69127166, 0.96818215, 0.16176815]
[1.8757927, 0.85016507, 0.8576535, 0.16797423]
[1.9957113, 0.8119601, 1.0222461, 0.16150507]
[1.9844038, 1.0613225, 0.7514668, 0.17161468]
[1.9898896, 1.0556264, 0.78351456, 0.15074877]
[1.6482692, 0.54998547, 0.94282424, 0.1554594]
[1.6048974, 0.5825645, 0.8650398, 0.15729305]
[1.8553456, 0.8907183, 0.818305, 0.1463224]
[1.8037331, 0.9237042, 0.7107903, 0.16923851]
[1.7585759, 0.6828505, 0.9254468, 0.15027857]
[1.5980214, 0.7337506, 0.7069279, 0.15734294]
[1.4172996, 0.5919864, 0.6614375, 0.16387567]
[1.8646784, 0.8109288, 0.8893825, 0.16436702]
[1.7666149, 0.7859759, 0.8253894, 0.1552496]
[1.7465445, 0.82980937, 0.7497656, 0.16696958]
[1.993606, 0.9790083, 0.84622574, 0.16837195]
[1.7691449, 0.565829, 1.0425239, 0.16079201]
[1.8983195, 1.018258, 0.72893, 0.15113148]
[1.7778233, 0.8429494, 0.782333, 0.15254092]
[1.7926648, 0.67447466, 0.949829, 0.16836116]
[1.7404242, 0.9034153, 0.69133496, 0.14567381]
[1.8433634, 0.83449847, 0.85804546, 0.1508194]
[1.8185605, 0.7668365, 0.901649, 0.150075]
[1.8307389, 0.85691804, 0.8246256, 0.1491953]
[1.7344766, 0.6989697, 0.88896394, 0.14654286]
[1.9074796, 1.0395257, 0.7164693, 0.15148465]
[1.8003345, 0.8069428, 0.82892257, 0.164469]
[1.7387064, 0.8248551, 0.77211463, 0.1417366]
[1.7928798, 0.7289903, 0.9025225, 0.16136694]
[1.8610718, 0.66994035, 1.0275464, 0.16358513]
[1.9900897, 0.9844673, 0.8510858, 0.15453643]
[1.7760279, 0.831668, 0.7974444, 0.14691548]
[1.6570059, 0.7195554, 0.7899387, 0.14751188]
[1.8842465, 0.8484514, 0.86637604, 0.16941902]
[1.6807965, 0.6736773, 0.8631058, 0.14401338]
[1.8482575, 0.8531785, 0.8486711, 0.14640802]
[1.7929361, 0.7144208, 0.90255654, 0.17595875]
[1.9241142, 0.8376038, 0.9484659, 0.13804454]
[1.8867252, 0.97507316, 0.750541, 0.16111115]
[1.7252254, 0.891832, 0.7004174, 0.13297606]
[1.9142272, 0.8858757, 0.8867271, 0.14162447]
[1.9393611, 0.8890991, 0.9017277, 0.14853425]
[1.8976732, 0.9603282, 0.80002666, 0.13731842]
[1.7088, 0.7274035, 0.84969544, 0.13170102]
[1.8003877, 0.83747405, 0.8315161, 0.13139758]
[1.6523193, 0.66253984, 0.8444785, 0.14530094]
[1.8597803, 0.9046991, 0.8213008, 0.13378048]
[1.6381019, 0.64483625, 0.8508246, 0.14244114]
[1.6984278, 0.7750358, 0.77351046, 0.14988148]
[2.0030317, 1.3377364, 0.5147357, 0.15055963]
[1.8627468, 0.73543704, 0.97630954, 0.15100023]
[1.5366725, 0.74182606, 0.64920735, 0.14563906]
[1.8246086, 1.0292199, 0.64240116, 0.15298748]
[1.9197907, 0.9107363, 0.87056255, 0.13849181]
[1.9503295, 0.9448304, 0.8619653, 0.14353383]
[1.8526933, 0.9291887, 0.7802738, 0.14323077]
[1.8175563, 0.7011355, 0.9665544, 0.1498663]
[1.6702476, 0.70251405, 0.82385194, 0.14388159]
[1.6649065, 0.85355407, 0.67284846, 0.13850398]
[1.6379696, 0.7741381, 0.7188535, 0.14497802]
[1.7363148, 0.9432173, 0.6491792, 0.14391826]
[1.7390716, 0.7022855, 0.8917699, 0.1450162]
[1.9221468, 0.97105426, 0.8063432, 0.14474943]
[1.8583964, 0.9519762, 0.76264787, 0.14377236]
[1.8499589, 0.87473786, 0.83622104, 0.13899997]
[1.6969821, 0.8410653, 0.6952492, 0.16066767]
[1.8152689, 0.77655286, 0.90105915, 0.1376568]
[1.7328663, 0.6280798, 0.95955026, 0.14523628]
[1.9466896, 1.0007751, 0.80629086, 0.13962367]
[1.7379916, 0.8805899, 0.7139659, 0.14343572]
[1.8147833, 0.8437867, 0.8307807, 0.1402159]
[1.8297465, 0.87925726, 0.8084116, 0.14207771]
[1.8802075, 0.73425967, 0.9993818, 0.14656618]
[1.5971428, 0.6367785, 0.81442815, 0.14593612]
[1.6662064, 0.7939297, 0.7310968, 0.14117986]
[1.7786891, 0.99313164, 0.6469643, 0.13859323]
[1.8535199, 0.67008895, 1.0380108, 0.14542001]
[1.6644742, 0.6933253, 0.8196669, 0.15148209]
[1.7577436, 0.67426634, 0.9377388, 0.14573842]
[2.0289667, 1.1240121, 0.7625951, 0.1423596]
[1.6027962, 0.6700549, 0.7987262, 0.13401513]
[1.5153555, 0.6947655, 0.6711074, 0.1494826]
[2.0628266, 1.0739648, 0.833843, 0.15501875]
[1.844738, 0.8032925, 0.88902014, 0.15242535]
[1.7814345, 0.70129013, 0.95096564, 0.12917879]
[1.9630632, 0.8613076, 0.9690359, 0.1327197]
[1.7717111, 0.8070928, 0.8364942, 0.12812415]
[1.6298107, 0.8274519, 0.6634208, 0.13893808]
[1.882593, 0.91094613, 0.83853185, 0.13311502]
[1.8466747, 1.0883658, 0.62806404, 0.13024487]
[1.7817543, 0.87174416, 0.7620536, 0.14795643]
[1.9607441, 1.0211139, 0.78581554, 0.15381481]
[1.7146802, 0.68488157, 0.8858355, 0.1439631]
[1.896924, 0.9012518, 0.8619504, 0.13372183]
[1.8180707, 0.8005376, 0.8665355, 0.15099764]
[1.6288285, 0.7588544, 0.73316014, 0.13681394]
[1.9280016, 0.9386497, 0.85832965, 0.13102219]
[1.6759994, 0.61298144, 0.92104244, 0.14197546]
[1.7752954, 0.9347033, 0.69684947, 0.14374271]
[1.7675472, 0.7736684, 0.85205233, 0.14182654]
[1.9395041, 0.9335974, 0.85437965, 0.15152715]
[1.7164897, 0.67213124, 0.90566933, 0.13868913]
[1.6296835, 0.7041136, 0.7806345, 0.14493537]
[1.581698, 0.6992053, 0.7389084, 0.14358431]
[1.6498971, 0.81752926, 0.6822083, 0.15015954]
[1.7624985, 0.7271111, 0.8676182, 0.16776918]
[1.7121133, 0.8342048, 0.7190144, 0.15889405]
[1.6640663, 0.8344808, 0.6861191, 0.14346649]
[1.7672757, 0.6583447, 0.94191456, 0.16701636]
[1.8726679, 0.86400354, 0.84992456, 0.15873979]
[1.7225068, 0.661826, 0.90567505, 0.15500566]
[1.5494932, 0.8336419, 0.54441726, 0.17143403]
[1.7039285, 0.6534392, 0.86940074, 0.1810884]
[1.8890002, 0.76935184, 0.96137047, 0.15827793]
[1.5683154, 0.637884, 0.78937006, 0.14106134]
[1.6872905, 0.7655697, 0.7594744, 0.16224648]
[2.0107448, 1.0089625, 0.8274713, 0.17431082]
[1.612133, 0.71955824, 0.73210317, 0.16047174]
[1.9438342, 0.6801276, 1.0896914, 0.17401513]
[1.7081429, 0.77491283, 0.7635584, 0.16967165]
[1.5891113, 0.6561142, 0.76869756, 0.16429949]
[1.5637121, 0.70672166, 0.6842344, 0.17275602]
[1.8326533, 0.949386, 0.71445525, 0.1688121]
[1.7003555, 0.8827342, 0.6434249, 0.17419654]
[1.7789146, 0.7381825, 0.8597258, 0.1810063]
[1.5724969, 0.8657084, 0.53731036, 0.16947818]
[1.6163976, 0.74644357, 0.7034886, 0.16646554]
[1.6729317, 0.87135744, 0.6409032, 0.16067101]
[1.5187582, 0.57684815, 0.7927057, 0.14920434]
[1.8367348, 1.1020243, 0.5685067, 0.16620372]
[1.9826703, 0.7508827, 1.0691898, 0.16259792]
[1.9067177, 1.007192, 0.7392568, 0.16026895]
[1.6742871, 0.76819307, 0.758248, 0.14784601]
[1.8903178, 1.0070462, 0.7261764, 0.15709522]
[1.835201, 0.7558301, 0.92875147, 0.15061954]
[1.9648407, 1.066681, 0.7356362, 0.16252357]
[1.7640857, 0.70114946, 0.92266345, 0.14027269]
[2.0693142, 1.1613557, 0.7426145, 0.16534393]
[1.8209958, 0.8924681, 0.77149916, 0.15702856]
[1.8731481, 0.8503386, 0.87963927, 0.14317022]
[1.8089099, 0.90463495, 0.74891067, 0.15536427]
[1.9009796, 0.8779794, 0.88296044, 0.14003977]
[1.744318, 0.9013321, 0.6974213, 0.14556453]
[1.6707507, 0.7765677, 0.75272065, 0.14146249]
[1.6827009, 0.6542289, 0.8813553, 0.14711669]
[1.672733, 0.7546369, 0.76967436, 0.14842162]
[1.5761532, 0.706923, 0.71000224, 0.15922797]
[1.7439305, 0.7632661, 0.83034146, 0.15032287]
[2.0116127, 0.73963356, 1.0984316, 0.17354752]
[1.763946, 0.94771826, 0.6553693, 0.16085854]
[1.7967038, 0.6828077, 0.9546099, 0.15928632]
[1.6956377, 1.0034124, 0.5484708, 0.14375448]
[1.8860309, 0.5972935, 1.1303642, 0.15837324]
[1.635418, 0.8883984, 0.6057225, 0.14129725]
[1.6890485, 0.7309246, 0.8003999, 0.15772401]
[1.5260504, 0.76138103, 0.60071224, 0.16395724]
