[1.9564707, 1.0362699, 0.89385676, 0.026344052]
[1.9066674, 0.9261057, 0.95169234, 0.028869253]
[1.9665107, 0.9571042, 0.98131216, 0.028094305]
[1.9425298, 0.85532176, 1.0554564, 0.031751633]
[2.1076303, 1.1587424, 0.91718614, 0.031701542]
[2.0949676, 0.98591423, 1.0819051, 0.027148228]
[2.0139546, 1.0179912, 0.97141296, 0.02455048]
[1.9105804, 0.93159103, 0.9531659, 0.025823519]
[2.0232122, 1.0284992, 0.9711319, 0.02358101]
[1.9611349, 1.0022981, 0.935644, 0.023192897]
[1.971902, 1.0120003, 0.9365234, 0.023378244]
[2.0196085, 1.0152768, 0.9809648, 0.02336699]
[1.9690938, 1.0076221, 0.93855834, 0.022913309]
[1.927944, 0.9930825, 0.91284245, 0.022018852]
[1.9144648, 0.92118907, 0.9686018, 0.024673887]
[2.001258, 1.0523536, 0.92566895, 0.023235202]
[1.9462708, 0.9013073, 1.0192567, 0.025706837]
[1.9406483, 0.9362791, 0.9789662, 0.025403058]
[2.0024784, 0.9689965, 1.0070202, 0.026461605]
[1.9933218, 0.98325944, 0.9862481, 0.02381431]
[1.9704529, 0.9480465, 0.9990863, 0.023320068]
[1.8833053, 0.901248, 0.95702946, 0.025027901]
[2.0738776, 1.104024, 0.9465169, 0.0233367]
[2.0337543, 0.9748996, 1.0348101, 0.024044683]
[2.0677671, 1.2213265, 0.82642734, 0.020013347]
[2.0204449, 1.0750879, 0.924167, 0.021190032]
[2.0132115, 0.9664432, 1.0281019, 0.0186663]
[1.9869341, 1.0180178, 0.95120764, 0.017708667]
[1.9744486, 1.0301509, 0.9264537, 0.017843958]
[1.9542037, 0.950086, 0.9830906, 0.021027181]
[1.9550065, 0.99397254, 0.9405118, 0.020522164]
[1.9053116, 0.9899181, 0.8962128, 0.019180637]
[1.9821429, 0.9920992, 0.9681056, 0.021938093]
[2.0220447, 0.96881807, 1.0322866, 0.020939857]
[2.023384, 1.0823772, 0.92058414, 0.0204228]
[1.9517148, 0.9700499, 0.9591272, 0.022537727]
[1.9200177, 0.90435135, 0.99575746, 0.01990885]
[1.9879721, 0.9504062, 1.014595, 0.02297092]
[1.9678386, 1.0116991, 0.9335338, 0.022605812]
[1.980166, 0.9124991, 1.0442027, 0.023464149]
[1.9320648, 0.95358706, 0.9573575, 0.021120228]
[1.9257457, 0.932649, 0.96829134, 0.02480536]
[1.8895768, 0.8909652, 0.9736556, 0.02495604]
[1.9739527, 0.80884105, 1.1367202, 0.0283915]
[2.0246463, 1.1034682, 0.8974887, 0.023689168]
[1.9327015, 0.9675096, 0.93960845, 0.025583409]
[1.9421918, 0.95400375, 0.96316695, 0.025021097]
[1.9016974, 0.8248681, 1.049016, 0.027813349]
[1.9874711, 0.99758947, 0.96370614, 0.026175523]
[1.9586709, 0.9514507, 0.9817486, 0.025471538]
[1.9798146, 0.9820398, 0.9716968, 0.026078051]
[1.9936833, 0.9160314, 1.0535507, 0.024101239]
[1.9398108, 0.90427434, 1.0128522, 0.022684187]
[1.9198711, 0.90330565, 0.99293965, 0.023625845]
[2.0163732, 1.0151168, 0.976418, 0.024838392]
[2.0565102, 1.040707, 0.9914298, 0.024373295]
[1.9147805, 0.9291632, 0.96194756, 0.02366968]
[1.9496609, 1.0117326, 0.914595, 0.023333337]
[1.9936965, 0.9328624, 1.0360296, 0.024804503]
[1.9862854, 0.9722856, 0.9905215, 0.02347833]
[2.0128777, 1.0421124, 0.9471281, 0.023637347]
[1.9663305, 0.9948474, 0.94966614, 0.021816978]
[1.9528921, 1.0248698, 0.90459895, 0.023423307]
[1.9609127, 0.9996116, 0.9374114, 0.0238897]
[2.0601442, 1.0078477, 1.0295385, 0.022758024]
[1.9717678, 0.9401669, 1.0101827, 0.021418223]
[1.982561, 1.0997057, 0.8624456, 0.020409748]
[1.9362556, 0.9780493, 0.93615305, 0.022053238]
[1.9600661, 1.0939909, 0.8434707, 0.022604419]
[1.9578985, 0.96064854, 0.9729372, 0.0243127]
[1.9567964, 0.9947826, 0.941097, 0.020916712]
[1.9614618, 0.94575036, 0.99041504, 0.025296466]
[1.9774992, 1.0247297, 0.92808783, 0.024681643]
[2.05235, 1.0709863, 0.9563068, 0.025056852]
[1.9418014, 0.9061146, 1.0137806, 0.021906212]
[1.9292506, 0.96133125, 0.94375926, 0.024159972]
[1.9772266, 1.0302145, 0.9207696, 0.026242502]
[1.9458647, 0.9604849, 0.96214736, 0.023232508]
[2.0102372, 1.0169706, 0.96751434, 0.025752332]
[1.9810865, 0.8840039, 1.0725093, 0.024573328]
[1.9544717, 1.0402966, 0.8879263, 0.026248794]
[1.9506335, 0.9582683, 0.9664763, 0.025888894]
[1.9216155, 0.9737249, 0.9239858, 0.023904815]
[1.9883219, 1.059169, 0.9026605, 0.026492327]
[2.0184622, 0.90961957, 1.082928, 0.025914785]
[1.9426355, 0.90754235, 1.0126989, 0.022394296]
[1.9729786, 0.98138726, 0.96449566, 0.027095616]
[2.046324, 0.99349195, 1.0285779, 0.024254117]
[2.0373933, 0.97160435, 1.0424612, 0.023327857]
[1.9473728, 0.93203294, 0.9952343, 0.020105507]
[2.0306084, 1.0040934, 1.0059919, 0.020523122]
[1.9587524, 0.9670393, 0.97177666, 0.019936474]
[1.9645152, 0.9673049, 0.97494125, 0.022268962]
[2.028711, 1.0663469, 0.9388435, 0.023520714]
[1.9557362, 1.0047231, 0.93340456, 0.017608562]
[1.8992816, 0.8983805, 0.98003757, 0.020863503]
[1.8947651, 0.88868904, 0.9832235, 0.022852644]
[1.9187596, 1.0157709, 0.8757578, 0.02723088]
[1.8753964, 0.819499, 1.0301716, 0.025725711]
[2.0054502, 1.039131, 0.93611866, 0.030200437]
[2.02731, 0.9294915, 1.0707363, 0.027081924]
[1.9351616, 1.0326672, 0.87326014, 0.02923432]
[1.9461489, 1.04352, 0.87507457, 0.02755424]
[1.9504554, 0.9401306, 0.9825544, 0.027770575]
[1.9534907, 0.97501314, 0.9489703, 0.02950725]
[1.9779257, 0.88974863, 1.0588534, 0.029323643]
[1.9924088, 1.1164764, 0.84728575, 0.028646626]
[2.0139196, 0.923853, 1.0592844, 0.030782271]
[2.0547376, 1.0064816, 1.0219097, 0.026346106]
[1.9860381, 1.0093303, 0.9529013, 0.023806408]
[2.052735, 0.95903224, 1.0698546, 0.023848224]
[1.9408962, 0.99859303, 0.92045116, 0.021851856]
[1.9451646, 0.8748857, 1.0466878, 0.023591027]
[2.0006194, 0.9978268, 0.9784624, 0.024330083]
[1.8916441, 0.9153837, 0.9542135, 0.02204695]
[2.0324259, 0.9101071, 1.0944848, 0.027833944]
[1.9279909, 1.0664625, 0.83690983, 0.02461864]
[1.9535419, 0.9807839, 0.94810486, 0.024653025]
[1.8755128, 0.8950567, 0.95457625, 0.025879811]
[1.967668, 0.87340045, 1.0618205, 0.032447062]
[1.8713138, 0.98161924, 0.8616295, 0.028065091]
[1.9639151, 0.8459405, 1.084732, 0.033242617]
[1.9270157, 0.9367885, 0.9578004, 0.032426707]
[2.047689, 1.0783293, 0.93475413, 0.034605533]
[2.030019, 1.1312042, 0.864781, 0.034033798]
[1.9030868, 0.8983984, 0.9748756, 0.029812746]
[2.0421705, 1.0752307, 0.9346342, 0.032305658]
[2.0466998, 0.9893003, 1.0297256, 0.027674077]
[2.00341, 1.0936835, 0.8877971, 0.02192959]
[1.92433, 1.057378, 0.84365374, 0.023298305]
[2.0936918, 1.116013, 0.9524498, 0.025229022]
[1.9251407, 1.0395471, 0.8641247, 0.021468949]
[1.9872345, 0.96172404, 1.0004196, 0.025090838]
[2.0017684, 0.99788463, 0.98000634, 0.023877375]
[1.9767034, 1.0285234, 0.9254798, 0.022700053]
[1.9440299, 0.9899708, 0.93194884, 0.02211035]
[1.9494013, 0.885553, 1.0360358, 0.027812447]
[1.9502735, 0.94347745, 0.9794189, 0.027377171]
[1.8621882, 0.90735006, 0.9275831, 0.027255006]
[1.976419, 1.0062709, 0.93892324, 0.03122488]
[1.9186072, 0.9724132, 0.91599166, 0.030202344]
[2.0137453, 0.9333159, 1.0492264, 0.031203093]
[1.9082066, 0.77940154, 1.0956869, 0.033118173]
[1.9626873, 0.886979, 1.0407641, 0.03494417]
[1.9798166, 1.0136336, 0.9369081, 0.029274842]
[1.9371098, 0.9680164, 0.93793994, 0.031153511]
[1.9911941, 0.926692, 1.0298482, 0.034653883]
[2.0339077, 0.9406427, 1.0620813, 0.031183563]
[1.9306954, 1.0229985, 0.8822341, 0.025462823]
[1.9596629, 0.9218711, 1.0089923, 0.028799582]
[2.0116444, 0.97154963, 1.0118797, 0.028215062]
[2.0312455, 1.0112053, 0.99171734, 0.028322926]
[1.9702886, 0.9452773, 0.99962693, 0.02538447]
[1.9845906, 0.9065826, 1.0520961, 0.02591198]
[1.9513409, 0.9015825, 1.024329, 0.025429528]
[2.0095007, 1.0071698, 0.9752307, 0.027100109]
[2.0158436, 1.009264, 0.97989076, 0.026688881]
[1.9872493, 1.0159994, 0.94874245, 0.022507261]
[1.9476838, 0.9516693, 0.97295904, 0.023055555]
[2.002085, 0.91817904, 1.0598596, 0.02404626]
[1.9732367, 0.951481, 0.9975773, 0.024178362]
[1.9995397, 0.96661395, 1.0103261, 0.022599576]
[2.0303717, 0.9429507, 1.0648018, 0.022619147]
[1.9993563, 0.9619013, 1.0173965, 0.020058542]
[1.984621, 0.9662513, 0.9991221, 0.019247677]
[1.9575402, 1.0052286, 0.933702, 0.01860955]
[1.9641756, 0.9062144, 1.038816, 0.019145135]
[1.8692489, 0.8738421, 0.9762306, 0.019176178]
[1.9339563, 0.94258845, 0.96901655, 0.022351258]
[1.8164, 0.8601904, 0.935492, 0.02071757]
[1.9043578, 0.8914157, 0.983107, 0.029835124]
[1.9183066, 0.9534284, 0.93355787, 0.031320352]
[1.9481748, 0.94702995, 0.9712876, 0.02985724]
[1.9023176, 0.93937624, 0.931408, 0.031533305]
[1.8899822, 0.8292001, 1.02207, 0.038712017]
[1.9000664, 0.98243976, 0.8812144, 0.03641227]
[1.9985634, 1.0325993, 0.9262893, 0.03967476]
[2.0825043, 0.9250053, 1.1193528, 0.03814614]
[1.9480908, 1.1502235, 0.7643448, 0.033522546]
[1.9618474, 0.81317747, 1.1168451, 0.03182483]
[1.9934118, 1.139282, 0.8225013, 0.031628482]
[2.1116908, 1.0054723, 1.078588, 0.027630584]
[1.9337058, 1.0253885, 0.88293475, 0.025382513]
[1.8803171, 0.9788581, 0.87460095, 0.026857944]
[2.0090086, 1.0862067, 0.8941331, 0.028668866]
[1.9891557, 1.0145087, 0.9471512, 0.027495783]
[1.9704199, 0.9142242, 1.0310308, 0.02516484]
[2.0782785, 1.0186288, 1.0307906, 0.028859107]
[2.1398637, 1.137516, 0.97978246, 0.02256503]
[2.0351207, 1.064242, 0.95334363, 0.017535008]
[1.934292, 0.98202384, 0.93667483, 0.01559333]
[1.9380218, 0.9029411, 1.0182884, 0.016792336]
[2.0167115, 0.84648496, 1.1518934, 0.018333254]
[1.9943589, 0.935866, 1.0396657, 0.018827185]
[1.9527631, 0.97649765, 0.9593844, 0.016880952]
[2.0262704, 1.0754671, 0.93390524, 0.016898086]
[1.9986597, 0.9513168, 1.0300523, 0.017290706]
[1.9650388, 0.95696044, 0.9925254, 0.015553009]
[1.9431356, 1.0047531, 0.92222977, 0.016152734]
[1.96882, 0.92724633, 1.0236048, 0.017968852]
[1.9537009, 0.92398554, 1.0113249, 0.018390479]
[1.9247212, 1.0670273, 0.8362135, 0.0214803]
[1.9973357, 0.83232355, 1.1424706, 0.022541577]
[1.947323, 1.0488375, 0.87956023, 0.018925179]
[1.8856378, 0.86743903, 0.9950613, 0.02313739]
[1.8996816, 0.96331656, 0.9143543, 0.022010632]
[2.0452325, 0.9164026, 1.1017749, 0.027055008]
[1.9703206, 1.1274254, 0.8189524, 0.02394287]
[2.008446, 0.8531501, 1.1345122, 0.020783594]
[1.8794168, 0.97709024, 0.8796325, 0.022694081]
[2.0502727, 0.79479694, 1.2304002, 0.025075557]
[1.9810292, 1.1883624, 0.7670882, 0.025578655]
[2.0461454, 0.8269001, 1.1950742, 0.024171088]
[1.9649936, 0.9878794, 0.9558403, 0.021273995]
[1.9359308, 1.0251188, 0.8884368, 0.022375206]
[1.9279894, 0.90193474, 1.0055155, 0.02053916]
[1.9265465, 0.88732934, 1.0150931, 0.024123995]
[1.9800231, 0.99063396, 0.9627063, 0.026682796]
[2.042455, 0.9752857, 1.0431051, 0.02406403]
[1.8977815, 0.9406675, 0.9335219, 0.02359207]
[2.1242063, 0.95078725, 1.1456548, 0.027764324]
[2.0119112, 1.2205744, 0.77039266, 0.02094419]
[1.9429172, 0.9739332, 0.9476812, 0.02130287]
[1.9521848, 0.94289535, 0.9872825, 0.02200688]
[1.991393, 0.8793485, 1.0868552, 0.025189314]
[2.011086, 1.1112775, 0.87799644, 0.021812009]
[1.9793379, 0.9880552, 0.9696804, 0.021602262]
[1.9845603, 0.95839584, 1.0061808, 0.019983672]
[1.9411482, 1.0994596, 0.8248804, 0.01680814]
[1.9486723, 0.990769, 0.93745923, 0.020444024]
[1.9628717, 0.97806454, 0.9651463, 0.019660804]
[1.9961853, 0.9807468, 0.99645495, 0.018983569]
[1.979201, 1.0487832, 0.9105382, 0.019879602]
[1.9600968, 1.0079838, 0.9321894, 0.019923646]
[1.9827548, 0.9778297, 0.9840117, 0.0209135]
[1.9765134, 1.0394295, 0.9180092, 0.019074636]
[1.9900534, 0.9352053, 1.0345544, 0.020293705]
[2.010554, 1.1764426, 0.816892, 0.01721954]
[1.9871733, 0.97921765, 0.9897946, 0.018161086]
[1.8825506, 0.9686395, 0.89489836, 0.019012768]
[1.9519781, 0.97247225, 0.958766, 0.02073997]
[1.9199405, 0.9886501, 0.90998024, 0.021310125]
[1.9251865, 0.8847085, 1.01739, 0.023088016]
[2.0270925, 1.0774803, 0.9258851, 0.023726894]
[1.9761019, 0.86962324, 1.0830964, 0.023382239]
[1.9560243, 0.94548005, 0.9882828, 0.022261476]
[1.9035017, 0.8458183, 1.0325434, 0.025140021]
[2.0478194, 0.97727543, 1.0424018, 0.028142232]
[1.9621326, 0.99645174, 0.94045144, 0.025229298]
[1.8907679, 0.99005353, 0.87262565, 0.0280887]
[1.9131836, 0.95679617, 0.92948735, 0.026900075]
[1.8778833, 0.9458689, 0.89986145, 0.032153066]
[1.852167, 0.9257139, 0.8956314, 0.03082164]
[2.0228827, 0.9379233, 1.0477117, 0.037247706]
[1.9251529, 1.090908, 0.7987828, 0.03546207]
[1.9109551, 0.8380486, 1.042899, 0.030007478]
[1.9817545, 1.0487069, 0.89671636, 0.03633135]
[2.0393689, 0.8233489, 1.1812301, 0.034789857]
[2.064575, 1.0948482, 0.9374509, 0.03227582]
[2.0652306, 1.0587897, 0.97967386, 0.026767042]
[1.9437838, 1.041681, 0.8776812, 0.024421412]
[1.9260856, 0.9655968, 0.9349533, 0.02553545]
[2.0300777, 1.0682148, 0.93487895, 0.026984042]
[2.0707872, 1.091892, 0.95473313, 0.024161959]
[1.9309841, 0.90611756, 1.0011468, 0.023719845]
[1.9525065, 0.93986166, 0.98920524, 0.023439609]
[1.9923539, 1.0071961, 0.9600313, 0.02512655]
[1.888397, 0.85367656, 1.0121195, 0.02260093]
[1.911856, 0.9654074, 0.9207604, 0.025688311]
[1.865635, 0.9120245, 0.92501694, 0.028593624]
[2.0095904, 1.0409013, 0.93876755, 0.029921476]
[1.984168, 0.83642745, 1.1187115, 0.029029172]
[1.9383179, 1.0161073, 0.8937093, 0.028501222]
[1.8807136, 1.0365021, 0.8156829, 0.028528567]
[1.8619272, 0.6756121, 1.1540058, 0.032309256]
[1.9342963, 1.0916455, 0.806247, 0.03640379]
[2.0121949, 0.7198636, 1.2549632, 0.037368134]
[1.855752, 1.055148, 0.7659648, 0.034639113]
[2.1025882, 0.9570617, 1.1033833, 0.042143207]
[2.0951138, 1.0389677, 1.0220479, 0.034098074]
[1.9387555, 0.97319806, 0.93767583, 0.027881682]
[1.9490881, 0.9433339, 0.9759577, 0.02979649]
[1.999516, 0.96245277, 1.0090053, 0.02805798]
[1.9228804, 0.9056694, 0.98799086, 0.029220147]
[2.09026, 1.0242378, 1.03688, 0.02914247]
[2.0084333, 1.0354708, 0.9445981, 0.028364524]
[1.9332964, 0.98243284, 0.92632973, 0.024533823]
[1.8977354, 0.98147154, 0.88923234, 0.02703142]
[2.0046833, 0.98537946, 0.9898869, 0.029417016]
[1.9288434, 1.0211468, 0.87947, 0.028226621]
[2.0170937, 1.0264064, 0.96375453, 0.026932787]
[1.9781005, 0.9978418, 0.9532045, 0.027054267]
[2.0543907, 0.9676539, 1.0620923, 0.024644528]
[1.9502654, 0.97018397, 0.9566479, 0.023433536]
[1.9706401, 0.94194037, 1.0034919, 0.025207847]
[1.8964486, 1.0279417, 0.8459171, 0.022589754]
[1.9613986, 0.8486388, 1.0869391, 0.025820673]
[1.9949772, 0.9748203, 0.9962256, 0.023931218]
[1.950023, 0.95814705, 0.9669049, 0.02497112]
[1.9976583, 1.0291243, 0.9433427, 0.02519135]
[1.91522, 1.0017538, 0.8915299, 0.02193632]
[2.0686104, 1.0111849, 1.0328045, 0.0246211]
[1.9584855, 0.9256108, 1.0111734, 0.021701299]
[1.8995097, 0.935629, 0.94255114, 0.021329496]
[1.8673528, 1.0161897, 0.8260264, 0.025136808]
[1.8787866, 0.71487105, 1.1344731, 0.029442454]
[2.1109877, 1.1638291, 0.9158171, 0.031341672]
[2.013199, 1.0544229, 0.93410766, 0.024668537]
[1.9931382, 0.85595006, 1.1125867, 0.024601366]
[1.9406241, 1.0221096, 0.8956866, 0.022827849]
[1.994836, 1.1221998, 0.8478942, 0.024741966]
[2.008706, 0.94615877, 1.0416969, 0.020850413]
[2.0264337, 1.0951009, 0.91030157, 0.021031203]
[1.9124317, 0.98455054, 0.91054, 0.017341137]
[1.9406714, 0.95905375, 0.96207106, 0.019546624]
[1.9315261, 0.93804157, 0.9722045, 0.021279946]
[1.9509526, 0.93311656, 0.9947958, 0.023040332]
[1.9219344, 0.9817621, 0.9148131, 0.025359184]
[1.9010631, 0.8803257, 0.9953184, 0.025418945]
[1.9728802, 0.9418134, 1.0031412, 0.027925633]
[1.9127563, 0.9725712, 0.91160923, 0.028575886]
[1.9645243, 0.9145531, 1.0187727, 0.031198483]
[1.9990408, 0.9931729, 0.97667134, 0.02919668]
[1.8780253, 0.8768115, 0.9745251, 0.026688658]
[1.8897775, 0.8394661, 1.0203135, 0.029997932]
[1.980333, 0.95483255, 0.9900523, 0.035448186]
[1.9232262, 1.0742264, 0.819285, 0.029714923]
[1.9661573, 0.69301033, 1.2418907, 0.031256367]
[1.9909, 1.1767204, 0.7861296, 0.028050061]
[1.9675761, 0.8046004, 1.1338875, 0.02908811]
[1.9733162, 1.1189947, 0.82565594, 0.028665598]
[1.9602717, 0.83125603, 1.1011201, 0.027895536]
[1.953119, 1.1530141, 0.7702058, 0.029899169]
[2.013126, 0.8699796, 1.1145962, 0.028550047]
[1.9746106, 0.95516914, 0.99255395, 0.026887469]
[1.9853587, 1.0210778, 0.93795633, 0.026324686]
[1.9768829, 0.93109083, 1.0205758, 0.025216315]
[2.0041447, 0.9344556, 1.0465329, 0.023156123]
[1.9735157, 1.1023655, 0.8479749, 0.023175407]
[2.047038, 0.9696988, 1.0541532, 0.023186233]
[1.9168557, 1.0241133, 0.87048453, 0.022257935]
[1.951763, 0.9555999, 0.97400093, 0.022162184]
[1.9263157, 0.9685821, 0.93446565, 0.023267843]
[2.0351243, 0.91274107, 1.0956714, 0.02671193]
[2.026187, 1.1187623, 0.8815103, 0.025914395]
[2.0199857, 1.0133979, 0.9860573, 0.020530421]
[1.9947929, 1.0021279, 0.97396064, 0.01870437]
[1.9206473, 1.0532815, 0.8442937, 0.023071976]
[1.9798557, 0.9064847, 1.0496225, 0.023748387]
[2.0173218, 0.9372839, 1.0583231, 0.02171472]
[1.9535105, 0.90652835, 1.0254257, 0.0215565]
[1.8816173, 0.97543025, 0.8830881, 0.023098972]
[1.8571657, 0.8428974, 0.98668855, 0.027579714]
[2.0190163, 1.0661325, 0.92330503, 0.02957873]
[2.101659, 1.1004806, 0.9744266, 0.026751695]
[2.0695705, 1.1113139, 0.9340315, 0.024225194]
[1.9971267, 1.0271716, 0.9485506, 0.02140456]
[1.9670956, 1.0000811, 0.94779426, 0.019220408]
[2.0258615, 0.96243536, 1.042025, 0.02140126]
[1.9334375, 0.9823151, 0.9316918, 0.019430473]
[1.9149032, 1.0306048, 0.86207664, 0.022221742]
[1.983533, 0.9508352, 1.010215, 0.02248279]
[1.9930787, 0.9562149, 1.0155293, 0.021334581]
[1.9388127, 0.95214576, 0.96612394, 0.020543108]
[1.9839195, 0.8979653, 1.0594863, 0.026467972]
[1.9962909, 1.0022604, 0.9719713, 0.022059198]
[1.9597939, 0.99089015, 0.945621, 0.023282815]
[2.0108688, 0.9982405, 0.9902561, 0.022372298]
[1.9959899, 0.98704493, 0.9882431, 0.020701889]
[1.9849792, 0.9191903, 1.0460887, 0.019700117]
[1.9784278, 0.96191895, 0.9967232, 0.019785693]
[1.9876022, 0.9923291, 0.97543705, 0.019836076]
[1.9429824, 0.840974, 1.0823879, 0.019620582]
[1.994886, 0.93572205, 1.0389928, 0.020171227]
[1.9630458, 0.9708297, 0.97200924, 0.020206982]
[1.9235437, 0.87257326, 1.0294946, 0.021475848]
[1.9987595, 1.0237452, 0.9545671, 0.02044725]
[1.9844272, 0.98869586, 0.97568977, 0.02004164]
[1.8968816, 1.0032244, 0.872116, 0.02154116]
[2.0225809, 0.934658, 1.0651984, 0.022724371]
[1.9732544, 1.0448287, 0.9065425, 0.021883298]
[1.9477357, 0.8577398, 1.0660346, 0.023961337]
[1.9520434, 1.1177622, 0.81082094, 0.023460295]
[1.9854238, 1.0153122, 0.9483927, 0.021718992]
[2.0150023, 1.0526545, 0.93794686, 0.024401069]
[2.002719, 1.065805, 0.9167819, 0.020131966]
[2.018871, 0.9873613, 1.0128518, 0.018658007]
[1.9028056, 0.9726086, 0.9128171, 0.017379748]
[1.9398012, 1.0060245, 0.9145896, 0.019187227]
[1.9403343, 1.0351295, 0.8841525, 0.021052375]
[1.9249557, 0.9604913, 0.9421375, 0.0223269]
[1.8855095, 0.938382, 0.9234338, 0.02369374]
[2.0155857, 0.9895842, 0.99872255, 0.027279]
[1.9735264, 0.9682336, 0.9816171, 0.023675699]
[2.0389385, 1.0772647, 0.9367676, 0.024906103]
[1.9528171, 0.96451086, 0.9628542, 0.025452018]
[1.9580173, 0.95946646, 0.97578716, 0.022763768]
[2.0016823, 0.9824317, 0.99460816, 0.024642562]
[1.9444133, 0.9314611, 0.9873263, 0.025625784]
[1.9825214, 0.90249646, 1.0544853, 0.0255396]
[1.9800009, 0.9924195, 0.96159595, 0.025985315]
[2.065104, 1.0443338, 0.9950354, 0.025734888]
[2.0175414, 0.94719636, 1.0503471, 0.019998007]
[1.9977243, 0.9379431, 1.0391312, 0.020650037]
[1.9378033, 0.9677632, 0.9480242, 0.022015851]
[1.8897365, 0.96383846, 0.90485954, 0.021038486]
[1.907727, 0.98122597, 0.9040471, 0.022454077]
[1.9211016, 0.96967334, 0.92868614, 0.022742081]
[1.963658, 0.923761, 1.0126634, 0.027233645]
[1.984373, 1.0035523, 0.9553251, 0.025495473]
[2.085741, 1.0921249, 0.9717312, 0.021884993]
[1.9464649, 0.95456123, 0.9713669, 0.020536821]
[1.9331475, 0.8549444, 1.0576551, 0.020548012]
[1.9290473, 0.8831147, 1.0246773, 0.0212554]
[1.9574356, 1.065872, 0.87093914, 0.020624574]
[1.9253877, 0.814679, 1.0894082, 0.021300612]
[1.9965332, 1.0742486, 0.898722, 0.023562703]
[1.970294, 1.0148342, 0.9294251, 0.0260347]
[1.9916594, 1.012035, 0.9590756, 0.02054876]
[2.0256429, 0.91759205, 1.08384, 0.02421104]
[2.049402, 1.1399453, 0.8886858, 0.020770725]
[1.9209328, 0.9337667, 0.96751374, 0.019652367]
[1.9516734, 0.9809661, 0.9514773, 0.019229952]
[1.9567745, 0.98920834, 0.9466543, 0.020911776]
[1.8640214, 0.8212341, 1.0232217, 0.019565571]
[2.0037806, 0.8752767, 1.1026745, 0.025829518]
[2.0047157, 1.0789026, 0.90327996, 0.02253317]
[1.9868103, 0.9398098, 1.0236787, 0.02332183]
[2.0292432, 0.99977314, 1.0083804, 0.021089798]
[1.960169, 0.92516947, 1.0138183, 0.0211812]
[1.9422607, 0.9161996, 1.0021529, 0.023908079]
[1.9557631, 1.0232944, 0.9066901, 0.025778573]
[2.111036, 0.8819208, 1.2046849, 0.024430552]
[1.9580561, 1.0245335, 0.91448617, 0.019036435]
[2.0145624, 0.9079387, 1.0842376, 0.022386013]
[2.0041964, 0.9470025, 1.0331244, 0.024069628]
[1.9340179, 0.9774158, 0.93429047, 0.02231167]
[1.9397991, 1.0057615, 0.9114573, 0.0225803]
[2.0695212, 1.03981, 1.0055168, 0.024194434]
[1.9632804, 0.93301606, 1.0105331, 0.019731333]
[2.030859, 0.95512664, 1.0536191, 0.02211337]
[2.0525935, 0.89114404, 1.1406476, 0.020801775]
[2.081373, 1.2171156, 0.8464663, 0.017791089]
[1.9703002, 1.0124855, 0.9439917, 0.013822994]
[2.038175, 1.0941103, 0.9288155, 0.01524927]
[1.9315436, 1.0179405, 0.8995669, 0.014036236]
[1.9605926, 1.0596282, 0.88646674, 0.014497586]
[1.9650564, 0.9846863, 0.96526575, 0.015104297]
[1.9875067, 0.97541064, 0.9959599, 0.016136339]
[2.0189006, 1.0520585, 0.9502205, 0.016621646]
[1.9159114, 0.9282757, 0.97058994, 0.017045783]
[1.966175, 1.1208633, 0.82785547, 0.017456144]
[1.8776186, 0.9749656, 0.8853706, 0.01728234]
[1.974974, 0.88383746, 1.0698313, 0.021305349]
[1.9526753, 1.0305127, 0.90106046, 0.021102205]
[1.9745537, 1.0099521, 0.9414097, 0.023191927]
[1.927224, 0.87864876, 1.0261352, 0.022440128]
[1.9049809, 1.0277028, 0.8543956, 0.022882506]
[1.999301, 0.99484634, 0.9765203, 0.027934313]
[2.006425, 0.8971815, 1.0829147, 0.026328627]
[2.0031407, 1.1035011, 0.87567544, 0.02396425]
[2.085331, 0.93311226, 1.1302418, 0.021976933]
[2.031902, 0.99553937, 1.0189345, 0.017428055]
[1.9881974, 0.98371327, 0.98660815, 0.017876014]
[1.9857132, 0.99867547, 0.9687586, 0.018279241]
[1.940397, 0.90193295, 1.0193913, 0.019072767]
[2.0081558, 1.0341325, 0.9556023, 0.018421091]
[2.022372, 0.91403687, 1.0884864, 0.019848697]
[1.9894346, 1.0268302, 0.9466535, 0.01595097]
[1.9498435, 0.88702893, 1.04559, 0.017224602]
[1.9649425, 0.9678377, 0.9800974, 0.017007379]
[1.9932611, 0.99723446, 0.979361, 0.016665732]
[1.9614242, 0.9350189, 1.009649, 0.016756333]
[1.9428691, 0.9739921, 0.9492122, 0.019664785]
[1.9498526, 1.0856855, 0.84593433, 0.018232757]
[1.9590025, 1.0687203, 0.8692, 0.021082181]
[1.9488603, 0.95372236, 0.9739224, 0.021215525]
[1.9291022, 0.88284695, 1.024147, 0.02210823]
[1.9579111, 0.89595664, 1.0404187, 0.021535723]
[1.9852135, 0.9695983, 0.9916832, 0.023931976]
[2.0066373, 0.9000585, 1.0813195, 0.025259413]
[1.9928435, 0.98406875, 0.98445976, 0.024315044]
[1.9614835, 0.9547721, 0.9811771, 0.025534295]
[1.892017, 0.8717066, 0.99778533, 0.02252511]
[2.0347517, 1.0097469, 0.9976362, 0.027368635]
[1.8951035, 0.8685341, 1.0040215, 0.02254787]
[1.9250867, 1.0243962, 0.87633955, 0.024350967]
[1.8576732, 0.83136797, 0.9996834, 0.026621778]
[2.0544744, 0.91982424, 1.1040796, 0.030570481]
[2.052235, 1.1909708, 0.83370876, 0.027555246]
[1.9916246, 0.8251636, 1.1423883, 0.024072621]
[1.9762738, 1.0865196, 0.8672461, 0.022508182]
[1.9785203, 1.0007534, 0.9543996, 0.023367342]
[2.0718467, 1.0895286, 0.9611504, 0.021167655]
[1.985149, 0.89111084, 1.0722771, 0.021761071]
[1.9357643, 0.95033413, 0.9646598, 0.020770293]
[1.9510162, 0.93999195, 0.98952657, 0.021497674]
[1.9224548, 0.92167187, 0.9782811, 0.022501998]
[1.9077625, 0.9528793, 0.9263027, 0.028580582]
[2.0184362, 1.0717714, 0.9214882, 0.025176447]
[1.9901783, 0.8171468, 1.1467383, 0.026293263]
[1.9798851, 1.0555434, 0.8996756, 0.024666058]
[1.9815272, 0.9594128, 0.9971487, 0.024965612]
[2.0495489, 0.97869253, 1.0457399, 0.02511637]
[2.0207028, 1.046824, 0.9531592, 0.020719707]
[1.9856399, 0.9575733, 1.0085416, 0.01952508]
[1.9363903, 0.8880876, 1.0285925, 0.019710174]
[1.9918923, 0.970622, 0.9998994, 0.021370934]
[1.9615909, 1.022293, 0.9187019, 0.020595998]
[1.9823954, 0.9506135, 1.0086777, 0.023104211]
[1.990847, 0.9824468, 0.9862345, 0.022165664]
[1.9558054, 0.9220332, 1.0135185, 0.02025373]
[1.9330713, 0.986724, 0.92449087, 0.021856472]
[1.9203789, 0.9152694, 0.98226506, 0.0228445]
[2.027113, 1.0221229, 0.98253274, 0.022457326]
[1.987185, 0.9675661, 0.9984283, 0.021190677]
[1.966787, 1.0292473, 0.91471136, 0.022828327]
[1.9622381, 0.99492854, 0.9451148, 0.022194698]
[1.9352456, 0.9365331, 0.9765774, 0.022135139]
[1.9984677, 0.9851861, 0.99108535, 0.0221963]
[1.9948199, 0.9748051, 0.996374, 0.023640767]
[1.994, 0.9258147, 1.0453124, 0.022872925]
[1.9616264, 0.9708363, 0.9706239, 0.020166263]
[1.983097, 0.98837847, 0.9736269, 0.021091584]
[1.9279991, 0.9815026, 0.92550707, 0.020989586]
[1.9142631, 0.9863075, 0.90755004, 0.020405676]
[1.8912193, 0.9286946, 0.9374093, 0.0251154]
[1.9459336, 0.9714093, 0.9470862, 0.027438061]
[1.9271343, 1.0243938, 0.87413025, 0.028610185]
[1.9967226, 0.99358016, 0.97457206, 0.028570272]
[1.9724264, 0.96539307, 0.97971475, 0.02731862]
[2.0271175, 0.92256033, 1.0756395, 0.028917555]
[1.9256259, 0.98161095, 0.9162882, 0.027726764]
[1.9219902, 0.98243487, 0.9128549, 0.026700407]
[1.9922026, 0.9051391, 1.0582187, 0.028844882]
[1.9893677, 1.0462365, 0.9186632, 0.02446793]
[2.0542924, 1.065171, 0.9600146, 0.029106777]
[1.9887465, 0.99619985, 0.9666889, 0.02585785]
[1.9728826, 0.9101573, 1.0395393, 0.023185963]
[1.9482328, 1.0211768, 0.90281683, 0.024239134]
[1.9728423, 0.90451705, 1.0453894, 0.022935918]
[1.9245594, 0.87434745, 1.0229542, 0.027257685]
[2.004312, 1.0783561, 0.89950216, 0.026453834]
[1.9721375, 0.7849361, 1.1614652, 0.025736166]
[1.9947407, 0.99911785, 0.9710486, 0.024574269]
[2.0109618, 1.0041301, 0.9834451, 0.02338643]
[1.9557201, 1.0151696, 0.91770405, 0.022846393]
[2.0403934, 0.95546615, 1.0617334, 0.023193762]
[1.8461758, 0.8680417, 0.96029055, 0.017843593]
[1.9450456, 0.9325576, 0.9878636, 0.024624411]
[1.9537607, 0.96292466, 0.96266145, 0.028174676]
[1.9647464, 0.85147417, 1.0889235, 0.024348747]
[1.9822663, 1.0574367, 0.90083647, 0.023993138]
[2.0082815, 1.0037804, 0.9789784, 0.02552282]
[1.9383787, 0.93326205, 0.98156303, 0.023553617]
[1.9522439, 1.0206935, 0.9089448, 0.02260556]
[2.0048473, 1.0922227, 0.88669133, 0.025933154]
[1.8976223, 0.85158086, 1.0220884, 0.023953073]
[1.8972352, 0.9224466, 0.94992304, 0.024865521]
[1.9539732, 0.90625656, 1.0188869, 0.028829724]
[2.0090864, 0.8812281, 1.0967938, 0.031064562]
[1.8759283, 0.934505, 0.91269803, 0.028725304]
[1.9317937, 0.8503425, 1.0527444, 0.028706796]
[2.0200207, 1.0895841, 0.89854527, 0.031891283]
[1.9879876, 1.0493827, 0.91069883, 0.027906049]
[1.9762858, 0.88579774, 1.0606925, 0.02979555]
[2.006478, 1.2291092, 0.7508351, 0.02653388]
[1.9700006, 0.8654275, 1.0806133, 0.0239599]
[2.0123665, 1.158879, 0.83146375, 0.022023609]
[1.9529454, 0.88908076, 1.0390766, 0.02478803]
[1.9671729, 1.0054636, 0.9359647, 0.025744606]
[2.0170927, 1.0699067, 0.92139894, 0.025787186]
[2.0076425, 0.970377, 1.0135694, 0.0236963]
[1.9461292, 0.97079337, 0.9481788, 0.027156893]
[1.8666488, 0.92423344, 0.9192653, 0.023150107]
[1.923169, 0.9705366, 0.9213383, 0.03129411]
[1.9301995, 1.0451539, 0.853538, 0.03150766]
[1.8931425, 0.92975587, 0.9311701, 0.032216534]
[1.9777416, 1.0393763, 0.9039923, 0.034373045]
[1.9766425, 1.035131, 0.90706635, 0.034445196]
[1.9638667, 0.95029163, 0.98479784, 0.028777225]
[1.9427046, 0.9233796, 0.9846331, 0.034691963]
[1.957405, 0.99962443, 0.9204997, 0.037280966]
[1.9388903, 0.8420576, 1.0676332, 0.029199623]
[2.0363836, 0.9812638, 1.0212686, 0.033851046]
[2.0111978, 0.9133835, 1.0666265, 0.031187821]
[1.8858144, 1.0196548, 0.8364942, 0.029665492]
[1.935449, 0.88730323, 1.0209014, 0.027244322]
[1.8980968, 0.91010463, 0.9595024, 0.028489854]
[2.0201607, 1.1034671, 0.8865462, 0.0301473]
[1.957978, 0.7706422, 1.1526581, 0.034677804]
[1.9995196, 1.0786774, 0.8889734, 0.031868726]
[1.9901787, 1.0326998, 0.92420983, 0.033269033]
[1.9844332, 0.88780004, 1.0679291, 0.02870397]
[2.0827487, 1.0543205, 0.99861985, 0.029808203]
[1.904271, 0.85966015, 1.0203643, 0.024246626]
[1.9255941, 1.0804843, 0.81802374, 0.027085975]
[1.9387752, 0.8961717, 1.0128207, 0.029782815]
[1.9913208, 1.0601627, 0.9002108, 0.030947387]
[1.9811743, 1.026936, 0.9238491, 0.03038923]
[1.9471674, 0.9362955, 0.98139834, 0.029473595]
[1.928135, 0.89613324, 1.0034549, 0.028546978]
[2.0044556, 1.1475978, 0.82823026, 0.028627405]
[1.9317465, 0.7998847, 1.1033168, 0.028544975]
[2.0245037, 1.1430324, 0.8500376, 0.031433687]
[1.9316791, 0.78940755, 1.1129498, 0.029321732]
[2.0273452, 1.1954327, 0.8012938, 0.030618612]
[2.0142944, 0.8716355, 1.1134629, 0.029195923]
[1.9987472, 1.0017161, 0.96952116, 0.027509917]
[1.9132738, 0.90712583, 0.97856224, 0.027585767]
[2.0142417, 0.9099777, 1.0747259, 0.029538173]
[1.9751925, 1.0971315, 0.8517349, 0.026326124]
[1.932942, 0.89906716, 1.0073055, 0.02656942]
[2.0647862, 1.0098097, 1.0263628, 0.028613795]
[1.9959319, 0.96809113, 1.0023971, 0.025443623]
[1.9292829, 1.0450131, 0.86087495, 0.023394778]
[2.0444646, 0.8375797, 1.1799232, 0.026961815]
[1.9432994, 1.0630982, 0.8568737, 0.023327466]
[1.8989778, 0.992766, 0.8788668, 0.027344983]
[1.8794022, 0.8160486, 1.0379107, 0.025442818]
[1.8929517, 0.94321704, 0.9194015, 0.030333102]
[2.0034924, 0.9632673, 1.0101411, 0.030083861]
[2.1474085, 0.984965, 1.1317073, 0.030736253]
[1.905552, 0.9246505, 0.95796335, 0.022938149]
[1.9023114, 0.84957105, 1.025933, 0.026807386]
[1.9489793, 0.95231175, 0.96637154, 0.030295957]
[1.9672583, 0.84857166, 1.0905523, 0.02813431]
[1.8947923, 0.9635236, 0.9047679, 0.02650083]
[1.8935605, 0.8909173, 0.97600424, 0.026638972]
[2.0902395, 0.89374346, 1.163086, 0.033410054]
[1.912676, 1.0389051, 0.84696966, 0.026801182]
[1.9779981, 1.0922717, 0.85694456, 0.028781937]
[1.9983226, 0.83337367, 1.1370947, 0.027854234]
[1.9414725, 0.95278794, 0.9606453, 0.028039176]
[2.0897563, 1.161747, 0.89770126, 0.030308023]
[2.0069945, 0.9944564, 0.9877863, 0.024751743]
[1.9739264, 1.0457124, 0.90468335, 0.02353077]
[1.8926336, 0.8934291, 0.9761752, 0.023029245]
[1.9749559, 1.0444715, 0.9071219, 0.023362495]
[2.0007439, 1.0106382, 0.96215427, 0.027951244]
[1.9270123, 0.9833032, 0.9191684, 0.024540741]
[2.0398955, 0.9090047, 1.1059462, 0.024944672]
[1.9435465, 1.0691732, 0.8480924, 0.026280876]
[1.9164586, 0.99213946, 0.9010831, 0.023236033]
[1.9519985, 0.98782635, 0.9356014, 0.028570704]
[1.9521172, 0.9433221, 0.98264766, 0.026147418]
[1.9609851, 1.011837, 0.92339134, 0.025756683]
[1.9834538, 0.95152473, 1.0023972, 0.029531853]
[1.9144818, 0.9741322, 0.91145015, 0.02889938]
[1.9302855, 0.9162164, 0.9834029, 0.030666053]
[1.9062115, 1.0542629, 0.8199153, 0.03203332]
[2.0096548, 0.83243394, 1.1472385, 0.029982308]
[2.0219374, 1.315176, 0.6789321, 0.027829185]
[2.0719843, 0.88299346, 1.1629369, 0.026053997]
[1.9047893, 0.9606811, 0.9192912, 0.02481715]
[1.87449, 0.9313657, 0.91412586, 0.028998327]
[1.9117334, 0.911417, 0.97015023, 0.030166151]
[2.0019472, 0.924017, 1.0457145, 0.032215524]
[1.9733728, 1.0184114, 0.9257688, 0.029192585]
[1.9791249, 1.0563076, 0.89388835, 0.028928995]
[1.9244045, 0.81708825, 1.0788426, 0.028473597]
[1.9304433, 0.7631054, 1.1412688, 0.026069088]
[2.0454984, 1.0894122, 0.9297799, 0.02630621]
[1.952777, 0.95418173, 0.97134876, 0.027246557]
[1.8692294, 0.9715662, 0.8703313, 0.027331945]
[1.9114505, 0.8826275, 0.99799967, 0.030823303]
[2.0197291, 0.9396766, 1.0521377, 0.027914725]
[2.0449493, 1.1412055, 0.87212783, 0.031615987]
[2.0183833, 0.96197903, 1.029206, 0.027198255]
[2.0021996, 1.0526688, 0.92284083, 0.026689935]
[2.0171936, 1.1033295, 0.8901759, 0.023688141]
[2.0155606, 1.0282805, 0.9626386, 0.024641493]
[1.9666278, 0.9398422, 1.0045726, 0.022213036]
[2.010644, 0.9899298, 0.99933887, 0.021375395]
[1.9391744, 0.9651463, 0.95219135, 0.021836732]
[1.9476271, 0.9705982, 0.9555893, 0.021439606]
[1.999762, 1.1356149, 0.8408386, 0.023308475]
[1.9611187, 0.9204711, 1.0166975, 0.023950152]
[1.9395332, 1.0351634, 0.8806339, 0.023735965]
[1.9038582, 0.99708974, 0.8818485, 0.024920002]
[1.8879415, 0.84900117, 1.0133145, 0.025625775]
[1.9186287, 0.9310068, 0.9633852, 0.024236731]
[1.9706542, 0.9701817, 0.9718021, 0.02867042]
[2.0877073, 0.9292234, 1.1289792, 0.029504545]
[1.9683815, 1.0452206, 0.8969908, 0.026170164]
[2.0666652, 0.9715184, 1.0682638, 0.02688321]
[1.9769243, 1.0754266, 0.88137954, 0.020118155]
[2.0222175, 1.0690984, 0.9317224, 0.021396883]
[1.9502985, 0.97672784, 0.95477927, 0.018791422]
[1.8705182, 0.93523586, 0.9144894, 0.020792918]
[2.0353386, 1.051646, 0.96206987, 0.021623006]
[2.0260236, 1.140195, 0.86484253, 0.020986143]
[1.936571, 0.977741, 0.9398686, 0.018961292]
[2.022368, 1.0251359, 0.97589934, 0.0213327]
[2.0252426, 0.90602094, 1.0994184, 0.01980329]
[2.0064986, 1.0585836, 0.9311198, 0.016795265]
[1.9489676, 0.95134485, 0.9799176, 0.017705102]
[1.9548831, 1.0311755, 0.9049616, 0.01874606]
[1.9063916, 0.8820623, 1.0061636, 0.018165752]
[1.9113015, 0.9165412, 0.9741839, 0.020576399]
[1.9510449, 0.96328795, 0.9674963, 0.020260729]
[2.0795739, 0.88993037, 1.1688936, 0.020749774]
[1.9529335, 1.0501424, 0.88122135, 0.021569727]
[1.9117507, 0.9549693, 0.937128, 0.01965341]
[1.9489735, 0.9618562, 0.96397185, 0.023145583]
[1.9555582, 0.86353767, 1.0683656, 0.023654973]
[1.9416634, 0.92274415, 0.99602616, 0.02289304]
[1.9186798, 1.0036438, 0.8904836, 0.024552412]
[1.9218782, 0.8954521, 0.9988254, 0.027600713]
[1.984308, 0.8764428, 1.0781863, 0.029678896]
[2.010191, 1.1810695, 0.80148864, 0.027632743]
[1.9986451, 0.9310986, 1.0398836, 0.027662886]
[1.969236, 0.973976, 0.9683465, 0.026913479]
[1.9894646, 0.86738676, 1.0962641, 0.025813717]
[1.9495242, 1.072123, 0.85236645, 0.025034662]
[1.9605578, 0.91721296, 1.0189989, 0.024345947]
[1.9533685, 0.976208, 0.95138216, 0.025778426]
[1.9167312, 1.0159321, 0.8755237, 0.025275484]
[1.959375, 0.86276674, 1.0699576, 0.026650677]
[1.9109071, 0.96009433, 0.92408526, 0.026727544]
[2.052514, 0.97614294, 1.049526, 0.026845278]
[2.060896, 1.0722873, 0.9614873, 0.027121358]
[1.9138973, 0.9715038, 0.9205127, 0.021880878]
[1.9585719, 0.84686923, 1.088319, 0.023383778]
[1.9388893, 0.8961178, 1.017911, 0.024860442]
[1.96663, 0.9913272, 0.95117676, 0.024126016]
[1.9712505, 1.0209707, 0.92548263, 0.024797205]
[1.9889302, 0.90434676, 1.0601888, 0.024394803]
[1.9638265, 0.97190624, 0.9699548, 0.021965533]
[1.9335477, 1.0385082, 0.8725017, 0.022537917]
[2.014325, 0.90254706, 1.0861475, 0.025630228]
[2.0118911, 0.94093406, 1.0471761, 0.02378086]
[1.9934696, 0.99091727, 0.97901386, 0.02353849]
[2.005218, 1.0160661, 0.96657526, 0.022576757]
[1.9848404, 0.94935346, 1.0133575, 0.02212937]
[1.9389101, 0.89642507, 1.0208735, 0.02161152]
[1.8971957, 0.94670266, 0.9266873, 0.02380571]
[1.9024004, 0.9953375, 0.88144827, 0.02561462]
[1.9927707, 0.95528877, 1.0102286, 0.027253266]
[1.986188, 0.8949289, 1.0644177, 0.026841503]
[1.9149929, 0.99744344, 0.8921757, 0.02537379]
[1.9040692, 0.87454134, 1.0007519, 0.028775938]
[1.9495451, 0.84039795, 1.0772635, 0.031883758]
[1.9388995, 1.0595002, 0.8469287, 0.03247062]
[1.9210343, 0.970337, 0.9181987, 0.03249863]
[2.0534449, 1.0153143, 1.0022317, 0.035898603]
[1.9598042, 0.97284424, 0.9567468, 0.030213065]
[2.1308048, 1.2224536, 0.8821968, 0.0261543]
[1.9706118, 0.9367384, 1.0102984, 0.02357512]
[1.9753245, 0.9912257, 0.95925546, 0.024843283]
[1.9690084, 1.05044, 0.8941891, 0.024379369]
[1.8893663, 0.92768824, 0.93790007, 0.023777977]
[1.9570565, 1.0463614, 0.8848454, 0.025849665]
[1.9271356, 0.83937013, 1.0624808, 0.02528461]
[1.9212723, 1.0684305, 0.8290488, 0.023793038]
[1.9185321, 0.95969415, 0.93221784, 0.026620125]
[1.9529295, 1.0362074, 0.88968426, 0.02703783]
[1.9511813, 0.92640996, 0.9963126, 0.028458754]
[1.9808455, 0.90830326, 1.042375, 0.03016717]
[1.901539, 0.9727803, 0.89988905, 0.028869642]
[2.0307312, 0.84821427, 1.1528145, 0.029702537]
[1.9228861, 0.8730682, 1.0203876, 0.02943026]
[1.9114063, 0.92738736, 0.9551417, 0.02887731]
[1.9789736, 0.8696261, 1.0760213, 0.03332621]
[2.0783253, 1.117212, 0.9293089, 0.031804275]
[1.9062378, 1.0382016, 0.83694607, 0.031090315]
[1.952281, 0.9285884, 0.9945384, 0.029154137]
[1.9174, 1.1203588, 0.7669606, 0.030080527]
[1.9625518, 0.7965675, 1.1333541, 0.032630257]
[2.0801046, 1.2300074, 0.81733125, 0.032765765]
[2.0818386, 1.0613599, 0.99713063, 0.023348138]
[1.9914551, 0.9706284, 1.0006295, 0.02019712]
[1.9552976, 1.0269172, 0.91037774, 0.01800259]
[1.9908642, 0.8882033, 1.0837858, 0.01887506]
[1.9379143, 0.8958782, 1.02264, 0.01939608]
[1.9420074, 0.9754822, 0.9452461, 0.021279108]
[1.9634444, 0.9548936, 0.9853411, 0.023209734]
[1.9216728, 0.941777, 0.9597077, 0.020188116]
[1.9279057, 0.9379187, 0.9656599, 0.024327014]
[1.9652057, 1.0141523, 0.92566395, 0.025389407]
[2.008477, 0.95735854, 1.0235646, 0.027553888]
[2.0415745, 0.96342623, 1.0500345, 0.028113723]
[2.0440784, 1.1011859, 0.918489, 0.02440359]
[1.974235, 1.0547099, 0.8984182, 0.021106962]
[1.977936, 0.9622532, 0.9935943, 0.022088557]
[1.9742247, 0.919814, 1.0326943, 0.021716408]
[1.9066501, 0.9388858, 0.94706285, 0.020701433]
[2.0294437, 0.8794636, 1.1251736, 0.024806464]
[1.9411523, 0.96632904, 0.94826245, 0.026560789]
[1.9895717, 0.92180824, 1.0416659, 0.026097491]
[1.9987322, 0.96631646, 1.0084363, 0.023979463]
[1.8961364, 0.9125471, 0.9599769, 0.023612425]
[1.9363402, 0.96398914, 0.9459738, 0.026377268]
[1.9716618, 0.9182501, 1.0253628, 0.028048921]
[2.031299, 1.0343958, 0.96765614, 0.029247232]
[1.9892513, 1.0264997, 0.93632966, 0.026421856]
[1.9803046, 1.0004466, 0.95556396, 0.024294041]
[1.8791837, 0.87386256, 0.98019814, 0.025122989]
[1.9280027, 0.94845456, 0.95242333, 0.02712481]
[2.0081265, 1.1541562, 0.82650757, 0.027462693]
[1.901162, 0.8396387, 1.0342596, 0.027263757]
[1.9123772, 0.91429627, 0.97047, 0.027610842]
[2.1591842, 1.0941722, 1.0376062, 0.027405676]
[2.0766144, 1.2028506, 0.85145795, 0.022305848]
[1.9610727, 0.978318, 0.9650875, 0.017667308]
[1.8875828, 0.9368342, 0.93042636, 0.020322192]
[1.9466425, 0.84274393, 1.0820265, 0.021872172]
[1.9212203, 1.053214, 0.84439003, 0.02361626]
[1.9661067, 0.9223887, 1.0190475, 0.024670435]
[1.9470137, 1.064963, 0.8551776, 0.026873235]
[2.0479903, 1.104161, 0.91484094, 0.028988272]
[1.9689723, 0.97564495, 0.96940696, 0.023920374]
[1.9094604, 0.93926585, 0.94658405, 0.023610506]
[1.9773664, 0.9811845, 0.9690783, 0.027103635]
[1.9916445, 0.8747468, 1.0894048, 0.027492866]
[1.9938308, 1.0606925, 0.90680355, 0.026334664]
[1.9254849, 0.9542495, 0.9457793, 0.025456063]
[2.0369108, 1.0827296, 0.92858386, 0.025597263]
[1.9039673, 0.9350579, 0.9449364, 0.023972973]
[1.9790647, 0.98516613, 0.96669793, 0.02720074]
[1.9349135, 0.93073845, 0.9779853, 0.02618968]
[1.8438975, 0.8900573, 0.9257173, 0.028122824]
[1.9975591, 1.0004249, 0.96234167, 0.034792498]
[1.8059481, 0.91919124, 0.85556114, 0.031195745]
[1.8128036, 0.8012992, 0.9692631, 0.042241346]
[1.9773802, 0.74833375, 1.1874537, 0.041592695]
[2.0481796, 1.2930715, 0.7078946, 0.047213435]
[1.9717209, 0.8120042, 1.1238911, 0.03582564]
[1.9160912, 0.84833926, 1.0303073, 0.037444532]
[1.9169992, 0.8841327, 0.9990443, 0.033822134]
[1.9151331, 0.81107426, 1.0659326, 0.038126204]
[1.9097991, 0.9741622, 0.89399976, 0.04163719]
[2.049627, 0.7860242, 1.2215179, 0.042084824]
[2.1760864, 1.4310267, 0.7146301, 0.030429613]
[1.9371749, 0.9055433, 1.0048649, 0.026766613]
[2.036645, 1.1001979, 0.9102571, 0.02618977]
[1.9975986, 0.9952104, 0.9776834, 0.024704862]
[1.9786763, 0.97994107, 0.9755827, 0.023152648]
[1.9633683, 0.9122248, 1.0291789, 0.021964679]
[1.9359204, 0.92335343, 0.9908197, 0.021747269]
[1.9060984, 0.98154294, 0.90037274, 0.024182651]
[1.9711924, 0.9515847, 0.99543786, 0.024169775]
[1.9758829, 1.0092103, 0.939854, 0.026818458]
[1.9243485, 0.9832536, 0.9166866, 0.02440826]
[1.8685876, 0.85736424, 0.9848466, 0.02637681]
[1.913284, 0.8562657, 1.0279887, 0.029029487]
[1.9748936, 1.1584474, 0.7866374, 0.029808767]
[1.9861385, 0.7501027, 1.2101355, 0.025900207]
[1.936093, 1.160578, 0.7510765, 0.024438478]
[1.946145, 1.0673718, 0.85335636, 0.02541689]
[2.0248747, 0.9775904, 1.0209022, 0.026382226]
[2.015526, 1.130282, 0.85932654, 0.025917493]
[2.0019093, 0.9811939, 0.9970123, 0.023703087]
[1.8861645, 0.94949234, 0.91117704, 0.025495203]
[1.9765866, 0.86472404, 1.0849934, 0.026869163]
[1.940483, 1.0519242, 0.86160016, 0.026958555]
[1.8935354, 0.93121684, 0.93228793, 0.030030632]
[2.0763264, 0.9155012, 1.1287667, 0.03205848]
[1.9491801, 1.169749, 0.7529409, 0.02649021]
[1.9915901, 0.93753177, 1.0276508, 0.026407596]
[1.9346861, 0.8426255, 1.0646545, 0.027406067]
[1.9388101, 1.0001185, 0.91333914, 0.025352472]
[1.9151624, 0.9046495, 0.98492193, 0.025591064]
[1.9743866, 0.9654869, 0.9820346, 0.02686515]
[1.8872869, 1.040009, 0.819831, 0.02744686]
[1.9394306, 0.8892947, 1.0214546, 0.028681356]
[1.8169928, 0.9207788, 0.8657676, 0.030446328]
[1.9740808, 1.1761258, 0.7644334, 0.03352169]
[1.8549905, 0.80410737, 1.0204453, 0.030437766]
[1.9871589, 1.0965207, 0.85884607, 0.031792175]
[1.8747648, 0.8767024, 0.9652618, 0.032800514]
[1.9399898, 0.9886204, 0.90980065, 0.041568708]
[2.1517236, 0.89673185, 1.2136563, 0.04133531]
[1.930091, 0.88865554, 1.0083283, 0.033107165]
[1.9325837, 0.9005067, 0.9963531, 0.035723977]
[2.03771, 0.9610026, 1.0408111, 0.035896346]
[1.9645789, 1.0973527, 0.83661884, 0.03060717]
[1.943125, 0.78064835, 1.1325786, 0.029897999]
[2.0030398, 1.0515726, 0.92115104, 0.030316133]
[1.9459277, 0.88890386, 1.0276614, 0.029362444]
[1.951094, 0.9744045, 0.94567925, 0.031010304]
[2.0063019, 1.0103223, 0.96067727, 0.03530223]
[2.0739155, 0.90555394, 1.1371667, 0.031194806]
[2.0091376, 0.9478028, 1.0324674, 0.028867468]
[1.9647409, 0.93281686, 1.0006832, 0.031240813]
[1.9456221, 0.82338464, 1.0902383, 0.031999085]
[1.9556577, 0.97467446, 0.95217454, 0.028808743]
[1.955189, 0.93815637, 0.9857701, 0.031262577]
[1.8869059, 0.8560764, 1.0051062, 0.025723197]
[1.8738223, 0.8288764, 1.0108163, 0.034129657]
[1.9715452, 1.0672693, 0.86997545, 0.034300484]
[1.7750266, 0.86902094, 0.8689561, 0.037049472]
[2.0998213, 1.0240219, 1.0377917, 0.03800775]
[1.9611498, 0.8877701, 1.0382056, 0.035173967]
[2.0455005, 1.186043, 0.8241063, 0.035351187]
[1.878695, 0.8495869, 0.9975337, 0.031574536]
[2.0225916, 1.0611858, 0.92732835, 0.034077294]
[1.9458519, 1.0068935, 0.90860033, 0.030358117]
[1.8815651, 0.98416984, 0.8648449, 0.032550327]
[1.9073178, 0.8256272, 1.0489948, 0.032695714]
[1.9223915, 1.0771289, 0.8098316, 0.03543102]
[2.0232759, 0.8854925, 1.1011633, 0.03662004]
[2.0580823, 0.901492, 1.1231594, 0.033430737]
[2.1706035, 1.0709915, 1.0692966, 0.030315433]
[2.03472, 1.0309653, 0.9784402, 0.025314264]
[2.0319111, 0.98745906, 1.0198207, 0.024631366]
[1.9562205, 1.0727466, 0.862996, 0.020477902]
[1.9713931, 1.0289227, 0.92101645, 0.021453962]
[1.9580797, 0.93541193, 1.0022275, 0.020440279]
[1.9685755, 0.94407016, 1.0006804, 0.023824885]
[2.022658, 0.9183655, 1.0824839, 0.021808883]
[1.9881859, 1.1254609, 0.84392893, 0.01879607]
[2.033768, 0.97367847, 1.0398777, 0.02021182]
[2.0245104, 1.0376793, 0.9670923, 0.019738618]
[2.012774, 1.0339007, 0.96215594, 0.016717302]
[1.927969, 0.97979975, 0.9298843, 0.018284887]
[1.9062206, 0.932852, 0.95311636, 0.020252053]
[1.8760393, 0.91750664, 0.9363818, 0.022150723]
[1.8579314, 0.88155663, 0.9524611, 0.0239136]
[1.9760742, 0.9669328, 0.97944736, 0.02969404]
[1.960431, 1.0177417, 0.9123031, 0.030386183]
[1.9728726, 1.0495465, 0.89366376, 0.029662363]
[1.922184, 1.0959804, 0.79779756, 0.028406017]
[1.9194776, 0.8399011, 1.0517342, 0.027842265]
[1.8144106, 0.9316478, 0.8510524, 0.03171041]
[1.828472, 0.99686533, 0.7993823, 0.032224298]
[1.7764146, 0.93767536, 0.79804707, 0.040692177]
[1.7512517, 0.77817935, 0.9308635, 0.042208865]
[2.065853, 1.2729237, 0.7386325, 0.054296978]
[2.0952308, 0.60305893, 1.4427624, 0.04940961]
[1.9136307, 1.35813, 0.51539886, 0.040101923]
[1.9729103, 0.8498403, 1.0816045, 0.041465513]
[2.0982213, 1.0359762, 1.0263281, 0.035916932]
[2.0190299, 0.9440388, 1.0425453, 0.032445695]
[1.9255134, 0.95531297, 0.94179654, 0.028403891]
[2.0234833, 1.0182652, 0.9750886, 0.030129416]
[1.9485385, 0.92752707, 0.98974544, 0.03126597]
[2.0928493, 1.0962124, 0.9653617, 0.031275388]
[1.9433318, 0.95672303, 0.9601493, 0.026459605]
[1.9659973, 0.8862996, 1.0521576, 0.027540036]
[1.959646, 0.93766636, 0.99513274, 0.026846865]
[1.9993013, 0.80271506, 1.1698275, 0.026758814]
[1.9374521, 1.1802201, 0.7351861, 0.02204581]
[1.9842277, 0.8985697, 1.0619689, 0.023689032]
[2.0220685, 0.9385658, 1.0596254, 0.02387736]
[1.9895802, 0.9953772, 0.973817, 0.020385936]
[1.9146476, 0.93813336, 0.9535284, 0.022985809]
[1.9078578, 0.935586, 0.9504262, 0.021845564]
[2.0617068, 0.9228435, 1.1146781, 0.02418523]
[1.9718614, 0.9818298, 0.96927816, 0.020753415]
[1.8852139, 0.85787326, 1.003897, 0.02344368]
[1.9550825, 1.0306839, 0.8989596, 0.025439184]
[1.9287901, 0.845878, 1.0543143, 0.028597828]
[2.0687003, 1.1240203, 0.9147194, 0.02996073]
[1.8707714, 0.84467596, 1.0014352, 0.024660386]
[1.9763942, 0.9430053, 1.0039124, 0.029476464]
[1.9810008, 0.97706556, 0.9763398, 0.027595408]
[1.9113266, 0.9792231, 0.9061115, 0.025992183]
[2.0878267, 0.954222, 1.1007515, 0.032853227]
[1.970979, 1.030701, 0.91588163, 0.024396269]
[1.9189652, 0.94935423, 0.9450269, 0.024584116]
[1.959739, 1.0003577, 0.9339826, 0.02539866]
[1.9588897, 0.9824348, 0.950196, 0.026258947]
[1.9111749, 0.86502665, 1.020609, 0.025539316]
[1.9109787, 0.93724424, 0.94788206, 0.025852364]
[1.8789669, 0.85797465, 0.99035335, 0.030638978]
[1.9893779, 0.8960146, 1.0643437, 0.029019607]
[1.9167365, 0.9415106, 0.9444931, 0.0307328]
[1.9796087, 0.85692734, 1.091397, 0.031284247]
[1.9565042, 1.0353122, 0.8916992, 0.029492859]
[2.0256987, 0.9384073, 1.0556138, 0.031677682]
[1.9951041, 0.884824, 1.0800374, 0.030242715]
[1.9397451, 0.9131903, 0.9976877, 0.028867073]
[1.9743489, 0.8985587, 1.0487641, 0.027026044]
[1.9539783, 0.94560385, 0.9815107, 0.026863763]
[2.002579, 1.0746763, 0.8990005, 0.028902065]
[2.0389397, 0.887246, 1.1252449, 0.026449004]
[1.9931438, 1.1193153, 0.8500749, 0.02375359]
[1.962502, 1.0381088, 0.90176225, 0.022630956]
[1.9443012, 0.9420194, 0.97798115, 0.024300743]
[1.9907601, 1.0541658, 0.9119837, 0.02461053]
[2.0060804, 1.058721, 0.9225244, 0.024835218]
[1.9750361, 1.0604703, 0.894425, 0.020140944]
[1.8907229, 1.0212481, 0.8467554, 0.022719335]
[1.9175788, 0.9903033, 0.90411466, 0.0231608]
[1.966351, 1.059895, 0.8795972, 0.026858848]
[1.9754032, 1.0116868, 0.9378532, 0.025863193]
[1.979656, 1.03084, 0.9237195, 0.025096392]
[1.9918876, 1.0464729, 0.9192699, 0.026144683]
[2.000406, 0.99712443, 0.9769254, 0.02635625]
[1.9742818, 0.998817, 0.9502365, 0.025228307]
[1.9725147, 0.96780956, 0.980075, 0.0246302]
[2.00668, 0.94006205, 1.0406375, 0.025980523]
[1.9434316, 0.941616, 0.97899365, 0.022821926]
[1.9289731, 0.92187154, 0.98048145, 0.026620075]
[1.968559, 1.0118878, 0.92930615, 0.027365144]
[1.9495835, 1.0203103, 0.9016478, 0.027625393]
[2.0059938, 1.0337017, 0.94801503, 0.024277272]
[2.0096002, 1.0391332, 0.9441618, 0.026305268]
[1.9228436, 0.9143783, 0.98427385, 0.024191556]
