[1.5432727, 0.5115495, 0.8728349, 0.15888837]
[1.8077556, 1.0577453, 0.58886707, 0.16114318]
[1.8439927, 0.9712634, 0.6998532, 0.17287618]
[1.8697479, 0.9178927, 0.78866124, 0.16319394]
[1.9046061, 0.87953883, 0.8635719, 0.1614954]
[1.5574871, 0.6458155, 0.7617346, 0.149937]
[1.5172787, 0.8359163, 0.5103595, 0.17100292]
[1.8076302, 0.85097957, 0.7933793, 0.16327128]
[1.8215866, 0.9210353, 0.7421366, 0.15841472]
[1.7177092, 0.63874793, 0.93127847, 0.1476828]
[1.7111716, 0.78371257, 0.7643866, 0.16307248]
[1.6559256, 0.7367555, 0.76470757, 0.15446262]
[1.7387426, 0.7203814, 0.8480312, 0.17032999]
[1.70713, 0.8120979, 0.7260352, 0.16899686]
[1.8471944, 0.82448286, 0.86225784, 0.16045386]
[1.806233, 0.9387145, 0.68334174, 0.18417677]
[1.7302527, 0.80135643, 0.772959, 0.15593728]
[1.8299282, 0.6382934, 1.029093, 0.16254173]
[1.7508059, 0.7438419, 0.82932496, 0.17763898]
[1.7840593, 0.84741426, 0.7637594, 0.1728857]
[1.7177694, 0.70185447, 0.8630414, 0.15287349]
[1.6204147, 0.750432, 0.7108329, 0.15914989]
[1.8004119, 0.7095586, 0.93192697, 0.15892638]
[1.8743213, 0.70596534, 0.98884463, 0.17951141]
[1.7404283, 0.94067144, 0.65120775, 0.14854923]
[1.6285696, 0.76699555, 0.7140141, 0.1475599]
[2.013532, 0.73540765, 1.1106188, 0.16750543]
[1.669751, 0.950997, 0.5572288, 0.16152522]
[1.5098863, 0.5819447, 0.76253897, 0.1654026]
[1.658082, 0.74738234, 0.7311295, 0.17957017]
[1.9621736, 0.99482423, 0.77569485, 0.19165461]
[1.8283837, 1.0143001, 0.6566728, 0.15741092]
[1.9212804, 0.6755485, 1.0862043, 0.15952757]
[1.5236629, 0.82775474, 0.5221194, 0.17378882]
[1.8878769, 0.84386766, 0.8714336, 0.17257558]
[1.8851755, 1.0568783, 0.67246664, 0.15583049]
[1.6252161, 0.7364005, 0.72061145, 0.16820417]
[1.7624665, 0.8021068, 0.7787845, 0.18157518]
[1.6245025, 0.5308822, 0.9290868, 0.16453353]
[1.5938257, 0.8681102, 0.57251585, 0.15319963]
[1.9661666, 0.9293503, 0.84755445, 0.1892618]
[1.7670373, 0.76603097, 0.82653326, 0.17447303]
[1.816983, 0.9507865, 0.6808101, 0.18538645]
[1.7348379, 0.74322337, 0.83013475, 0.16147982]
[2.1485558, 1.2205473, 0.76135755, 0.16665083]
[1.8239131, 0.81530005, 0.84356177, 0.16505125]
[1.8405988, 0.9246688, 0.7765279, 0.13940218]
[1.7698877, 0.7436013, 0.87618315, 0.15010318]
[1.7694315, 0.7276616, 0.8929708, 0.14879906]
[1.8109149, 0.918177, 0.72397745, 0.16876045]
[1.8540255, 0.66752195, 1.0176886, 0.16881494]
[1.6227112, 0.70214635, 0.7661413, 0.15442342]
[1.9538429, 0.88456744, 0.8889666, 0.18030888]
[1.609044, 0.58657265, 0.88243157, 0.14003985]
[1.7339811, 0.8899879, 0.69634163, 0.14765167]
[1.8415629, 1.0915625, 0.6015878, 0.1484126]
[1.7221619, 0.7332479, 0.8482915, 0.1406225]
[1.7683301, 0.78472185, 0.8251284, 0.15847988]
[1.8102865, 0.6968776, 0.9419284, 0.17148054]
[1.7832804, 0.93099797, 0.6970579, 0.15522456]
[1.8135586, 0.8326985, 0.8323711, 0.14848906]
[1.6281707, 0.731766, 0.7580025, 0.13840218]
[1.7687144, 0.77377284, 0.8509481, 0.1439935]
[2.0682807, 0.9967748, 0.9186794, 0.1528266]
[1.8053395, 0.84522367, 0.8148597, 0.14525613]
[1.6369376, 0.67042685, 0.8137378, 0.15277293]
[1.8371829, 0.7473428, 0.93401957, 0.15582046]
[1.6102604, 0.7444118, 0.7191641, 0.1466845]
[1.6589873, 0.86942303, 0.63028526, 0.15927899]
[1.7875321, 0.78998387, 0.84184945, 0.1556988]
[1.5187683, 0.6658106, 0.68881, 0.16414773]
[1.9240813, 0.85680085, 0.9150579, 0.1522226]
[1.8838968, 0.80932224, 0.90815383, 0.16642067]
[1.7715575, 0.74852884, 0.8663787, 0.15664992]
[1.7675519, 0.9207468, 0.6936344, 0.15317076]
[1.6269873, 0.67703915, 0.7705091, 0.17943904]
[1.7246253, 0.9790125, 0.5703611, 0.17525169]
[1.6133184, 0.64870954, 0.80783355, 0.1567754]
[1.7516545, 0.8688377, 0.72766376, 0.15515304]
[1.7311544, 0.7231543, 0.84125715, 0.16674298]
[1.8090887, 0.83457744, 0.82222694, 0.15228441]
[1.4884281, 0.5058194, 0.8303373, 0.15227145]
[1.6949233, 0.8665031, 0.6443224, 0.18409778]
[1.6604769, 0.84304845, 0.64239, 0.17503849]
[1.8680001, 0.7134055, 0.9999503, 0.15464437]
[1.7885497, 0.9635241, 0.6655952, 0.15943041]
[1.5834067, 0.5586605, 0.85748255, 0.16726369]
[1.6092732, 0.7030406, 0.7435345, 0.16269806]
[1.7928643, 0.92037165, 0.70602703, 0.1664657]
[1.8354481, 0.690577, 0.9433259, 0.20154539]
[1.6513401, 0.7348952, 0.72860366, 0.1878413]
[2.1426673, 1.226123, 0.7333572, 0.18318719]
[1.9323131, 0.7515941, 1.0212599, 0.15945897]
[1.7565596, 0.90467805, 0.68968886, 0.16219267]
[1.8298292, 0.726019, 0.95295256, 0.15085769]
[1.7111745, 0.8030572, 0.75042987, 0.15768738]
[2.0492787, 1.1029394, 0.7907566, 0.15558271]
[1.8449281, 0.75518155, 0.93340653, 0.15634]
[1.7347437, 0.93157864, 0.65682435, 0.14634077]
[2.0070393, 0.91209954, 0.934933, 0.1600067]
[1.6156341, 0.8237435, 0.64580566, 0.14608486]
[1.8114797, 0.900491, 0.7537444, 0.15724432]
[1.8477472, 0.89532626, 0.79466563, 0.15775523]
[1.5419369, 0.5901183, 0.7855631, 0.16625553]
[1.887526, 1.0206323, 0.7063695, 0.16052431]
[1.9160011, 0.77500105, 1.0113112, 0.12968883]
[1.7707888, 0.8376216, 0.77427036, 0.15889677]
[1.844616, 0.8032324, 0.886387, 0.15499672]
[1.4643592, 0.83212703, 0.47790068, 0.15433148]
[1.7403138, 0.80193996, 0.77493465, 0.16343912]
[1.761381, 0.7202338, 0.89943135, 0.14171591]
[1.7543261, 0.90551317, 0.7036351, 0.14517784]
[1.7513225, 0.7319082, 0.85515976, 0.16425459]
[1.6442829, 0.70862514, 0.7894052, 0.14625251]
[1.9564433, 0.9462142, 0.8570678, 0.15316132]
[1.795035, 0.863489, 0.7666439, 0.16490208]
[1.6607528, 0.67676747, 0.8389513, 0.14503412]
[1.6397, 0.6257831, 0.851815, 0.16210194]
[2.069765, 0.9733676, 0.9389382, 0.15745935]
[1.8332393, 0.89793503, 0.7782781, 0.15702614]
[1.7568113, 0.6945902, 0.9154186, 0.14680246]
[1.9553401, 0.9671231, 0.83770496, 0.15051207]
[1.7770541, 0.90634346, 0.71757764, 0.15313292]
[1.7168802, 0.6575227, 0.90009916, 0.15925841]
[1.7920003, 1.0848192, 0.5562279, 0.15095317]
[1.6672645, 0.76722646, 0.7539433, 0.14609468]
[1.8961114, 1.1602972, 0.5739533, 0.16186091]
[1.902242, 0.56453526, 1.1827061, 0.15500057]
[1.7530519, 1.0079237, 0.58819115, 0.156937]
[1.6752907, 0.72869647, 0.805639, 0.14095521]
[1.789304, 0.89620066, 0.74460983, 0.14849348]
[2.0653894, 0.7698872, 1.1346667, 0.16083542]
[1.9019053, 0.9297514, 0.82570565, 0.1464483]
[1.8334972, 0.95562077, 0.73863393, 0.13924251]
[1.8253607, 0.7851121, 0.8990899, 0.14115867]
[1.7948844, 0.9799551, 0.6698364, 0.14509293]
[1.6350863, 0.6484078, 0.8374448, 0.14923364]
[1.5493135, 0.7886353, 0.62888783, 0.1317904]
[1.763491, 0.7837971, 0.80465, 0.17504391]
[1.761169, 0.68882406, 0.9185517, 0.15379319]
[2.0312564, 0.9876306, 0.90237486, 0.14125092]
[1.663341, 0.83868384, 0.67751235, 0.14714476]
[1.7355359, 0.7246814, 0.85265625, 0.15819824]
[1.7758231, 0.79479074, 0.81986344, 0.16116887]
[1.7777754, 0.80243134, 0.8098739, 0.16547021]
[1.875761, 0.8651706, 0.8494346, 0.16115588]
[1.9378681, 1.0463417, 0.74530756, 0.1462189]
[1.7356925, 0.60321903, 0.982003, 0.1504705]
[1.8557094, 0.9135424, 0.79452425, 0.1476427]
[1.9403207, 0.86247396, 0.9463557, 0.13149104]
[1.9999247, 0.9105984, 0.9473797, 0.14194657]
[1.5568689, 0.8586486, 0.56189525, 0.13632496]
[1.9694843, 0.96631247, 0.86272526, 0.1404466]
[2.0686905, 0.98278046, 0.94054806, 0.14536212]
[1.8693714, 0.8576975, 0.8650058, 0.14666826]
[1.749167, 0.9913181, 0.62287843, 0.13497043]
[1.5918483, 0.8067638, 0.6501587, 0.13492568]
[1.6115611, 0.8193574, 0.6593657, 0.13283801]
[1.6537806, 0.6503788, 0.8720891, 0.13131273]
[1.6267779, 0.80720496, 0.66847366, 0.15109916]
[1.9756938, 0.8299247, 1.0042795, 0.14148958]
[1.6600285, 0.7001443, 0.81105864, 0.14882559]
[1.8163176, 0.9298847, 0.7361019, 0.15033096]
[1.8373867, 0.70103717, 0.9870356, 0.14931402]
[1.5952593, 0.749913, 0.71102905, 0.13431731]
[1.6604601, 0.7153738, 0.803005, 0.14208136]
[1.5941306, 0.6148398, 0.8325519, 0.14673889]
[1.4643139, 0.6322585, 0.6806621, 0.15139331]
[1.5882037, 0.62413704, 0.81042486, 0.15364176]
[1.8875778, 0.8453091, 0.86457586, 0.17769293]
[1.6968386, 0.566835, 0.9700905, 0.1599131]
[1.6077411, 0.79832387, 0.65200984, 0.15740746]
[1.7392905, 0.77056503, 0.8003006, 0.16842486]
[1.7671466, 0.75577796, 0.8616477, 0.14972085]
[1.7584366, 0.8139925, 0.78123236, 0.16321172]
[1.5536267, 0.75607336, 0.63797295, 0.15958035]
[1.7217684, 0.8440702, 0.6986995, 0.17899877]
[1.9504434, 0.5720624, 1.1798252, 0.1985558]
[1.8292468, 0.852847, 0.81199884, 0.16440088]
[1.7747505, 0.8254844, 0.7877844, 0.16148168]
[1.7296237, 0.9314611, 0.6412355, 0.15692715]
[1.9585268, 0.81365514, 0.9727738, 0.17209798]
[1.8184757, 0.7428886, 0.90801084, 0.16757631]
[1.760784, 0.9352143, 0.65368974, 0.17188002]
[1.6848677, 0.6179222, 0.92541987, 0.14152563]
[1.5904847, 0.8056154, 0.6147584, 0.17011096]
[1.5701056, 0.6612152, 0.74704516, 0.16184524]
[1.8678944, 0.8509772, 0.8682474, 0.1486698]
[1.8002678, 0.9724808, 0.6624331, 0.16535386]
[1.4331021, 0.6975139, 0.5804068, 0.15518141]
[1.761405, 0.97955024, 0.6402508, 0.14160395]
[1.7161651, 0.7824178, 0.7896149, 0.14413232]
[1.8859336, 0.8594444, 0.8567395, 0.16974977]
[1.7568928, 0.8511616, 0.74028194, 0.1654493]
[1.7996526, 0.78296614, 0.8600097, 0.15667675]
[1.7689633, 1.0539594, 0.5503001, 0.16470386]
[1.9084946, 0.83007956, 0.9245033, 0.15391175]
[1.733757, 0.81266207, 0.7719468, 0.14914823]
[1.9900383, 1.1051489, 0.72270995, 0.16217937]
[1.7515634, 0.74438673, 0.87082696, 0.13634975]
[1.9842908, 0.98389703, 0.83272946, 0.1676643]
[1.8113526, 0.8576101, 0.81011176, 0.14363076]
[1.7469465, 0.8537092, 0.7305011, 0.16273606]
[1.9054209, 0.79333884, 0.95331717, 0.15876496]
[1.9283239, 1.029093, 0.75084186, 0.14838895]
[1.7581385, 0.7653198, 0.84495807, 0.14786063]
[1.7123533, 0.7816901, 0.7813189, 0.14934435]
[1.579288, 0.73947656, 0.6995296, 0.14028186]
[1.7634163, 0.80202085, 0.8127333, 0.14866215]
[1.7074455, 0.84466505, 0.7098291, 0.15295132]
[1.6277233, 0.7315708, 0.74990034, 0.1462523]
[1.815164, 0.7973063, 0.8516302, 0.16622743]
[1.6913109, 0.8322938, 0.6921506, 0.16686657]
[1.8521415, 0.8382212, 0.85651374, 0.15740657]
[1.7116888, 0.7336068, 0.8354672, 0.14261466]
[1.7858195, 0.95048946, 0.67790973, 0.15742037]
[1.8825248, 0.7719088, 0.9494947, 0.16112122]
[1.714308, 0.70587254, 0.84844416, 0.1599913]
[1.5554268, 0.63117766, 0.76200485, 0.16224436]
[1.779095, 0.7482269, 0.84706914, 0.18379903]
[1.5956202, 0.8830726, 0.55223465, 0.16031286]
[1.6061025, 0.5875446, 0.8587955, 0.15976244]
[2.066792, 0.8231797, 1.0743171, 0.16929513]
[1.6702669, 0.74223524, 0.7595198, 0.16851184]
[1.9812473, 0.9536526, 0.8677467, 0.159848]
[1.9067905, 0.81811243, 0.9387401, 0.14993802]
[1.8860095, 0.74216044, 0.9861685, 0.15768047]
[1.7990637, 0.90916944, 0.7433263, 0.14656788]
[1.5512568, 0.5194657, 0.8661537, 0.16563733]
[1.8343196, 0.8438323, 0.83296394, 0.15752333]
[1.6442238, 0.77277815, 0.6882953, 0.18315038]
[1.5734668, 0.6523954, 0.76258516, 0.1584861]
[1.8572831, 0.7813721, 0.9121376, 0.16377336]
[1.8460925, 0.9886501, 0.716378, 0.14106435]
[1.8832492, 0.8791591, 0.8407808, 0.1633092]
[1.7554383, 0.62250865, 0.9701035, 0.16282612]
[1.8533491, 1.1283858, 0.56735253, 0.1576108]
[1.7427756, 0.5901576, 1.0008515, 0.15176637]
[1.5407271, 0.7441809, 0.64263725, 0.15390894]
[1.8221654, 0.86038166, 0.81122017, 0.15056363]
[1.9245434, 0.8527448, 0.91760874, 0.15418983]
[1.3852139, 0.61391395, 0.6281484, 0.14315146]
[1.6780293, 0.7621172, 0.75236344, 0.16354871]
[1.9079679, 0.7195882, 1.0158186, 0.17256108]
[1.7125685, 0.9281656, 0.60924107, 0.17516178]
[1.7103422, 0.75720793, 0.7950717, 0.15806252]
[1.8672996, 0.9632689, 0.7264973, 0.17753342]
[1.6048208, 0.66798604, 0.767171, 0.16966382]
[1.8050219, 0.74023926, 0.89190304, 0.1728796]
[1.9357371, 0.95618224, 0.82444406, 0.15511085]
[1.4581635, 0.7272934, 0.55934185, 0.1715284]
[1.6573011, 0.83253276, 0.6626522, 0.16211614]
[1.723006, 0.89147425, 0.67058915, 0.16094255]
[1.752646, 0.76735055, 0.83277273, 0.15252268]
[1.6872934, 0.5808228, 0.9379419, 0.16852866]
[1.6933753, 0.7583317, 0.757229, 0.17781469]
[1.4749191, 0.6496084, 0.6582174, 0.1670933]
[1.6218461, 0.7358036, 0.7192574, 0.16678515]
[1.9691074, 1.0445827, 0.7509066, 0.17361811]
[1.7272042, 0.6938977, 0.87200385, 0.16130266]
[1.8726783, 0.9326279, 0.7687385, 0.17131181]
[1.6711729, 0.7076047, 0.8050633, 0.15850478]
[1.5695564, 0.5712091, 0.8676269, 0.13072035]
[1.6132188, 0.8262826, 0.61023307, 0.17670307]
[2.1589532, 1.05267, 0.92773104, 0.17855215]
[1.4580016, 0.76310986, 0.51449656, 0.18039507]
[1.973283, 1.0059652, 0.79870653, 0.16861132]
[1.8901422, 0.7560686, 0.97917616, 0.1548975]
[1.61257, 0.81259096, 0.6348165, 0.16516256]
[1.824756, 0.7613107, 0.8947422, 0.16870323]
[1.8470546, 0.8399819, 0.842975, 0.16409768]
[1.8348913, 0.83436346, 0.8287162, 0.17181155]
[1.7332072, 0.90961957, 0.6500633, 0.17352434]
[1.7421806, 0.82232666, 0.75604945, 0.16380455]
[1.856875, 0.9930376, 0.70875055, 0.15508673]
[1.677941, 0.6490246, 0.85831684, 0.17059955]
[1.8023435, 0.8214326, 0.8080128, 0.17289817]
[1.9389948, 0.70309913, 1.0693169, 0.16657872]
[1.6303326, 0.9473151, 0.5054339, 0.17758362]
[1.7732153, 0.59686375, 1.0109313, 0.16542035]
[1.7560996, 0.8959547, 0.68558574, 0.17455916]
[1.8525479, 0.83022535, 0.865641, 0.1566816]
[1.8673093, 0.8371638, 0.85051584, 0.17962965]
[1.8358195, 0.8889291, 0.777389, 0.16950127]
[1.6409861, 0.8653494, 0.62408996, 0.15154667]
[1.74087, 0.7001619, 0.89130336, 0.1494048]
[1.9899129, 0.9379022, 0.90290177, 0.14910892]
[1.6738855, 0.99630815, 0.51093376, 0.16664346]
[1.8672539, 0.818802, 0.88725185, 0.16120009]
[1.6359111, 0.82594824, 0.65388715, 0.15607572]
[1.766911, 0.8408083, 0.77474815, 0.15135452]
[1.6823331, 0.83098423, 0.683849, 0.16749987]
[1.7389067, 0.66974294, 0.9134908, 0.15567303]
[1.5367304, 0.5980278, 0.7754317, 0.16327079]
[1.807539, 0.70837396, 0.9391529, 0.16001219]
[1.6235499, 0.9314463, 0.53168845, 0.16041514]
[1.994592, 0.93409705, 0.91025084, 0.15024406]
[1.7264783, 0.7557976, 0.8058757, 0.16480498]
[1.6334286, 0.9393438, 0.5409261, 0.15315866]
[1.6885533, 0.7191027, 0.7971935, 0.17225716]
[1.7088696, 0.67601216, 0.869872, 0.16298541]
[1.9846685, 1.0048463, 0.8088424, 0.17097968]
[1.8826833, 0.9374906, 0.76792914, 0.17726344]
[1.7524046, 0.7792723, 0.83088934, 0.14224291]
[1.8644124, 0.90759116, 0.8210927, 0.13572852]
[1.8900433, 0.79674304, 0.934301, 0.15899915]
[1.7224115, 0.85789716, 0.6988709, 0.16564342]
[1.5221934, 0.5697424, 0.78491473, 0.1675363]
[1.794889, 0.9832603, 0.6627046, 0.14892408]
[1.7270666, 0.83504725, 0.732022, 0.15999731]
[1.7523005, 0.71010935, 0.86621284, 0.17597827]
[1.7494917, 0.68018687, 0.92309827, 0.14620668]
[1.6526691, 0.8007718, 0.6947576, 0.15713964]
[1.7987853, 0.7091564, 0.9243558, 0.16527304]
[1.8604072, 0.87796676, 0.81153864, 0.17090186]
[1.625875, 0.85914063, 0.6024871, 0.1642473]
[1.7528877, 0.967497, 0.6112267, 0.17416401]
[1.7127002, 0.79552424, 0.75650346, 0.16067252]
[1.6716003, 0.6222142, 0.88723046, 0.16215564]
[1.7208241, 0.71554494, 0.834893, 0.17038622]
[1.772516, 0.73019433, 0.89225507, 0.15006664]
[1.8613968, 0.83903146, 0.8480331, 0.17433223]
[1.6813803, 0.78159547, 0.7387164, 0.16106841]
[1.829299, 0.7407611, 0.9255415, 0.16299625]
[1.8663906, 0.93976986, 0.7567992, 0.16982153]
[1.6871691, 0.5557609, 0.9433901, 0.18801814]
[1.5696512, 0.83084697, 0.56712466, 0.17167963]
[1.678327, 0.5971137, 0.93511975, 0.14609349]
[1.6304088, 0.56670487, 0.9201102, 0.1435937]
[1.6437252, 0.8253864, 0.6526195, 0.16571924]
[1.7297685, 0.6591975, 0.91014826, 0.16042274]
[1.8103449, 0.8628841, 0.7775266, 0.16993427]
[1.7375101, 0.7811053, 0.7871167, 0.16928801]
[1.7907298, 0.66738874, 0.93096125, 0.19237977]
[1.5738189, 0.68934727, 0.721807, 0.16266465]
[1.7257658, 0.8807614, 0.67068243, 0.17432198]
[1.5739319, 0.7544142, 0.6453719, 0.17414576]
[1.9834608, 0.5957086, 1.2113385, 0.17641361]
[1.7684944, 0.9712132, 0.6119218, 0.18535933]
[1.7798094, 0.83553576, 0.8056202, 0.13865341]
[1.9389656, 1.1186873, 0.64429647, 0.17598176]
[2.0819354, 0.8751881, 1.0356151, 0.1711322]
[1.7583573, 0.84468764, 0.7612361, 0.15243357]
[1.9099724, 0.94913757, 0.8156437, 0.14519113]
[1.8241396, 0.8741755, 0.798311, 0.15165308]
[1.5172815, 0.6106583, 0.75114834, 0.15547486]
[1.6962229, 0.85122377, 0.6919358, 0.15306342]
[1.7041246, 0.873657, 0.6819583, 0.14850926]
[1.6792891, 0.60503227, 0.91532356, 0.15893333]
[1.6087523, 0.74493253, 0.70088756, 0.16293213]
[1.9090967, 0.7820729, 0.9774133, 0.14961046]
[1.8353181, 0.8181844, 0.8642944, 0.15283927]
[1.7569709, 0.7698312, 0.8262744, 0.16086537]
[1.9511302, 0.8955693, 0.88648665, 0.16907424]
[1.8099957, 0.90069807, 0.7597486, 0.14954898]
[1.6204778, 0.6052817, 0.86406636, 0.15112972]
[1.5349743, 0.70392287, 0.6576147, 0.17343673]
[1.8943369, 0.84641504, 0.8777126, 0.17020923]
[1.6347878, 0.7227834, 0.74354434, 0.1684601]
[2.117937, 1.1084853, 0.83281183, 0.17664003]
[1.9132898, 0.74467146, 1.0079691, 0.16064912]
[1.8172164, 0.69151276, 0.9644196, 0.16128397]
[1.7500277, 0.8352776, 0.74707556, 0.16767457]
[1.9362712, 0.93397546, 0.8507489, 0.1515468]
[1.8950771, 0.8153256, 0.9130454, 0.16670609]
[1.661583, 0.9260702, 0.5976049, 0.13790785]
[1.5731875, 0.5149153, 0.8960351, 0.16223706]
[1.9990864, 0.97198987, 0.8771628, 0.14993365]
[1.75207, 0.8457179, 0.7498465, 0.1565056]
[1.6544294, 0.72225666, 0.793097, 0.13907573]
[1.7700126, 0.80523103, 0.8003379, 0.16444373]
[1.6464046, 0.8806778, 0.5994943, 0.16623245]
[1.9113278, 0.9710179, 0.7846471, 0.15566278]
[1.7380233, 0.84009445, 0.7405003, 0.15742853]
[1.7348549, 0.7721535, 0.79891175, 0.16378981]
[1.8723825, 0.88980263, 0.83312184, 0.14945808]
[1.7254809, 0.7749883, 0.76592827, 0.18456435]
[1.753611, 0.96768105, 0.630479, 0.15545091]
[1.7425202, 0.7951056, 0.7824117, 0.16500294]
[1.5272954, 0.6689243, 0.68519306, 0.17317799]
[1.601322, 0.7942872, 0.6408273, 0.16620754]
[1.7252119, 0.75879073, 0.79623884, 0.17018227]
[1.8624784, 0.84265614, 0.85329616, 0.16652608]
[1.7559589, 0.9242134, 0.6672543, 0.16449116]
[1.6136928, 0.76593876, 0.67526245, 0.17249161]
[1.668023, 0.7007519, 0.81281245, 0.15445864]
[1.8393279, 0.9186532, 0.76647705, 0.15419771]
[1.6445291, 0.7402867, 0.7274614, 0.1767809]
[1.6959231, 0.746125, 0.7865174, 0.16328073]
[1.6540251, 0.8224987, 0.6432919, 0.18823463]
[1.7773004, 0.69708836, 0.9128001, 0.16741198]
[1.7525704, 0.81585467, 0.7731855, 0.16353029]
[1.9975396, 1.003436, 0.8095678, 0.18453586]
[1.7020535, 0.8322216, 0.71044195, 0.15938994]
[1.8861634, 0.71569765, 1.0031061, 0.16735959]
[1.7696788, 0.9295944, 0.65737057, 0.18271393]
[1.6917173, 0.8387066, 0.66217124, 0.19083937]
[1.8565277, 0.86263084, 0.8177463, 0.17615058]
[1.7522709, 0.9191534, 0.67837864, 0.15473884]
[1.8451502, 0.8175802, 0.86318576, 0.16438422]
[1.7326335, 0.69398403, 0.87559485, 0.16305459]
[1.6644869, 0.892748, 0.6074532, 0.16428563]
[1.8538975, 0.8189548, 0.8594094, 0.17553319]
[1.6097641, 0.6908924, 0.75501263, 0.16385913]
[1.7766724, 0.7846224, 0.82434833, 0.16770178]
[1.8586824, 0.9832325, 0.7128798, 0.16257012]
[1.6480247, 0.44344717, 1.0601536, 0.14442381]
[1.5677608, 0.81610465, 0.5574272, 0.19422904]
[1.7935994, 0.68068105, 0.92839605, 0.18452229]
[1.6971282, 0.6858634, 0.83781457, 0.1734502]
[1.6131027, 0.6770966, 0.74508244, 0.19092369]
[1.6031394, 0.67137843, 0.7630811, 0.1686799]
[2.050137, 1.1264493, 0.74055254, 0.18313503]
[1.7885555, 0.9226866, 0.6912993, 0.17456965]
[2.0344427, 0.69507915, 1.169266, 0.1700977]
[1.5583225, 0.74021184, 0.6378354, 0.18027528]
[1.5533841, 0.78600925, 0.5972398, 0.17013498]
[1.9663385, 0.917213, 0.8720796, 0.1770459]
[1.8005534, 0.6249452, 1.0018232, 0.17378509]
[1.6304264, 0.75581706, 0.70507264, 0.16953665]
[1.8218756, 0.7564993, 0.8925508, 0.17282544]
[1.8129373, 0.94850117, 0.70056987, 0.16386631]
[1.665009, 0.6697522, 0.8444819, 0.15077493]
[1.9166894, 0.8530132, 0.89812917, 0.16554707]
[1.7845685, 0.70794654, 0.92586297, 0.15075903]
[1.7817158, 0.8513576, 0.7675739, 0.16278419]
[1.6064367, 0.69442403, 0.77474344, 0.13726924]
[1.8467566, 0.8753771, 0.80459917, 0.16678032]
[1.6103475, 0.73473436, 0.7164342, 0.15917903]
[1.8470383, 0.857792, 0.8359281, 0.1533181]
[1.6626987, 0.764338, 0.7319061, 0.16645458]
[1.8841927, 0.7074055, 1.0304334, 0.14635378]
[1.8473978, 0.8838626, 0.81129235, 0.15224296]
[2.0229533, 0.9856122, 0.89090884, 0.14643225]
[1.8019022, 0.7258638, 0.93876886, 0.1372695]
[1.8256015, 0.84488785, 0.82421696, 0.15649664]
[1.9905231, 0.8833644, 0.9633246, 0.14383408]
[1.8450954, 0.89015603, 0.80605185, 0.14888746]
[1.7967469, 0.8883969, 0.7520767, 0.15627329]
[1.7810355, 0.7616696, 0.86803347, 0.15133253]
[1.7765278, 0.7788848, 0.85894424, 0.13869867]
[1.7567775, 0.68845296, 0.9091937, 0.15913078]
[1.8047175, 0.83754885, 0.8231195, 0.14404912]
[1.8099204, 0.8557712, 0.80913675, 0.14501253]
[2.047368, 0.96216416, 0.9301052, 0.15509877]
[1.9565285, 0.88219905, 0.9208319, 0.1534976]
[1.8241788, 1.0027863, 0.6844306, 0.13696197]
[1.7781513, 0.60338753, 1.0470743, 0.12768933]
[1.6986101, 0.82687366, 0.73293114, 0.13880533]
[1.754602, 0.7583293, 0.8553914, 0.1408813]
[1.737159, 0.836281, 0.75827205, 0.142606]
[1.710319, 0.7529918, 0.8112694, 0.14605781]
[1.8758042, 0.97953653, 0.75301224, 0.14325541]
[1.6984493, 0.832827, 0.72510195, 0.1405203]
[1.7105558, 0.71917653, 0.8506254, 0.14075382]
[1.7832539, 0.9006233, 0.71756077, 0.1650698]
[1.6711547, 0.8090738, 0.6991202, 0.1629608]
[1.7315836, 0.71872586, 0.85945415, 0.15340358]
[1.6184562, 0.5934942, 0.86714584, 0.15781632]
[1.7669859, 0.8977304, 0.7065476, 0.16270787]
[1.8600318, 0.80002105, 0.9031224, 0.15688843]
[1.7701594, 0.8273039, 0.7876914, 0.15516414]
[2.001981, 0.9412738, 0.900627, 0.16008009]
[1.8050829, 0.94083256, 0.7146857, 0.1495646]
[1.6754862, 0.7094557, 0.83321744, 0.13281308]
[1.7221612, 0.72771907, 0.8251732, 0.16926895]
[1.6395164, 0.7644665, 0.7313558, 0.143694]
[1.5792081, 0.6195824, 0.80778754, 0.15183824]
[1.9458458, 0.9260173, 0.86529607, 0.15453237]
[1.64735, 0.73558444, 0.7546903, 0.15707526]
[1.7168481, 0.6431019, 0.92129636, 0.15244985]
[1.9063469, 1.0775502, 0.6723099, 0.15648687]
[1.7668766, 0.75126386, 0.86218154, 0.15343115]
[1.8001126, 0.8309784, 0.81151944, 0.1576148]
[1.71737, 0.75417924, 0.81245536, 0.15073542]
[1.8683857, 0.90121126, 0.7949432, 0.1722312]
[1.8830364, 0.92178154, 0.8049489, 0.15630594]
[1.5478069, 0.7899956, 0.60072726, 0.15708394]
[1.6695836, 0.70420074, 0.78780735, 0.17757544]
[1.6598337, 0.69892573, 0.8036685, 0.1572395]
[1.7647796, 0.9531354, 0.6440273, 0.16761684]
[1.9922457, 0.8774906, 0.95389783, 0.16085717]
[1.8338495, 0.92590165, 0.7377324, 0.17021549]
[1.8089762, 0.69443035, 0.95675534, 0.15779045]
[1.7567054, 0.8480421, 0.7445469, 0.16411653]
[1.9031599, 1.0923864, 0.6573585, 0.15341502]
[1.7986839, 0.8199574, 0.81846464, 0.16026184]
[2.0804338, 0.9365877, 0.98977786, 0.15406814]
[1.9133984, 1.1082636, 0.67073846, 0.13439634]
[1.6848468, 0.8130635, 0.74387896, 0.1279043]
[1.690869, 0.72616935, 0.8197069, 0.14499274]
[1.514105, 0.79747415, 0.5473973, 0.16923346]
[1.7199563, 0.7433734, 0.81684947, 0.15973341]
[1.7879033, 0.928107, 0.70651233, 0.15328401]
[1.5782521, 0.695212, 0.72067726, 0.16236281]
[1.7476331, 0.91753554, 0.67110276, 0.15899478]
[1.8082691, 0.77513784, 0.8756578, 0.15747342]
[1.7584298, 0.92888653, 0.67599386, 0.15354949]
[1.621124, 0.6666617, 0.79376805, 0.1606944]
[1.9445589, 0.8880092, 0.90979743, 0.14675227]
[1.8300538, 1.0513585, 0.6338984, 0.14479694]
[1.8869951, 0.79093355, 0.9586151, 0.1374464]
[1.6670207, 0.5938379, 0.9211242, 0.15205847]
[1.6641119, 0.6609211, 0.84657025, 0.15662055]
[1.795958, 0.87598604, 0.7528903, 0.16708165]
[1.8140348, 0.7303184, 0.918877, 0.16483934]
[1.9254655, 0.8364028, 0.9265566, 0.16250613]
[1.9057273, 0.94922876, 0.8111161, 0.14538239]
[1.7105646, 0.6927626, 0.8645872, 0.15321483]
[1.7077589, 0.685828, 0.8788239, 0.143107]
[1.9165219, 0.7495225, 1.0275682, 0.13943112]
[1.6439102, 0.74082136, 0.7348909, 0.16819781]
[1.6202414, 0.7068663, 0.7647577, 0.14861736]
[1.8291242, 0.91530067, 0.7599211, 0.1539025]
[1.7090124, 0.630054, 0.92711926, 0.15183917]
[1.9168062, 0.8876075, 0.8717929, 0.15740587]
[1.3519719, 0.54666966, 0.6437105, 0.1615918]
[2.0229025, 1.0976892, 0.7365099, 0.18870354]
[1.715041, 0.74901164, 0.8100431, 0.15598626]
[1.6247928, 0.68423045, 0.7915547, 0.14900771]
[2.0757902, 0.9340741, 0.9807392, 0.16097695]
[1.9385865, 0.9670551, 0.8233782, 0.14815323]
[1.8857849, 0.9070262, 0.82415235, 0.15460634]
[1.8529208, 0.80120206, 0.90666175, 0.14505702]
[1.613419, 0.7632065, 0.707459, 0.14275362]
[1.7623686, 0.9660636, 0.6355593, 0.1607456]
[1.5275986, 0.72196466, 0.6608932, 0.14474086]
[1.6540127, 0.8270383, 0.67380786, 0.15316656]
[1.7674116, 0.8611826, 0.76271254, 0.14351642]
[1.9785684, 0.9048731, 0.90976214, 0.1639332]
[1.9163873, 0.79056185, 0.9790852, 0.14674017]
[1.9279048, 0.9496205, 0.8134395, 0.16484487]
[1.7158873, 0.83768183, 0.7242948, 0.15391068]
[1.8280683, 0.91625285, 0.7593202, 0.15249515]
[1.5912342, 0.5806707, 0.85223186, 0.15833157]
[1.794108, 1.0232918, 0.6212059, 0.1496103]
[1.7799788, 0.9248471, 0.6880605, 0.1670711]
[1.852246, 0.7815147, 0.9133929, 0.15733838]
[1.7082434, 0.9444369, 0.6106329, 0.15317361]
[1.717178, 0.75020146, 0.80756974, 0.1594068]
[1.6770504, 0.7387089, 0.7683551, 0.16998638]
[1.876943, 0.6868758, 1.0272584, 0.16280878]
[1.6196575, 0.8247138, 0.6275104, 0.16743332]
[1.9902709, 0.90203345, 0.92310417, 0.16513327]
[1.9223446, 0.8920264, 0.87921286, 0.15110531]
[1.8636134, 0.88425845, 0.8322632, 0.14709178]
[1.7877874, 0.8894032, 0.74965143, 0.14873281]
[1.7648721, 0.87785506, 0.7353103, 0.15170676]
[1.834403, 0.6228298, 1.0767548, 0.13481842]
[1.5472982, 0.72563934, 0.6932291, 0.1284298]
[1.837996, 0.8864045, 0.8023857, 0.14920574]
[1.8979826, 0.6892299, 1.0544416, 0.15431117]
[2.0156877, 1.118677, 0.75890696, 0.13810366]
[1.7341723, 0.58217496, 1.0033755, 0.14862183]
[1.7651736, 0.8046777, 0.8130598, 0.14743601]
[1.6766723, 0.70482445, 0.8390708, 0.13277708]
[1.6687369, 0.7225877, 0.79593813, 0.15021113]
[1.7658964, 0.82048094, 0.79333097, 0.15208451]
[1.6280051, 0.7307629, 0.741956, 0.1552862]
[1.7957232, 0.76279736, 0.87898946, 0.15393633]
[1.8659307, 0.8512882, 0.86051434, 0.15412824]
[1.5546404, 0.6448951, 0.76738894, 0.14235637]
[1.6448972, 0.7209896, 0.7588208, 0.16508685]
[2.1200988, 0.9708432, 0.974128, 0.17512764]
[1.900668, 0.8930508, 0.85274184, 0.1548754]
[1.9813993, 1.0240799, 0.82206494, 0.13525435]
[1.5548404, 0.49575853, 0.91619, 0.14289193]
[1.5926436, 0.7868613, 0.66688275, 0.1388996]
[1.7426099, 0.7709436, 0.82000613, 0.15166005]
[1.529915, 0.7392311, 0.63822764, 0.15245613]
[1.8249178, 0.67213356, 0.9871625, 0.1656217]
[1.5596572, 0.79611635, 0.607571, 0.15596989]
[1.6802961, 0.79504955, 0.72749144, 0.15775506]
[1.908779, 0.84634125, 0.8880371, 0.17440066]
[1.68678, 0.6870122, 0.8163861, 0.18338162]
[1.6613215, 0.7550723, 0.7514941, 0.15475512]
[1.699739, 0.9268874, 0.60354114, 0.16931047]
[1.6782714, 0.6736137, 0.85205793, 0.15259966]
[1.9797559, 0.9766728, 0.839242, 0.163841]
[1.8243059, 0.94255406, 0.73393166, 0.14782009]
[1.725343, 0.92614126, 0.6491928, 0.15000895]
[1.9055104, 0.6401149, 1.110253, 0.15514255]
[1.7918462, 1.151494, 0.48373556, 0.15661655]
[1.5885122, 0.5700585, 0.87977684, 0.13867684]
[1.7883372, 1.0520176, 0.58947176, 0.14684802]
[1.6721671, 0.66989577, 0.8371681, 0.16510314]
[1.8148949, 1.1343994, 0.5215621, 0.15893343]
[1.8072213, 0.6968256, 0.96078944, 0.14960626]
[1.4364837, 0.8258717, 0.45679396, 0.153818]
[1.5050256, 0.74014103, 0.6072864, 0.15759826]
[1.7465577, 0.7470124, 0.8326651, 0.16688019]
[1.6005464, 0.76445234, 0.67736024, 0.15873387]
[1.7066193, 0.8814299, 0.6502609, 0.17492837]
[1.6351908, 0.69347453, 0.7647255, 0.17699084]
[1.7889961, 0.9497185, 0.6709962, 0.16828144]
[1.8414257, 0.6889188, 0.9768534, 0.17565343]
[1.9333174, 0.8623551, 0.90899503, 0.16196725]
[1.8816551, 0.8362591, 0.8641994, 0.18119657]
[1.8097624, 0.8832092, 0.7647023, 0.1618508]
[1.7228806, 0.68989474, 0.8821002, 0.15088561]
[1.8645191, 0.7453922, 0.959376, 0.15975091]
[1.6149864, 0.78468883, 0.68067485, 0.14962271]
[1.6971538, 0.74866754, 0.7766727, 0.17181355]
[1.7473485, 0.69641984, 0.8863599, 0.16456887]
[1.7949897, 0.8131561, 0.8201285, 0.16170518]
[1.6346501, 0.787266, 0.6580831, 0.18930104]
[1.6539265, 0.54301, 0.9431824, 0.16773403]
[1.6853874, 0.8409153, 0.6747334, 0.1697387]
[1.5431684, 0.61064434, 0.7606205, 0.17190357]
[2.006841, 0.7371467, 1.0907671, 0.17892715]
[1.8197523, 0.92491114, 0.71285427, 0.18198696]
[1.7607183, 0.7594148, 0.84305286, 0.15825069]
[1.754972, 0.70521545, 0.88617194, 0.16358455]
[1.8875794, 0.86568266, 0.85135615, 0.17054053]
[1.8520768, 0.6926873, 0.98414767, 0.17524184]
[1.716459, 0.7403766, 0.7873594, 0.1887231]
[1.6293423, 0.64759654, 0.81361055, 0.16813523]
[1.5187974, 0.7542278, 0.5743206, 0.19024897]
[1.8319148, 0.6598464, 0.97736573, 0.19470263]
[1.5978384, 0.89840126, 0.5364503, 0.16298679]
[1.8079162, 0.6977104, 0.93847865, 0.17172718]
[1.7632387, 0.82516193, 0.7658763, 0.17220047]
[1.8074254, 0.6860149, 0.9449489, 0.1764616]
[1.6056988, 0.79990774, 0.6271725, 0.1786186]
[1.532836, 0.6185678, 0.7294339, 0.1848342]
[1.818566, 0.6833267, 0.9673712, 0.16786797]
[1.6766176, 0.8573156, 0.63169825, 0.18760371]
[1.9266574, 0.92124134, 0.8252326, 0.1801834]
[2.064052, 0.9983221, 0.90578413, 0.15994579]
[1.6836396, 0.8026178, 0.71225506, 0.16876686]
[1.6816238, 0.6931391, 0.82242906, 0.16605565]
[1.646295, 0.76119924, 0.7084492, 0.17664656]
[1.7222147, 0.81162655, 0.74625707, 0.16433112]
[1.8504171, 0.4802864, 1.2051537, 0.16497707]
[1.6100073, 1.0291479, 0.40520808, 0.1756513]
[1.7761395, 0.86757356, 0.7443403, 0.16422561]
[1.6542208, 0.55644, 0.92902625, 0.16875458]
[1.6609842, 0.84837556, 0.62922186, 0.18338671]
[1.7447377, 0.7492839, 0.82770514, 0.16774866]
[1.4530822, 0.60760057, 0.68995595, 0.15552565]
[1.7374116, 0.85200536, 0.7046319, 0.18077433]
[2.045352, 0.8164648, 1.0403321, 0.18855506]
[1.6694875, 0.6843363, 0.8317468, 0.1534043]
[1.7374339, 0.8791491, 0.6991719, 0.1591129]
[1.859441, 0.8725569, 0.8119645, 0.17491964]
[1.8201646, 0.95369, 0.6919855, 0.17448913]
[1.5179708, 0.567835, 0.7960744, 0.15406147]
[1.8816574, 0.9385266, 0.76542187, 0.17770886]
[1.8458438, 0.6944771, 0.9611634, 0.19020334]
[1.6855928, 0.9022055, 0.61633766, 0.16704953]
[1.7337226, 0.613816, 0.93226135, 0.1876452]
[2.0451918, 1.0135022, 0.85154426, 0.18014523]
[1.800704, 0.80549145, 0.8286146, 0.16659802]
[1.854475, 0.61576414, 1.0713165, 0.16739434]
[2.0400496, 1.228749, 0.64418375, 0.16711669]
[1.7493147, 0.7427884, 0.84988385, 0.15664248]
[1.7522932, 0.8804326, 0.7100673, 0.16179337]
[1.8449541, 0.7653129, 0.91958344, 0.16005781]
[1.8382521, 1.0633115, 0.6058327, 0.16910785]
[1.7252102, 0.60164976, 0.9746835, 0.14887688]
[1.6857039, 0.8884964, 0.6383476, 0.1588599]
[1.8097824, 0.9054072, 0.7524295, 0.15194573]
[1.9490173, 0.96327937, 0.83721125, 0.1485267]
[1.8404316, 1.0186021, 0.66089976, 0.16092968]
[1.8557482, 0.7588663, 0.96392554, 0.13295627]
[1.7889652, 0.9994339, 0.6232537, 0.16627759]
[1.7696365, 0.71870655, 0.900168, 0.150762]
[1.9335396, 0.8673223, 0.9330954, 0.13312203]
[2.037328, 0.97178364, 0.9182631, 0.1472812]
[1.7861362, 0.89637923, 0.7392099, 0.15054709]
[1.7051905, 0.7371806, 0.8343165, 0.13369346]
[1.8257518, 0.8668031, 0.79671776, 0.162231]
[1.6171786, 0.407826, 1.065085, 0.14426748]
[1.8459841, 0.82357264, 0.87649715, 0.14591435]
[1.825315, 0.9303249, 0.74376804, 0.15122202]
[1.4942334, 0.6590736, 0.68186307, 0.15329674]
[1.6520761, 0.72494006, 0.77828324, 0.1488528]
[1.7933062, 0.794687, 0.8550842, 0.14353497]
[1.8035787, 0.8785761, 0.783003, 0.1419996]
[1.6205587, 0.7754903, 0.70530224, 0.13976619]
[1.488789, 0.45897454, 0.88045764, 0.14935672]
[1.7249826, 0.81281614, 0.75174594, 0.1604205]
[1.7281193, 0.91588336, 0.6482262, 0.16400965]
[1.7432619, 0.78573906, 0.8046318, 0.15289102]
[2.057482, 0.96582866, 0.9437552, 0.1478982]
[1.6330122, 0.7743089, 0.68496704, 0.17373626]
[1.8364489, 0.87758803, 0.8029998, 0.15586114]
[1.9793079, 0.87144494, 0.9498564, 0.15800652]
[1.8188524, 0.9769991, 0.6791618, 0.16269165]
[1.7115371, 0.8793448, 0.67513907, 0.15705323]
[1.7756573, 0.76021576, 0.86627614, 0.14916542]
[1.8392787, 1.0748525, 0.61608577, 0.14834046]
[1.767889, 0.75122297, 0.87817746, 0.13848859]
[1.8238945, 0.8346535, 0.84470636, 0.14453462]
[1.9664979, 0.88779306, 0.92507386, 0.15363103]
[1.8834281, 0.8660239, 0.87987614, 0.137528]
[1.6960242, 0.8593563, 0.6954596, 0.14120829]
[1.5877724, 0.78370535, 0.6572706, 0.14679646]
[1.6050119, 0.7159395, 0.7424557, 0.14661676]
[1.6605123, 0.5528162, 0.95616317, 0.15153304]
[1.8861732, 1.1416289, 0.5745573, 0.16998705]
[1.907575, 0.77451324, 0.96158713, 0.1714746]
[1.8037207, 0.847924, 0.8117714, 0.14402539]
[1.9331956, 0.9444764, 0.84525174, 0.14346749]
[1.7676101, 0.79274124, 0.8315892, 0.14327957]
[1.9518399, 0.8742252, 0.93558705, 0.14202768]
[1.8552041, 0.83032054, 0.8912341, 0.13364944]
[1.7735696, 0.9103073, 0.73772734, 0.12553495]
[1.6280363, 0.7087703, 0.76207143, 0.15719461]
[1.6480757, 0.77588916, 0.72060966, 0.15157686]
[1.8852565, 0.82059574, 0.91783535, 0.14682545]
[1.8232479, 0.73125136, 0.94465715, 0.14733933]
[1.7680993, 0.72402245, 0.8885649, 0.15551203]
[1.6468788, 0.79138017, 0.70074385, 0.15475473]
[1.6606715, 0.7733164, 0.7328363, 0.15451889]
[1.7995287, 0.81747967, 0.8274357, 0.15461335]
[1.8653182, 0.87450606, 0.8452235, 0.14558867]
[1.6617119, 0.84565985, 0.6642432, 0.15180883]
[1.6628367, 0.86644894, 0.6450769, 0.15131077]
[1.6066135, 0.6917691, 0.74766576, 0.16717868]
[1.6835526, 0.66807735, 0.85296595, 0.16250929]
[1.6936363, 0.80901515, 0.7207355, 0.16388574]
[1.8450828, 0.92090464, 0.77652955, 0.14764854]
[1.861752, 0.78612185, 0.90595764, 0.16967246]
[1.9776795, 0.94106805, 0.8757989, 0.16081262]
[1.6537807, 0.77545977, 0.72188485, 0.15643603]
[1.5959094, 0.78279006, 0.6363908, 0.1767285]
[1.7174549, 0.6946957, 0.87038046, 0.15237877]
[1.7873248, 0.9477809, 0.67029154, 0.16925228]
[1.7248771, 0.7450429, 0.8204496, 0.15938461]
[1.7072437, 0.8618531, 0.6945647, 0.15082586]
[1.7147052, 0.72067344, 0.8430916, 0.15094018]
[1.7367014, 0.9199979, 0.6517804, 0.16492307]
[2.0040703, 0.9859799, 0.86124855, 0.15684181]
[1.7847975, 0.79018563, 0.8417898, 0.15282217]
[1.9355004, 0.92067945, 0.8563653, 0.15845555]
[1.7329255, 0.88251376, 0.6992822, 0.15112957]
[1.6209835, 0.5902904, 0.8871131, 0.14357997]
[1.5627011, 0.8559315, 0.55402005, 0.15274954]
[1.6203797, 0.8026733, 0.6628282, 0.15487814]
[1.698352, 0.5453947, 0.99824643, 0.15471089]
[1.9187218, 1.060482, 0.6855308, 0.17270896]
[1.8480402, 0.9283305, 0.76914185, 0.15056792]
[1.7328129, 0.7650776, 0.8080753, 0.15965995]
[1.77436, 0.8416252, 0.7705468, 0.16218798]
[1.7720838, 0.62997925, 0.98930013, 0.15280437]
[1.5900732, 0.77720046, 0.633873, 0.17899977]
[1.8310235, 0.8181026, 0.8353716, 0.17754924]
[1.6742977, 0.69866705, 0.80845237, 0.16717824]
[1.7891456, 0.9122319, 0.6972126, 0.17970107]
[1.7532117, 0.7454579, 0.82540375, 0.18235014]
[1.827344, 1.0135098, 0.65176785, 0.16206639]
[1.7732937, 0.805003, 0.8090274, 0.15926336]
[1.8874422, 0.83034587, 0.9036207, 0.15347567]
[1.8667079, 0.7294914, 0.9638975, 0.17331901]
[1.697746, 0.89823914, 0.6438798, 0.15562718]
[1.8754479, 0.89913505, 0.81306016, 0.16325274]
[1.8542811, 0.78288615, 0.90447974, 0.16691516]
[1.7916331, 0.91366285, 0.7181772, 0.15979311]
[1.6790172, 0.78138745, 0.7144287, 0.18320093]
[1.7844456, 0.90615404, 0.7163888, 0.16190276]
[1.5605345, 0.6552987, 0.7479683, 0.1572674]
[1.7978523, 0.9660857, 0.6646045, 0.16716215]
[1.6657655, 0.69158864, 0.81168634, 0.16249064]
[1.7943264, 0.8629179, 0.7788785, 0.15253004]
[1.940557, 0.9832535, 0.7772473, 0.1800562]
[1.7111183, 0.58633655, 0.9679527, 0.15682903]
[1.810636, 0.9860978, 0.65023506, 0.17430323]
[1.7760104, 0.5262377, 1.100322, 0.14945067]
[1.7183062, 0.99627817, 0.5672157, 0.1548123]
[1.8229723, 0.78670645, 0.89755225, 0.1387136]
[1.8029253, 0.93608373, 0.7059146, 0.16092706]
[1.479044, 0.59357476, 0.74722284, 0.13824633]
[1.77864, 1.1898382, 0.42793602, 0.16086584]
[1.8089826, 0.6681013, 0.9831617, 0.15771958]
[1.7457954, 0.94476163, 0.6309296, 0.17010418]
[1.6907706, 0.70469105, 0.8346878, 0.15139177]
[1.9767482, 0.89715374, 0.9410127, 0.1385817]
[1.668488, 0.6288311, 0.8935851, 0.14607194]
[2.02536, 0.9477323, 0.91288215, 0.1647456]
[1.649924, 0.65476036, 0.8428333, 0.15233034]
[1.5104898, 0.6794531, 0.65372264, 0.17731419]
[1.7101322, 0.64741045, 0.8929032, 0.16981849]
[1.8768784, 0.8971661, 0.81930465, 0.16040766]
[1.6344643, 0.695704, 0.7972399, 0.14152035]
[1.6304356, 0.7062, 0.7650387, 0.15919682]
[1.5745479, 0.6582934, 0.73933935, 0.17691505]
[1.7142134, 0.89567244, 0.6582073, 0.16033357]
[1.6225117, 0.70140946, 0.7479041, 0.17319813]
[1.9185358, 0.8637614, 0.86583865, 0.1889358]
[1.9721627, 0.9060177, 0.9007237, 0.16542122]
[2.0306969, 0.9649588, 0.8907471, 0.17499095]
[1.8551823, 0.7632931, 0.9277397, 0.1641495]
[1.7159269, 0.6525072, 0.8969388, 0.16648087]
[1.8076953, 0.8225335, 0.8221096, 0.16305217]
[1.6837462, 0.69581306, 0.8291651, 0.15876809]
[1.8905754, 0.831913, 0.89856404, 0.16009831]
[1.6724715, 0.7312441, 0.77550584, 0.16572168]
[1.671803, 0.61220455, 0.91355044, 0.14604807]
[1.7081411, 0.755637, 0.78335726, 0.16914675]
[1.7003567, 0.82272947, 0.7100325, 0.16759464]
[1.8564826, 0.766485, 0.92963076, 0.16036686]
[1.6333026, 0.7862612, 0.6790782, 0.16796315]
[1.873385, 0.7119518, 1.0057205, 0.15571254]
[1.8210573, 0.8879124, 0.756778, 0.17636688]
[1.8175056, 0.8975104, 0.7636949, 0.15630028]
[1.6920061, 0.68273747, 0.8473388, 0.16192989]
[1.6134992, 0.8398157, 0.60911363, 0.1645698]
[1.7980009, 0.6300621, 1.0040352, 0.16390361]
[1.7176025, 1.0066221, 0.5470884, 0.163892]
[1.8834863, 0.80614805, 0.90762204, 0.16971609]
[1.6294907, 0.69637126, 0.7785326, 0.15458688]
[1.9825097, 0.91346246, 0.91123307, 0.15781415]
[1.684645, 0.5833279, 0.93309855, 0.16821861]
[1.8718045, 1.0037485, 0.7114446, 0.15661132]
[1.6562171, 0.7057096, 0.79483706, 0.15567042]
[1.6788125, 0.8464835, 0.68063474, 0.15169427]
[1.7740335, 0.68753725, 0.92670834, 0.1597879]
[1.5447457, 0.7876389, 0.59206784, 0.16503893]
[1.6557732, 0.6642833, 0.81882536, 0.17266446]
[1.6493744, 0.87341076, 0.5875645, 0.1883991]
[1.835608, 0.82525516, 0.8415443, 0.16880862]
[1.4771123, 0.7330699, 0.59196794, 0.15207441]
[1.7948812, 0.7564719, 0.8594597, 0.1789497]
[1.6682317, 0.77442575, 0.7279544, 0.16585161]
[1.845334, 1.0139099, 0.64582354, 0.18560046]
[2.1352863, 0.96839476, 0.9882971, 0.17859438]
[1.6674229, 0.9132048, 0.59419453, 0.16002356]
[1.8065166, 0.8978956, 0.7316508, 0.1769702]
[1.4882066, 0.4206702, 0.9165438, 0.1509926]
[1.676693, 0.8609674, 0.6469004, 0.1688251]
[1.7400889, 0.5544102, 1.0295231, 0.15615554]
[1.8295139, 0.9648845, 0.7075775, 0.1570519]
[1.6845798, 0.8262413, 0.6974373, 0.1609013]
[1.6951787, 0.70011914, 0.82520556, 0.16985407]
[1.9043491, 0.8679483, 0.8603954, 0.1760053]
[1.4653641, 0.4814483, 0.79986334, 0.1840525]
[1.6781021, 0.97254914, 0.5357259, 0.16982709]
[2.0347867, 0.8786863, 0.98977154, 0.16632879]
[1.4862895, 0.6863674, 0.6568346, 0.14308755]
[1.7246457, 0.8300686, 0.7426735, 0.1519036]
[1.8484755, 0.85214424, 0.81529367, 0.18103752]
[1.7247989, 0.5017732, 1.0712457, 0.15178019]
[1.7355244, 0.7676519, 0.7897657, 0.17810678]
[1.7209141, 0.7291941, 0.8333894, 0.15833062]
[1.8765743, 0.7631752, 0.9273813, 0.18601769]
[1.5543905, 0.78132373, 0.6002477, 0.17281911]
[2.0050013, 1.0146468, 0.8214144, 0.16894017]
[1.5565119, 0.593478, 0.7895571, 0.17347676]
[1.8130245, 0.7715805, 0.88318247, 0.1582615]
[1.7566829, 0.918682, 0.67434543, 0.16365552]
[2.0101845, 0.8533225, 0.9769952, 0.17986675]
[1.7017705, 0.86807674, 0.6679023, 0.16579151]
[1.7363654, 0.8094775, 0.76280904, 0.16407882]
[1.8044016, 1.0983877, 0.53577065, 0.17024323]
[1.8618941, 0.7532679, 0.95664454, 0.15198168]
[1.5790039, 0.75959766, 0.64737, 0.17203628]
[1.6704576, 0.81843275, 0.6992736, 0.15275115]
[1.6903355, 0.6662986, 0.8615272, 0.16250972]
[1.820257, 0.90715486, 0.75010633, 0.16299583]
[1.8222454, 0.7291125, 0.93219787, 0.16093487]
[1.8340163, 0.7377831, 0.9261111, 0.17012213]
[1.7072085, 0.89023185, 0.65492475, 0.1620519]
[1.8452464, 0.89842564, 0.77619356, 0.1706272]
[1.7345107, 0.8026083, 0.7727456, 0.15915674]
[1.6633153, 0.69889593, 0.7912173, 0.17320202]
[1.7178475, 0.83829284, 0.72026515, 0.15928948]
[1.5841484, 0.61086315, 0.8314185, 0.14186674]
[1.5940257, 0.7819928, 0.63570964, 0.17632326]
[1.5080361, 0.5793105, 0.7541133, 0.17461227]
[1.6605946, 0.8387251, 0.657107, 0.16476253]
[1.9130352, 0.75249135, 0.9775934, 0.18295039]
[1.8997865, 0.9269062, 0.81211656, 0.16076374]
[1.7311052, 0.9217524, 0.62595606, 0.18339668]
[1.7783053, 0.8323757, 0.79224515, 0.15368444]
[1.4984392, 0.5591227, 0.7634044, 0.17591201]
[1.9146153, 1.0364784, 0.71375704, 0.16437979]
[1.4679072, 0.6231569, 0.68102163, 0.16372868]
[1.7926089, 0.7683865, 0.851027, 0.17319532]
[2.0757785, 1.067724, 0.835202, 0.1728525]
[1.7935247, 0.902125, 0.7321472, 0.15925255]
[1.9008148, 0.8311265, 0.8886486, 0.18103951]
[1.9666679, 0.9813595, 0.823997, 0.16131139]
[1.9326203, 0.7532463, 1.0209346, 0.15843935]
[1.8713803, 0.92726386, 0.78387475, 0.16024174]
[1.4603298, 0.6157252, 0.6756122, 0.16899222]
[1.9023137, 0.83848834, 0.8937788, 0.1700466]
[1.6884198, 0.8203093, 0.7287487, 0.13936187]
[1.7895247, 0.8264271, 0.8054372, 0.15766041]
[1.9205086, 0.7291856, 1.0483103, 0.1430127]
[1.906851, 0.99302936, 0.76487505, 0.14894669]
[1.6665986, 0.660759, 0.8617369, 0.14410275]
[1.7908266, 0.9076278, 0.7216033, 0.16159552]
[1.6933895, 0.67245615, 0.8718115, 0.14912185]
[1.888721, 0.7176243, 1.013829, 0.15726766]
[1.9285128, 0.99884784, 0.7778454, 0.15181954]
[1.7134765, 0.6929349, 0.87219024, 0.14835143]
[1.7847029, 0.7842729, 0.87233734, 0.12809269]
[1.7694479, 0.9543171, 0.66895235, 0.14617848]
[1.5965803, 0.7563086, 0.696743, 0.14352864]
[1.9132066, 0.78927886, 0.97071075, 0.15321693]
[1.9275217, 0.91369265, 0.86353123, 0.15029784]
[1.6950188, 0.5749419, 0.97071207, 0.14936487]
[1.6906734, 0.89948773, 0.6483215, 0.14286411]
[1.8555489, 0.9703187, 0.7340305, 0.15119964]
[1.7427521, 0.8025875, 0.78302056, 0.1571441]
[1.8009292, 0.88998085, 0.75607085, 0.1548775]
[1.6638576, 0.66371167, 0.82405204, 0.1760939]
[1.6064861, 0.76843405, 0.6777097, 0.16034228]
[1.5820057, 0.58973, 0.8405521, 0.15172362]
[1.5556173, 0.79184866, 0.60377884, 0.1599898]
[1.7594054, 0.75673413, 0.8416176, 0.16105372]
[1.971898, 0.7591146, 1.0457826, 0.16700079]
[1.7570575, 0.82092917, 0.7801782, 0.15595019]
[1.7377071, 0.77436936, 0.7863505, 0.17698734]
[1.9957556, 0.91377336, 0.89731514, 0.18466704]
[1.6146579, 0.6579681, 0.79626095, 0.16042882]
[1.5216243, 0.75538033, 0.61588955, 0.15035443]
[1.9522333, 1.0188029, 0.762517, 0.1709135]
[1.827526, 0.79098356, 0.87730867, 0.15923372]
[1.8480173, 0.69369495, 0.986325, 0.16799732]
[1.7783415, 0.8653628, 0.74552304, 0.16745567]
[1.6667988, 0.817535, 0.69155055, 0.15771332]
[1.6037642, 0.8125036, 0.63231474, 0.1589459]
[1.832895, 0.94896746, 0.7099581, 0.1739695]
[1.6881983, 0.7662884, 0.7459233, 0.17598668]
[1.7358906, 0.8240521, 0.7386534, 0.17318511]
[1.7819443, 0.76487255, 0.859391, 0.15768076]
[1.8320671, 0.82733804, 0.8421254, 0.16260378]
[1.9077603, 0.7706256, 0.9558448, 0.18128982]
[1.9014053, 0.98433965, 0.7657294, 0.15133616]
[1.5731611, 0.7253783, 0.69965756, 0.14812535]
[1.8957939, 0.885929, 0.8443557, 0.16550922]
[1.7166281, 0.7732897, 0.7827141, 0.16062424]
[1.7684802, 0.71726143, 0.8938707, 0.15734807]
[1.6999397, 0.87985307, 0.6563722, 0.16371438]
[2.0050528, 0.79745805, 1.0470598, 0.16053492]
[1.5639648, 0.6229011, 0.7694047, 0.17165905]
[1.6552637, 0.84285766, 0.65114176, 0.16126412]
[1.691026, 0.8561969, 0.67487156, 0.15995747]
[1.9607165, 0.56005484, 1.2342107, 0.16645092]
[1.720995, 0.90436524, 0.66124725, 0.15538234]
[1.7673845, 0.7656077, 0.8436048, 0.15817195]
[1.5394487, 0.66113937, 0.6988884, 0.17942095]
[1.7851299, 0.85932535, 0.7633062, 0.16249835]
[1.55936, 0.6427189, 0.7601075, 0.15653354]
[1.7847624, 0.90610087, 0.70721, 0.17145157]
[1.826292, 0.8702194, 0.7688165, 0.1872561]
[1.913462, 0.80651474, 0.93801546, 0.16893187]
[1.7858298, 0.96918046, 0.65139717, 0.16525215]
[1.6347002, 0.6347394, 0.84459734, 0.15536349]
[1.5656627, 0.6806773, 0.71051395, 0.17447145]
[1.7890086, 0.8491008, 0.7559357, 0.18397218]
[1.7720146, 0.76432943, 0.83535695, 0.17232826]
[1.9426683, 0.96311295, 0.80695546, 0.17259988]
[1.850076, 0.8368093, 0.84217703, 0.17108971]
[1.6148531, 0.6761311, 0.77112734, 0.1675947]
[1.494025, 0.63784426, 0.67677903, 0.17940168]
[1.3535867, 0.5512929, 0.62677205, 0.17552167]
[1.657327, 0.83113885, 0.66325355, 0.16293463]
[1.7601175, 0.6504582, 0.93239117, 0.17726809]
[1.8570064, 0.8415396, 0.83966625, 0.1758006]
[1.7065164, 0.9338577, 0.60438895, 0.16826978]
[1.8555657, 0.7774763, 0.9084514, 0.16963801]
[1.9798539, 1.0232986, 0.8028667, 0.15368861]
[1.9509737, 0.8916762, 0.89272213, 0.16657543]
[2.1218061, 0.8089706, 1.1576366, 0.15519892]
[1.8571491, 0.90326476, 0.78898335, 0.16490099]
[1.7160954, 0.6849885, 0.8644893, 0.16661762]
[1.686273, 0.96998453, 0.5542795, 0.16200888]
[1.7501103, 0.7667082, 0.8423382, 0.14106378]
[1.8863078, 0.6731314, 1.0503933, 0.16278307]
[2.2426133, 1.1807516, 0.9183583, 0.14350352]
[1.8261446, 1.0311452, 0.62928116, 0.16571821]
[1.7610427, 0.7183577, 0.88771534, 0.15496974]
[1.6680573, 0.7083583, 0.8223643, 0.13733467]
[1.687694, 0.7910909, 0.758657, 0.13794602]
[1.8139592, 0.8998744, 0.7655587, 0.14852607]
[1.6644186, 0.7113378, 0.8082788, 0.144802]
[1.9292678, 1.0208061, 0.7665176, 0.14194408]
[1.8537022, 0.8163309, 0.8978855, 0.13948572]
[1.6327358, 0.82908535, 0.6527614, 0.15088901]
[1.7707074, 0.8343322, 0.7761409, 0.16023424]
[1.80164, 0.70809865, 0.92777395, 0.16576749]
[1.7903452, 0.88176525, 0.7684197, 0.14016026]
[1.893979, 0.9362001, 0.8207805, 0.13699831]
[1.6922393, 0.7279958, 0.8112731, 0.15297027]
[1.5555665, 0.8605737, 0.5257886, 0.16920419]
[1.7165767, 0.81494284, 0.7428409, 0.15879293]
[1.7678537, 0.75122076, 0.85884297, 0.15778999]
[1.6030087, 0.6575359, 0.7876462, 0.15782668]
[1.8993013, 1.0551813, 0.6791116, 0.16500849]
[1.848108, 0.77166814, 0.93432856, 0.14211129]
[1.8041872, 0.89034176, 0.76689684, 0.1469486]
[1.7751796, 0.97789335, 0.6386576, 0.15862864]
[1.610646, 0.70837533, 0.74398947, 0.15828119]
[1.8376799, 0.7748071, 0.9046817, 0.15819114]
[1.5456837, 0.72795725, 0.6703644, 0.14736207]
[1.7108161, 0.7842628, 0.7673786, 0.15917467]
[1.8935715, 0.73459333, 0.981325, 0.17765316]
