[1.3158678, 1.1616063] 
[1.3284218, 1.264002] 
[1.0069518, 1.1300983] 
[1.4751477, 1.4775859] 
[1.4805427, 1.1603788] 
[1.335243, 1.0550297] 
[1.4562787, 1.2251842] 
[1.5377007, 1.355655] 
[1.1080565, 0.9683785] 
[1.191838, 0.93244654] 
[1.0614876, 1.0344932] 
[1.1957213, 0.9649332] 
[1.1508036, 1.0166154] 
[1.3398802, 1.0394406] 
[1.3341432, 1.331203] 
[1.2671094, 1.1522787] 
[1.0113523, 0.8749474] 
[1.1734239, 1.0066438] 
[1.176898, 0.9881061] 
[1.9352593, 1.622874] 
[1.2493833, 1.4601817] 
[1.151568, 1.0949441] 
[1.1817782, 1.200691] 
[1.5541736, 1.8828449] 
[1.1502643, 1.1635343] 
[1.374136, 1.125258] 
[1.096484, 0.92309266] 
[1.2139733, 0.93155426] 
[1.5628848, 1.2811344] 
[1.272732, 0.98536706] 
[1.1679926, 1.1839373] 
[1.5039318, 1.2256329] 
[1.0946431, 1.1553279] 
[1.650729, 1.3359841] 
[1.09844, 1.2933478] 
[1.6696632, 1.4421524] 
[1.3443534, 1.1135811] 
[1.028959, 0.8567031] 
[1.2953348, 1.0824368] 
[1.1577253, 0.99393237] 
[0.980289, 1.3117259] 
[1.3288181, 1.1019826] 
[1.3974228, 1.1535044] 
[1.3185873, 1.4314549] 
[1.2779741, 1.3376213] 
[1.2667358, 1.1109918] 
[1.088551, 0.92913914] 
[1.3002979, 1.1104648] 
[1.1108094, 0.8956466] 
[1.3536685, 1.1304545] 
[1.2193274, 1.08257] 
[1.2382631, 1.2897469] 
[1.2902055, 1.1516922] 
[1.4925742, 1.4244545] 
[1.412231, 1.3187532] 
[1.2678769, 1.0456984] 
[1.3163738, 1.1284356] 
[1.2381212, 0.9878917] 
[1.450892, 1.224134] 
[1.3516669, 1.1688738] 
[1.2396309, 1.4847594] 
[1.1486316, 1.1527092] 
[1.4199063, 1.3627173] 
[1.2034248, 1.2027115] 
[1.1639733, 1.2724023] 
[1.2534258, 1.0908127] 
[1.375721, 1.1592708] 
[1.3169051, 1.1624293] 
[1.5172657, 1.2847698] 
[1.3502719, 1.1213434] 
[1.1753197, 1.3608481] 
[1.3124683, 1.2937865] 
[1.2567966, 1.1691244] 
[1.4322791, 1.4479563] 
[1.2039491, 1.1995769] 
[1.3444482, 1.1462123] 
[1.177442, 1.0708635] 
[1.2386997, 1.0296942] 
[1.5354748, 1.2161272] 
[1.1436412, 0.96432066] 
[1.4201186, 1.6040366] 
[1.3243239, 1.4470203] 
[1.2432761, 1.22857] 
[1.3039466, 1.1703109] 
[1.1089113, 1.2078838] 
[1.1341865, 0.9865651] 
[1.163281, 0.99768615] 
[1.4131408, 1.2444568] 
[1.0279868, 0.91050553] 
[1.2728373, 1.0795279] 
[1.1685901, 1.3457987] 
[1.1679413, 1.2597944] 
[1.3330016, 1.3592582] 
[1.4778229, 1.4076767] 
[1.2228069, 1.3254648] 
[1.319546, 1.1246781] 
[1.2219315, 1.0658295] 
[1.3707905, 1.1816022] 
[1.1326666, 0.989792] 
[1.2417924, 1.1042293] 
[1.0878216, 1.2044666] 
[1.4573817, 1.2906544] 
[1.4976197, 1.342065] 
[1.2895826, 1.2981918] 
[1.2855377, 1.1374338] 
[1.2089851, 1.0311048] 
[1.2175841, 1.0248191] 
[1.1960918, 1.0836868] 
[1.214754, 0.95373875] 
[1.4581969, 1.1902888] 
[1.4003689, 1.1345332] 
[0.98393345, 1.0132797] 
[1.333158, 1.2181606] 
[1.2691668, 1.0232192] 
[1.5352716, 1.3164848] 
[1.374526, 1.2024233] 
[1.5972371, 1.2903168] 
[1.3759668, 1.2455392] 
[1.2009425, 0.9114375] 
[1.214904, 1.0907307] 
[1.2735982, 1.2388942] 
[1.3251694, 1.2773556] 
[1.1825807, 1.141337] 
[0.9857902, 1.2527533] 
[1.4563305, 1.2029693] 
[1.4878364, 1.1795776] 
[1.3351097, 1.0270805] 
[1.0458276, 0.8245034] 
[1.2657406, 1.0914124] 
[1.6220868, 1.3385539] 
[1.380542, 1.3692163] 
[1.1988486, 1.2057765] 
[1.2458754, 1.421557] 
[1.3104897, 1.0813236] 
[1.2817454, 1.4046091] 
[1.3193545, 1.139627] 
[1.4922338, 1.2266785] 
[1.5423918, 1.3041017] 
[1.2407308, 1.0656328] 
[1.2465577, 1.0867779] 
[1.3271133, 1.3611262] 
[1.495182, 1.0187559] 
[1.1448432, 1.3216262] 
[1.3996382, 1.2758738] 
[1.6116555, 1.4405408] 
[1.4561887, 1.1925254] 
[1.4055622, 1.1775984] 
[1.4472656, 1.3006511] 
[1.0903783, 0.96925247] 
[1.2032263, 1.090061] 
[1.1795743, 1.0019085] 
[1.19511, 1.1341662] 
[1.2162833, 1.073148] 
[1.4145111, 1.3185248] 
[1.151362, 1.3413444] 
[1.357003, 1.1540505] 
[1.4628228, 1.372817] 
[1.1985204, 0.9553735] 
[1.3181019, 1.1695938] 
[1.3204653, 1.1189437] 
[1.0453999, 1.1226511] 
[1.2631694, 1.3037658] 
[1.2758389, 1.3269053] 
[1.3928998, 1.2665815] 
[1.0061586, 1.0667032] 
[0.8864756, 0.75346243] 
[0.9263841, 0.8412193] 
[1.2534761, 1.1219323] 
[1.1449728, 0.991007] 
[1.2017875, 1.0683844] 
[1.4092908, 1.5733953] 
[1.3653499, 1.45404] 
[1.1142112, 1.0962511] 
[1.1877621, 1.2909143] 
[1.3397908, 1.207283] 
[1.4755055, 1.2597102] 
[1.4555106, 1.2915461] 
[1.4173017, 1.2454729] 
[1.4145828, 1.2464924] 
[1.2810166, 1.1515682] 
[1.386502, 1.5168841] 
[1.1438503, 1.1749969] 
[1.4748962, 1.4979744] 
[1.2855904, 1.0878112] 
[1.3303903, 1.1705898] 
[1.2201219, 1.0071754] 
[1.2719972, 1.1512961] 
[1.3825675, 1.1778581] 
[1.5199914, 1.3029833] 
[1.5303855, 1.350322] 
[1.0378911, 1.1188773] 
[1.2464988, 1.3239334] 
[1.3020033, 1.4143491] 
[1.2683078, 1.5016394] 
[1.2231818, 1.1154108] 
[1.030364, 0.8753228] 
[1.2197845, 1.0422153] 
[1.4157176, 1.2242289] 
[1.3582997, 1.085567] 
[1.3358898, 1.1618719] 
[1.4131054, 1.5148128] 
[1.0372735, 1.0749819] 
[1.4033892, 1.3027377] 
[1.1742678, 1.2748698] 
[1.2018297, 1.2582986] 
[1.1124713, 0.921435] 
[1.3619637, 1.1612062] 
[1.1843522, 1.0911989] 
[1.159883, 1.0079916] 
[1.3305184, 1.1871597] 
[1.1549135, 1.2013922] 
[1.1298003, 1.2213413] 
[1.4258926, 1.3587731] 
[1.4331024, 1.264366] 
[1.4798412, 1.247829] 
[1.4351699, 1.1870759] 
[1.2479656, 1.1059852] 
[1.2339573, 1.1290783] 
[1.3833294, 1.2117338] 
[1.195467, 0.9757448] 
[1.1166711, 1.0375175] 
[1.1341772, 1.2421294] 
[1.2478195, 1.176344] 
[1.1654233, 1.102657] 
[1.1937445, 1.2311084] 
[1.3367059, 1.1328441] 
[1.5331812, 1.3534377] 
[1.312886, 1.1358458] 
[1.1267827, 0.96986604] 
[1.3207742, 1.1823384] 
[1.2566037, 1.2703632] 
[1.235007, 1.0853529] 
[1.1635801, 1.1331062] 
[1.4373676, 1.1747347] 
[1.4405468, 1.1773167] 
[1.4396372, 1.2334228] 
[1.108147, 0.9194492] 
[1.05356, 0.8394477] 
[1.481785, 1.2216017] 
[1.2841449, 1.078612] 
[1.1524538, 1.0772828] 
[1.2064872, 1.5306513] 
[1.2431556, 1.258618] 
[1.150119, 1.082543] 
[1.3112231, 1.1491568] 
[1.2030375, 1.0655987] 
[1.2721052, 1.0520644] 
[1.3560745, 1.1538963] 
[1.153109, 0.9495074] 
[1.1745911, 0.9927577] 
[1.3873972, 1.3042303] 
[1.3829904, 1.2479455] 
[1.172251, 1.2653221] 
[1.1143066, 1.0609695] 
[1.2760583, 1.2667296] 
[1.3033382, 1.1408778] 
[1.2505043, 1.0879784] 
[1.2212373, 1.0018084] 
[1.8740909, 1.4420242] 
[1.6062458, 1.3461671] 
[1.331321, 1.1389803] 
[1.6306167, 1.6993914] 
[1.2615532, 1.1399086] 
[1.4504653, 1.3535762] 
[1.2611631, 1.3300877] 
[1.5269995, 1.2983218] 
[1.2805214, 1.1399654] 
[1.2236183, 1.0809767] 
[1.1709582, 1.0615016] 
[1.3902675, 1.1523052] 
[1.0146271, 1.0629735] 
[1.185878, 1.222269] 
[1.0223172, 1.1395708] 
[1.2853922, 1.4592768] 
[1.4254105, 1.2075329] 
[1.314177, 1.0801153] 
[1.3593895, 1.1594982] 
[1.3220778, 1.1246016] 
[1.3639861, 1.1838613] 
[1.1695586, 0.9680114] 
[1.4254594, 1.562113] 
[1.1804061, 1.1524721] 
[1.9688039, 1.5197616] 
[1.2565498, 1.2784784] 
[1.3924489, 1.4553847] 
[1.1374962, 0.9512569] 
[1.3845713, 1.1423924] 
[1.3115964, 1.1065665] 
[1.0224866, 0.8383603] 
[1.212097, 1.0055581] 
[1.2429124, 1.2717133] 
[1.293161, 1.2080722] 
[1.4172239, 1.4569281] 
[1.3564295, 1.0412879] 
[1.2277768, 1.0912304] 
[1.1960685, 1.0472138] 
[1.2553625, 1.0460148] 
[1.5988573, 1.2840861] 
[1.0970283, 0.94056714] 
[1.2627857, 1.148787] 
[1.3254268, 1.427604] 
[1.3048995, 1.1215839] 
[1.4199381, 1.4163774] 
[1.1952336, 1.3177743] 
[1.1557219, 1.2560544] 
[1.1654198, 1.0451369] 
[1.2950304, 1.0894843] 
[1.4577205, 1.2049425] 
[1.4781141, 1.2342038] 
[1.394075, 1.2685667] 
[1.2893568, 1.0831306] 
[1.0815365, 1.1000092] 
[1.374789, 1.2314329] 
[1.1612219, 1.2116137] 
[1.1900403, 1.1909428] 
[1.2948846, 1.0972925] 
[1.2835535, 1.1022592] 
[1.3314093, 1.1007063] 
[1.4557174, 1.2538023] 
[1.0869814, 0.98473996] 
[1.2656299, 1.2957393] 
[1.0561421, 1.4738915] 
[1.264483, 1.1045787] 
[1.1914148, 0.9497362] 
[1.3800786, 1.4439003] 
[1.401892, 1.1505721] 
[1.4411216, 1.2849653] 
[1.4701303, 1.1907517] 
[1.5141246, 1.2734475] 
[1.2166634, 0.9830214] 
[1.2206237, 1.0974462] 
[1.345449, 1.3057214] 
[1.1943147, 1.2416337] 
[1.1439171, 1.0962076] 
[1.4292883, 1.2780021] 
[1.5541654, 1.3122597] 
[1.1633201, 0.97713065] 
[1.328457, 1.2182767] 
[1.2612991, 1.1223905] 
[1.2179204, 1.0575683] 
[1.4905192, 1.4548755] 
[1.0434425, 1.2930412] 
[1.2731351, 1.4436318] 
[1.2839918, 1.3916585] 
[1.2740216, 1.326902] 
[1.5880091, 1.4228888] 
[1.3114324, 1.0955197] 
[1.1328679, 0.94793564] 
[1.4651407, 1.1868145] 
[1.3027606, 0.9456319] 
[1.1454895, 1.1134887] 
[1.3312027, 1.2702947] 
[1.2099404, 1.1717247] 
[1.1205705, 1.1207793] 
[1.1380478, 1.3806975] 
[1.0851877, 0.8748746] 
[1.3492769, 1.1551666] 
[1.5177128, 1.2806003] 
[1.5119169, 1.2077756] 
[1.2175754, 1.0040755] 
[1.0333111, 1.1684355] 
[1.5911807, 1.5637364] 
[1.3744656, 1.1957638] 
[1.2476776, 1.295675] 
[1.175936, 1.3299931] 
[1.1572998, 0.9839816] 
[1.3144424, 1.0611128] 
[1.5929506, 1.307686] 
[1.273329, 1.0067486] 
[1.2835207, 1.0714325] 
[1.1934011, 1.2172148] 
[1.163852, 1.4543164] 
[1.0047941, 0.9819533] 
[1.2649219, 1.3779604] 
[1.0909077, 1.0554] 
[1.403553, 1.2180812] 
[1.2078029, 0.97895896] 
[1.2297316, 1.072622] 
[1.4541414, 1.2906535] 
[1.1292238, 1.0046751] 
[1.2642897, 1.1703874] 
[1.055192, 1.2222385] 
[1.1751279, 1.3008509] 
[1.2953129, 1.1178936] 
[1.2566528, 1.2515059] 
[0.94875497, 0.80938333] 
[1.3281763, 1.0893098] 
[1.1549782, 0.86213386] 
[1.2171535, 0.90919185] 
[1.352076, 1.140084] 
[1.4808462, 1.4702878] 
[1.2084343, 1.0624809] 
[1.32642, 1.2337408] 
[1.1330342, 1.3974297] 
[1.1492344, 1.1459553] 
[1.3417069, 1.1561637] 
[1.2543764, 1.0061592] 
[1.5470141, 1.2975981] 
[1.4048741, 1.1669977] 
[1.2477084, 1.074147] 
[1.1618974, 1.2325869] 
[1.121323, 1.1907144] 
[1.1532185, 1.2182449] 
[1.0683281, 0.92314446] 
[1.0763544, 1.2511501] 
[1.0597658, 0.9301111] 
[1.1439428, 0.9986636] 
[1.089018, 0.9753542] 
[1.5362499, 1.3014145] 
[1.189594, 1.0650126] 
[1.1834711, 1.0667647] 
[0.9081708, 0.9906895] 
[0.8778152, 1.1630998] 
[1.0078913, 1.133705] 
[1.209355, 1.223765] 
[1.3033184, 1.1191118] 
[1.6437421, 1.4568083] 
[1.3897771, 1.1452727] 
[1.2241539, 1.0566308] 
[1.1591372, 0.9998631] 
[0.9903699, 1.1032789] 
[1.2464163, 1.2963278] 
[1.120153, 1.0754876] 
[1.637414, 1.3870268] 
[1.1638972, 1.18137] 
[1.2436538, 1.0286939] 
[1.4235989, 1.1717961] 
[1.5334114, 1.2845348] 
[1.3053348, 1.1556157] 
[1.1943105, 1.0354213] 
[1.0919002, 1.156286] 
[1.4456954, 1.4995477] 
[1.106092, 1.3435929] 
[1.5221462, 1.1833487] 
[1.2031198, 1.1036711] 
[1.246335, 1.0596223] 
[1.1915886, 1.0469525] 
[1.1677413, 1.0229986] 
[1.3291383, 1.0149417] 
[1.3461258, 1.1294234] 
[1.2287291, 1.2281526] 
[1.3541347, 1.2921234] 
[1.1645131, 1.0910897] 
[1.1877844, 1.1386368] 
[1.3745999, 1.3998655] 
[1.4145081, 1.1628532] 
[1.1527145, 0.99489707] 
[1.4175088, 1.0546961] 
[1.2336936, 1.0324328] 
[1.1333289, 0.95071936] 
[1.2398171, 1.0806437] 
[1.3896924, 1.29124] 
[1.2889097, 1.2169465] 
[1.1093343, 1.2136979] 
[1.4461714, 1.348609] 
[1.3072157, 1.1489234] 
[1.3981993, 1.1857362] 
[1.5357649, 1.3113375] 
[1.368547, 1.1169071] 
[1.1700603, 0.9506027] 
[1.2865158, 1.3762604] 
[1.366605, 1.5056126] 
[1.3345807, 1.2476833] 
[1.3236123, 1.3592188] 
[1.3471451, 1.4453568] 
[1.4316151, 1.2452347] 
[1.2132264, 1.0317006] 
[1.2408721, 1.0723097] 
[1.1921599, 1.0337147] 
[1.0959488, 0.94869995] 
[1.0078933, 1.2345254] 
[1.1207317, 0.9282001] 
[1.1974568, 1.3362708] 
[1.2878201, 1.1607897] 
[1.1342373, 1.3096261] 
[1.4588919, 1.2676735] 
[1.0143888, 0.77285594] 
[1.241797, 1.1063343] 
[1.2445769, 1.0480301] 
[1.0254722, 0.8474355] 
[1.2276486, 1.086411] 
[1.2852027, 1.3464131] 
[1.1368072, 1.3580745] 
[1.2855278, 1.47137] 
[1.5815103, 1.5263062] 
[1.0834961, 0.95090365] 
[1.5499322, 1.3698397] 
[1.87268, 1.4635286] 
[1.645051, 1.3550626] 
[1.2331774, 0.99040735] 
[1.179491, 1.232607] 
[1.1149347, 1.1562073] 
[1.3540796, 1.3256017] 
[1.2480768, 0.98011786] 
[1.571992, 1.3536322] 
[1.4801855, 1.1821238] 
[0.9979469, 0.83855283] 
[1.5533066, 1.3245438] 
[1.007956, 0.8289422] 
[1.2012824, 0.980736] 
[1.1471992, 1.2360334] 
[1.2565475, 1.4825015] 
[1.1403145, 1.3060029] 
[1.1871073, 1.3015606] 
[1.2849298, 1.3649619] 
[1.3411043, 1.1053363] 
[1.297126, 1.1299706] 
[1.3183383, 1.1326301] 
[1.4661999, 1.2916958] 
[1.159215, 0.9710498] 
[1.3546121, 1.3923566] 
[1.2512854, 1.1234678] 
[1.2586992, 1.0590439] 
[1.0387294, 1.0998105] 
[1.2103549, 1.5283341] 
[1.3391876, 1.1262578] 
[1.1912394, 0.9990306] 
[1.0262178, 0.8624594] 
[1.4085773, 1.1611205] 
[1.0058514, 0.91383755] 
[1.2539611, 1.0935731] 
[1.3699863, 1.288684] 
[1.320638, 1.1382065] 
[0.9967278, 1.0569341] 
[1.2107975, 1.0958742] 
[1.2146499, 1.0340812] 
[1.2003452, 1.0578504] 
[1.1263385, 0.98252875] 
[1.1119442, 0.952791] 
[1.2399002, 1.109863] 
[1.5613778, 1.4505025] 
[1.2236246, 1.3360281] 
[1.601417, 1.0644474] 
[1.2837906, 1.1076461] 
[1.0232725, 0.9243877] 
[1.2956558, 1.1345394] 
[1.2983472, 1.1614077] 
[1.2982798, 1.1027074] 
[1.1908948, 1.0221103] 
[1.3777905, 1.1606944] 
[1.4489217, 1.2849907] 
[1.2602977, 1.3545182] 
[1.1613984, 1.2065996] 
[1.4133133, 1.354108] 
[1.4293488, 1.3646107] 
[1.2932129, 1.0883913] 
[1.2605646, 1.1539929] 
[1.2273934, 1.0441931] 
[1.4003317, 1.1549234] 
[1.2406648, 1.0854168] 
[1.3090751, 1.1704533] 
[1.2493752, 1.310451] 
[1.0952852, 1.2194531] 
[1.2690187, 1.3215327] 
[1.6828896, 1.3296713] 
[1.1677465, 0.93666214] 
[1.3475621, 1.1721743] 
[1.2462125, 1.08854] 
[1.2892115, 0.9632039] 
[1.2935548, 1.068424] 
[1.1040225, 1.1935163] 
[1.3095709, 1.179301] 
[1.3837851, 1.0674722] 
[1.3370926, 1.3163023] 
[1.2179818, 1.2565917] 
[1.0453591, 0.9470326] 
[1.3473439, 1.1857448] 
[1.1889246, 1.0417346] 
[1.2258525, 1.0291879] 
[1.4937209, 1.2751911] 
[1.2250266, 1.517585] 
[1.4529575, 1.3474284] 
[1.1580716, 1.2178015] 
[1.3432827, 1.5079632] 
[1.1015449, 1.3425412] 
[1.2828106, 1.1300138] 
[1.3665524, 1.0928392] 
[1.4403793, 1.2730684] 
[1.3684595, 1.1297894] 
[1.3848307, 1.1807607] 
[1.5189744, 1.484048] 
[1.2180886, 1.3204148] 
[1.061997, 1.2907848] 
[1.4135677, 1.336892] 
[1.4389386, 1.489166] 
[1.2853227, 1.0946844] 
[1.4066846, 1.1812365] 
[1.2133136, 1.0118226] 
[1.2646676, 1.0031654] 
[1.5458126, 1.2676847] 
[1.4295101, 1.5527372] 
[1.2115963, 1.2275319] 
[1.078831, 1.0796661] 
[1.2572933, 1.2998353] 
[1.4277444, 1.4247406] 
[1.2995822, 1.1173269] 
[1.2496386, 0.96157] 
[1.3057697, 0.99590814] 
[1.3836201, 1.1340034] 
[1.2340224, 1.0724511] 
[1.056993, 1.1657107] 
[1.1618836, 1.0585475] 
[1.1504214, 1.1766675] 
[1.1308854, 1.0327808] 
[1.3704742, 1.4322263] 
[1.3134629, 1.1624877] 
[1.3809997, 1.1724334] 
[1.0609334, 0.8773637] 
[1.3225651, 1.0485393] 
[1.6447456, 1.3974648] 
[1.4585674, 1.4520761] 
[1.0482588, 1.2754185] 
[1.633213, 1.145715] 
[1.2976325, 1.3943987] 
[1.3407242, 1.2011127] 
[1.4945189, 1.221461] 
[1.1722357, 1.04422] 
[1.2023995, 0.99571013] 
[1.2135897, 0.9220504] 
[1.0627334, 0.9422] 
[1.3248512, 1.1026801] 
[1.1156778, 0.9833946] 
[1.4401543, 1.4097552] 
[1.1486603, 1.2601742] 
[1.46436, 1.294169] 
[1.5313451, 1.3038398] 
[1.1579418, 0.98243165] 
[1.3664103, 1.2149676] 
[1.3027116, 1.07082] 
[1.040166, 0.87771356] 
[1.4993179, 1.4861617] 
[1.3379018, 1.1905607] 
[1.2435439, 1.4346458] 
[1.3934329, 1.4908401] 
[1.0188856, 1.3579471] 
[1.454775, 1.3317176] 
[1.3353256, 1.1208566] 
[1.2073491, 1.0524067] 
[1.2150357, 1.031006] 
[1.319596, 1.0245] 
[1.3787824, 1.3586287] 
[1.0545611, 1.1159725] 
[1.2229097, 1.204741] 
[1.2372334, 1.6763055] 
[1.384304, 1.2272491] 
[1.378771, 1.1510446] 
[1.5054772, 1.3020915] 
[1.3194331, 1.1255491] 
[1.2090054, 0.9373098] 
[1.2054366, 0.9337522] 
[1.3759186, 1.3820674] 
[1.3090267, 1.3112445] 
[1.3548892, 1.3098531] 
[1.3503766, 1.1597831] 
[1.3902283, 1.5722983] 
[1.3415711, 1.179647] 
[1.293849, 1.1540296] 
[1.2982113, 1.084175] 
[1.219485, 1.021176] 
[1.441581, 1.2658874] 
[1.3893685, 1.4589527] 
[1.4504923, 1.1728368] 
[1.3326399, 1.5359323] 
[1.446058, 1.281187] 
[1.5397522, 1.4349747] 
[1.2340047, 1.0077574] 
[1.0382543, 0.8141327] 
[1.1752417, 0.97441494] 
[1.534772, 1.3677156] 
[1.1231847, 0.9047382] 
[1.2338009, 1.059119] 
[1.2610717, 1.4541165] 
[1.4801264, 1.200713] 
[1.212192, 1.113162] 
[1.4984322, 1.415627] 
[1.2607342, 1.0145344] 
[1.5047688, 1.2403119] 
[1.7602646, 1.3814335] 
[1.0687406, 0.9338623] 
[1.2737986, 1.0641977] 
[0.9723617, 1.1932979] 
[1.4768336, 1.4280512] 
[1.3148737, 1.3435462] 
[1.6513885, 1.1017536] 
[1.0819197, 1.0379307] 
[1.2884185, 1.1475819] 
[1.3888791, 1.1487164] 
[1.0500425, 0.9161185] 
[1.3266876, 1.1013439] 
[1.4864972, 1.1998178] 
[1.177615, 1.2310262] 
[1.1735128, 1.157919] 
[1.2502029, 1.1260958] 
[1.1484969, 1.3075917] 
[1.2746258, 1.1786114] 
[1.0520139, 0.84369475] 
[0.9779654, 0.8519022] 
[1.3502734, 1.0948727] 
[1.4956378, 1.3358669] 
[1.3162543, 1.0579244] 
[1.1762681, 1.4239876] 
[1.2003624, 1.1606692] 
[1.2417675, 1.2789257] 
[1.331034, 1.5578413] 
[1.1673269, 0.85998803] 
[1.2757952, 1.1312122] 
[1.2159684, 1.007158] 
[1.0816334, 0.88925695] 
[1.4751306, 1.1781437] 
[1.331429, 1.0160993] 
[1.2490438, 1.3514726] 
[1.1815438, 1.1298425] 
[1.6889586, 1.7209373] 
[1.1060666, 1.2222115] 
[1.3860991, 1.2892623] 
[1.6382654, 1.3624893] 
[1.2324965, 1.0845907] 
[1.5127935, 1.1907113] 
[1.1457541, 0.9074994] 
[1.2550681, 1.101599] 
[1.2811564, 1.155928] 
[1.2876624, 1.575077] 
[1.2897047, 1.3077424] 
[1.3933935, 1.1414781] 
[1.2872975, 1.2876137] 
[1.1791434, 1.0198206] 
[1.12469, 0.95229316] 
[1.4299662, 1.2188745] 
[1.3082256, 1.0928427] 
[1.227977, 1.1003797] 
[1.1974196, 1.1935822] 
[1.2611378, 1.2186582] 
[1.1753252, 1.3450096] 
[1.296943, 1.2181467] 
[1.3186367, 1.5264132] 
[1.5272931, 1.2303364] 
[1.4582639, 1.2374172] 
[1.3314785, 1.1175967] 
[1.4721725, 1.1991707] 
[1.3154763, 1.039286] 
[1.0338371, 1.0379568] 
[1.1840606, 1.2335305] 
[1.2765365, 1.0812389] 
[1.4937034, 1.5748007] 
[1.1821504, 1.0443053] 
[1.4008079, 1.2210317] 
[1.3044233, 1.1310098] 
[1.2074142, 1.0611341] 
[1.5780803, 1.3792533] 
[1.2350221, 1.006653] 
[1.1835, 1.2941706] 
[1.2323611, 1.2404358] 
[1.2449172, 1.0222251] 
[1.1009364, 1.2877538] 
[1.3020492, 1.4028466] 
[1.4427254, 1.2553781] 
[1.4114492, 1.1987737] 
[1.2446275, 1.0131333] 
[1.5318677, 1.2395458] 
[1.055038, 0.93616486] 
[1.1339631, 1.3663714] 
[1.2597371, 1.2488264] 
[1.3428168, 1.5124156] 
[1.2113011, 1.3685929] 
[1.3941259, 1.6302767] 
[1.2292131, 0.96777225] 
[1.5224205, 1.3049831] 
[1.68084, 1.4790437] 
[1.3694706, 1.185883] 
[1.515902, 1.2667077] 
[1.3433212, 1.0707313] 
[1.1444256, 1.3903176] 
[1.2546713, 1.1908016] 
[1.4071857, 1.406215] 
[1.4232448, 1.2041669] 
[1.2059804, 1.0829892] 
[1.1670299, 0.85644054] 
[1.1530766, 0.99233764] 
[1.2313539, 1.0916581] 
[1.0440593, 0.9000946] 
[0.98472875, 0.9784488] 
[1.4928839, 1.3113308] 
[1.4175649, 1.1510859] 
[1.3996743, 1.3393128] 
[1.3418783, 1.3300297] 
[0.9105458, 0.7870886] 
[1.2742859, 1.1129346] 
[1.1909895, 0.9455118] 
[1.1605184, 1.0491812] 
[1.1989217, 0.99408305] 
[1.6092987, 1.3704708] 
[1.3903334, 1.3639191] 
[1.4872799, 1.3775219] 
[1.5334184, 1.0197793] 
[1.1033127, 1.4214692] 
[1.3588401, 1.1540346] 
[1.2271457, 1.015414] 
[1.3831344, 1.216311] 
[1.2981489, 1.1092687] 
[1.4772747, 1.2873418] 
[1.4996153, 1.3728831] 
[1.1258776, 1.1291525] 
[1.704892, 1.4924505] 
[1.186353, 1.2424474] 
[1.395185, 1.341429] 
[1.720154, 1.4689529] 
[1.7167463, 1.3487674] 
[1.0860143, 0.8861372] 
[1.3875881, 1.0951871] 
[1.3063095, 1.0590973] 
[1.5292368, 1.6039855] 
[1.4110553, 1.1319911] 
[1.2631899, 1.3729823] 
[0.9565799, 1.1796777] 
[1.4509969, 1.455384] 
[1.542084, 1.3155203] 
[1.5549574, 1.2004874] 
[1.1704938, 1.0213699] 
[1.4618804, 1.2664901] 
[1.1788673, 0.95780265] 
[1.5005372, 1.3732] 
[1.5071853, 1.114222] 
[0.9960122, 0.99520266] 
[1.0942965, 1.0231645] 
[1.2876643, 1.3072504] 
[1.3270721, 1.1879799] 
[1.1722835, 1.0376493] 
[1.420367, 1.1714232] 
[1.0604109, 0.890941] 
[1.37479, 1.2288289] 
[1.4496332, 1.3600864] 
[1.566262, 1.3929219] 
[1.1630807, 1.3100078] 
[0.8865325, 1.017497] 
[1.2997599, 1.2887726] 
[1.3484381, 1.219102] 
[1.5349519, 1.3484251] 
[1.3428133, 1.1061021] 
[1.3178492, 1.0764551] 
[1.0655031, 0.94928765] 
[1.5176682, 1.6096659] 
[1.4732356, 1.4426672] 
[1.3777926, 1.1845145] 
[1.281179, 1.2528694] 
[1.4429629, 1.4013367] 
[1.4245062, 1.1970911] 
[1.2987256, 1.0674489] 
[1.0610267, 0.86332345] 
[1.1368985, 0.9605237] 
[1.14693, 0.9361578] 
[1.2755927, 1.4447567] 
[1.5408642, 1.4820738] 
[1.4129221, 1.4421103] 
[1.2098889, 1.1085376] 
[1.3734537, 1.19155] 
[1.721595, 1.3502182] 
[1.297063, 1.1369191] 
[1.0962224, 0.9518907] 
[1.203274, 1.0341496] 
[1.3545413, 1.1637887] 
[1.432079, 1.2562846] 
[1.3740149, 1.6554056] 
[1.0951076, 1.0426836] 
[1.2705455, 1.220045] 
[1.310806, 1.4853826] 
[1.2504141, 1.131359] 
[0.9877955, 0.849831] 
[1.4704471, 1.261614] 
[1.3705088, 1.1702025] 
[1.1839957, 1.0092374] 
[1.3810577, 1.3574046] 
[1.4948045, 0.8961896] 
[1.2532516, 1.2535527] 
[0.8247601, 1.2711258] 
[0.97305197, 1.1155506] 
[1.3406644, 1.1653664] 
[1.291398, 1.0864195] 
[1.5453906, 1.2753108] 
[1.1765118, 1.0664674] 
[1.4795768, 1.2628871] 
[1.3177886, 1.4097257] 
[1.4636115, 1.1787229] 
[1.259551, 1.3368986] 
[1.189151, 1.3775275] 
[1.0423539, 1.2725084] 
[1.2525178, 1.0498941] 
[1.2067289, 1.0798507] 
[1.431016, 1.1828995] 
[1.1458116, 0.97547096] 
[1.4054493, 1.1447182] 
[1.087846, 1.2689149] 
[1.205119, 1.2383351] 
[1.4880431, 1.6798024] 
[1.3235644, 1.2094142] 
[1.3556929, 1.2962694] 
[1.8104422, 1.5186642] 
[1.3063643, 1.086859] 
[1.521138, 1.2747686] 
[1.4036996, 1.1544952] 
[1.2155325, 0.97897166] 
[1.0471896, 1.2231543] 
[1.3949875, 1.5483704] 
[1.2871091, 1.064152] 
[1.3841618, 1.3192573] 
[1.5544038, 1.1737764] 
[1.5502275, 1.2533811] 
[1.354754, 1.1570513] 
[1.1893023, 0.92601055] 
[1.1274168, 0.943603] 
[1.3921719, 1.2108948] 
[1.192152, 1.3672227] 
[1.0878247, 1.0615469] 
[1.8042228, 1.3929682] 
[1.3196025, 1.3252203] 
[1.0070518, 1.0319057] 
[1.5815276, 1.3255194] 
[1.4798337, 1.2167703] 
[1.407797, 1.2491258] 
[1.2968712, 1.0442133] 
[1.2432344, 1.0564609] 
[1.1463836, 1.1940999] 
[1.5810578, 1.4877069] 
[1.3604424, 1.1091948] 
[1.1635841, 1.1105795] 
[1.1964719, 1.1796906] 
[1.4133166, 1.1774203] 
[1.097045, 0.97845113] 
[1.051213, 0.9059999] 
[1.139442, 0.9142082] 
[1.3027918, 1.1117251] 
[1.3172426, 1.3585393] 
[1.2525507, 1.2892661] 
[1.5367764, 1.4279416] 
[1.1301136, 1.0201818] 
[1.0261424, 1.0191567] 
[1.3335025, 1.1507952] 
[1.4167078, 1.24464] 
[1.2029898, 1.0557985] 
[1.3709961, 1.1228521] 
[1.336097, 1.1778717] 
[1.1703184, 1.4063122] 
[1.155517, 1.2461059] 
[1.1798201, 1.135462] 
[1.109551, 1.0288663] 
[1.1252911, 1.0635204] 
[1.2468226, 1.0636597] 
[1.5672164, 1.2973495] 
[1.3147299, 1.1728336] 
[1.2570643, 1.0845039] 
[1.2433997, 0.97693443] 
[1.1774292, 1.2015077] 
[1.4013072, 1.3086357] 
[1.3226053, 1.3362758] 
[1.143865, 1.4533591] 
[1.2939963, 1.1257272] 
[1.7025735, 1.4451443] 
[1.4818249, 1.3036668] 
[1.3204246, 1.1258881] 
[1.3574405, 1.1736178] 
[1.3813338, 1.1781564] 
[1.324702, 1.1928425] 
[1.0985081, 1.3705755] 
[1.4024934, 1.589033] 
[1.4188812, 1.2493069] 
[1.2431147, 1.1626915] 
[1.5490832, 1.3285457] 
[1.0383372, 0.9323241] 
[1.0907011, 0.982038] 
[1.2649372, 1.0878003] 
[1.172425, 1.0090377] 
[1.170445, 1.3280302] 
[1.09952, 1.2463646] 
[1.3947322, 1.2162032] 
[1.232267, 1.1755095] 
[1.2103655, 1.3809392] 
[1.2646875, 1.112065] 
[1.051192, 0.9216762] 
[1.3737814, 1.1388549] 
[1.1442679, 0.9810987] 
[1.2169635, 1.0813375] 
[0.8720535, 0.9945516] 
[1.2543526, 0.97949827] 
[1.3423123, 1.2983698] 
[1.4583529, 1.3397424] 
[1.4766275, 1.3967501] 
[1.1663797, 0.95258486] 
[1.4895599, 1.3333602] 
[1.382422, 1.1972288] 
[1.5371311, 1.218581] 
[1.1912267, 1.0088587] 
[1.121778, 1.2609807] 
[1.3768232, 1.2708819] 
[1.3506721, 1.4353718] 
[1.013551, 1.0076374] 
[1.3338397, 1.1833663] 
[1.3739531, 1.1722165] 
[1.7330674, 1.5560763] 
[1.2768332, 1.0055854] 
[1.3103709, 1.1702201] 
[1.4248449, 1.2489059] 
