[1.6713737, 0.83027977, 0.66231275, 0.17878112]
[1.7883759, 0.60493386, 1.0090903, 0.17435166]
[1.9366618, 1.0590434, 0.7171198, 0.16049865]
[1.7975417, 0.8216112, 0.817757, 0.15817344]
[2.0638807, 0.7081013, 1.2037376, 0.15204188]
[1.3907313, 0.5900407, 0.64114636, 0.15954429]
[1.7955084, 0.8899462, 0.7513676, 0.15419453]
[1.6020266, 0.6703787, 0.771201, 0.16044688]
[2.0872793, 1.088333, 0.8272136, 0.17173263]
[1.6429127, 0.6554006, 0.814922, 0.1725901]
[1.8948628, 0.8530427, 0.88286734, 0.15895268]
[1.7861239, 0.9360511, 0.6950317, 0.15504113]
[1.8342723, 0.78030586, 0.8966088, 0.15735753]
[1.673723, 0.72494197, 0.8024852, 0.1462958]
[1.8111694, 0.78227514, 0.87029177, 0.15860242]
[1.6685314, 0.72501755, 0.7789417, 0.16457221]
[1.6558084, 0.65204465, 0.8331237, 0.17064017]
[1.4724686, 0.6543585, 0.6518106, 0.16629961]
[1.895802, 0.9900656, 0.7428771, 0.16285934]
[1.8887467, 0.92708004, 0.78551984, 0.17614691]
[2.0173604, 0.75702333, 1.1012151, 0.15912206]
[1.7569311, 0.8403863, 0.74826205, 0.16828278]
[1.643629, 0.6466234, 0.87009275, 0.12691283]
[1.8822776, 0.93206215, 0.7745099, 0.17570552]
[1.7191339, 0.7555793, 0.8111913, 0.1523633]
[1.7507966, 0.9051163, 0.6763387, 0.1693415]
[1.773093, 0.89585245, 0.7233515, 0.1538891]
[1.660918, 0.6808362, 0.82130826, 0.15877357]
[1.7909458, 0.8290124, 0.8172271, 0.14470626]
[1.8127893, 0.8763557, 0.7785121, 0.15792142]
[1.5621278, 0.6663098, 0.7574209, 0.13839725]
[1.7639005, 0.9377048, 0.67097604, 0.15521972]
[1.6569808, 0.58879197, 0.9055116, 0.16267711]
[1.7764225, 0.95416534, 0.6665384, 0.15571874]
[1.7770644, 0.80334544, 0.8174829, 0.1562361]
[1.6700245, 0.7465429, 0.76172554, 0.16175617]
[1.5996724, 0.7274433, 0.70186853, 0.17036068]
[1.8580788, 0.79285604, 0.8861638, 0.17905903]
[1.6039095, 0.8372799, 0.5965406, 0.17008898]
[1.6504852, 0.71326697, 0.7794132, 0.15780494]
[1.8741426, 0.83008206, 0.8841171, 0.15994349]
[1.7921593, 0.7230691, 0.90579, 0.1633003]
[1.666912, 0.7758022, 0.73457277, 0.15653694]
[1.9589714, 0.9155605, 0.87603134, 0.1673795]
[1.7316175, 0.7304902, 0.84345925, 0.15766796]
[1.4606402, 0.69453394, 0.6058317, 0.16027457]
[1.6558324, 0.64808947, 0.8406272, 0.16711581]
[1.8620282, 0.9326333, 0.76898175, 0.16041315]
[1.8031087, 0.5748761, 1.0738816, 0.15435094]
[1.6748078, 0.9981898, 0.5068289, 0.1697891]
[1.7042212, 0.5411946, 1.0042143, 0.15881234]
[1.6104392, 0.74335575, 0.6868357, 0.18024766]
[1.9082495, 0.945418, 0.7898989, 0.17293265]
[2.0498679, 0.82238984, 1.0642016, 0.16327639]
[1.7727009, 0.8289188, 0.7824466, 0.16133548]
[1.7125165, 0.8075618, 0.7265855, 0.17836922]
[1.7966799, 0.8749869, 0.7422868, 0.1794062]
[1.7882017, 0.92453724, 0.68507576, 0.17858876]
[1.7518662, 0.7457255, 0.8502164, 0.15592432]
[1.8321512, 0.8315896, 0.84354794, 0.15701362]
[1.5594254, 0.6510708, 0.7544461, 0.15390852]
[1.9407955, 1.0824437, 0.7043285, 0.15402332]
[1.6689762, 0.6853814, 0.82301486, 0.16057996]
[1.7093714, 0.66380054, 0.88074666, 0.16482426]
[1.7619298, 1.0049589, 0.58759564, 0.16937524]
[1.9448719, 0.84550095, 0.9387992, 0.16057184]
[1.6779948, 0.846974, 0.6730311, 0.15798974]
[1.4695692, 0.79333526, 0.50711167, 0.16912219]
[1.6883384, 0.6667621, 0.8621403, 0.15943602]
[1.7845638, 0.73662966, 0.87610906, 0.17182511]
[1.8484241, 1.0120369, 0.67545235, 0.16093478]
[1.9734001, 0.9400526, 0.86844456, 0.16490294]
[1.5742706, 0.56962305, 0.8447164, 0.1599311]
[1.7031119, 0.6991912, 0.83838016, 0.16554044]
[1.7100587, 0.777544, 0.7802502, 0.15226452]
[1.8638513, 0.7996714, 0.9015429, 0.16263701]
[1.9034629, 0.8205782, 0.9200041, 0.1628806]
[1.9362892, 0.70592725, 1.0569723, 0.1733897]
[1.7382584, 0.8587316, 0.74046826, 0.13905841]
[1.7476515, 0.9374404, 0.6273816, 0.18282951]
[2.1169999, 0.8683759, 1.0646838, 0.1839402]
[1.996477, 0.9345143, 0.9109851, 0.15097758]
[1.7218546, 1.0262954, 0.54245836, 0.15310088]
[1.6975523, 0.77764505, 0.7585726, 0.16133466]
[1.744112, 0.6918449, 0.8867493, 0.16551776]
[1.6039579, 0.83218074, 0.61783695, 0.15394023]
[1.6762825, 0.68463814, 0.83123446, 0.16040988]
[1.8959501, 1.0920465, 0.65037024, 0.15353328]
[1.555414, 0.48184663, 0.9044949, 0.16907233]
[1.9011672, 1.1202047, 0.6117872, 0.16917524]
[1.5399072, 0.5374293, 0.83956945, 0.16290852]
[1.7206197, 0.817512, 0.7378184, 0.16528928]
[2.177497, 1.0060833, 1.0091711, 0.16224231]
[1.7667122, 0.7616724, 0.86197305, 0.14306682]
[1.6092541, 0.6491958, 0.79777956, 0.16227871]
[1.742018, 0.84385127, 0.74701864, 0.15114808]
[1.6054465, 0.7465668, 0.702011, 0.1568687]
[1.682831, 0.8954265, 0.6326351, 0.15476942]
[1.6720327, 0.6839485, 0.83802223, 0.15006196]
[1.7781596, 0.8829308, 0.73470443, 0.16052443]
[1.817914, 1.0162926, 0.64695823, 0.15466318]
[1.7719619, 0.7153321, 0.88701266, 0.16961715]
[1.6731126, 0.7695018, 0.7622041, 0.14140671]
[1.7715931, 0.7630874, 0.8553289, 0.15317675]
[1.7622354, 0.9147528, 0.68129885, 0.16618377]
[1.8985555, 0.8674971, 0.86674935, 0.16430901]
[1.8283734, 1.0429478, 0.6292726, 0.15615311]
[1.7190135, 0.7195293, 0.8294099, 0.17007421]
[1.6248764, 0.8877561, 0.578445, 0.15867534]
[1.6476718, 0.670704, 0.8131844, 0.16378343]
[1.6387491, 0.7284525, 0.7530589, 0.15723772]
[1.4700217, 0.58838475, 0.71316206, 0.16847485]
[1.8457034, 0.94170845, 0.7362073, 0.16778758]
[1.9345279, 0.8782109, 0.89341915, 0.16289786]
[1.8740386, 0.9104198, 0.8021276, 0.16149116]
[1.9021724, 0.86989725, 0.8575476, 0.17472759]
[1.7883558, 0.86566496, 0.7668449, 0.15584584]
[1.6675507, 0.75715995, 0.74668294, 0.16370782]
[1.7408834, 0.7734016, 0.79806465, 0.16941711]
[1.8780605, 0.92445374, 0.78545666, 0.1681501]
[1.5685931, 0.71303916, 0.71271396, 0.14284007]
[1.801932, 0.9830168, 0.66077244, 0.15814272]
[1.8776321, 0.7178321, 1.007534, 0.15226603]
[1.5677246, 0.5848236, 0.82754683, 0.15535419]
[1.6728853, 0.8206037, 0.68655634, 0.16572525]
[1.7652185, 0.8725548, 0.72761333, 0.16505033]
[1.8127209, 0.915629, 0.73503995, 0.16205192]
[1.7742465, 0.7985303, 0.8033673, 0.17234892]
[1.6645997, 0.7385595, 0.771901, 0.15413913]
[1.5494031, 0.63931566, 0.7332916, 0.17679584]
[1.7158484, 0.74279416, 0.80955637, 0.16349798]
[1.8402247, 1.0184354, 0.66084063, 0.16094871]
[1.8439265, 0.6565664, 1.0198796, 0.16748063]
[1.79501, 0.8725407, 0.7634811, 0.15898815]
[1.8367479, 0.8884872, 0.78305566, 0.16520503]
[1.6613231, 0.70630693, 0.8069775, 0.14803857]
[1.7068133, 0.9729147, 0.5810569, 0.15284187]
[1.9153736, 0.68899095, 1.044429, 0.18195367]
[1.84986, 0.83155274, 0.8456708, 0.17263643]
[1.9608295, 0.9707798, 0.83224857, 0.15780117]
[1.7939737, 0.7384022, 0.90620935, 0.14936203]
[1.8280492, 0.8375797, 0.8383843, 0.15208523]
[1.7460189, 0.7334004, 0.8489814, 0.16363716]
[1.748912, 0.6361489, 0.9374503, 0.17531279]
[1.8174976, 0.8387364, 0.82225895, 0.15650223]
[1.6248586, 0.7313807, 0.7391015, 0.15437645]
[1.6680629, 0.69247806, 0.83188534, 0.14369959]
[1.5590829, 0.57605517, 0.8147794, 0.16824825]
[1.631788, 0.6888255, 0.77164775, 0.17131472]
[1.6068295, 0.7178974, 0.72105116, 0.16788092]
[1.638794, 0.6820716, 0.7742008, 0.18252163]
[1.6299562, 0.83521473, 0.62017685, 0.17456464]
[1.7495751, 0.567813, 1.0108202, 0.17094213]
[1.7342308, 0.88114965, 0.6792691, 0.173812]
[1.9917846, 0.6423713, 1.1749078, 0.17450544]
[1.4951396, 0.7638813, 0.5508966, 0.18036169]
[1.6933956, 0.7985647, 0.71305895, 0.18177196]
[1.8409774, 0.66634613, 0.9864652, 0.18816611]
[1.5284355, 0.69723517, 0.64371437, 0.1874859]
[1.7709095, 0.9062544, 0.6756666, 0.1889885]
[1.8519416, 0.72468257, 0.94661665, 0.1806423]
[1.54443, 0.68840665, 0.65872264, 0.19730064]
[1.7978963, 0.80801016, 0.801008, 0.18887818]
[1.6841896, 0.60750234, 0.9092903, 0.16739693]
[1.7403, 0.98308307, 0.5839033, 0.17331369]
[1.5433724, 0.707312, 0.65286565, 0.18319474]
[1.5204864, 0.6249006, 0.72807884, 0.16750696]
[2.1238148, 1.038636, 0.8879585, 0.19722039]
[1.5691624, 0.7927104, 0.6202004, 0.1562515]
[1.6065569, 0.4559293, 0.9839093, 0.16671823]
[1.9076973, 0.8930143, 0.8307314, 0.18395166]
[1.7941222, 0.9690621, 0.6364263, 0.18863383]
[2.0639644, 0.9790485, 0.92317414, 0.16174176]
[1.7899556, 0.7941456, 0.8335549, 0.16225508]
[1.6210494, 0.74972135, 0.6862943, 0.1850338]
[1.8657451, 0.8893001, 0.7861872, 0.19025779]
[1.57037, 0.7322443, 0.6675221, 0.17060357]
[1.7306288, 0.8103398, 0.7486838, 0.17160523]
[1.6163484, 0.8025818, 0.637433, 0.17633353]
[1.689558, 0.7540312, 0.76508623, 0.17044073]
[1.6620059, 0.69116247, 0.7985513, 0.17229217]
[1.8231269, 0.80971205, 0.8358772, 0.17753771]
[1.9520496, 0.9771124, 0.79297686, 0.18196034]
[1.689189, 0.6779121, 0.8445134, 0.16676344]
[1.7367663, 1.0501279, 0.5050012, 0.18163735]
[1.6693898, 0.70946765, 0.79787254, 0.16204968]
[1.5796674, 0.8106698, 0.6086321, 0.16036554]
[1.533262, 0.6527734, 0.72946835, 0.15102023]
[1.71927, 0.7863088, 0.7399626, 0.19299859]
[1.6746569, 0.82197523, 0.6745879, 0.17809363]
[1.8833077, 0.75466466, 0.9413433, 0.18729968]
[1.8941884, 1.0023243, 0.7091029, 0.18276125]
[1.7230524, 0.65327775, 0.8991102, 0.1706644]
[1.7278987, 0.8539028, 0.69931895, 0.17467704]
[1.4810443, 0.5694747, 0.7112925, 0.20027709]
[1.9507082, 1.1163597, 0.6543772, 0.1799712]
[1.556128, 0.7143493, 0.6738165, 0.16796225]
[1.713423, 0.63887, 0.8870511, 0.18750188]
[1.8006082, 1.0026442, 0.6196965, 0.17826751]
[1.8414096, 0.9641627, 0.7035725, 0.17367432]
[1.4896642, 0.46165425, 0.86716974, 0.16084012]
[1.657295, 0.76076007, 0.737333, 0.15920186]
[1.6801813, 0.7248181, 0.78223956, 0.17312357]
[1.6979239, 0.85362136, 0.65964586, 0.18465656]
[1.9438426, 0.95119613, 0.8200904, 0.17255613]
[1.6275587, 0.6971798, 0.7631804, 0.16719851]
[1.8274765, 0.81128675, 0.8299782, 0.18621159]
[1.8266611, 0.8283193, 0.819194, 0.17914769]
[1.5902569, 0.8336657, 0.59792316, 0.1586681]
[1.8528011, 0.724035, 0.9603951, 0.16837102]
[2.0371594, 0.7974318, 1.0414965, 0.19823098]
[1.7913804, 1.0292594, 0.6001707, 0.16195041]
[1.6201622, 0.70453304, 0.74718595, 0.16844326]
[1.819586, 0.78329694, 0.84943223, 0.1868568]
[1.8566685, 0.6962072, 0.98765373, 0.17280744]
[1.7422123, 0.674191, 0.8960773, 0.17194405]
[1.8292558, 1.0483524, 0.60829437, 0.17260908]
[1.77002, 0.81191516, 0.77649343, 0.18161145]
[1.736361, 0.6508426, 0.90985405, 0.17566447]
[1.8654915, 0.8947388, 0.8002145, 0.17053814]
[1.9593334, 0.934656, 0.8445822, 0.18009523]
[1.6808037, 0.617303, 0.8900687, 0.17343195]
[1.9070288, 0.8820435, 0.8549238, 0.17006145]
[1.7158579, 0.8013892, 0.74720883, 0.16725978]
[1.690037, 0.62082285, 0.9021104, 0.16710372]
[1.6958055, 0.9496383, 0.5899246, 0.1562426]
[1.7220656, 0.7141167, 0.8434402, 0.1645087]
[1.8724741, 0.9382154, 0.7676253, 0.16663346]
[1.7877423, 0.75169754, 0.87340856, 0.16263613]
[1.7722492, 0.95134825, 0.6618526, 0.15904829]
[1.7180374, 0.71722543, 0.8279315, 0.17288038]
[1.667655, 0.602281, 0.9116796, 0.15369438]
[1.8890227, 0.92809904, 0.793288, 0.1676357]
[1.8855147, 0.9392688, 0.78889585, 0.15735003]
[1.6869228, 0.56275773, 0.96534586, 0.15881915]
[1.7128944, 0.9268937, 0.6191317, 0.16686898]
[1.6245311, 0.6407983, 0.82868564, 0.15504731]
[1.6915241, 0.77399915, 0.7439327, 0.17359225]
[1.5717165, 0.5543908, 0.8403622, 0.17696363]
[2.1118596, 1.0265892, 0.90746975, 0.17780073]
[1.5927716, 0.7591296, 0.6724211, 0.16122094]
[1.7097737, 0.7395048, 0.79050523, 0.17976363]
[1.686918, 0.810739, 0.69448113, 0.1816979]
[1.5128126, 0.78078127, 0.53441, 0.19762135]
[1.8164243, 0.70419705, 0.9355186, 0.17670861]
[1.7522247, 0.86488307, 0.70590675, 0.18143493]
[1.419249, 0.5225954, 0.72204995, 0.17460376]
[1.8363261, 1.2169873, 0.45195973, 0.16737911]
[1.9793665, 0.7548846, 1.0292947, 0.19518718]
[1.7101649, 0.6680225, 0.8736491, 0.1684933]
[1.6631174, 0.73342025, 0.7638464, 0.16585077]
[1.4916475, 0.6699535, 0.657617, 0.1640771]
[1.8512386, 0.78630567, 0.884129, 0.18080387]
[1.7328851, 0.8457934, 0.69353235, 0.19355945]
[1.5137601, 0.63399845, 0.6890709, 0.19069082]
[1.7767218, 0.9156977, 0.69539416, 0.16562995]
[1.8325974, 0.7652472, 0.8772316, 0.19011855]
[1.7590442, 0.7328844, 0.85500574, 0.17115396]
[1.7981178, 1.0119419, 0.6067462, 0.17942965]
[1.5726602, 0.5847498, 0.79908854, 0.1888218]
[1.9272479, 1.0702797, 0.6896171, 0.16735108]
[1.7971425, 0.57350117, 1.0547864, 0.16885494]
[1.6899375, 0.863685, 0.6590388, 0.16721365]
[1.8763806, 0.98660994, 0.7238977, 0.16587298]
[1.9053037, 0.93890506, 0.80409133, 0.16230725]
[1.6101575, 0.56917757, 0.873687, 0.1672929]
[1.7887577, 1.0075519, 0.6245781, 0.15662761]
[1.6243114, 0.5929465, 0.8544048, 0.17696017]
[1.6369778, 0.8742831, 0.597183, 0.1655117]
[1.5336434, 0.7507172, 0.61975884, 0.16316737]
[1.8523612, 0.9515504, 0.7352997, 0.16551109]
[1.6475168, 0.747472, 0.73704135, 0.1630036]
[1.7436109, 0.6303116, 0.94434226, 0.16895694]
[1.9850881, 0.9184187, 0.9042797, 0.16238979]
[1.562123, 0.6550164, 0.7346471, 0.17245951]
[1.8292732, 0.8666285, 0.7950665, 0.1675782]
[1.5200142, 0.6555135, 0.68361634, 0.1808842]
[1.7741147, 0.7020405, 0.8999227, 0.17215145]
[1.7811105, 1.0360115, 0.5787153, 0.16638376]
[1.5457531, 0.58254236, 0.7851654, 0.17804542]
[1.7453234, 0.8747637, 0.6993598, 0.17119992]
[1.6721642, 0.6185494, 0.88613284, 0.16748196]
[1.6579775, 0.8734781, 0.59929645, 0.18520294]
[1.9183593, 1.111128, 0.6396907, 0.16754058]
[1.6291312, 0.634604, 0.8461097, 0.14841755]
[1.6315335, 0.7641168, 0.6894125, 0.1780041]
[1.756854, 0.83339024, 0.75676215, 0.16670172]
[1.5920355, 0.59500754, 0.8270907, 0.16993737]
[1.4001521, 0.5760168, 0.66838616, 0.1557492]
[1.8061916, 0.9611407, 0.66363573, 0.18141524]
[1.9489889, 0.8532977, 0.92153454, 0.17415673]
[1.6301112, 0.63170004, 0.8363346, 0.16207655]
[1.9768499, 0.9151109, 0.8793628, 0.18237628]
[1.7378567, 0.86772823, 0.6976384, 0.17249012]
[1.7047105, 0.7467946, 0.7805253, 0.17739058]
[1.5740081, 0.60864794, 0.79790556, 0.16745457]
[1.7006948, 0.8919621, 0.61398053, 0.19475228]
[1.52185, 0.5147021, 0.8509202, 0.15622768]
[1.6036341, 0.7354996, 0.6672825, 0.20085186]
[1.6277355, 0.83617556, 0.6102654, 0.18129453]
[1.8158664, 0.8881587, 0.7401273, 0.1875803]
[1.8123238, 0.9023321, 0.7307159, 0.17927578]
[2.090691, 0.8664777, 1.0611563, 0.16305715]
[1.9119877, 0.9843129, 0.75280356, 0.17487122]
[1.5340395, 0.5004099, 0.86577106, 0.16785856]
[1.4893794, 0.8184824, 0.5091523, 0.16174468]
[1.5140717, 0.57819927, 0.75931066, 0.17656179]
[1.7584302, 0.7080291, 0.87442374, 0.17597744]
[1.7091864, 0.96465516, 0.5603978, 0.18413343]
[1.6726351, 0.60926545, 0.8774848, 0.18588485]
[1.8672843, 0.8768952, 0.81434226, 0.17604682]
[1.8453616, 1.0323249, 0.6410655, 0.17197117]
[1.7129774, 0.81234664, 0.73287344, 0.16775723]
[1.9034778, 0.6062125, 1.1139464, 0.18331885]
[1.7932034, 0.805895, 0.8086859, 0.17862248]
[1.8813361, 1.0661147, 0.64311594, 0.17210546]
[1.6016964, 0.6497898, 0.7853942, 0.16651237]
[1.7741324, 0.75274575, 0.8584227, 0.16296402]
[1.5904354, 0.6826539, 0.7469301, 0.16085136]
[1.9031601, 0.8476043, 0.9020803, 0.15347554]
[1.5541064, 0.61215746, 0.76808286, 0.173866]
[1.8678774, 0.84508646, 0.8684293, 0.15436158]
[1.4650735, 0.59271103, 0.69248354, 0.17987886]
[1.866017, 0.96048677, 0.7177259, 0.18780439]
[1.9914433, 0.9543884, 0.8548319, 0.18222299]
[1.7117715, 0.7480912, 0.7826242, 0.18105605]
[1.5950494, 0.74938786, 0.6692308, 0.17643067]
[1.7357965, 0.7421459, 0.82797, 0.1656805]
[2.0525947, 0.92679715, 0.95746726, 0.16833015]
[1.518287, 0.7609132, 0.57985145, 0.17752227]
[1.9317173, 0.8907211, 0.882382, 0.15861432]
[1.7481737, 0.6474631, 0.9191917, 0.18151891]
[1.7431729, 0.7460319, 0.8224931, 0.17464788]
[1.7361771, 0.6120682, 0.941622, 0.18248686]
[1.9829438, 1.1798276, 0.64385915, 0.15925711]
[1.6606677, 0.8061218, 0.68299425, 0.17155161]
[1.9343246, 0.88796645, 0.8615501, 0.18480809]
[1.6835182, 0.76097447, 0.7539398, 0.16860393]
[1.6561717, 0.7063006, 0.77946544, 0.17040558]
[1.6830506, 0.8645301, 0.63193893, 0.18658161]
[1.6478122, 0.5719863, 0.9183247, 0.15750119]
[1.5922439, 0.5651561, 0.86125976, 0.16582796]
[1.5372374, 0.8569939, 0.49162948, 0.18861404]
[1.9434899, 0.9929496, 0.78728175, 0.16325857]
[1.8713459, 0.8249644, 0.87162447, 0.17475697]
[1.5485289, 0.57266873, 0.80628705, 0.16957313]
[1.7784023, 0.989978, 0.6195198, 0.1689046]
[1.9583498, 0.9870596, 0.8083556, 0.16293466]
[1.7713938, 0.92021805, 0.677101, 0.1740746]
[1.7154453, 0.6323501, 0.9220935, 0.16100162]
[1.5368655, 0.63388324, 0.7305488, 0.1724334]
[1.9555856, 1.0945957, 0.68883383, 0.17215608]
[1.6232171, 0.9015822, 0.5625633, 0.15907173]
[1.7128278, 0.6989647, 0.8305708, 0.18329227]
[1.8665438, 0.9734077, 0.7050003, 0.18813586]
[1.7891772, 0.8518139, 0.7843523, 0.15301096]
[1.7198436, 0.7909709, 0.7573575, 0.17151517]
[1.7516451, 0.8071653, 0.79489976, 0.14957994]
[1.7266916, 0.7840368, 0.7758989, 0.1667559]
[1.8174742, 0.9340841, 0.7042378, 0.1791524]
[1.5547469, 0.6112875, 0.77121115, 0.17224829]
[1.7837086, 0.7834227, 0.82389915, 0.17638674]
[1.785893, 1.020092, 0.6016427, 0.16415817]
[1.6681645, 0.77036333, 0.746859, 0.15094212]
[2.1468093, 1.0077593, 0.985206, 0.15384394]
[1.8092018, 0.82617533, 0.8413104, 0.14171615]
[1.6983545, 0.8769889, 0.66961735, 0.15174815]
[1.7229497, 0.8172944, 0.73954815, 0.16610724]
[1.7226818, 0.7579107, 0.8147068, 0.15006423]
[1.695254, 0.8022706, 0.7350501, 0.15793338]
[2.0262623, 0.7498541, 1.1333549, 0.14305323]
[2.182441, 1.0769918, 0.94662786, 0.1588214]
[1.5252833, 0.72926027, 0.648742, 0.14728105]
[1.6661947, 0.7918191, 0.71360254, 0.16077301]
[1.6878134, 0.58509076, 0.95022523, 0.15249744]
[2.0384405, 1.0226085, 0.85713965, 0.1586923]
[1.8161275, 0.74117124, 0.9282581, 0.1466982]
[1.8437307, 0.91570026, 0.7648691, 0.16316122]
[1.8643072, 0.8730403, 0.84876764, 0.14249915]
[1.8666445, 0.7330216, 0.9763761, 0.15724672]
[1.7952641, 0.61903715, 1.0282109, 0.14801607]
[1.9133856, 0.9202084, 0.84084785, 0.1523294]
[1.8546329, 0.87486887, 0.8346055, 0.14515856]
[1.6962131, 0.7554077, 0.80196935, 0.13883603]
[1.7761222, 0.9094384, 0.71834314, 0.14834069]
[1.7541299, 0.7494678, 0.8616363, 0.14302585]
[1.5141568, 0.5704738, 0.8020189, 0.14166415]
[1.7540846, 0.8633926, 0.73865515, 0.1520369]
[1.7134961, 0.7569145, 0.79569846, 0.16088305]
[1.801866, 0.7672491, 0.8831102, 0.15150668]
[1.9849863, 1.1122993, 0.72839487, 0.14429218]
[1.9396373, 0.6783743, 1.1133494, 0.14791353]
[1.6371285, 0.7076925, 0.7801111, 0.14932492]
[1.6447353, 0.70006037, 0.79088104, 0.15379395]
[1.8144087, 0.9450777, 0.7106781, 0.15865286]
[1.5729222, 0.63883364, 0.80039716, 0.13369144]
[1.5324607, 0.6607851, 0.708185, 0.16349056]
[1.487253, 0.54787874, 0.7835149, 0.15585928]
[1.8429109, 0.79587793, 0.8784729, 0.16856003]
[1.5628946, 0.6674122, 0.71985936, 0.17562294]
[1.8957323, 0.85838103, 0.8763495, 0.16100183]
[1.5719053, 0.5630642, 0.84280705, 0.16603398]
[1.7092319, 0.85702807, 0.6870215, 0.16518238]
[1.5718237, 0.70930254, 0.69652617, 0.16599505]
[1.810369, 0.73090816, 0.90836835, 0.17109254]
[1.6681476, 0.7728689, 0.7248889, 0.17038983]
[1.8089157, 0.8364742, 0.8063469, 0.16609469]
[1.5078636, 0.73065376, 0.60318977, 0.17402014]
[1.7001866, 0.7412952, 0.7977238, 0.16116747]
[1.5385611, 0.78427476, 0.5711998, 0.1830867]
[1.8215158, 0.78818643, 0.85536134, 0.17796797]
[1.7915514, 0.7512691, 0.87525475, 0.16502756]
[1.6201357, 0.5469197, 0.8942318, 0.1789842]
[1.6837758, 0.7074509, 0.7959471, 0.18037789]
[2.2055674, 1.1221187, 0.8867831, 0.19666544]
[1.7408944, 0.8800627, 0.6883827, 0.17244896]
[1.955126, 0.8169788, 0.97711164, 0.16103555]
[1.6576349, 0.68401206, 0.81376207, 0.15986076]
[1.6377591, 0.8031717, 0.6555102, 0.17907722]
[1.6952367, 0.5964957, 0.93949896, 0.1592421]
[1.7090762, 0.7896661, 0.74607384, 0.1733363]
[1.8810747, 1.0275991, 0.6853625, 0.16811296]
[1.828388, 0.94754994, 0.69942695, 0.18141103]
[1.8361548, 0.66699076, 1.009763, 0.15940101]
[1.7939773, 0.9637263, 0.6765212, 0.15372986]
[1.9248751, 0.9051134, 0.8631215, 0.15664017]
[1.7732538, 0.9876654, 0.6510736, 0.13451478]
[1.8295228, 0.660439, 1.0281157, 0.14096802]
[1.663739, 0.97857785, 0.5339833, 0.15117788]
[1.8106887, 0.6182286, 1.0383894, 0.15407065]
[1.8426024, 0.89621305, 0.79757273, 0.14881662]
[1.9757462, 1.0170511, 0.8087615, 0.14993352]
[1.616845, 0.96059155, 0.50509655, 0.1511569]
[1.8956642, 0.870571, 0.8764521, 0.14864108]
[1.7849681, 0.83316505, 0.8136307, 0.13817242]
[1.8081567, 0.8173414, 0.8225884, 0.1682269]
[1.8035678, 0.8188734, 0.83685064, 0.1478437]
[1.6561825, 0.95478815, 0.54384923, 0.15754512]
[1.584352, 0.6336353, 0.79771656, 0.15300015]
[1.7713321, 0.82979083, 0.77733713, 0.16420427]
[1.723298, 0.7923955, 0.79293406, 0.13796845]
[1.799566, 0.8837167, 0.7461833, 0.169666]
[1.6648775, 0.8069291, 0.7080239, 0.14992452]
[1.6570148, 0.73579365, 0.7678319, 0.15338919]
[1.7147751, 0.62425697, 0.93778455, 0.15273356]
[1.8384926, 0.866662, 0.8200605, 0.15177007]
[1.7054495, 0.81158364, 0.72587395, 0.1679919]
[1.683343, 0.75443435, 0.7767948, 0.15211391]
[1.6391704, 0.63127553, 0.8371981, 0.17069672]
[1.9078636, 1.1527233, 0.5940069, 0.16113342]
[1.7702819, 0.6168096, 0.9933094, 0.16016296]
[1.5976138, 0.71388984, 0.72987634, 0.15384763]
[1.9337842, 0.9117067, 0.85739154, 0.16468596]
[1.9554224, 1.0345677, 0.7630358, 0.15781887]
[1.7815576, 0.7299442, 0.8873352, 0.16427818]
[1.6793462, 0.7132007, 0.7942108, 0.1719347]
[1.8077348, 0.9697808, 0.6825001, 0.15545388]
[1.6397977, 0.7112652, 0.764771, 0.16376153]
[1.8626446, 1.0035183, 0.70927054, 0.1498557]
[1.9701928, 0.7866967, 1.0257188, 0.15777731]
[1.9987673, 1.0329956, 0.82139385, 0.14437784]
[1.7899091, 0.7641152, 0.8752266, 0.15056723]
[1.6208457, 0.7478179, 0.7036716, 0.16935618]
[1.7601901, 0.87220347, 0.7406163, 0.14737037]
[1.9423052, 0.9056393, 0.8710899, 0.16557612]
[1.6550974, 0.83469015, 0.65509856, 0.16530861]
[1.6105055, 0.74515164, 0.70385814, 0.16149569]
[1.8857719, 0.86176103, 0.86202693, 0.16198383]
[1.7380993, 0.89284855, 0.68593013, 0.15932056]
[1.7759442, 0.9064716, 0.72215635, 0.1473162]
[1.6479754, 0.5477216, 0.92840874, 0.17184503]
[1.7440759, 0.97437114, 0.6042768, 0.16542801]
[1.623825, 0.44309983, 1.0301595, 0.15056558]
[2.118912, 1.1876024, 0.7775267, 0.15378278]
[1.6175213, 0.9669632, 0.50500035, 0.14555776]
[1.8145689, 0.9620768, 0.6971137, 0.15537846]
[1.5847788, 0.62164366, 0.81183904, 0.15129617]
[2.0898097, 0.9458728, 0.99899876, 0.1449382]
[1.5687414, 0.7914197, 0.6285733, 0.14874855]
[1.6611187, 0.7590407, 0.75272703, 0.14935106]
[1.823526, 0.95081675, 0.73289543, 0.13981381]
[1.9041327, 0.8416903, 0.9157449, 0.14669757]
[1.7052906, 0.767621, 0.7861914, 0.15147816]
[1.9684583, 0.7463635, 1.0597878, 0.16230698]
[1.8204283, 0.9243721, 0.75295854, 0.14309767]
[1.7584252, 0.8135531, 0.79055196, 0.1543203]
[1.7804961, 0.76129586, 0.8637897, 0.1554105]
[1.8693451, 0.9610137, 0.7512704, 0.15706095]
[1.8346169, 0.68808544, 0.9867685, 0.15976295]
[1.7646947, 0.7409649, 0.8625748, 0.16115499]
[1.8153863, 0.92418265, 0.7436899, 0.1475138]
[1.8434781, 0.70956266, 0.9824877, 0.15142775]
[1.789543, 0.8458545, 0.7940506, 0.14963791]
[1.9082043, 0.8000253, 0.9664911, 0.1416879]
[1.8216774, 0.7350234, 0.9456227, 0.14103132]
[1.638556, 0.81358075, 0.6763747, 0.14860058]
[1.7590524, 0.7471199, 0.87086713, 0.14106534]
[1.5935378, 0.70609343, 0.7407299, 0.14671445]
[1.8914785, 0.7488533, 0.9997937, 0.14283161]
[1.5773779, 0.62900573, 0.7926382, 0.15573397]
[1.8267374, 0.9642077, 0.71209645, 0.15043324]
[1.920772, 0.86122704, 0.8985113, 0.16103359]
[1.8343664, 0.7976836, 0.88965756, 0.14702526]
[1.5396222, 0.559039, 0.84040135, 0.14018191]
[1.8090887, 0.7761953, 0.88914526, 0.1437482]
[1.6987314, 0.8761566, 0.6763462, 0.14622854]
[1.7468475, 0.62393075, 0.9628335, 0.16008317]
[1.6489822, 0.75984514, 0.71952105, 0.16961595]
[1.543674, 0.6339598, 0.7723211, 0.13739318]
[1.8230178, 0.70186543, 0.9539114, 0.16724104]
[1.7368029, 0.8694815, 0.71025383, 0.15706767]
[1.9793476, 0.83265376, 0.9856609, 0.16103287]
[1.8887649, 1.0358672, 0.70082724, 0.15207039]
[1.6452621, 0.63640136, 0.8356146, 0.17324616]
[2.1029155, 0.80034304, 1.1442369, 0.15833548]
[1.6101846, 0.7802707, 0.66542804, 0.16448584]
[1.9955046, 0.8290071, 1.011365, 0.15513259]
[1.5744811, 0.6862811, 0.7266017, 0.1615983]
[1.6461247, 0.76989484, 0.73563004, 0.14059985]
[1.8034983, 0.76159537, 0.8858876, 0.15601528]
[1.7174493, 0.8886338, 0.65866363, 0.17015186]
[1.5815947, 0.7623801, 0.6492429, 0.16997176]
[1.6281989, 0.7764575, 0.68446016, 0.16728112]
[1.9946246, 0.8528751, 0.9917244, 0.15002513]
[1.694696, 0.8243118, 0.70878077, 0.16160339]
[1.7641463, 0.82175094, 0.77251655, 0.16987887]
[1.7987155, 1.021859, 0.62094486, 0.15591158]
[1.7811706, 0.7469882, 0.88585377, 0.14832866]
[1.4123886, 0.6931442, 0.58017826, 0.1390661]
[1.8224978, 0.918944, 0.74362946, 0.15992433]
[1.778492, 0.89627993, 0.733562, 0.14865004]
[1.9764936, 0.901319, 0.90507567, 0.17009887]
[1.7267195, 0.8259293, 0.745158, 0.15563214]
[1.8761729, 0.756367, 0.9666833, 0.15312253]
[1.8714151, 0.9824064, 0.7342192, 0.15478957]
[1.9855704, 0.92592394, 0.9068777, 0.15276885]
[1.9938014, 0.8614085, 0.99397516, 0.13841769]
[1.688605, 0.8253053, 0.7087699, 0.15452965]
[1.7489448, 0.69626176, 0.8999758, 0.15270719]
[1.5613464, 0.9224714, 0.49270284, 0.14617217]
[1.9140934, 0.8257398, 0.95861804, 0.12973556]
[1.9486609, 0.9612075, 0.8295209, 0.15793248]
[1.8046254, 0.7462966, 0.9085483, 0.14978048]
[1.8235009, 0.95879036, 0.7179209, 0.1467896]
[1.519598, 0.73971814, 0.6386194, 0.14126033]
[1.6926341, 0.6892234, 0.8423346, 0.1610761]
[1.9560513, 0.85960877, 0.94614583, 0.15029675]
[1.6732808, 0.97648275, 0.56141514, 0.13538301]
[1.7501929, 0.7328604, 0.8745204, 0.14281204]
[1.6225746, 0.609406, 0.84558594, 0.16758266]
[1.7053397, 0.80709916, 0.72815144, 0.17008904]
[1.5503304, 0.7378448, 0.65185905, 0.16062659]
[1.7122526, 0.8281754, 0.7313552, 0.152722]
[1.9119079, 0.7832071, 0.99004203, 0.1386587]
[1.819071, 0.93612164, 0.73550254, 0.14744681]
[1.640367, 0.6355995, 0.8562694, 0.148498]
[1.6510739, 0.832023, 0.67015946, 0.14889148]
[1.5671505, 0.7165559, 0.686123, 0.16447154]
[1.7245308, 0.93145454, 0.61552346, 0.1775528]
[1.8583753, 0.8545823, 0.8471298, 0.1566632]
[1.8149315, 0.8039534, 0.85355246, 0.15742569]
[1.911767, 0.8625596, 0.89884657, 0.15036085]
[1.3531792, 0.4168967, 0.7970678, 0.13921478]
[1.7919884, 0.9547776, 0.6646506, 0.17256027]
[1.5308106, 0.6472981, 0.73460007, 0.14891241]
[1.6100154, 0.7695383, 0.6662636, 0.17421359]
[1.5345571, 0.63591284, 0.73855066, 0.1600936]
[1.8196933, 1.0419443, 0.5977652, 0.17998381]
[1.6153511, 0.7559821, 0.6902889, 0.16908018]
[1.7098542, 0.74814147, 0.7819587, 0.17975415]
[1.7853701, 0.59536904, 1.0296624, 0.16033858]
[1.5491743, 0.8260667, 0.5404954, 0.18261224]
[1.7707727, 0.7972199, 0.8019937, 0.17155914]
[1.647413, 0.7824437, 0.6790396, 0.18592978]
[1.8257705, 0.787468, 0.8701897, 0.16811275]
[1.6789228, 0.9269796, 0.5658729, 0.18607032]
[1.5995367, 0.6544914, 0.7563598, 0.18868539]
[1.7936268, 0.84273076, 0.7762215, 0.17467454]
[1.6668313, 0.6942793, 0.7870668, 0.18548506]
[1.9867747, 0.9481578, 0.8389018, 0.19971508]
[1.6419, 0.4933911, 0.973101, 0.17540778]
[1.7338586, 0.75050294, 0.7979895, 0.18536621]
[1.616559, 0.6035467, 0.8208288, 0.19218343]
[1.6749151, 0.852711, 0.6462015, 0.17600252]
[1.9643971, 0.9637558, 0.815435, 0.18520632]
[1.6840103, 0.79862916, 0.72702825, 0.15835291]
[1.831983, 0.932901, 0.7090404, 0.19004151]
[1.5979458, 0.67755365, 0.74452424, 0.17586792]
[1.750468, 0.8446449, 0.7442399, 0.16158324]
[1.8812323, 0.51143205, 1.1917005, 0.17809969]
[1.7618997, 1.0208001, 0.57255614, 0.16854343]
[1.6619446, 0.72205865, 0.7593078, 0.1805782]
[1.7521244, 0.89940137, 0.687445, 0.16527808]
[1.8234153, 0.79637635, 0.8523592, 0.17467979]
[1.7016267, 0.8879964, 0.6210247, 0.19260558]
[1.5792364, 0.5758752, 0.8138655, 0.18949573]
[1.6197237, 0.8315799, 0.6139932, 0.17415063]
[1.4014567, 0.5910904, 0.6339234, 0.17644295]
[1.8771878, 0.9154914, 0.7710065, 0.19068994]
[1.7619848, 0.87271345, 0.7132609, 0.17601049]
[1.7254114, 0.7630503, 0.7852789, 0.17708218]
[1.8230296, 0.4834136, 1.1545337, 0.18508229]
[1.7234787, 1.1422405, 0.4324025, 0.14883563]
[1.5905879, 0.5131229, 0.8998584, 0.17760661]
[1.7917924, 0.78784096, 0.81899834, 0.18495303]
[1.7724203, 0.84384656, 0.7298738, 0.19869998]
[1.9875631, 0.8082013, 1.0087225, 0.17063922]
[1.6759824, 0.6232631, 0.87968725, 0.17303197]
[1.6292667, 0.7439859, 0.7217653, 0.16351563]
[1.6424316, 0.6824269, 0.80588377, 0.15412095]
[1.6154177, 0.57551146, 0.8703343, 0.16957186]
[1.8585976, 1.0643363, 0.61803293, 0.17622839]
[1.7177635, 0.65792656, 0.8987606, 0.16107647]
[1.605412, 0.7404797, 0.67827165, 0.18666068]
[1.7380888, 0.8174804, 0.7410724, 0.17953604]
[1.5773292, 0.67330647, 0.7346259, 0.16939686]
[1.5590267, 0.81813014, 0.5620738, 0.17882276]
[1.6402547, 0.7370138, 0.7143382, 0.18890274]
[1.9289949, 0.64145017, 1.099115, 0.18842971]
[1.8174078, 0.9143326, 0.7428299, 0.16024524]
[1.6674781, 0.7690772, 0.72964406, 0.16875687]
[1.8242183, 0.7497287, 0.90381145, 0.17067811]
[1.7762809, 0.9056331, 0.69522536, 0.17542243]
[1.766911, 0.77211195, 0.8151885, 0.17961054]
[1.759429, 0.629529, 0.9344862, 0.19541383]
[1.704158, 0.9039316, 0.60466397, 0.1955624]
[1.770546, 0.9201566, 0.6891047, 0.16128466]
[1.7793286, 0.70824337, 0.89302826, 0.17805699]
[1.6449504, 0.84579575, 0.6348181, 0.16433653]
[1.5193853, 0.5965817, 0.754567, 0.16823667]
[1.7645932, 0.76674414, 0.8209294, 0.17691971]
[1.8658009, 0.98156714, 0.71071124, 0.17352253]
[1.6975057, 0.6990681, 0.8195609, 0.17887658]
[1.773051, 0.8785761, 0.70782566, 0.18664926]
[1.9027718, 0.83697855, 0.90218025, 0.16361296]
[1.7038289, 0.92049503, 0.6231928, 0.16014114]
[1.7005161, 0.84588146, 0.6872397, 0.16739497]
[1.7359626, 0.6297053, 0.9376295, 0.1686278]
[1.9527162, 1.114817, 0.67206293, 0.16583619]
[1.8371447, 0.73221725, 0.95170915, 0.15321842]
[1.7610949, 0.8763162, 0.7217947, 0.16298401]
[1.9796562, 0.8913927, 0.92289305, 0.1653705]
[1.6437743, 0.7418925, 0.74910474, 0.15277699]
[1.7518439, 0.7170986, 0.88046134, 0.15428403]
[1.7451097, 0.8013523, 0.800014, 0.14374341]
[1.4382358, 0.6665528, 0.6118971, 0.1597858]
[1.783186, 0.9205752, 0.69214416, 0.17046666]
[1.7488585, 0.71198547, 0.8704392, 0.16643381]
[1.7784339, 0.90864724, 0.70732546, 0.16246113]
[1.70649, 0.7580282, 0.77050185, 0.17795986]
[1.812031, 0.8975858, 0.74262035, 0.17182487]
[1.7310619, 0.9722198, 0.60595655, 0.15288557]
[1.8303039, 0.7147482, 0.9600655, 0.15549016]
[1.5962424, 0.74235773, 0.68091565, 0.1729691]
[1.5700358, 0.67635894, 0.7184669, 0.17521]
[1.9155531, 1.0725713, 0.68465215, 0.15832973]
[1.7261171, 0.71141696, 0.8585999, 0.15610027]
[1.8550763, 0.8618822, 0.83185846, 0.16133577]
[1.7668219, 0.7875646, 0.8188052, 0.16045219]
[1.8939189, 0.9122662, 0.8296877, 0.15196502]
[1.5803776, 0.5700841, 0.8511633, 0.15913016]
[1.629547, 0.8673936, 0.608779, 0.15337431]
[1.7693653, 0.65085316, 0.94809437, 0.17041774]
[1.8391118, 0.81819236, 0.861554, 0.15936539]
[2.0017781, 0.951471, 0.8746966, 0.17561048]
[1.7510569, 0.7090185, 0.8881652, 0.15387315]
[1.8557379, 0.7598368, 0.93435204, 0.16154912]
[1.7006629, 0.8893769, 0.65059257, 0.16069335]
[1.7551947, 0.67846274, 0.91341794, 0.16331396]
[1.9217825, 1.0105426, 0.75602233, 0.1552175]
[1.7879007, 0.8378351, 0.80441546, 0.14565012]
[1.7350338, 0.7071253, 0.8721551, 0.1557534]
[1.5832765, 0.7311451, 0.68597376, 0.1661577]
[2.006449, 1.1133616, 0.73379874, 0.15928873]
[1.5961753, 0.50104666, 0.9363992, 0.15872948]
[1.6696465, 0.8198645, 0.6758458, 0.1739361]
[1.6549375, 0.6617744, 0.8325658, 0.16059738]
[1.763464, 0.88295496, 0.71496785, 0.16554123]
[1.7142783, 0.82238483, 0.74326354, 0.14863005]
[1.675782, 0.66669977, 0.84049016, 0.16859204]
[1.8039298, 0.86507356, 0.7656071, 0.17324907]
[1.6877061, 0.70995486, 0.8158675, 0.16188371]
[1.6135799, 0.8581905, 0.5987313, 0.15665802]
[1.764204, 0.77150756, 0.817407, 0.17528933]
[1.8240756, 0.8676684, 0.7780447, 0.17836244]
[1.8489742, 0.79031384, 0.89888364, 0.15977669]
[1.6806604, 0.8094662, 0.71136105, 0.15983304]
[1.4302353, 0.65775156, 0.5930643, 0.17941935]
[1.5072403, 0.64758396, 0.6787951, 0.1808613]
[1.5988804, 0.7599623, 0.65303534, 0.18588273]
[1.7467657, 0.9006526, 0.65606475, 0.19004829]
[1.503145, 0.38074243, 0.946625, 0.17577752]
[1.6433195, 0.87868816, 0.58733296, 0.17729846]
[1.8530899, 0.72916627, 0.9387729, 0.18515074]
[1.6439012, 0.88381004, 0.573475, 0.18661614]
[1.7300305, 0.70387363, 0.85147893, 0.17467791]
[1.6606334, 0.75308067, 0.7072172, 0.20033562]
[1.6879902, 0.7690273, 0.7276448, 0.19131802]
[2.0079765, 1.2009635, 0.6256821, 0.18133092]
[1.604122, 0.7151241, 0.6988328, 0.19016513]
[1.7243173, 0.6149173, 0.9248543, 0.18454577]
[1.6320461, 0.926502, 0.52663183, 0.17891227]
[1.9421202, 0.6809135, 1.078401, 0.18280561]
[1.6242131, 0.78797656, 0.65953195, 0.17670448]
[1.5794699, 0.5900851, 0.8173274, 0.17205736]
[1.9070566, 1.074405, 0.6483954, 0.18425626]
[1.8373759, 0.78468364, 0.88025784, 0.17243436]
[1.53199, 0.644871, 0.6972548, 0.18986431]
[1.9224412, 1.0094004, 0.7319119, 0.18112895]
[1.4155113, 0.61310226, 0.61325, 0.18915899]
[1.7042352, 0.81530887, 0.69462144, 0.1943048]
[1.5523547, 0.41136825, 0.966953, 0.17403355]
[1.4833412, 0.66647124, 0.63682586, 0.18004411]
[1.5822674, 0.68996274, 0.69599366, 0.19631101]
[1.8043383, 0.79367214, 0.81686914, 0.19379695]
[1.7323302, 0.8351158, 0.70613074, 0.19108362]
[1.4580835, 0.5535855, 0.70346284, 0.20103511]
[1.7615619, 0.9363443, 0.62632436, 0.19889319]
[1.9220809, 0.6876558, 1.0421163, 0.19230877]
[1.701772, 0.88343835, 0.6402594, 0.1780742]
[1.6362216, 0.54150057, 0.8987023, 0.1960187]
[1.7295567, 0.7557844, 0.78001493, 0.19375741]
[1.8170146, 0.8922378, 0.7444222, 0.1803546]
[2.0134776, 0.8648206, 0.9640458, 0.18461098]
[1.8173566, 0.90392727, 0.7494752, 0.16395414]
[1.6224484, 0.6209222, 0.811149, 0.19037718]
[1.9064931, 0.95266867, 0.75164723, 0.2021772]
[1.854733, 0.7985011, 0.8669527, 0.18927914]
[1.6177676, 0.90806544, 0.52777386, 0.18192834]
[1.7202377, 0.9037342, 0.64459723, 0.17190626]
[1.8632133, 0.72627723, 0.97828794, 0.15864807]
[1.8865606, 0.8995861, 0.80660105, 0.18037345]
[1.9309814, 0.8378553, 0.91002417, 0.18310186]
[1.9035496, 0.89907825, 0.8593397, 0.14513163]
[1.9818941, 0.9862814, 0.85274625, 0.14286649]
[1.7634163, 0.6661875, 0.9469665, 0.15026219]
[1.834635, 0.8833302, 0.7808633, 0.17044151]
[1.7053821, 0.7807388, 0.7678582, 0.15678519]
[1.656227, 0.75022984, 0.732242, 0.17375514]
[1.4662976, 0.6014645, 0.7003819, 0.16445124]
[1.8755765, 0.7795813, 0.9276658, 0.16832942]
[1.804843, 0.8167896, 0.8112751, 0.17677818]
[1.9697626, 1.110599, 0.7031236, 0.1560399]
[1.5863215, 0.46456265, 0.95510316, 0.16665569]
[1.5838581, 0.6356131, 0.78424704, 0.16399801]
[1.7783595, 0.94219124, 0.65825117, 0.17791711]
[1.828615, 0.6795712, 0.97238904, 0.17665468]
[1.4491574, 0.64213276, 0.6392961, 0.16772851]
[1.8377483, 0.770963, 0.8863034, 0.18048185]
[1.7144045, 0.9124242, 0.6286803, 0.17329991]
[1.8047296, 0.5858984, 1.0334876, 0.18534362]
[1.876979, 0.75514245, 0.9616908, 0.1601458]
[1.6939272, 0.66936374, 0.84499955, 0.17956387]
[1.9209757, 1.0588067, 0.7038442, 0.15832484]
[1.7012988, 0.7369249, 0.800966, 0.16340795]
[1.6333715, 0.62320846, 0.837844, 0.17231908]
[1.6334667, 0.68201137, 0.78256106, 0.16889423]
[1.8218567, 0.92900705, 0.719325, 0.17352459]
[1.7224054, 0.6943667, 0.8574526, 0.17058617]
[1.8750211, 0.75159335, 0.9689429, 0.15448482]
[1.5514864, 0.83068854, 0.549994, 0.17080386]
[1.8191266, 0.82082576, 0.82828844, 0.17001253]
[1.7145147, 0.6597557, 0.86736715, 0.18739188]
[1.9639585, 1.0488853, 0.742035, 0.17303829]
[1.997992, 0.6697008, 1.1441114, 0.18417975]
[1.7372322, 1.0372918, 0.5388439, 0.1610966]
[1.6187601, 0.49626333, 0.9488299, 0.17366701]
[1.7682544, 0.6468109, 0.95825803, 0.1631855]
[1.6684269, 0.98869187, 0.51476276, 0.16497216]
[1.9772774, 0.77777565, 1.0482783, 0.15122338]
[1.660159, 0.7767262, 0.72600836, 0.1574244]
[1.619789, 0.6090267, 0.84270453, 0.16805784]
[1.6982427, 0.85661924, 0.6861554, 0.15546799]
[1.8538449, 0.82743794, 0.8570478, 0.16935922]
[1.709723, 0.79649436, 0.7406721, 0.17255655]
[1.6803958, 0.8482876, 0.6706017, 0.16150655]
[1.8742816, 0.6245264, 1.0887122, 0.16104308]
[1.6463716, 0.8224218, 0.64944255, 0.17450725]
[1.819106, 0.78611296, 0.87032104, 0.16267197]
[1.5560124, 0.835057, 0.53568137, 0.18527405]
[1.8302939, 0.8135507, 0.8595944, 0.15714881]
[1.8723565, 0.90112865, 0.818287, 0.15294087]
[1.8450568, 1.0287312, 0.6632823, 0.15304326]
[1.7092087, 0.5554061, 0.98606503, 0.16773765]
[1.8405755, 1.014944, 0.6529862, 0.17264533]
[1.7551426, 0.9024639, 0.68094164, 0.17173709]
[1.6917565, 0.667248, 0.87085855, 0.15364996]
[1.7191671, 0.73532605, 0.80680346, 0.17703763]
[1.7331176, 0.80348545, 0.7666909, 0.16294126]
[1.742047, 0.71051365, 0.8863315, 0.14520185]
[1.7938066, 0.93142116, 0.6938596, 0.16852583]
[1.7083955, 0.6462494, 0.89041376, 0.17173234]
[1.769316, 0.8049196, 0.8066479, 0.15774846]
[1.7837338, 0.9082414, 0.69893295, 0.1765594]
[1.6557473, 0.7914547, 0.71143734, 0.15285526]
[1.6922066, 0.8205557, 0.7021617, 0.16948918]
[2.0174642, 0.91135776, 0.94423604, 0.16187039]
[1.8345819, 0.5988193, 1.0867391, 0.14902353]
[1.9561332, 1.0924361, 0.7108512, 0.15284595]
[1.6574376, 0.9285805, 0.5798186, 0.14903843]
[2.100191, 1.0232248, 0.9339973, 0.14296904]
[1.6991856, 0.8587257, 0.70819736, 0.13226253]
[1.7740403, 0.700678, 0.9246782, 0.14868417]
[1.5010363, 0.7296595, 0.6189988, 0.15237792]
[1.6505356, 0.77637434, 0.7108764, 0.16328475]
[1.3075111, 0.45620388, 0.66696495, 0.18434227]
[1.6560075, 0.9238472, 0.5663496, 0.16581073]
[1.7618597, 0.83521825, 0.76992553, 0.15671593]
[1.7427033, 0.8794414, 0.69752383, 0.16573814]
[1.7202089, 0.76242584, 0.7959825, 0.16180056]
[1.8532515, 0.92687225, 0.76125914, 0.16512012]
[1.6953096, 0.65947783, 0.88126314, 0.1545687]
[1.7983814, 0.9295247, 0.7264874, 0.14236936]
[1.733111, 0.96165353, 0.6120609, 0.15939651]
[1.6677625, 0.52841926, 0.9854898, 0.15385339]
[1.6888098, 0.7133832, 0.80264544, 0.17278114]
[1.7951847, 0.9856967, 0.641344, 0.1681441]
[1.7004019, 0.8103502, 0.72709835, 0.16295335]
[1.7290506, 0.80265653, 0.7617774, 0.16461664]
[1.7625346, 0.7472544, 0.8519598, 0.16332047]
[1.5956041, 0.84084743, 0.5843786, 0.1703781]
[1.5231501, 0.64918786, 0.7148321, 0.1591301]
[1.7343187, 0.759265, 0.8027935, 0.17226027]
[1.9072251, 1.0380063, 0.70684695, 0.16237192]
[1.6370109, 0.5920827, 0.8737984, 0.17112982]
[1.7543081, 0.9403539, 0.65285486, 0.16109931]
[1.9024342, 0.8343576, 0.90080386, 0.16727272]
[1.9194399, 0.75136256, 0.9895671, 0.17851035]
[1.8331832, 0.8747347, 0.7877166, 0.17073187]
[1.7614311, 0.8646525, 0.74353653, 0.15324196]
[1.739814, 0.71760714, 0.85795814, 0.16424876]
[1.8576303, 0.8527506, 0.860643, 0.1442365]
[1.7977171, 0.8956051, 0.75527006, 0.14684206]
[1.9617484, 0.870974, 0.9272984, 0.16347596]
[1.7253041, 0.7842839, 0.78144956, 0.15957072]
[1.8757817, 0.87374175, 0.8423839, 0.15965596]
[1.7936395, 0.72349834, 0.9240601, 0.14608112]
[1.7158056, 0.7689204, 0.77836645, 0.16851875]
[1.7026821, 0.7796788, 0.7697314, 0.15327191]
[1.772202, 0.8861428, 0.74256283, 0.14349633]
[1.7976115, 0.6791307, 0.9609693, 0.15751153]
[1.7251647, 0.86787415, 0.7065916, 0.15069893]
[2.01447, 1.0341306, 0.81166416, 0.16867545]
[1.9200332, 0.7905465, 0.9614669, 0.1680198]
[1.7593082, 1.0104858, 0.58042157, 0.16840091]
[1.6825501, 0.75163555, 0.7744266, 0.15648793]
[1.7356797, 0.7574171, 0.8313101, 0.14695252]
[1.7879925, 0.8568206, 0.7881633, 0.14300853]
[1.5216299, 0.58516693, 0.7891266, 0.14733636]
[1.6313006, 0.77875406, 0.70900106, 0.14354552]
[1.6737828, 0.7633436, 0.7389492, 0.1714901]
[2.1543627, 0.9735271, 1.007807, 0.17302847]
[1.6053623, 0.6825589, 0.7816484, 0.14115503]
[1.6486446, 0.6788654, 0.82086575, 0.1489135]
[1.7496023, 0.73261225, 0.850728, 0.16626212]
[1.6405243, 0.82552505, 0.648575, 0.16642416]
[1.6209588, 0.811615, 0.6613407, 0.14800304]
[1.7454728, 0.83182645, 0.74864435, 0.165002]
[1.7053978, 0.6283621, 0.9159907, 0.16104513]
[1.7647178, 0.88552046, 0.72824705, 0.1509503]
[1.811229, 0.7569115, 0.88070446, 0.17361309]
[1.908766, 0.8561605, 0.88610506, 0.16650048]
[1.587192, 0.68210685, 0.74926364, 0.15582153]
[1.790561, 0.8341621, 0.78843343, 0.1679654]
[2.0357087, 0.8447939, 1.0327967, 0.15811792]
[2.0955763, 1.1313641, 0.7857547, 0.17845762]
[1.7058717, 0.75547194, 0.8068836, 0.1435162]
[1.6432396, 0.7130165, 0.7755635, 0.15465966]
[1.6032019, 0.8426806, 0.60143745, 0.15908387]
[1.5214183, 0.5520543, 0.79435337, 0.17501071]
[1.82023, 0.8002826, 0.8603671, 0.15958017]
[1.724889, 0.7294674, 0.8194763, 0.17594525]
[1.8161336, 0.8789568, 0.7691387, 0.16803813]
[1.7995383, 0.83923346, 0.79783523, 0.16246955]
[1.7361404, 0.6866877, 0.87752044, 0.17193222]
[2.1910057, 0.9340278, 1.0807396, 0.17623827]
[1.4797524, 0.7655587, 0.5525829, 0.16161072]
[1.5014113, 0.7322198, 0.5992788, 0.16991267]
[1.6513628, 0.65643764, 0.85395956, 0.14096561]
[1.8640206, 0.960445, 0.7352122, 0.16836332]
[1.7663935, 0.70285296, 0.901474, 0.16206653]
[1.7123567, 0.7389834, 0.79924357, 0.17412974]
[1.5929718, 0.79758734, 0.6406223, 0.15476216]
[1.7247249, 0.75083125, 0.79355854, 0.18033515]
[2.0483353, 0.7967582, 1.0904524, 0.1611247]
[1.7902839, 0.9952282, 0.64238083, 0.15267497]
[1.7122384, 0.72206426, 0.83265436, 0.15751985]
[1.7982086, 0.85936433, 0.7753746, 0.16346963]
[1.8965079, 0.92426014, 0.81807554, 0.15417214]
[2.0271842, 0.91645753, 0.9620725, 0.14865422]
[1.9156175, 0.9302239, 0.8478608, 0.13753276]
[1.9493955, 0.8986726, 0.8953016, 0.1554214]
[1.712752, 0.7506589, 0.79849434, 0.16359866]
[1.648665, 0.79652095, 0.68982565, 0.16231841]
[1.8326919, 0.8987578, 0.7678527, 0.16608143]
[1.5318007, 0.61234045, 0.7631916, 0.1562687]
[1.7901567, 1.0588648, 0.57871187, 0.15258002]
[1.5883917, 0.62555516, 0.7946615, 0.168175]
[1.7846315, 0.89572823, 0.71346635, 0.17543697]
[1.5734136, 0.8916341, 0.52697504, 0.15480447]
[1.6257207, 0.6286291, 0.8304496, 0.16664213]
[1.8560593, 1.0289052, 0.6767297, 0.15042454]
[1.7747264, 0.65615237, 0.9628737, 0.15570027]
[1.5894186, 0.8390131, 0.5877849, 0.16262063]
[1.5373029, 0.5863652, 0.78618896, 0.16474864]
[1.8291062, 0.98573637, 0.6902354, 0.15313444]
[1.7653084, 0.72373813, 0.8806165, 0.16095382]
[1.7239342, 0.7908311, 0.7653353, 0.16776776]
[1.8731973, 0.8173837, 0.87510616, 0.18070751]
[1.891744, 0.84087336, 0.8841777, 0.16669302]
[1.5638685, 0.6197417, 0.7871159, 0.15701106]
[1.5623325, 0.6936662, 0.71574306, 0.15292318]
[1.6742792, 0.7266642, 0.7675182, 0.1800968]
[1.7177159, 0.75725734, 0.7933198, 0.16713867]
[1.8494952, 0.8501039, 0.83823144, 0.16115974]
[1.421139, 0.4846895, 0.7625214, 0.1739282]
[1.6154662, 0.82191, 0.60687006, 0.18668614]
[1.7859461, 0.74301994, 0.8573322, 0.18559399]
[1.6808463, 0.7471345, 0.76461375, 0.16909797]
[1.554477, 0.78705895, 0.5871732, 0.18024477]
[1.6316864, 0.42966163, 0.9977614, 0.20426345]
[1.7970512, 0.9805902, 0.6238182, 0.19264269]
[1.7409035, 0.7487807, 0.7968308, 0.195292]
[1.6306722, 0.7269258, 0.69790566, 0.20584083]
[1.4937642, 0.8246211, 0.5053693, 0.1637738]
[1.4754673, 0.53170484, 0.7608506, 0.18291184]
[1.6664772, 0.7987239, 0.6832408, 0.18451265]
[1.668857, 0.61309886, 0.8580859, 0.1976723]
[1.8145955, 0.8801143, 0.74303174, 0.19144934]
[1.7089564, 0.77531976, 0.7233629, 0.21027365]
[1.8058501, 0.8307868, 0.7884089, 0.18665442]
[1.673174, 0.8509864, 0.6706016, 0.15158594]
[1.9219697, 0.94235986, 0.8124386, 0.16717121]
[1.8552794, 1.0405469, 0.6341347, 0.1805978]
[1.8840566, 0.6680668, 1.0282698, 0.18772006]
[1.9790046, 1.0791274, 0.73679096, 0.16308615]
[1.850873, 0.8648551, 0.81527543, 0.17074251]
[1.8701998, 0.89628565, 0.7974285, 0.17648561]
[1.6500403, 0.75607264, 0.7229533, 0.17101428]
[1.7647085, 0.83557665, 0.75450814, 0.17462379]
[1.8400118, 0.8951732, 0.7722738, 0.1725649]
[1.8669637, 0.97761273, 0.72535247, 0.16399851]
[1.8103195, 0.8069236, 0.81557095, 0.187825]
[1.8213489, 0.8579599, 0.8040419, 0.15934703]
[1.704418, 0.88156027, 0.64507365, 0.177784]
[1.7585363, 0.81528616, 0.7902439, 0.15300627]
[1.4879453, 0.6699507, 0.64866513, 0.16932943]
[1.6810462, 0.6285029, 0.8787719, 0.17377143]
[1.6311662, 0.81911635, 0.63776124, 0.17428857]
[1.3803501, 0.58645785, 0.6060621, 0.18783024]
[1.6938444, 0.75000393, 0.74552727, 0.19831327]
[1.665679, 0.6791401, 0.80312693, 0.18341199]
[1.6938314, 0.6676552, 0.8585905, 0.16758569]
[1.9881997, 1.1482754, 0.6698533, 0.17007105]
[1.9879284, 0.8119402, 0.9980637, 0.17792456]
[1.7766707, 0.8067592, 0.78202116, 0.18789029]
[1.811437, 0.80513906, 0.8384533, 0.16784468]
[2.0211918, 0.8662495, 0.9879434, 0.16699883]
[1.4817779, 0.61267745, 0.6906235, 0.1784769]
[1.7795138, 0.8607658, 0.7374101, 0.1813379]
[1.7231317, 0.6389226, 0.89502716, 0.18918195]
[1.6683465, 0.7188761, 0.77286637, 0.17660406]
[1.770771, 0.7798428, 0.8059596, 0.18496868]
[1.7606891, 0.5908551, 0.98474586, 0.18508816]
[1.8604321, 0.78818893, 0.9143607, 0.15788245]
[1.7644032, 0.8633427, 0.72706246, 0.17399803]
[1.5063708, 0.615564, 0.7303247, 0.16048217]
[1.8628387, 0.7723928, 0.9254775, 0.16496846]
[1.4539181, 0.62673783, 0.63721335, 0.18996696]
[1.8553067, 0.8152659, 0.8548044, 0.18523645]
[1.7395933, 0.6558745, 0.88841504, 0.19530372]
[1.8031096, 1.0240631, 0.5924936, 0.18655294]
[1.7928087, 0.7213049, 0.90697277, 0.16453096]
[1.4521927, 0.5974934, 0.6674874, 0.1872119]
[1.73448, 0.73687553, 0.8073039, 0.19030055]
[1.7379091, 0.94951487, 0.61339986, 0.17499429]
[2.0198622, 0.6010823, 1.2437091, 0.17507082]
[2.006299, 1.1913571, 0.63941836, 0.17552346]
[1.817586, 0.67852086, 0.9854686, 0.15359646]
[1.6743466, 0.6903934, 0.8048496, 0.17910352]
[1.8477174, 0.9160766, 0.7538195, 0.17782131]
[1.8103155, 0.7649784, 0.88371533, 0.16162169]
[1.9273643, 0.951103, 0.8217758, 0.1544856]
[1.5535239, 0.41663557, 0.9612802, 0.17560804]
[1.76973, 0.9682522, 0.6485524, 0.1529254]
[1.9682163, 1.0429584, 0.7730643, 0.15219362]
[2.0106378, 0.57878304, 1.2844994, 0.14735536]
[1.6978375, 1.0681479, 0.47854054, 0.151149]
[1.6739758, 0.75206447, 0.76092094, 0.16099039]
[1.761468, 0.72359246, 0.86021954, 0.17765605]
[1.6355067, 0.85807395, 0.62262887, 0.1548039]
[1.8044358, 0.8164273, 0.8167089, 0.17129955]
[1.7148716, 0.7626035, 0.7762573, 0.17601079]
[1.5761164, 0.61337245, 0.7842237, 0.17852035]
[1.9139458, 1.1258144, 0.61457175, 0.17355959]
[1.5703877, 0.7620434, 0.6386253, 0.16971894]
[1.6893175, 0.982885, 0.54447913, 0.16195333]
[1.6248822, 0.6819798, 0.79048634, 0.15241611]
[1.688299, 0.6286792, 0.895608, 0.16401173]
[1.7143495, 0.88615495, 0.6591889, 0.16900557]
