[1.2925149, 1.4124706] 
[1.3538369, 1.1037334] 
[1.5019534, 1.4068823] 
[1.5596766, 1.5079451] 
[1.1751008, 1.0775473] 
[1.4211304, 1.1735457] 
[1.3666668, 1.1994258] 
[0.96264154, 0.8380436] 
[1.2740211, 1.1326647] 
[1.5430124, 1.3334993] 
[1.1163298, 1.2076089] 
[1.4936829, 1.3562018] 
[1.2776546, 1.1482006] 
[1.0933579, 1.2930832] 
[1.3844922, 1.3439988] 
[1.7239025, 1.5102828] 
[1.2491193, 1.0628803] 
[1.2146131, 1.0431209] 
[1.4032617, 1.2092977] 
[1.290119, 1.111763] 
[1.0655383, 1.1892376] 
[1.2211045, 1.196202] 
[1.3282499, 1.2335517] 
[1.2495397, 1.1538434] 
[1.3343301, 1.4460447] 
[1.3781732, 1.2344623] 
[1.3980429, 1.1110568] 
[1.6155317, 1.4440818] 
[1.4882545, 1.2188369] 
[1.3033528, 1.2266847] 
[1.0263612, 1.0124379] 
[1.3178685, 1.2352278] 
[0.99570346, 1.2052689] 
[1.3511462, 1.3155682] 
[1.2292233, 1.3428376] 
[1.3092581, 1.0246569] 
[1.2026683, 1.0451167] 
[1.2484921, 1.0245816] 
[1.1863074, 0.9902597] 
[1.3979871, 1.1462206] 
[1.3633506, 0.99491996] 
[1.3808248, 0.9370252] 
[1.1286168, 1.4218702] 
[1.1710072, 1.3045914] 
[0.9593487, 1.1912898] 
[1.2764497, 1.1080978] 
[1.5344098, 1.2781785] 
[1.2808762, 1.1330991] 
[1.3521879, 1.1207869] 
[1.158494, 0.9067269] 
[1.1335151, 0.9424771] 
[1.0694406, 1.3742474] 
[1.2886047, 1.3162541] 
[0.9942414, 1.1417775] 
[1.2661355, 1.2737696] 
[1.3725452, 1.1316178] 
[1.3445113, 1.1733131] 
[1.5397251, 1.3045853] 
[1.3923008, 1.1243025] 
[1.5226775, 1.2208631] 
[1.3778908, 1.378059] 
[1.5450568, 1.3549998] 
[1.0663261, 1.2576439] 
[1.5251493, 1.4183674] 
[1.495134, 1.46531] 
[1.6749743, 1.3490531] 
[1.213463, 0.9745405] 
[1.2139188, 1.0294839] 
[1.1022183, 0.89352584] 
[1.165522, 1.0221975] 
[1.0029477, 1.144726] 
[1.2982717, 1.2536842] 
[1.5218399, 1.6439955] 
[1.4001787, 1.2023823] 
[1.5558263, 1.5697019] 
[1.5165446, 1.3218253] 
[1.3752928, 1.1494677] 
[1.281107, 1.0091956] 
[1.4539331, 1.143235] 
[1.7324389, 1.4650675] 
[0.97747195, 0.9548181] 
[1.3213266, 1.2696687] 
[1.1205721, 1.1080694] 
[1.2832042, 1.3413813] 
[1.5068606, 1.4214201] 
[1.1119992, 0.90974146] 
[1.4664897, 1.18591] 
[1.1871986, 1.0170394] 
[1.3276021, 1.0681984] 
[1.0257766, 0.92956555] 
[1.0112839, 1.1950201] 
[1.373281, 1.5418924] 
[1.4981408, 1.3617089] 
[1.2192461, 1.2173715] 
[1.0802627, 0.9925629] 
[1.4240422, 1.2261243] 
[1.2184443, 1.0179513] 
[1.4032407, 1.1862606] 
[1.3669794, 1.2128227] 
[1.194983, 0.97581804] 
[1.2771096, 1.4401882] 
[1.3196104, 1.4293115] 
[1.2150073, 1.0547574] 
[1.4560298, 1.213584] 
[1.1854646, 1.0691937] 
[1.0725143, 0.9430703] 
[1.3053749, 1.1382442] 
[1.232891, 1.0230616] 
[1.2231231, 1.0995313] 
[1.2449085, 1.0823628] 
[1.3948007, 1.6333464] 
[1.1266906, 1.1638811] 
[1.1537216, 1.2161305] 
[1.3059139, 1.2450914] 
[1.3825256, 1.4656923] 
[1.4376389, 1.150203] 
[1.1848239, 0.99042004] 
[1.5938919, 1.3143253] 
[1.160814, 0.9609928] 
[1.334443, 1.1131287] 
[0.98378927, 1.120556] 
[1.1715112, 1.308795] 
[1.3585768, 1.1310973] 
[1.181773, 1.2624171] 
[1.0839885, 1.0249588] 
[1.1915035, 1.0158153] 
[1.5778596, 1.3460263] 
[1.2088461, 1.1094288] 
[1.2441382, 1.0535576] 
[1.4393331, 1.2360039] 
[1.1393373, 1.1820905] 
[1.2861795, 1.0277052] 
[0.9110877, 1.1200106] 
[1.3367727, 1.0466982] 
[1.401461, 1.3766568] 
[1.1928425, 1.022357] 
[1.5562319, 1.2356876] 
[1.2880468, 1.073791] 
[1.2774593, 1.1119658] 
[1.472264, 1.2682681] 
[1.4039154, 1.3099594] 
[1.0447371, 1.1337812] 
[1.0891109, 1.2721902] 
[1.5129054, 1.3828139] 
[1.1149528, 1.1521169] 
[1.3336054, 1.1937327] 
[1.3576849, 1.213604] 
[1.31761, 1.156529] 
[1.4881915, 1.3507946] 
[1.502013, 1.3299915] 
[1.2826691, 1.0718492] 
[1.409824, 1.2041001] 
[1.3685832, 1.0560799] 
[1.1777718, 1.3372514] 
[0.9688676, 1.0544077] 
[1.3067288, 1.0826073] 
[1.6188116, 1.4589157] 
[1.3193399, 1.0442533] 
[1.4821244, 1.2323872] 
[1.3538208, 1.0949669] 
[1.2214682, 1.414294] 
[1.5050068, 1.2883946] 
[1.4017336, 1.3143861] 
[1.5736525, 1.4091367] 
[1.2668762, 1.1331332] 
[1.4104317, 1.2016029] 
[1.2819742, 1.1349993] 
[1.2433323, 1.1101823] 
[1.256613, 1.0463276] 
[1.4795821, 1.2756231] 
[1.3213817, 1.3155547] 
[0.9881551, 1.2090929] 
[1.3799403, 1.3344915] 
[1.5167987, 1.4273756] 
[1.2377683, 1.1878219] 
[1.2594619, 1.0952345] 
[1.1910832, 1.0076196] 
[1.0623096, 0.8591541] 
[1.5115862, 1.3201915] 
[1.4544525, 1.1996874] 
[1.5563607, 1.1902169] 
[1.1925335, 1.10026] 
[1.2212486, 1.0339653] 
[1.4228349, 1.3503375] 
[1.3589232, 1.2639287] 
[1.1359086, 0.9507142] 
[1.2829432, 1.0415874] 
[1.4381652, 1.1335399] 
[1.2290103, 1.006476] 
[1.1600516, 0.9791693] 
[1.438876, 0.98308647] 
[1.4920871, 1.4686759] 
[1.4166253, 1.475892] 
[1.4108403, 1.3281567] 
[1.2857288, 1.0578564] 
[1.4364789, 1.0967048] 
[1.2188994, 1.0582411] 
[1.41588, 1.173712] 
[1.1967194, 1.0143397] 
[1.3856871, 1.1920915] 
[1.6099584, 1.6834027] 
[1.5064209, 1.3171268] 
[1.4436319, 1.2677927] 
[1.5441859, 1.4084446] 
[1.2806598, 1.3248699] 
[1.3412172, 1.1423907] 
[1.1261661, 0.97394156] 
[1.4299246, 1.2904592] 
[1.5016682, 1.2345808] 
[1.2000365, 1.0088794] 
[1.260408, 1.2888557] 
[1.368608, 1.4410493] 
[1.4485216, 1.4771322] 
[1.3475957, 1.2975055] 
[1.477402, 1.332595] 
[1.2758945, 1.1047713] 
[1.3156931, 1.1039134] 
[1.2827699, 1.1033063] 
[0.9799892, 0.85579276] 
[1.159133, 0.98626345] 
[1.0545559, 1.2424006] 
[1.3025284, 1.1733828] 
[1.451171, 1.3740366] 
[1.0890529, 1.1778936] 
[1.2613611, 1.2647715] 
[1.2606194, 1.1049333] 
[1.6393862, 1.2614603] 
[1.2441683, 1.1036358] 
[1.431221, 1.2451953] 
[1.050349, 0.8976267] 
[1.072744, 1.1321709] 
[1.3233626, 1.0661364] 
[1.2785633, 1.3405777] 
[1.3058565, 1.3455775] 
[1.2026759, 1.2928662] 
[1.1965674, 1.0702925] 
[1.2491999, 1.0551581] 
[1.297199, 1.1169084] 
[1.3490036, 1.1066687] 
[0.9850062, 0.82630396] 
[1.24044, 1.2124052] 
[1.2354467, 1.1905168] 
[1.0700148, 1.1861297] 
[1.2570696, 1.248121] 
[1.3104906, 1.200362] 
[1.1628695, 1.0075152] 
[1.1876836, 0.98965204] 
[1.4822469, 1.2737117] 
[1.2295876, 1.081254] 
[1.1507914, 1.0062159] 
[1.2341442, 1.306809] 
[1.3437961, 1.1097378] 
[1.3122697, 1.3333882] 
[1.5288163, 1.2253366] 
[1.1934267, 1.1414617] 
[1.3940849, 1.1585368] 
[1.4242657, 1.2076633] 
[1.2815621, 1.1816819] 
[1.4162773, 1.2184289] 
[1.3076491, 1.1218617] 
[1.2474189, 1.2249599] 
[1.2225701, 1.1055323] 
[1.2283702, 1.0170224] 
[0.9887546, 0.9396745] 
[1.1073576, 1.1878545] 
[1.2598934, 1.0391222] 
[1.1559143, 0.9758817] 
[1.3172479, 1.1446711] 
[1.1048498, 0.9678688] 
[1.2063833, 0.9460097] 
[1.1663003, 1.1316278] 
[1.2955099, 1.3119764] 
[1.2352655, 1.376539] 
[1.6698575, 1.398113] 
[1.1340156, 1.1815071] 
[1.1817675, 0.99535835] 
[1.1929736, 0.9419372] 
[1.2749987, 1.0690866] 
[1.5906811, 1.3514361] 
[1.3167951, 1.1403763] 
[1.2557914, 1.1517947] 
[1.4463738, 1.2854605] 
[1.1652443, 1.114326] 
[1.2432916, 1.0702224] 
[1.4480549, 1.2289485] 
[1.327543, 1.1285768] 
[1.1784782, 1.0281876] 
[1.2148205, 1.027942] 
[1.4426566, 1.2169027] 
[1.141608, 0.96942276] 
[1.1727169, 1.0407839] 
[1.4635639, 1.1861248] 
[1.2208524, 1.0138206] 
[1.2781581, 1.0988528] 
[1.6053028, 1.335043] 
[1.12163, 0.9938289] 
[1.3034105, 1.1575801] 
[1.1793989, 0.97812164] 
[1.4811931, 1.2901257] 
[1.3380375, 1.1717377] 
[1.2535152, 1.3698283] 
[1.2629924, 1.4331392] 
[1.2891126, 1.2794043] 
[1.1984358, 1.1785567] 
[1.4509732, 1.2795267] 
[1.5306646, 1.361433] 
[1.4194899, 1.2231164] 
[1.6489218, 1.3754559] 
[1.3589683, 1.1924994] 
[1.289288, 1.1094265] 
[1.4985775, 1.3570338] 
[1.3618402, 1.0698304] 
[1.3862028, 1.4253275] 
[1.413758, 1.1950413] 
[1.1354178, 1.1417251] 
[1.4199817, 1.2106911] 
[1.2135422, 1.0639647] 
[1.446114, 1.2199621] 
[1.6147702, 1.3187189] 
[1.1346998, 0.9420364] 
[1.2966882, 1.2295227] 
[1.4275281, 1.2155553] 
[1.1306672, 1.2932918] 
[1.1809814, 1.1691911] 
[1.2081524, 1.1891501] 
[1.3553131, 1.1621063] 
[1.1912403, 1.0535569] 
[1.5549756, 1.3220553] 
[1.1319306, 0.9879393] 
[1.1973815, 1.0134281] 
[1.2118541, 1.2231836] 
[1.5459969, 1.1694874] 
[1.0427171, 1.1562923] 
[1.4241614, 1.2600288] 
[1.5543582, 1.4963614] 
[1.2835503, 1.1472163] 
[1.2037835, 0.9601809] 
[1.567788, 1.3562279] 
[1.1622753, 1.0189466] 
[1.435302, 1.2402806] 
[1.2524004, 1.259029] 
[1.3048133, 1.3480303] 
[1.3282893, 1.4489483] 
[1.256575, 1.1101933] 
[1.3911941, 1.3072071] 
[1.5392047, 1.3337345] 
[1.2080774, 0.9997376] 
[1.2325311, 0.9966687] 
[1.6233006, 1.3410647] 
[1.3878257, 1.1765687] 
[1.2146957, 1.274863] 
[1.2555592, 1.2857361] 
[1.2775716, 1.232523] 
[1.4316223, 1.0653031] 
[0.8929775, 1.0153918] 
[1.3537049, 1.126811] 
[1.3710291, 1.1889334] 
[1.4708345, 1.1787019] 
[1.3496939, 1.124764] 
[1.4750667, 1.0952286] 
[1.343183, 1.5777426] 
[1.3619727, 1.324889] 
[1.457706, 1.6686393] 
[1.2269955, 1.4041378] 
[1.5724115, 1.7082093] 
[1.3251982, 1.1386082] 
[1.0687052, 0.90666884] 
[1.0326967, 0.8789463] 
[1.1013576, 0.9150261] 
[1.4372874, 1.2369747] 
[1.2214775, 1.0059471] 
[1.5703777, 1.3170924] 
[1.076602, 1.0477328] 
[1.5752641, 1.5580117] 
[1.1779869, 1.2544732] 
[1.1480782, 0.9430405] 
[1.2645998, 1.0559269] 
[1.4532295, 1.1180651] 
[1.1989557, 0.99526453] 
[1.1474892, 0.93651235] 
[1.3854842, 1.2451358] 
[1.4912547, 1.4273186] 
[1.2592845, 1.3331069] 
[1.2731721, 1.4640815] 
[1.1197693, 1.293872] 
[1.3141905, 1.1391373] 
[1.3340662, 1.0127525] 
[1.1396685, 0.95329124] 
[1.3109534, 1.1446121] 
[1.8036584, 1.3645912] 
[1.3043969, 1.250355] 
[1.1820157, 1.2149868] 
[1.2431715, 0.9755799] 
[0.9711778, 1.2154424] 
[1.2575822, 1.2977157] 
[1.4747565, 1.2237692] 
[1.390495, 1.1860971] 
[1.3965428, 1.1976318] 
[1.3025234, 1.0944889] 
[1.4899114, 1.235811] 
[1.1733351, 1.1563933] 
[1.5084746, 1.4909523] 
[1.0479484, 1.4651899] 
[1.144202, 1.2893181] 
[1.4016919, 1.4392302] 
[1.2254562, 1.042658] 
[1.6546501, 1.3331041] 
[1.1904627, 0.969332] 
[1.4250147, 1.1715798] 
[1.087585, 0.9169321] 
[1.5195253, 1.5806968] 
[1.3658315, 1.2566363] 
[1.3667228, 1.2540483] 
[1.2419302, 1.3562635] 
[1.4303688, 1.3137734] 
[1.5336026, 1.3247532] 
[1.5749335, 1.3284378] 
[1.588495, 1.3597449] 
[1.3664097, 1.2030057] 
[1.2353383, 1.0818474] 
[1.6150872, 1.4940331] 
[1.2819993, 1.3982172] 
[1.2519206, 1.1135348] 
[1.3971592, 1.7532413] 
[1.369941, 1.5639408] 
[1.4140723, 1.2488325] 
[1.2889118, 1.1520191] 
[1.3261319, 1.0458536] 
[1.3240834, 1.1352777] 
[1.2259674, 1.0454769] 
[1.3583012, 1.4929463] 
[1.368547, 1.3622137] 
[1.3543134, 1.3294953] 
[1.1132073, 1.0337352] 
[1.0539697, 1.3485105] 
[1.5051, 1.2257928] 
[1.328798, 1.0990646] 
[1.4811077, 1.1712949] 
[1.6442935, 1.3676541] 
[1.3268033, 1.1085777] 
[1.2070502, 1.0996732] 
[1.5606836, 1.5209103] 
[1.1977724, 1.3327837] 
[1.6061298, 1.2630475] 
[1.6763331, 1.4288683] 
[1.286083, 1.091224] 
[1.3526425, 1.1244216] 
[1.3947825, 1.1997449] 
[1.2437835, 1.0775764] 
[1.0321679, 0.85714436] 
[1.3979733, 1.3317394] 
[1.5867932, 1.296099] 
[1.1715906, 1.249498] 
[1.5914657, 1.4883012] 
[1.1085422, 1.4053298] 
[1.4410734, 1.1859652] 
[1.5786135, 1.2336704] 
[1.3324093, 1.0579534] 
[1.4260693, 1.1899393] 
[1.5973772, 1.4064502] 
[1.2483125, 1.4233633] 
[1.3649281, 1.2740088] 
[1.3933802, 1.3555765] 
[1.0501246, 1.1772884] 
[1.5649561, 1.5190651] 
[1.3335, 1.1330593] 
[1.4829504, 1.2725096] 
[1.6312256, 1.4111619] 
[1.2884922, 1.0954703] 
[1.0939656, 0.90032744] 
[1.3550521, 1.48473] 
[1.5727456, 1.5857537] 
[1.2832813, 1.0931638] 
[1.1126581, 1.2049416] 
[1.279872, 1.1157877] 
[1.315744, 1.0770192] 
[1.1484752, 0.9754251] 
[1.1490294, 0.9381242] 
[1.4312837, 1.2070112] 
[1.1390564, 0.96053463] 
[1.1782885, 1.0793546] 
[1.2484586, 1.230959] 
[1.1822305, 1.2844332] 
[1.4263486, 1.1554276] 
[1.2581961, 1.2881825] 
[1.255972, 1.0715446] 
[1.5168878, 1.224781] 
[1.1908638, 0.99938154] 
[1.3664749, 1.205608] 
[1.3189888, 1.1332062] 
[1.2475812, 1.4249778] 
[1.1557951, 1.3303728] 
[1.2481948, 0.9869982] 
[1.3691324, 1.2364259] 
[1.4994996, 1.3361368] 
[1.3736047, 1.216752] 
[1.2799778, 1.0626769] 
[1.6638533, 1.4727678] 
[1.3979218, 1.131851] 
[1.1088586, 0.95150167] 
[1.3637784, 1.438633] 
[1.1668367, 1.2882104] 
[1.3622713, 1.3423901] 
[1.2073882, 1.1094205] 
[1.4282846, 1.2424638] 
[1.2514437, 1.0579077] 
[1.3735454, 1.1695312] 
[1.3173002, 1.1404874] 
[1.6416693, 1.3017704] 
[1.3976544, 1.2355647] 
[1.4125041, 1.248884] 
[1.136348, 1.2759582] 
[1.2636815, 1.2636656] 
[1.0324781, 1.1027441] 
[1.1977273, 1.2314916] 
[1.3628819, 1.1898025] 
[1.0792375, 0.9291506] 
[1.3215598, 1.0466309] 
[1.594183, 1.374141] 
[1.1155007, 0.9980655] 
[1.1912879, 1.1186669] 
[1.1671435, 1.2575327] 
[1.2716568, 1.2110677] 
[1.1848146, 1.1677806] 
[1.3774133, 1.3113925] 
[1.2621891, 1.0922452] 
[1.3139379, 1.1035382] 
[1.3707255, 1.125612] 
[1.2170515, 1.0391171] 
[1.4903107, 1.2331958] 
[1.2061613, 1.0685432] 
[1.2341624, 1.460362] 
[1.0958064, 1.0536926] 
[1.3349134, 1.4411932] 
[1.5900906, 1.6635966] 
[1.599437, 1.3903811] 
[1.4333621, 1.2574558] 
[1.2723829, 1.0954313] 
[1.2330356, 0.9669917] 
[1.2572297, 1.0793669] 
[0.9865583, 1.0702543] 
[1.436285, 1.4861264] 
[1.5043962, 1.5454412] 
[1.3477857, 1.4365871] 
[1.2982123, 1.4289844] 
[1.2343748, 1.0684136] 
[1.2628186, 1.0288165] 
[1.2922335, 1.1130054] 
[1.1948416, 1.0333009] 
[1.4766109, 1.251835] 
[1.1498432, 1.244978] 
[1.3091658, 1.2220724] 
[1.5699844, 1.2977043] 
[1.3756531, 1.1524823] 
[1.3564969, 1.2728236] 
[1.2323253, 1.0343826] 
[1.2730432, 1.0956204] 
[1.3244972, 1.1854395] 
[1.1947708, 0.93411297] 
[1.2914369, 1.0814662] 
[1.1382184, 1.377836] 
[1.4452318, 1.3923801] 
[1.309989, 1.3181703] 
[1.2995415, 1.4533551] 
[1.1860526, 1.3223152] 
[1.7148807, 1.4330671] 
[1.4350326, 1.1772375] 
[1.3509544, 1.1519142] 
[1.1465397, 0.9654003] 
[1.2760838, 1.0510806] 
[1.3761644, 1.1136471] 
[1.3943828, 1.445883] 
[1.1603129, 1.2761381] 
[1.3896797, 1.4724011] 
[1.1647606, 1.216749] 
[1.0827725, 0.89876795] 
[1.039118, 0.86230886] 
[1.6934521, 1.3794458] 
[1.1283432, 0.9018197] 
[1.8332367, 1.4269964] 
[1.4120367, 1.3902385] 
[1.3265973, 1.3280615] 
[1.0332336, 0.89009416] 
[1.3966472, 1.0328171] 
[1.0972004, 1.1296597] 
[1.3831803, 1.0984156] 
[1.4867795, 1.1180015] 
[1.0180966, 0.8749503] 
[1.2289162, 1.0188792] 
[1.2052273, 0.979506] 
[1.1077287, 1.1514721] 
[0.9029037, 0.8618115] 
[1.584394, 1.3654765] 
[1.1169481, 1.4542476] 
[1.4637854, 1.311111] 
[1.4456463, 1.1164627] 
[1.1221013, 0.9516397] 
[1.3089483, 1.0934644] 
[1.368882, 1.0692968] 
[1.1283314, 0.99419767] 
[1.5318593, 1.2811694] 
[1.1892972, 1.2293401] 
[1.0156752, 1.119188] 
[1.362309, 1.2655059] 
[1.3697542, 1.4485477] 
[1.439053, 1.2432737] 
[1.3125387, 1.009635] 
[1.7700316, 1.4833297] 
[1.3003271, 1.0521116] 
[1.2616079, 1.0922482] 
[1.3548179, 1.2750006] 
[1.3831049, 1.1499232] 
[1.3566706, 1.4077314] 
[1.1748297, 1.3298765] 
[1.1174252, 1.0687135] 
[1.258724, 0.96869904] 
[1.3686373, 1.1704779] 
[1.2741988, 1.1179812] 
[1.3996317, 1.1943145] 
[1.2760737, 1.056005] 
[1.2471216, 1.4245486] 
[1.0784171, 1.288102] 
[1.090984, 1.1894689] 
[1.4465613, 1.5270451] 
[1.2215109, 1.0010039] 
[1.2255304, 1.04759] 
[1.4983486, 1.2935026] 
[1.402706, 1.1337526] 
[1.1268058, 0.9805763] 
[0.9489408, 0.8180735] 
[1.3060818, 1.3012656] 
[1.2442491, 1.1369303] 
[1.2965031, 1.2829839] 
[1.1907836, 0.9809653] 
[1.3545243, 1.5224913] 
[1.1924554, 1.062079] 
[1.3952703, 1.1893867] 
[1.4030252, 1.2229333] 
[1.3375784, 1.0951843] 
[1.3384686, 1.215134] 
[1.1549994, 0.9982041] 
[1.2627324, 1.1253752] 
[1.2599099, 1.1085215] 
[1.111223, 1.1134586] 
[1.4299865, 1.2978513] 
[1.1211232, 0.9517372] 
[1.2488184, 1.1597921] 
[1.1852411, 1.0574143] 
[1.3105632, 1.0963012] 
[1.3424463, 1.0821269] 
[1.2339877, 1.2084662] 
[1.3041866, 1.0671401] 
[1.5001659, 1.2782172] 
[1.5959231, 1.4837124] 
[1.2887063, 1.2541723] 
[1.4741387, 1.2632234] 
[1.1733074, 1.0198132] 
[1.1169407, 0.9276165] 
[1.2748965, 1.0789669] 
[1.4410372, 1.2029119] 
[0.9922968, 1.2440234] 
[1.1170186, 1.050514] 
[1.2248961, 1.3425363] 
[1.4481357, 1.5260868] 
[1.613268, 1.5097982] 
[1.1388202, 0.95171404] 
[1.2385471, 1.0433302] 
[0.9833181, 0.8058839] 
[1.6306598, 1.3660021] 
[1.0501622, 0.91806775] 
[1.3738725, 1.250055] 
[1.4118657, 1.2888811] 
[1.1042807, 1.0856473] 
[1.3368677, 1.2778573] 
[1.2561877, 1.1905005] 
[1.4256613, 1.171316] 
[1.0713608, 0.86670005] 
[1.4810228, 1.3225019] 
[1.2978334, 1.1068165] 
[1.1857374, 1.0309379] 
[1.5712993, 1.2845502] 
[1.3296709, 1.4205246] 
[1.5320702, 1.3216097] 
[1.1117532, 1.1598499] 
[1.5475653, 1.4791181] 
[1.4381554, 1.2380223] 
[1.4170145, 1.1871251] 
[1.3545957, 1.1479735] 
[1.176959, 0.9563651] 
[1.3339611, 1.1174762] 
[1.3764958, 1.4849973] 
[1.3293068, 1.5155436] 
[1.2143457, 1.3879101] 
[1.51316, 1.3896837] 
[1.7358031, 1.3746952] 
[1.0484021, 0.8719431] 
[1.347492, 1.1830435] 
[1.0723403, 0.93420935] 
[1.4865055, 1.2360772] 
[1.272125, 0.99235475] 
[1.3714937, 1.3059807] 
[1.2750931, 1.4281315] 
[1.3956697, 1.4313174] 
[1.2795537, 1.0793611] 
[1.2057567, 1.3870232] 
[1.8540065, 1.5134909] 
[1.3726131, 1.1628169] 
[1.1996512, 1.0068543] 
[1.1433902, 0.99567187] 
[1.0274167, 0.88078326] 
[1.4315174, 1.2018238] 
[1.2598135, 1.3427134] 
[1.0317261, 0.9364973] 
[1.04164, 0.7756263] 
[1.6812704, 1.543374] 
[1.2706109, 1.0040019] 
[1.308368, 1.1344515] 
[1.3383446, 1.1287177] 
[1.1541309, 0.97364] 
[1.6251414, 1.3600948] 
[1.2504594, 1.5935205] 
[1.3321556, 1.2947439] 
[1.2402918, 1.3507686] 
[1.1092603, 1.2823677] 
[1.2062144, 1.1347848] 
[1.2075627, 1.017098] 
[1.220959, 1.0565526] 
[0.9209324, 0.73607266] 
[1.4843531, 1.1778612] 
[1.3574227, 1.0412695] 
[1.4065294, 1.1925817] 
[1.1401454, 1.0963423] 
[1.3594109, 1.2665993] 
[1.1653681, 1.2649763] 
[1.1034577, 1.496737] 
[1.0736153, 0.93561774] 
[1.203301, 1.0775986] 
[1.3387568, 1.1260014] 
[1.4489173, 1.1258745] 
[1.1824658, 0.88668597] 
[1.791206, 1.6278355] 
[1.3466401, 1.6857817] 
[1.2378982, 1.7146809] 
[1.3093984, 0.96753883] 
[1.2592629, 1.0415006] 
[1.1790054, 0.957381] 
[1.2591562, 1.0692067] 
[1.580928, 1.2297239] 
[1.2634616, 1.0894265] 
[1.5429101, 1.3077378] 
[1.2160494, 1.208924] 
[1.3852954, 1.5078139] 
[1.2382393, 1.2879347] 
[1.0376221, 1.3674345] 
[1.3480239, 1.2321618] 
[1.1028743, 0.8977722] 
[1.3912234, 1.1082611] 
[1.3481965, 1.2540369] 
[1.2061764, 1.0358241] 
[1.4190363, 1.1957929] 
[1.4442014, 0.9842313] 
[1.0446932, 1.2921968] 
[1.1894047, 1.3103662] 
[1.0490751, 1.0295442] 
[1.0286572, 1.2605059] 
[1.118967, 0.9654449] 
[1.1732199, 1.0094807] 
[1.3265784, 1.096953] 
[1.1357356, 1.0314797] 
[1.1451573, 0.95670056] 
[1.3228418, 1.3439846] 
[1.3045708, 1.0224873] 
[1.198316, 1.0315365] 
[1.3806946, 1.3635672] 
[1.4134276, 1.3218465] 
[1.4290202, 1.1974729] 
[1.4688993, 1.2594821] 
[1.2991188, 1.1025641] 
[1.380595, 1.2362621] 
[1.2672309, 1.0822324] 
[1.2176375, 1.3285327] 
[1.1810098, 1.1814046] 
[1.08518, 1.0909659] 
[1.463141, 1.227603] 
[1.196227, 1.4104594] 
[1.5198662, 1.2385019] 
[1.5176802, 1.1923229] 
[1.2544545, 0.9487648] 
[1.202514, 1.0436053] 
[1.2136055, 1.0511452] 
[1.2595448, 1.5185657] 
[1.10127, 0.9458792] 
[1.3343558, 1.1769724] 
[1.2240828, 1.1968067] 
[0.87742347, 1.2352624] 
[1.6856701, 1.5102756] 
[1.0357431, 0.8461747] 
[1.0575954, 0.92676485] 
[1.3318951, 1.1685071] 
[1.6519423, 1.4567921] 
[1.1708976, 1.3272358] 
[1.090327, 1.0780475] 
[1.2053404, 1.3430243] 
[1.1181245, 1.3637382] 
[1.5591724, 1.4758952] 
[1.4130051, 1.1998289] 
[1.2614853, 0.9496759] 
[1.1865901, 1.0101792] 
[1.414323, 1.1939539] 
[1.2090207, 1.0986023] 
[1.4658756, 1.205306] 
[0.9595728, 1.098351] 
[1.1805098, 1.2498127] 
[1.286799, 1.1278049] 
[1.2739149, 1.283149] 
[1.2761221, 1.0846117] 
[1.0609341, 0.85941947] 
[1.3813441, 1.1775695] 
[1.3628724, 1.1134807] 
[1.1743002, 0.9911107] 
[1.1405289, 1.0959933] 
[1.5519824, 1.7273421] 
[1.264359, 1.33726] 
[1.4617221, 1.4215293] 
[1.1823306, 1.1252027] 
[1.6128457, 1.2806175] 
[1.3705342, 1.0787797] 
[1.2416576, 1.0285283] 
[1.5255557, 1.1577396] 
[1.281042, 1.1349833] 
[1.1908958, 1.0551325] 
[1.2055411, 1.4162836] 
[1.3627951, 1.6773995] 
[1.0115255, 1.124079] 
[1.3566484, 1.4149985] 
[1.2197498, 1.0136886] 
[1.3323623, 1.1984179] 
[1.3118699, 1.1308353] 
[1.1940136, 1.0625747] 
[1.0636847, 0.9050337] 
[0.9479261, 1.0295366] 
[1.3507371, 1.5941696] 
[1.2923874, 1.4820194] 
[1.2614614, 1.4219365] 
[1.4239447, 1.4627306] 
[1.7200143, 1.4247152] 
[1.5730218, 1.3529415] 
[1.1457951, 0.9788866] 
[1.2329984, 1.0270686] 
[1.2807225, 1.1657479] 
[1.2818565, 1.0488853] 
[1.36187, 1.2846521] 
[1.0647446, 1.3510923] 
[1.3778523, 1.3496791] 
[1.1212277, 1.0917035] 
[1.2053077, 0.98607886] 
[1.4247259, 1.1897297] 
[1.5342524, 1.2975757] 
[1.0832925, 0.9797083] 
[1.3234087, 1.068492] 
[1.6204464, 1.3753426] 
[1.0883834, 1.4133749] 
[1.5614233, 1.6252594] 
[1.468351, 1.2862804] 
[1.3260577, 1.105057] 
[1.2620546, 1.0844727] 
[1.2348943, 1.0536089] 
[1.3683307, 1.1641874] 
[1.2675467, 1.1539387] 
[1.5203114, 1.2389406] 
[1.1061351, 0.91151386] 
[1.434755, 1.310638] 
[1.2849069, 1.24352] 
[1.2930429, 1.184042] 
[1.3553358, 1.0850093] 
[1.2956172, 1.1278516] 
[1.2819654, 1.1149969] 
[1.5038266, 1.1904118] 
[0.8604759, 0.70910007] 
[1.5022948, 1.3723696] 
[1.1045969, 1.2771581] 
[0.99105996, 0.87957704] 
[1.3548398, 1.0213784] 
[1.3163434, 1.3530989] 
[1.3431981, 1.3572506] 
[1.0516149, 0.9195348] 
[1.2485125, 1.0487746] 
[1.128304, 0.96990585] 
[1.5518295, 1.3388811] 
[1.5210161, 1.342126] 
[1.3447303, 1.2270343] 
[1.2172103, 0.97620714] 
[1.4537044, 1.2640104] 
[1.4504389, 1.5591097] 
[1.1462824, 1.109438] 
[1.5710908, 1.3359034] 
[1.4495645, 1.2410264] 
[1.2130098, 1.0461959] 
[1.5704501, 1.3022294] 
[1.0615981, 0.8803214] 
[1.1981175, 1.2080092] 
[1.3437191, 1.5022376] 
[1.3400555, 1.2580488] 
[0.9629973, 1.2103355] 
[1.4714692, 1.5772858] 
[1.326005, 1.1417917] 
[1.439307, 1.2306414] 
[1.2601588, 1.1554785] 
[1.186234, 0.985682] 
[1.2013742, 0.99402016] 
[1.1712276, 1.276715] 
[1.2918801, 1.107137] 
[1.3116318, 1.4695432] 
[1.2472703, 1.3430836] 
[1.3382521, 1.5673113] 
[1.269584, 1.0365065] 
[1.1182482, 0.92538893] 
[1.4753401, 1.2681844] 
[1.3713936, 1.1708225] 
[1.1556923, 1.0631509] 
[1.2798636, 1.2397468] 
[1.1684895, 1.2747679] 
[1.0157022, 1.0663519] 
[1.3436098, 1.1644617] 
[1.1581016, 1.126425] 
[1.4260048, 1.2553798] 
[1.1312824, 0.9972123] 
[1.3694919, 1.2364912] 
[1.5480218, 1.3474773] 
[1.2143457, 1.0741582] 
[1.1974258, 1.2172043] 
[1.3319056, 1.3413345] 
[1.1930702, 1.4290346] 
[1.1282785, 1.4760619] 
[1.2540512, 1.1544974] 
[1.1731294, 1.0024645] 
[1.4080199, 1.2194506] 
[1.1929574, 1.0456747] 
[1.2320766, 1.0513614] 
[1.4092696, 1.209677] 
[1.2150867, 1.4328276] 
[1.4066968, 1.3207469] 
[1.3957361, 1.1801012] 
[1.3752079, 1.2870258] 
[1.4300076, 1.4490931] 
[1.1837943, 1.0177363] 
[1.2051862, 1.0402756] 
[1.1274498, 0.9502566] 
[1.2878671, 1.1838784] 
[1.219729, 1.037222] 
[1.1996377, 1.3117951] 
[1.1354452, 1.2028165] 
[1.391418, 1.4529767] 
[1.4449694, 1.419542] 
[1.5740821, 1.4855828] 
[1.2839878, 1.1128953] 
[1.1811564, 1.0217934] 
[1.2857732, 1.0894852] 
[1.3016669, 1.1057979] 
[1.3175645, 1.1072059] 
[1.4522713, 1.3965774] 
[1.2791157, 1.2516313] 
[1.3215964, 1.4417815] 
[1.3785921, 1.3906745] 
[1.5167823, 1.2453474] 
[1.3938522, 1.0463232] 
[1.0831177, 0.92558604] 
[1.5157766, 1.3363719] 
[1.1336132, 1.0015113] 
[1.3362155, 1.1081516] 
[1.2584665, 1.1709511] 
[1.6265681, 1.5110589] 
[1.6710038, 1.3683901] 
[1.5202606, 1.4848154] 
[1.208827, 1.1722006] 
[1.3838398, 1.251668] 
[1.204937, 1.0021243] 
[1.3109529, 1.1019888] 
[1.1804602, 1.0119627] 
[1.351824, 1.1496435] 
[1.1179705, 1.0919337] 
[1.4596488, 1.4185891] 
[1.3392816, 1.1584909] 
[1.2678689, 0.9341913] 
[1.3815647, 1.0650858] 
[1.2348303, 1.0687327] 
[1.2015932, 1.029076] 
[1.1731592, 1.0008751] 
[1.280759, 1.1695585] 
[1.5795668, 1.4378363] 
[1.3336178, 1.4244207] 
[1.262466, 1.400239] 
[1.3724794, 1.1641606] 
[1.3524903, 1.2515695] 
[1.1885835, 1.1787232] 
[1.5415896, 1.374305] 
[1.1837574, 1.0004761] 
[1.2950952, 1.0854021] 
[1.4343066, 1.1501856] 
[1.5398159, 1.242424] 
