[1.924183, 0.50138074, 1.259372, 0.16343036]
[1.7180729, 1.0635021, 0.50522774, 0.14934304]
[1.9055139, 0.6596996, 1.0846763, 0.16113791]
[1.8678399, 0.91925657, 0.7942506, 0.1543328]
[1.7303091, 0.7796374, 0.7984041, 0.15226755]
[1.9162352, 0.75176394, 1.0162115, 0.1482597]
[1.6894968, 0.7222483, 0.8013681, 0.1658803]
[1.8152579, 0.8388109, 0.82926, 0.147187]
[1.8162141, 1.0851719, 0.57111895, 0.15992314]
[1.5971084, 0.633217, 0.82320154, 0.14068982]
[1.6592803, 0.74514806, 0.76384467, 0.1502876]
[1.8875291, 0.80443716, 0.9127868, 0.17030525]
[1.846027, 0.93867, 0.76189446, 0.14546266]
[1.7611243, 0.82946634, 0.7878979, 0.14376013]
[1.5178221, 0.5829698, 0.77945393, 0.15539849]
[1.6454751, 0.6466053, 0.81788945, 0.18098041]
[1.4235181, 0.6356735, 0.6209754, 0.16686912]
[1.923763, 1.0024723, 0.76132387, 0.15996695]
[1.6332455, 0.70081276, 0.7602761, 0.17215651]
[1.7474862, 0.77281964, 0.8163542, 0.15831241]
[1.9849228, 0.9337294, 0.8997196, 0.15147373]
[1.8931385, 0.81594205, 0.90692675, 0.17026971]
[1.834568, 0.9958961, 0.6799673, 0.15870458]
[1.8760303, 0.85666424, 0.8783151, 0.14105096]
[1.7700876, 0.8804595, 0.7362782, 0.15335004]
[1.6989038, 0.7311301, 0.80737615, 0.16039747]
[1.5750556, 0.6598326, 0.76058847, 0.15463442]
[1.8300533, 0.69822824, 0.9697689, 0.16205621]
[1.6289909, 0.8265978, 0.65101427, 0.15137881]
[1.9301159, 0.94635665, 0.8151412, 0.16861814]
[1.7621893, 0.57900786, 1.0166165, 0.16656496]
[1.8812255, 1.0662646, 0.6472486, 0.16771224]
[1.5389794, 0.5676253, 0.80232245, 0.16903175]
[1.6553277, 0.7839845, 0.7188565, 0.15248668]
[1.759745, 0.7559006, 0.8484459, 0.15539846]
[1.8025199, 0.8792841, 0.76440513, 0.15883076]
[1.8095816, 0.8598316, 0.7904428, 0.15930727]
[1.6338806, 0.8594539, 0.6104338, 0.16399294]
[1.5774791, 0.68278086, 0.70963264, 0.18506569]
[1.6291406, 0.7011448, 0.7466999, 0.18129584]
[1.6998172, 0.8867809, 0.6458601, 0.16717622]
[1.7036889, 0.68472654, 0.84651124, 0.17245099]
[1.7021388, 0.7620818, 0.76011246, 0.17994455]
[1.7915037, 0.9025476, 0.7224979, 0.16645816]
[1.865174, 0.6934211, 1.000314, 0.17143899]
[1.7517332, 0.8146746, 0.761474, 0.17558455]
[1.8932228, 0.9623022, 0.76568234, 0.16523829]
[1.7269106, 0.9122811, 0.6719514, 0.14267796]
[1.6473155, 0.75055367, 0.72251177, 0.1742501]
[1.8077068, 0.67638874, 0.9697057, 0.16161238]
[1.867531, 0.8755668, 0.81802404, 0.17394009]
[1.957989, 0.88655245, 0.89307606, 0.17836049]
[1.726589, 0.7758508, 0.7986477, 0.15209053]
[1.7550156, 0.97702026, 0.61607933, 0.16191605]
[1.9304371, 0.61218345, 1.1542933, 0.16396037]
[1.8505641, 0.96168077, 0.73384845, 0.15503491]
[1.8038652, 0.8706709, 0.76590383, 0.16729042]
[1.6549323, 0.68808115, 0.81358004, 0.15327105]
[1.6908555, 0.850417, 0.6827898, 0.15764871]
[1.5964543, 0.68127954, 0.7551587, 0.16001597]
[1.7338743, 0.789202, 0.771794, 0.17287831]
[1.6811106, 0.63061917, 0.8823447, 0.16814679]
[1.7804147, 0.69026124, 0.93580186, 0.15435158]
[1.6861005, 0.8075354, 0.7062175, 0.1723476]
[1.8940237, 1.0068775, 0.7327396, 0.15440655]
[1.4626018, 0.61217654, 0.69462204, 0.15580323]
[1.5883543, 0.81070256, 0.6227615, 0.1548903]
[1.6062033, 0.76523, 0.69025034, 0.15072295]
[1.8896723, 0.8642425, 0.8592571, 0.16617274]
[1.7996558, 0.8331024, 0.79312146, 0.17343196]
[1.9191835, 0.91534317, 0.8407912, 0.16304907]
[1.8030537, 0.85783833, 0.7697544, 0.1754609]
[1.6929002, 0.7807251, 0.7321354, 0.18003966]
[1.9994335, 1.1709969, 0.68063974, 0.14779684]
[1.7697603, 0.73685646, 0.86364263, 0.1692611]
[1.6121343, 0.86640525, 0.581546, 0.16418305]
[1.5412984, 0.721021, 0.6529367, 0.16734071]
[1.5475127, 0.74388504, 0.62794816, 0.17567949]
[1.5575926, 0.79109544, 0.5954453, 0.17105192]
[1.5249071, 0.518227, 0.8265744, 0.18010569]
[1.7461718, 0.8781368, 0.69105715, 0.17697787]
[1.6670393, 0.71095383, 0.7693459, 0.18673955]
[1.9048865, 0.9509925, 0.764265, 0.18962899]
[1.7136245, 0.61272883, 0.91839516, 0.18250042]
[1.5498562, 0.8772275, 0.4856565, 0.18697208]
[1.7504547, 0.7496465, 0.8146125, 0.18619567]
[1.7249396, 0.85742736, 0.67295444, 0.19455779]
[1.6840488, 0.4157966, 1.0845004, 0.18375167]
[1.7678565, 1.0019541, 0.5930742, 0.17282817]
[1.6950128, 0.754128, 0.75207424, 0.1888106]
[1.9003636, 0.9086109, 0.7947369, 0.19701576]
[1.9855391, 0.87623227, 0.9248384, 0.1844684]
[1.9723659, 0.76616085, 1.0356112, 0.17059389]
[2.039588, 1.0405674, 0.82446516, 0.17455548]
[1.8862078, 0.7715119, 0.9463146, 0.16838133]
[1.5760547, 0.5691743, 0.8378625, 0.16901793]
[1.6765156, 0.78872937, 0.717432, 0.17035417]
[1.6566246, 0.6765542, 0.81476897, 0.16530126]
[1.8560416, 0.8259021, 0.85535973, 0.1747798]
[1.8082887, 0.9509777, 0.69355595, 0.16375503]
[1.5250254, 0.56889224, 0.7939669, 0.16216627]
[1.4878911, 0.61013305, 0.7202612, 0.1574968]
[1.7529435, 0.7492075, 0.8332062, 0.17052981]
[1.570727, 0.6888652, 0.6790435, 0.20281823]
[1.7072927, 0.77764, 0.75130904, 0.17834365]
[1.5866952, 0.8022963, 0.6132003, 0.17119862]
[1.665349, 0.6726402, 0.8211535, 0.17155534]
[1.5323703, 0.61981803, 0.74239814, 0.17015415]
[1.7243352, 0.8686089, 0.66729903, 0.18842727]
[1.6131788, 0.7963879, 0.6407976, 0.17599337]
[1.7757478, 0.5740828, 1.0234562, 0.17820877]
[1.6636847, 0.85489714, 0.60792863, 0.20085898]
[1.9573499, 0.90489155, 0.86511266, 0.18734564]
[1.6199698, 0.6145997, 0.8203063, 0.1850639]
[1.9020933, 0.8481182, 0.8744614, 0.17951374]
[1.8639828, 0.84292376, 0.8474022, 0.17365679]
[2.1516905, 0.9519593, 1.0254148, 0.17431647]
[1.5814654, 0.66351783, 0.7601371, 0.1578104]
[1.7228435, 0.84793186, 0.6977641, 0.17714748]
[1.8580692, 0.9972891, 0.6967545, 0.1640256]
[2.0201888, 0.5608299, 1.2636244, 0.19573446]
[1.606696, 0.84311044, 0.61740476, 0.14618072]
[1.7398235, 0.77071226, 0.81207395, 0.15703723]
[1.8093276, 0.9807608, 0.6457168, 0.18285]
[1.7633744, 0.77797973, 0.82170284, 0.1636919]
[1.7635235, 0.8320284, 0.7648081, 0.16668685]
[1.5400627, 0.66362554, 0.6957787, 0.18065828]
[1.676537, 0.7240925, 0.77326214, 0.17918243]
[1.8674772, 0.93213093, 0.7670638, 0.16828252]
[1.3596929, 0.5713387, 0.6256882, 0.16266596]
[1.7997904, 0.9703089, 0.6477114, 0.18177015]
[1.5741884, 0.7254896, 0.6787463, 0.16995251]
[2.087824, 0.7961334, 1.1270609, 0.16462992]
[1.8957583, 0.8559053, 0.8711189, 0.16873412]
[1.6625053, 0.7517072, 0.7366736, 0.17412445]
[2.2087023, 0.895664, 1.1279404, 0.18509796]
[1.7752857, 0.8366003, 0.77898157, 0.15970382]
[1.8023398, 1.0281613, 0.60458374, 0.1695948]
[1.4066045, 0.60778296, 0.64199597, 0.15682548]
[1.4257146, 0.5064274, 0.7749173, 0.14436993]
[2.0453236, 1.0456474, 0.8272271, 0.17244908]
[1.8937486, 0.97036135, 0.75707114, 0.16631618]
[1.725722, 0.6552268, 0.91544, 0.15505517]
[1.7916346, 0.861647, 0.7716727, 0.1583148]
[2.0593224, 1.1047403, 0.8093071, 0.14527488]
[1.6406479, 0.67895865, 0.8154434, 0.1462458]
[1.829524, 0.6653559, 1.0044854, 0.15968281]
[1.8492404, 1.1767998, 0.5306169, 0.1418238]
[1.6999621, 0.78992057, 0.75376666, 0.15627487]
[1.8817673, 0.84018064, 0.8871075, 0.1544791]
[1.532131, 0.60196006, 0.7908027, 0.13936813]
[1.6925753, 0.7495893, 0.7730224, 0.1699636]
[1.7689695, 0.8526522, 0.74189, 0.1744273]
[1.7298542, 0.7661576, 0.81557107, 0.14812554]
[1.8534101, 0.80864656, 0.8941712, 0.15059246]
[1.604387, 0.7626696, 0.6648629, 0.17685466]
[1.6878467, 0.89427334, 0.6223414, 0.17123199]
[2.0570176, 0.8555694, 1.0452597, 0.15618858]
[1.5965166, 0.7709439, 0.65421975, 0.17135301]
[1.9844414, 0.9379324, 0.8906558, 0.15585312]
[1.9582766, 0.7836474, 1.0356221, 0.13900706]
[1.7550291, 0.8592198, 0.73456943, 0.16123983]
[1.970979, 1.0031216, 0.81286764, 0.15498975]
[1.847727, 0.95505923, 0.7483878, 0.14427982]
[1.886729, 0.86986, 0.8604066, 0.15646245]
[1.6620654, 0.7132083, 0.81171906, 0.13713796]
[1.578525, 0.84019244, 0.58162594, 0.15670659]
[1.6736887, 0.7273178, 0.7970031, 0.1493678]
[1.9694358, 1.0721643, 0.76323307, 0.1340385]
[1.6713816, 0.74136543, 0.786481, 0.14353515]
[1.7913107, 0.808289, 0.83006203, 0.15295972]
[1.8341599, 0.7551741, 0.94179, 0.13719586]
[1.6701636, 0.8489975, 0.6581618, 0.16300446]
[1.9667189, 0.87968063, 0.93227994, 0.15475836]
[1.7608004, 0.94934523, 0.6623306, 0.14912447]
[1.7498058, 0.82125926, 0.7772136, 0.15133296]
[1.924882, 0.93223226, 0.8464314, 0.14621845]
[1.8084548, 0.829525, 0.837167, 0.14176267]
[1.7847877, 0.8781639, 0.75852597, 0.1480977]
[1.7775208, 0.78463066, 0.84770304, 0.14518699]
[1.8775405, 0.8776854, 0.84431016, 0.15554485]
[1.7613759, 0.66726375, 0.94219863, 0.1519135]
[1.6814277, 0.7862574, 0.7464863, 0.14868408]
[1.8176672, 0.82281375, 0.8462383, 0.14861506]
[1.5645603, 0.7044842, 0.7186574, 0.14141867]
[1.8414809, 0.9043621, 0.7907405, 0.14637831]
[1.5754309, 0.7607052, 0.6622969, 0.15242888]
[1.6787629, 0.65682566, 0.8796369, 0.14230035]
[1.9291066, 0.9402976, 0.8333122, 0.15549672]
[1.8044541, 0.8811736, 0.76894104, 0.15433943]
[1.9293059, 1.0040272, 0.760278, 0.16500069]
[1.9436386, 0.7856916, 1.005007, 0.15293989]
[1.7963481, 0.76596314, 0.89375734, 0.13662769]
[1.7877669, 1.0533396, 0.59092915, 0.14349817]
[1.7309825, 0.80322623, 0.77424973, 0.15350656]
[1.9628884, 0.9935159, 0.8436136, 0.12575878]
[1.6781859, 0.8046357, 0.73545647, 0.13809368]
[1.5503355, 0.64870465, 0.74595314, 0.1556777]
[1.6156335, 0.7615989, 0.70024467, 0.15379006]
[1.5506691, 0.628954, 0.76416594, 0.15754917]
[1.4937949, 0.67548853, 0.65732694, 0.16097948]
[1.7367839, 0.78790414, 0.7858683, 0.16301146]
[1.7694784, 0.7523844, 0.83675885, 0.18033521]
[1.6784241, 0.76915646, 0.7529404, 0.15632722]
[2.1782336, 0.9652858, 1.0404574, 0.17249064]
[1.514147, 0.7295415, 0.6242099, 0.16039565]
[1.6965209, 0.85462606, 0.6686883, 0.17320655]
[1.8823442, 0.77210903, 0.9442855, 0.16594975]
[1.5012428, 0.75509304, 0.58639723, 0.15975246]
[1.631772, 0.6549484, 0.80640835, 0.17041528]
[1.7527962, 0.7784116, 0.8022483, 0.17213634]
[1.6799498, 0.8162515, 0.67953247, 0.18416567]
[1.7313739, 0.79447746, 0.7736602, 0.16323623]
[2.102487, 0.84595954, 1.0781112, 0.17841646]
[1.9718491, 0.94503206, 0.8580452, 0.16877188]
[1.666775, 0.737744, 0.759872, 0.169159]
[1.7861999, 0.8917064, 0.71893966, 0.17555389]
[1.8937652, 0.8348443, 0.8957913, 0.16312954]
[1.6081592, 0.65860665, 0.7874203, 0.16213231]
[1.6218605, 0.7965919, 0.6467907, 0.17847803]
[1.961769, 0.9173164, 0.88612616, 0.1583265]
[1.9011545, 0.9478854, 0.79692036, 0.15634868]
[1.7068647, 0.7235296, 0.8189479, 0.16438721]
[1.7599127, 0.5952517, 1.0177463, 0.14691468]
[1.6096835, 0.69923294, 0.7351652, 0.17528532]
[1.7870486, 0.96480596, 0.6854059, 0.13683683]
[2.0113866, 0.9738097, 0.89928174, 0.13829522]
[1.8028619, 0.7134867, 0.9264199, 0.16295525]
[1.7112898, 0.7091267, 0.82957935, 0.17258371]
[1.522702, 0.80209947, 0.56675816, 0.15384433]
[1.7854393, 0.722829, 0.89904726, 0.16356307]
[1.7983512, 0.9877352, 0.6619577, 0.14865828]
[1.6863401, 0.66051984, 0.87157243, 0.15424776]
[1.6106938, 0.67865753, 0.765857, 0.1661793]
[1.8247645, 0.7994832, 0.86275756, 0.1625238]
[1.568352, 0.71394736, 0.6871133, 0.16729136]
[1.800383, 0.9124069, 0.7135679, 0.17440806]
[1.4636617, 0.37080318, 0.9399867, 0.15287185]
[1.6652259, 0.82762486, 0.6761013, 0.1614996]
[1.6401781, 0.8238082, 0.64285904, 0.17351092]
[1.8880383, 0.8096281, 0.89122045, 0.18718974]
[1.7027787, 0.85966396, 0.68141043, 0.16170433]
[2.0690117, 1.0121509, 0.8934171, 0.1634438]
[1.8520417, 0.7138581, 0.9863257, 0.1518578]
[1.6208652, 0.6498432, 0.8126319, 0.15839016]
[1.6308848, 1.0153134, 0.44275022, 0.17282118]
[1.8973114, 0.81333524, 0.9168956, 0.16708069]
[1.6004324, 0.78720343, 0.6459086, 0.16732043]
[1.6733167, 0.7486643, 0.7587867, 0.16586563]
[1.8164334, 0.9055808, 0.7415012, 0.16935131]
[1.7097219, 0.72255874, 0.82547367, 0.16168955]
[1.7067238, 0.75006306, 0.7923867, 0.16427407]
[1.6796553, 0.8918098, 0.5988215, 0.18902396]
[1.7726679, 0.74063003, 0.8502133, 0.18182455]
[1.6377, 0.8243382, 0.6372571, 0.1761047]
[1.6975837, 0.8556733, 0.67057645, 0.1713339]
[1.64143, 0.7383356, 0.73753834, 0.16555607]
[1.6677539, 0.7438774, 0.7493139, 0.1745627]
[1.6303914, 0.74394745, 0.71381325, 0.17263061]
[1.7211901, 0.83260727, 0.71586704, 0.17271578]
[1.8408055, 0.8003671, 0.8733015, 0.16713688]
[1.9312332, 0.71919084, 1.0489879, 0.16305453]
[1.668917, 0.92467433, 0.57726705, 0.16697554]
[2.0043654, 0.9132805, 0.9369048, 0.1541802]
[1.8016148, 0.70044696, 0.93495184, 0.1662159]
[1.54652, 0.8855777, 0.48340634, 0.17753597]
[1.6291015, 0.84789634, 0.60550773, 0.17569745]
[1.6182876, 0.60193336, 0.8564448, 0.15990946]
[1.7602849, 1.0211604, 0.57615554, 0.16296902]
[1.6512574, 0.7377558, 0.7642128, 0.1492888]
[1.9160318, 0.751039, 0.9809577, 0.18403508]
[1.866674, 0.9693379, 0.73576534, 0.16157082]
[1.7153982, 0.76095045, 0.7792698, 0.1751779]
[1.540494, 0.74685585, 0.6222453, 0.17139275]
[1.9972544, 0.78698725, 1.0465506, 0.16371658]
[1.6912438, 0.7916796, 0.7332166, 0.16634764]
[1.6099749, 0.8317374, 0.6095693, 0.16866812]
[1.5766282, 0.5505415, 0.8476473, 0.17843938]
[1.7704198, 0.98288506, 0.6124991, 0.17503566]
[1.6653287, 0.59937245, 0.8846043, 0.18135208]
[1.6711054, 0.57208765, 0.91145134, 0.18756634]
[1.8870316, 1.1378566, 0.5807988, 0.16837625]
[1.6288435, 0.72715634, 0.751497, 0.1501902]
[1.5072366, 0.5321963, 0.78798866, 0.18705168]
[1.6190267, 0.7116022, 0.72613704, 0.18128735]
[1.629642, 0.88930845, 0.57319266, 0.16714092]
[1.6043319, 0.6144434, 0.80815303, 0.1817354]
[1.7521014, 0.94695866, 0.60922885, 0.19591394]
[1.8000469, 0.9493658, 0.66140354, 0.1892777]
[1.8033321, 0.73420477, 0.8690796, 0.20004767]
[1.6455822, 0.780074, 0.688313, 0.17719516]
[1.8713664, 0.8076608, 0.87318134, 0.19052422]
[1.6326202, 0.6864119, 0.7578525, 0.18835577]
[1.5708549, 0.7805654, 0.6047983, 0.18549126]
[1.8679047, 0.8898152, 0.79509854, 0.18299095]
[1.6301792, 0.7036032, 0.74125564, 0.18532035]
[1.6732095, 0.6582874, 0.82901883, 0.18590333]
[1.6714592, 0.8614351, 0.63107085, 0.17895311]
[1.6886714, 0.7438771, 0.76141334, 0.18338078]
[1.6071781, 0.62351453, 0.79911363, 0.18454991]
[1.4917861, 0.7433199, 0.54618734, 0.20227888]
[1.8535427, 0.6922972, 0.97234815, 0.18889724]
[1.7297009, 0.92990565, 0.57177514, 0.2280201]
[1.6566367, 0.49695992, 0.9756915, 0.18398517]
[1.7277837, 0.86655295, 0.6610557, 0.20017502]
[1.5672436, 0.6887335, 0.6904417, 0.18806835]
[1.701028, 0.6894469, 0.80297065, 0.20861037]
[1.7068362, 0.70034647, 0.81032693, 0.19616279]
[1.5357901, 0.54243433, 0.79878783, 0.19456795]
[1.8369194, 1.0410209, 0.59669906, 0.19919951]
[1.664557, 0.6108851, 0.8430851, 0.21058679]
[1.8216194, 0.93721205, 0.69575524, 0.18865213]
[1.5158762, 0.5844373, 0.7350472, 0.19639167]
[1.7665381, 0.82730323, 0.7699655, 0.1692693]
[1.8814237, 0.8049654, 0.8836752, 0.19278315]
[1.8647487, 0.8169719, 0.8604755, 0.18730137]
[1.5269568, 0.65003276, 0.6931416, 0.1837824]
[1.8209411, 0.62289834, 1.0215708, 0.17647193]
[1.6912057, 0.8331511, 0.65398705, 0.20406756]
[1.629091, 0.8529899, 0.5878031, 0.18829799]
[2.0667746, 0.6503228, 1.2289119, 0.18754]
[1.7811298, 0.83338475, 0.7765678, 0.1711773]
[1.9275447, 0.9230703, 0.8274268, 0.17704757]
[1.6083069, 0.7515584, 0.683756, 0.17299253]
[1.4802103, 0.6183948, 0.69187915, 0.16993639]
[1.4239744, 0.47103113, 0.7776181, 0.17532513]
[1.7387472, 0.7924362, 0.7502006, 0.19611034]
[1.6153255, 0.7279849, 0.69241846, 0.19492209]
[1.5910981, 0.5820784, 0.8084779, 0.20054176]
[1.9150336, 0.93790996, 0.7700567, 0.20706683]
[1.5079074, 0.83248985, 0.4763482, 0.19906941]
[1.7901322, 0.73816544, 0.85249454, 0.19947222]
[2.1326323, 0.9634241, 0.9879202, 0.181288]
[1.8432281, 0.9718295, 0.6904248, 0.18097378]
[1.8733671, 0.7923809, 0.91151947, 0.16946676]
[1.5591938, 0.84936225, 0.532654, 0.17717767]
[1.6874753, 0.83812463, 0.67810655, 0.17124414]
[1.7270415, 0.85223055, 0.7052171, 0.16959383]
[1.928127, 0.7136116, 1.0324771, 0.18203834]
[1.9146148, 1.0002422, 0.72028816, 0.1940844]
[1.50211, 0.6539571, 0.68272156, 0.16543126]
[1.8719664, 0.91279054, 0.78233737, 0.17683838]
[1.9636815, 1.0288863, 0.760934, 0.17386109]
[1.8612987, 0.82639515, 0.86205465, 0.17284887]
[2.039001, 1.0818728, 0.79026407, 0.16686422]
[1.6742896, 0.5151503, 0.9932337, 0.16590557]
[1.6462425, 0.8382716, 0.6552204, 0.1527505]
[1.8684542, 0.7912698, 0.91606116, 0.16112322]
[1.7179067, 0.8438479, 0.703385, 0.17067382]
[1.7831409, 0.6725297, 0.9581752, 0.15243605]
[1.8194399, 0.77961, 0.8640487, 0.17578128]
[1.8853476, 0.7848674, 0.9377847, 0.16269553]
[1.7991576, 1.0088699, 0.6359861, 0.15430169]
[1.6850162, 0.6588567, 0.86729497, 0.15886453]
[1.7853205, 0.6684504, 0.9680183, 0.14885189]
[1.7395656, 0.9535124, 0.6201488, 0.16590446]
[1.453315, 0.57423234, 0.7252404, 0.15384223]
[1.6231803, 0.80223703, 0.62837243, 0.19257085]
[1.54656, 0.6318898, 0.7331401, 0.18153013]
[1.6458426, 0.8063506, 0.67662823, 0.16286378]
[1.5172029, 0.67520964, 0.6413332, 0.20065996]
[1.8880993, 0.80973864, 0.87105936, 0.20730126]
[1.9284608, 0.8110028, 0.9315085, 0.18594952]
[1.8259423, 0.96458876, 0.70193017, 0.15942334]
[1.9239166, 0.685008, 1.0669198, 0.17198877]
[1.6881038, 0.76237106, 0.7637804, 0.16195236]
[1.6844975, 0.91868615, 0.60770845, 0.15810287]
[1.761596, 0.63959134, 0.98044217, 0.14156242]
[1.5373985, 0.7177239, 0.64771473, 0.17195979]
[1.7606535, 0.7319569, 0.8632397, 0.16545683]
[1.9648182, 0.94793546, 0.8538941, 0.16298866]
[1.6248266, 0.64403975, 0.8284385, 0.15234828]
[1.7351724, 0.7226108, 0.8550867, 0.15747489]
[1.9604882, 1.1614382, 0.6354638, 0.16358627]
[1.7255511, 0.75011295, 0.8302157, 0.14522249]
[1.6613797, 0.7593189, 0.75130415, 0.15075672]
[1.6764765, 0.8116682, 0.6831055, 0.18170267]
[1.8144481, 0.64920056, 0.9783865, 0.18686101]
[2.19346, 1.1388668, 0.874861, 0.17973237]
[1.64745, 0.6928389, 0.801357, 0.15325409]
[1.8984581, 0.81931925, 0.9023991, 0.17673978]
[1.5269635, 0.62782323, 0.73464143, 0.16449887]
[1.7987595, 0.88977456, 0.7518768, 0.15710804]
[1.5702243, 0.5601772, 0.8421204, 0.16792661]
[1.5692735, 0.84490716, 0.5845934, 0.13977289]
[1.6802777, 0.7677758, 0.73778284, 0.17471908]
[1.4041216, 0.6130808, 0.6187867, 0.17225404]
[1.5046356, 0.8009455, 0.52256894, 0.18112113]
[1.7072487, 0.5787278, 0.9325103, 0.19601053]
[1.51003, 0.7989015, 0.5420756, 0.1690529]
[1.9263777, 0.79353845, 0.94646835, 0.18637088]
[1.4622234, 0.58483034, 0.7044684, 0.1729246]
[1.6796389, 0.8236766, 0.6651243, 0.19083804]
[1.6851227, 0.68725, 0.8078058, 0.19006687]
[1.9395189, 0.88183975, 0.8700315, 0.18764776]
[1.942427, 0.8872282, 0.8740307, 0.18116824]
[1.4603097, 0.8088243, 0.4689358, 0.18254966]
[1.9088669, 0.90356094, 0.839655, 0.16565102]
[1.4147068, 0.4458391, 0.81342244, 0.15544522]
[1.9771847, 1.1389201, 0.66579765, 0.1724669]
[1.8951342, 0.66568375, 1.0593774, 0.17007303]
[1.680536, 0.92245114, 0.58445334, 0.17363156]
[1.5814954, 0.7469896, 0.64980984, 0.18469593]
[1.6094978, 0.8167114, 0.609632, 0.18315439]
[1.7200774, 0.62697554, 0.90754414, 0.18555775]
[1.4990069, 0.87435025, 0.44499654, 0.17966005]
[1.9371102, 0.5528378, 1.2019731, 0.18229942]
[1.8044332, 0.9482967, 0.68900156, 0.16713488]
[1.8742756, 0.8274378, 0.8606462, 0.18619154]
[1.7055223, 0.8120773, 0.72840106, 0.165044]
[1.6951647, 0.63745177, 0.8776102, 0.18010274]
[1.790316, 0.9504076, 0.6725631, 0.16734533]
[1.747499, 0.7416272, 0.83618045, 0.16969126]
[1.5571498, 0.58122, 0.79294765, 0.18298206]
[1.8623514, 0.9124578, 0.76685655, 0.18303701]
[1.718052, 0.7792562, 0.7670003, 0.17179549]
[2.0712943, 1.0261405, 0.8730706, 0.17208318]
[1.5405035, 0.7853392, 0.5883355, 0.16682883]
[1.7946558, 0.948089, 0.68353724, 0.16302961]
[1.7528918, 0.7357928, 0.8460259, 0.17107303]
[1.5057054, 0.6169839, 0.7296121, 0.15910938]
[1.7131639, 1.0192437, 0.50741816, 0.18650195]
[1.7343833, 0.60948324, 0.9481966, 0.1767034]
[1.4297384, 0.72228503, 0.51951265, 0.1879407]
[1.676678, 0.5900518, 0.9025883, 0.18403792]
[1.8726163, 0.9381199, 0.7512914, 0.18320498]
[1.7951411, 0.8707454, 0.74493927, 0.17945634]
[1.5324156, 0.6143583, 0.7448561, 0.17320126]
[1.7489196, 0.91291666, 0.681008, 0.154995]
[1.7092409, 0.9479039, 0.57313305, 0.18820408]
[1.6161716, 0.6220418, 0.80972815, 0.18440159]
[1.7426368, 1.003237, 0.55275023, 0.18664959]
[1.6869957, 0.61979187, 0.8753301, 0.19187385]
[1.5504223, 0.79055405, 0.5880412, 0.1718271]
[1.6774282, 0.6455618, 0.8442706, 0.18759578]
[1.8380698, 0.9323288, 0.73053396, 0.17520699]
[1.7336688, 0.7464865, 0.8038644, 0.18331784]
[1.4698583, 0.78996956, 0.49033764, 0.18955114]
[2.073695, 0.948279, 0.9472961, 0.17811984]
[1.7133079, 0.63947254, 0.88521576, 0.1886196]
[1.7441809, 0.8094851, 0.75514203, 0.17955373]
[1.8318975, 1.0219525, 0.63017243, 0.17977266]
[1.693028, 0.6098819, 0.8914934, 0.1916528]
[1.5637648, 0.8011867, 0.5661554, 0.19642276]
[1.8446618, 0.5447644, 1.1204417, 0.1794558]
[1.6796291, 0.8601991, 0.6352936, 0.18413638]
[1.4590743, 0.52464825, 0.738134, 0.19629195]
[1.801527, 0.857525, 0.7536869, 0.19031516]
[1.8271006, 0.8134493, 0.8295773, 0.18407401]
[1.9428263, 0.8054384, 0.9588958, 0.1784921]
[1.561335, 0.549693, 0.84166044, 0.16998157]
[1.6091964, 0.78922, 0.63690054, 0.18307595]
[1.8099115, 0.8475133, 0.789221, 0.17317718]
[1.8927643, 0.7778715, 0.92157817, 0.19331464]
[1.6509843, 0.7019886, 0.7640081, 0.18498755]
[1.6358395, 0.8241171, 0.6289109, 0.18281144]
[1.7508879, 0.85378516, 0.72538126, 0.1717214]
[1.9874237, 0.89176595, 0.9137434, 0.18191436]
[1.616434, 0.5650527, 0.87708074, 0.17430052]
[1.6853871, 0.7181613, 0.79031825, 0.17690757]
[1.653921, 0.8278691, 0.63003814, 0.19601381]
[1.4678707, 0.6474712, 0.6472454, 0.17315418]
[1.8482414, 0.7515005, 0.9101614, 0.1865796]
[1.8182079, 0.8252895, 0.8211992, 0.17171915]
[1.7251333, 0.7040878, 0.84780616, 0.17323938]
[1.9820536, 1.0601398, 0.73238885, 0.18952504]
[1.5034959, 0.5469154, 0.7674062, 0.18917432]
[1.945454, 0.9652804, 0.7845485, 0.19562508]
[1.8680718, 0.724619, 0.9629086, 0.18054414]
[1.808146, 0.98346645, 0.64891934, 0.17576033]
[1.7108263, 0.5919843, 0.943131, 0.17571104]
[1.7818744, 0.84056294, 0.7588817, 0.18242985]
[1.58989, 0.60010123, 0.79980564, 0.18998313]
[1.7696998, 0.87427616, 0.70546603, 0.18995759]
[1.8287113, 0.79265636, 0.83439445, 0.20166036]
[1.9686836, 0.9213213, 0.87931526, 0.16804709]
[1.6353697, 0.83166295, 0.6339596, 0.16974713]
[1.7918262, 0.7515818, 0.863576, 0.17666845]
[1.920851, 0.9198865, 0.83514595, 0.16581845]
[1.5179832, 0.6628432, 0.67821884, 0.1769211]
[1.8643876, 0.74489564, 0.9600024, 0.15948951]
[1.7940079, 0.83223593, 0.7679942, 0.19377765]
[1.9549311, 0.89351285, 0.865558, 0.19586025]
[1.8064561, 0.73790157, 0.8848587, 0.18369585]
[1.6084933, 0.80312705, 0.6345458, 0.1708205]
[1.6762147, 0.60122573, 0.9022726, 0.17271636]
[1.7977601, 0.9302271, 0.6945852, 0.17294778]
[1.8174622, 0.8422025, 0.79460907, 0.18065074]
[1.641735, 0.88661337, 0.5823115, 0.17281011]
[1.8792349, 0.8514755, 0.86383903, 0.16392045]
[1.8632556, 0.75092065, 0.942456, 0.16987891]
[1.92498, 1.0017586, 0.75076056, 0.17246094]
[1.6837456, 0.87827766, 0.6349693, 0.1704986]
[1.779002, 0.6897506, 0.9389799, 0.15027148]
[1.6204916, 0.75029856, 0.6954831, 0.17470993]
[1.9305991, 1.006171, 0.7540267, 0.1704015]
[1.5825441, 0.8129442, 0.60636497, 0.163235]
[1.6346719, 0.72073644, 0.75026035, 0.16367513]
[1.7225534, 1.0183705, 0.5390394, 0.16514346]
[1.6307797, 0.6425077, 0.83331954, 0.15495254]
[1.767198, 0.76493466, 0.8403704, 0.16189292]
[1.5500361, 0.6610075, 0.70886016, 0.18016839]
[1.7323234, 0.9623251, 0.572754, 0.19724432]
[1.7758336, 0.65409386, 0.9438056, 0.17793423]
[1.8273773, 1.005245, 0.6595093, 0.1626231]
[2.108644, 0.7106483, 1.2265681, 0.17142758]
[1.7505019, 0.9690411, 0.62564003, 0.15582073]
[1.858541, 0.7095089, 0.9765704, 0.17246169]
[1.584002, 0.7912398, 0.63277185, 0.15999027]
[1.4913398, 0.5538329, 0.7626515, 0.17485535]
[1.893402, 0.8336532, 0.89321065, 0.16653807]
[1.9453282, 0.9159392, 0.8435168, 0.18587218]
[2.0249825, 0.7904144, 1.0751644, 0.15940365]
[1.5975792, 0.78490615, 0.6403116, 0.1723615]
[1.7751055, 0.8254572, 0.7751218, 0.1745264]
[1.6997461, 0.69573534, 0.85310394, 0.15090686]
[1.7189537, 0.8363531, 0.7016486, 0.18095194]
[2.00435, 0.71636534, 1.1378086, 0.15017611]
[1.8820145, 0.9964385, 0.7230063, 0.16256979]
[1.6350251, 0.46889794, 1.0167842, 0.149343]
[1.6530004, 0.8754724, 0.605325, 0.17220299]
[2.1408708, 0.95369524, 1.0359555, 0.15122007]
[1.9871937, 0.9682585, 0.86007214, 0.15886307]
[1.8114483, 0.9604682, 0.69701767, 0.15396252]
[1.7729665, 0.7293821, 0.88023084, 0.16335358]
[1.8377421, 0.8057097, 0.8787446, 0.15328774]
[2.001715, 0.8315526, 1.0212963, 0.14886597]
[1.649308, 0.8883246, 0.6229836, 0.13799977]
[1.9866675, 0.7216808, 1.0971348, 0.16785185]
[1.6791673, 0.80236924, 0.7298937, 0.14690435]
[1.9037317, 0.7275605, 1.0229598, 0.15321136]
[1.6782217, 0.87584853, 0.6429681, 0.15940501]
[1.9599106, 0.9384111, 0.86052865, 0.16097091]
[1.7304578, 0.6234592, 0.96159065, 0.14540794]
[1.791812, 0.9873866, 0.66951376, 0.13491148]
[1.7576762, 0.68455046, 0.9279665, 0.14515933]
[1.8122706, 0.8464985, 0.8224981, 0.14327407]
[1.7026494, 0.76503295, 0.78938985, 0.14822656]
[1.8433013, 0.7904494, 0.8876265, 0.16522533]
[1.6604576, 0.7826544, 0.7325975, 0.14520577]
[1.9749473, 0.86421263, 0.9535411, 0.15719354]
[1.7016047, 0.9532106, 0.59944, 0.14895417]
[1.5894778, 0.62929523, 0.8177274, 0.14245513]
[1.6183842, 0.59280896, 0.8756074, 0.14996788]
[1.9018407, 1.0753133, 0.67139935, 0.15512794]
[1.7648088, 0.66104776, 0.94532377, 0.15843727]
[1.5965511, 0.8533597, 0.5842958, 0.15889557]
[1.6509813, 0.6462944, 0.86688524, 0.13780162]
[1.6803333, 0.7458261, 0.78060424, 0.15390287]
[1.6418464, 0.79549897, 0.6838188, 0.16252862]
[1.6919166, 0.7498035, 0.80329216, 0.138821]
[1.5419053, 0.73209786, 0.6399119, 0.1698955]
[1.527934, 0.53105664, 0.83986914, 0.1570082]
[1.7792251, 0.82099247, 0.7861235, 0.17210908]
[1.8492903, 0.9014739, 0.77438694, 0.17342938]
[1.8043543, 0.85355586, 0.7775432, 0.17325535]
[1.8316721, 0.9495881, 0.7105359, 0.17154804]
[1.5102892, 0.6284385, 0.7237443, 0.15810639]
[1.6935819, 0.7839671, 0.7321407, 0.17747414]
[1.684623, 0.68076235, 0.83044183, 0.17341882]
[1.730027, 0.846857, 0.7221162, 0.16105372]
[1.6972092, 0.8694855, 0.6676523, 0.16007152]
[1.9172574, 0.8595853, 0.9098703, 0.14780179]
[1.6160419, 0.7637936, 0.6877848, 0.16446349]
[1.4780242, 0.61931086, 0.6736649, 0.18504846]
[1.2844927, 0.5799967, 0.539466, 0.16503]
[1.5300539, 0.62275565, 0.7388809, 0.16841736]
[1.5844084, 0.7906566, 0.5961663, 0.19758543]
[1.897154, 0.8721738, 0.8238928, 0.20108737]
[2.1163383, 1.076952, 0.8780606, 0.16132565]
[1.730888, 0.8435419, 0.7097306, 0.17761557]
[1.806704, 0.4804838, 1.1558137, 0.17040662]
[1.9069417, 0.9184354, 0.8118025, 0.17670363]
[1.576943, 0.64800453, 0.74177927, 0.1871592]
[1.7708625, 0.8516882, 0.73732615, 0.18184812]
[1.8200567, 0.82698166, 0.82035553, 0.17271945]
[1.6782795, 0.74815637, 0.7622472, 0.16787587]
[1.8320699, 0.9168401, 0.7323726, 0.18285729]
[1.5551507, 0.649054, 0.73325706, 0.17283964]
[1.8100728, 1.0142126, 0.6309097, 0.16495046]
[1.4645796, 0.46540523, 0.8403937, 0.1587806]
[1.6369511, 0.8831016, 0.60183775, 0.15201172]
[1.7545464, 0.9058794, 0.6745838, 0.17408322]
[1.7318976, 0.68279266, 0.8737345, 0.17537048]
[1.5620677, 0.6873865, 0.71559477, 0.15908645]
[1.734376, 0.88846076, 0.67048717, 0.17542805]
[1.6992983, 0.7050133, 0.82087445, 0.1734105]
[1.5984905, 0.482194, 0.92897534, 0.18732119]
[1.7237194, 0.8295994, 0.704923, 0.18919712]
[1.605145, 0.6269038, 0.7779592, 0.20028196]
[1.8265041, 0.8340059, 0.7973963, 0.19510186]
[1.8979418, 1.022151, 0.69155973, 0.18423109]
[2.108788, 0.6774621, 1.2282768, 0.20304915]
[1.7243923, 0.699351, 0.8332407, 0.19180056]
[1.8663778, 0.92017686, 0.7736547, 0.17254624]
[1.7125676, 0.71860296, 0.8345746, 0.15939003]
[1.6183201, 0.8851107, 0.5547348, 0.17847459]
[1.9154329, 0.7422825, 0.9910859, 0.18206452]
[1.8965448, 0.90025866, 0.8260365, 0.17024957]
[1.8084415, 1.0111797, 0.6294394, 0.1678225]
[1.7746454, 0.95070386, 0.65594465, 0.16799699]
[2.0312834, 0.7448948, 1.1226077, 0.16378094]
[1.81486, 0.87810206, 0.7790706, 0.15768726]
[1.716583, 0.79513955, 0.75909764, 0.16234584]
[1.6756623, 0.8541093, 0.6625249, 0.15902807]
[1.5881529, 0.7749727, 0.6465241, 0.16665612]
[1.5031207, 0.6902392, 0.649929, 0.1629524]
[1.7471889, 0.7279735, 0.85365236, 0.16556294]
[1.8518152, 0.8401706, 0.8262388, 0.18540575]
[1.7689788, 0.86175907, 0.72393405, 0.18328571]
[1.6249663, 0.83713686, 0.6304605, 0.15736887]
[1.9338617, 0.70980835, 1.0627061, 0.16134733]
[1.6435828, 0.6843807, 0.78685975, 0.17234233]
[1.5449663, 0.73407197, 0.62894094, 0.18195346]
[1.7487711, 0.6979009, 0.8611069, 0.18976326]
[1.8878591, 0.9010616, 0.8310765, 0.15572089]
[1.8177111, 0.80154395, 0.8472877, 0.16887954]
[1.5712807, 0.7793611, 0.614454, 0.17746569]
[1.6384277, 0.5829771, 0.89143664, 0.16401404]
[1.9029875, 0.98152137, 0.7594749, 0.16199124]
[2.055887, 0.89863837, 0.9976338, 0.15961479]
[1.7263538, 0.83942527, 0.7317555, 0.15517297]
[1.616939, 0.8254408, 0.63620913, 0.15528908]
[1.7838387, 0.7536682, 0.861411, 0.16875964]
[1.6726539, 0.723465, 0.7603606, 0.18882829]
[1.6161156, 0.80282795, 0.65082204, 0.16246554]
[1.6889143, 0.85906446, 0.6531416, 0.17670828]
[1.6270001, 0.77519244, 0.6778163, 0.17399141]
[1.5979167, 0.4568395, 0.98593616, 0.15514097]
[1.6384859, 0.84848547, 0.6222301, 0.16777042]
[1.6777875, 0.8054948, 0.6787758, 0.19351701]
[1.602788, 0.65547776, 0.7763698, 0.17094043]
[1.6456676, 0.6731781, 0.7866133, 0.18587616]
[1.7453984, 0.85846984, 0.70058, 0.18634856]
[1.9617851, 0.904279, 0.8639841, 0.19352195]
[1.886412, 0.7765261, 0.9379127, 0.17197324]
[1.6536138, 0.70216, 0.77429444, 0.17715934]
[1.5026828, 0.54019845, 0.8079854, 0.15449898]
[1.6443427, 0.84802485, 0.6160689, 0.180249]
[1.8686018, 1.0203879, 0.67156017, 0.1766538]
[1.801842, 0.7549914, 0.8836764, 0.16317412]
[1.7270751, 0.7629119, 0.7824978, 0.18166547]
[1.7066078, 0.9638157, 0.56719136, 0.1756008]
[1.7077637, 0.48092705, 1.0535445, 0.17329213]
[1.6435086, 0.88644457, 0.56523937, 0.19182451]
[1.8251804, 0.69534624, 0.96748996, 0.16234422]
[1.7662266, 0.8574212, 0.7353203, 0.17348519]
[1.8425632, 0.80931044, 0.8742432, 0.15900949]
[1.5941334, 0.65219164, 0.7779352, 0.16400644]
[1.7309519, 0.86227506, 0.6963719, 0.17230502]
[1.8089815, 0.9728347, 0.6675006, 0.16864617]
[1.8198717, 0.75645983, 0.91751724, 0.14589454]
[1.7636123, 0.924505, 0.6751841, 0.1639233]
[1.5712968, 0.64619154, 0.76064724, 0.16445804]
[1.6727189, 0.64841276, 0.84453785, 0.17976817]
[1.6138185, 0.7097221, 0.73461515, 0.16948126]
[1.5563017, 0.8075979, 0.5851319, 0.16357195]
[1.8446194, 0.9852488, 0.6913408, 0.16802976]
[1.9775728, 0.8686464, 0.93753606, 0.17139037]
[1.6285708, 0.71026397, 0.74797237, 0.1703344]
[1.6477541, 0.6885115, 0.7747325, 0.18451007]
[1.6874686, 0.80435723, 0.69650275, 0.1866087]
[1.6814367, 0.7022412, 0.8163956, 0.16279991]
[1.783456, 0.9134662, 0.69810146, 0.17188822]
[1.7254843, 0.6356449, 0.9364893, 0.15335003]
[1.7799814, 0.9728313, 0.6342817, 0.1728684]
[1.8097701, 0.7001149, 0.9428297, 0.16682547]
[1.8061706, 0.91501176, 0.73425245, 0.15690638]
[1.8145748, 0.6190015, 1.0191298, 0.17644358]
[1.853694, 0.6975168, 0.9827157, 0.17346147]
[1.8298779, 0.7772813, 0.8813062, 0.17129037]
[1.8819112, 1.0680577, 0.64631784, 0.16753563]
[1.7419828, 0.6163798, 0.9650314, 0.16057166]
[1.5906749, 0.63783914, 0.78512084, 0.16771485]
[1.9301987, 1.0689048, 0.6810329, 0.18026099]
[1.7308033, 0.78848004, 0.77594686, 0.16637635]
[1.7274717, 0.50103974, 1.0583482, 0.16808382]
[1.8570443, 0.9070308, 0.77777916, 0.17223442]
[1.5410204, 0.7899656, 0.5753837, 0.17567107]
[1.8158807, 0.788679, 0.8592317, 0.16796993]
[1.7513754, 0.7229576, 0.85920453, 0.1692133]
[1.8177814, 0.84449685, 0.81512797, 0.1581567]
[1.8672116, 0.97235274, 0.729715, 0.1651438]
[1.7119343, 0.7223819, 0.8347151, 0.15483737]
[1.9002156, 0.9015608, 0.83099335, 0.16766138]
[2.0364292, 1.157345, 0.7095719, 0.16951224]
[1.6071126, 0.6788952, 0.7658313, 0.16238618]
[1.7373718, 0.7204107, 0.84437895, 0.17258213]
[1.7967026, 0.8323077, 0.78334355, 0.18105133]
[1.9250704, 0.86823297, 0.8834338, 0.17340359]
[1.6364766, 0.72298807, 0.74169815, 0.17179045]
[1.7475119, 0.878108, 0.6918671, 0.17753668]
[1.8450731, 0.8888633, 0.7788756, 0.17733419]
[1.9245181, 0.81842935, 0.9437256, 0.1623632]
[1.7114727, 0.73542935, 0.7867951, 0.18924831]
[1.5551574, 0.80661064, 0.5835916, 0.16495508]
[1.7078983, 0.7240602, 0.8097714, 0.17406666]
[2.07536, 1.1849048, 0.72803044, 0.16242486]
[1.9774028, 0.7817428, 1.0397726, 0.15588738]
[1.8566984, 0.8829373, 0.798617, 0.1751441]
[1.6965196, 0.6757604, 0.8666291, 0.15413013]
[2.0219479, 0.7971097, 1.0695804, 0.15525778]
[1.7577498, 0.78076994, 0.8107611, 0.16621882]
[1.7289937, 0.81800866, 0.75225, 0.1587351]
[1.6260006, 0.64491427, 0.8244268, 0.15665954]
[1.6530807, 0.6886136, 0.80012107, 0.164346]
[1.79302, 0.8940626, 0.73405313, 0.16490436]
[1.6557693, 0.6982524, 0.78577226, 0.17174466]
[1.7174597, 0.75879633, 0.7953178, 0.16334559]
[1.7766023, 0.64861625, 0.9572432, 0.17074275]
[1.7753422, 0.9258442, 0.68262917, 0.16686893]
[1.9524283, 0.8876715, 0.9016627, 0.16309422]
[1.5922652, 0.7539829, 0.6523479, 0.18593438]
[1.8478873, 0.80785084, 0.8809517, 0.1590848]
[1.8255143, 1.0123929, 0.6641438, 0.14897758]
[1.4746735, 0.68293005, 0.6227559, 0.16898757]
[1.7405169, 0.76246667, 0.81887424, 0.15917596]
[1.7983514, 0.7445915, 0.9023968, 0.15136316]
[1.897166, 0.9151533, 0.8220707, 0.15994185]
[1.6034367, 0.6895404, 0.75022906, 0.16366717]
[1.8151194, 0.8534471, 0.79695076, 0.16472158]
[1.6968285, 0.71873236, 0.81680995, 0.16128626]
[1.7169306, 0.73033375, 0.8168784, 0.1697185]
[1.623678, 0.7115574, 0.7545836, 0.15753704]
[1.8648932, 0.8700024, 0.83057904, 0.16431177]
[1.8057339, 0.91042185, 0.72854614, 0.16676596]
[1.880174, 0.78005993, 0.935993, 0.16412105]
[1.879054, 0.8787265, 0.84812534, 0.15220208]
[1.8791647, 0.9433172, 0.7721714, 0.1636762]
[1.6898539, 0.70379716, 0.8036729, 0.18238382]
[1.8398571, 0.9098117, 0.7785962, 0.15144914]
[1.9035285, 0.6835328, 1.0757159, 0.14427976]
[1.7697396, 0.78909963, 0.82563037, 0.15500957]
[1.6572126, 0.82317895, 0.6846688, 0.14936486]
[1.6246854, 0.7978829, 0.6791959, 0.14760658]
[1.65958, 0.6789174, 0.83280087, 0.14786175]
[1.5749801, 0.8225273, 0.5975205, 0.15493235]
[1.5083597, 0.71403366, 0.63614714, 0.15817884]
[1.6555648, 0.70678514, 0.78003466, 0.1687451]
[1.7629294, 0.7815845, 0.82119286, 0.16015214]
[2.086453, 1.1788045, 0.74781764, 0.15983087]
[1.7350752, 0.6499163, 0.92532635, 0.15983257]
[1.9652979, 1.0157808, 0.77738255, 0.17213458]
[1.6102095, 0.59776527, 0.8538134, 0.15863091]
[1.8638225, 1.0842613, 0.62484694, 0.15471417]
[1.7421899, 0.7829652, 0.7948487, 0.16437608]
[1.6084694, 0.69599664, 0.74894965, 0.16352311]
[1.4886492, 0.6838614, 0.64819777, 0.15659007]
[1.8472345, 0.82719946, 0.85595316, 0.16408175]
[1.6484654, 0.7780584, 0.71681106, 0.1535959]
[1.7730477, 0.757957, 0.86548114, 0.1496095]
[1.5664299, 0.71646106, 0.6879025, 0.16206625]
[1.802469, 0.8155457, 0.8276495, 0.1592739]
[1.6924193, 0.65307343, 0.87182575, 0.16751999]
[1.749772, 0.89775753, 0.68069017, 0.17132428]
[1.5336211, 0.7387024, 0.63358736, 0.16133134]
[1.6835128, 0.8279854, 0.695534, 0.15999343]
[1.8094025, 0.764513, 0.8758582, 0.16903126]
[1.5958899, 0.7559918, 0.66786885, 0.17202923]
[1.5947881, 0.634099, 0.79007477, 0.17061418]
[1.7337757, 0.8043578, 0.75442755, 0.17499027]
[1.9680051, 1.05558, 0.73746717, 0.1749579]
[1.8434819, 0.6198735, 1.060113, 0.16349545]
[1.7865883, 0.7936026, 0.8168601, 0.17612569]
[1.8095973, 0.93239653, 0.698199, 0.17900187]
[1.7336587, 0.71888024, 0.8397917, 0.17498669]
[1.9389246, 0.9345416, 0.8413065, 0.16307636]
[1.7420672, 0.9913027, 0.588269, 0.16249546]
[1.648836, 0.4033122, 1.087786, 0.15773785]
[1.6740296, 0.9553383, 0.55415344, 0.16453797]
[1.7802372, 0.950155, 0.6567949, 0.17328724]
[1.6827995, 0.6228287, 0.88847077, 0.17149992]
[1.7634048, 0.83163697, 0.76649, 0.16527794]
[1.7324574, 0.839164, 0.72794384, 0.16534954]
[1.6382536, 0.67625827, 0.7883053, 0.17368996]
[1.8346956, 0.92168474, 0.72944367, 0.18356717]
[1.8845755, 0.9571522, 0.72805834, 0.19936502]
[1.7057586, 0.5683112, 0.98073, 0.1567173]
[1.8888706, 0.96628326, 0.75509113, 0.16749623]
[1.7151251, 0.7486799, 0.80105287, 0.16539237]
[1.7069842, 0.84850013, 0.6898037, 0.16868027]
[1.9988118, 0.95819205, 0.85762584, 0.182994]
[1.640313, 0.7666291, 0.7160979, 0.15758598]
[1.7534497, 0.7313602, 0.85575527, 0.16633412]
[1.8267517, 0.90010875, 0.7648858, 0.16175723]
[1.7903258, 0.931996, 0.6968957, 0.16143402]
[1.659162, 0.7987739, 0.6996016, 0.16078669]
[2.0734355, 0.83222735, 1.0788422, 0.16236602]
[1.6759222, 0.7824986, 0.7458103, 0.14761326]
[2.005302, 1.0455977, 0.7922809, 0.16742346]
[1.8369172, 0.72544056, 0.948578, 0.1628986]
[1.7082503, 0.79346853, 0.77795196, 0.13682982]
[1.7289476, 0.82449484, 0.74191475, 0.16253807]
[1.9061005, 0.76679254, 0.98583156, 0.15347652]
[1.8704045, 0.80655575, 0.9245436, 0.13930511]
[1.7848698, 0.87289345, 0.76595527, 0.14602105]
[1.8340759, 0.9875723, 0.7034551, 0.1430485]
[2.134627, 0.88732433, 1.1055511, 0.14175174]
[1.6107683, 0.6095797, 0.854859, 0.14632969]
[1.6581569, 0.60244673, 0.9114313, 0.14427876]
[1.8940436, 0.9887419, 0.77016425, 0.13513747]
[1.5703111, 0.77045363, 0.6481981, 0.15165922]
[1.9040492, 0.86923075, 0.8846431, 0.1501753]
[1.9109373, 0.9508566, 0.8183936, 0.1416871]
[1.5853311, 0.7529069, 0.68938804, 0.14303616]
[1.5796608, 0.7418128, 0.69598067, 0.14186731]
[1.9760123, 0.84144336, 0.9847995, 0.1497694]
[2.0979102, 1.1120253, 0.82680666, 0.15907826]
[1.8270674, 0.83717203, 0.8451607, 0.14473468]
[1.7510328, 0.90418476, 0.69769853, 0.1491495]
[1.7212677, 0.7587575, 0.8149271, 0.14758313]
[1.7453566, 0.7957248, 0.78295624, 0.16667551]
[1.8480575, 0.9463947, 0.7661153, 0.1355475]
[1.9291126, 1.0583582, 0.722267, 0.14848745]
[1.9519793, 1.0556083, 0.74627525, 0.15009585]
[1.7309256, 0.6922318, 0.8911013, 0.1475926]
[1.8081785, 0.7058672, 0.95991737, 0.1423939]
[1.5309141, 0.7700145, 0.6168934, 0.1440061]
[1.8365113, 0.92400366, 0.7632289, 0.14927875]
[1.7172279, 0.72233737, 0.8489991, 0.14589137]
[1.7099131, 0.6697849, 0.8800801, 0.1600481]
[1.9408431, 1.1015338, 0.7035774, 0.13573188]
[1.8899283, 0.83915085, 0.90032613, 0.15045139]
[1.8674278, 0.7717719, 0.95917, 0.13648592]
[1.7261246, 0.87081844, 0.70291436, 0.1523918]
[1.9096501, 0.70765114, 1.0547961, 0.14720282]
[1.8568593, 1.02072, 0.67487764, 0.16126172]
[1.7387016, 0.8489445, 0.7473921, 0.14236496]
[1.6473832, 0.7308141, 0.7665072, 0.1500619]
[1.5810304, 0.73358965, 0.70487046, 0.1425702]
[1.6877801, 0.6758908, 0.8756679, 0.13622138]
[1.5727279, 0.7198291, 0.6953727, 0.15752617]
[1.7070761, 0.8108133, 0.7336036, 0.16265914]
[1.7483822, 0.79386806, 0.8094239, 0.14509022]
[1.4656142, 0.5721377, 0.7406001, 0.1528764]
[1.7635833, 1.0414605, 0.56849086, 0.15363196]
[1.8659074, 0.83504546, 0.8792397, 0.15162227]
[1.5614688, 0.5723499, 0.83205223, 0.15706676]
[1.6922817, 0.7952565, 0.74094963, 0.15607554]
[1.6456568, 0.7992458, 0.67939746, 0.1670137]
[1.9141818, 0.5534097, 1.1836121, 0.17716]
[1.6974567, 0.9676107, 0.5673889, 0.16245712]
[1.8063749, 0.86788225, 0.7855991, 0.15289359]
[1.752971, 0.7703029, 0.8073244, 0.1753438]
[1.8809664, 0.771344, 0.9614049, 0.14821742]
[1.8338717, 0.9323045, 0.74997735, 0.15158987]
[1.8264573, 0.7788302, 0.89162236, 0.15600473]
[1.9589559, 0.89659643, 0.9213532, 0.14100619]
[1.645332, 0.7014278, 0.7990037, 0.14490047]
[1.7363006, 0.8133607, 0.760084, 0.16285601]
[1.6500554, 0.70811605, 0.79512316, 0.14681631]
[1.6676487, 0.7706493, 0.73924434, 0.15775506]
[1.7787882, 0.6862737, 0.927531, 0.1649835]
[1.9388252, 0.8491544, 0.93393546, 0.15573534]
[1.7824795, 0.746112, 0.8823727, 0.15399475]
[1.8079859, 0.8704467, 0.79553384, 0.14200532]
[1.863468, 0.84039485, 0.8794836, 0.14358959]
[1.6380055, 0.54004663, 0.9375707, 0.16038817]
[1.5972302, 0.7066051, 0.73125935, 0.15936582]
[1.7175014, 0.9405596, 0.6246632, 0.15227869]
[1.5624018, 0.60191244, 0.8089044, 0.1515848]
[1.8770719, 0.8165728, 0.89313424, 0.16736487]
[1.8676378, 1.0021673, 0.705014, 0.16045645]
[1.6942421, 0.81508875, 0.7299999, 0.1491535]
[1.9652226, 0.79905844, 1.0118738, 0.15429027]
[1.9061073, 0.94922686, 0.7989778, 0.15790263]
[1.751665, 0.9634948, 0.649416, 0.13875422]
[1.7446206, 0.64853835, 0.9342333, 0.16184887]
[1.84566, 0.9018539, 0.7963275, 0.14747852]
[1.6437526, 0.66278887, 0.84144723, 0.13951647]
[1.6922214, 0.6374651, 0.8978031, 0.15695305]
[1.6275961, 0.89785427, 0.5592238, 0.17051819]
[1.7703453, 0.9546464, 0.6652471, 0.15045181]
[1.8452133, 0.8823791, 0.80530405, 0.15753017]
[1.501422, 0.5131266, 0.8316536, 0.15664181]
[1.5742031, 0.7470357, 0.6648272, 0.16234028]
[1.7516233, 0.92314744, 0.6694736, 0.15900214]
[1.7486076, 0.62725323, 0.96143734, 0.15991707]
[2.0146308, 0.8056821, 1.0447178, 0.1642307]
[1.7067673, 0.80284226, 0.735132, 0.16879305]
[1.7371674, 0.8256418, 0.7419834, 0.16954212]
[1.6870667, 0.7262918, 0.8107686, 0.15000628]
[1.9164944, 1.0301151, 0.717435, 0.16894421]
[1.8368363, 0.76518047, 0.888282, 0.1833739]
[1.5347358, 0.56914145, 0.8063373, 0.1592571]
[1.5937034, 0.85517484, 0.5875163, 0.15101227]
[1.7009978, 0.7471546, 0.8001238, 0.15371944]
[1.8694268, 0.94797283, 0.7496887, 0.17176537]
[1.7187111, 0.8145516, 0.7360685, 0.16809112]
[1.8697593, 0.842832, 0.86944616, 0.15748121]
[1.8495815, 0.8254475, 0.8530295, 0.1711044]
[1.9374135, 0.980822, 0.80514896, 0.1514425]
[1.7168485, 0.8620496, 0.68667424, 0.1681247]
[1.773215, 0.9459848, 0.6617273, 0.16550308]
[1.8583971, 0.6811768, 1.028048, 0.14917234]
[1.8012074, 0.78473604, 0.8600858, 0.15638557]
[1.8601365, 1.0045409, 0.6961455, 0.15945008]
[1.778238, 0.69879574, 0.91839606, 0.16104628]
[1.6855593, 0.7777921, 0.77089477, 0.13687238]
[1.6802635, 0.8000232, 0.73320556, 0.14703472]
[1.7544134, 0.7849208, 0.8084743, 0.16101831]
[1.6483929, 0.73798406, 0.757573, 0.15283579]
[1.6692924, 0.70599055, 0.78919804, 0.1741039]
[1.6453136, 0.6780487, 0.808908, 0.15835702]
[1.9439055, 0.86028874, 0.91286767, 0.17074908]
[1.7347683, 0.81231266, 0.7637357, 0.15871994]
[1.6072118, 0.85472655, 0.58424175, 0.16824359]
[1.6528853, 0.6337789, 0.8462836, 0.17282283]
[1.806785, 0.78274095, 0.84592694, 0.1781172]
[1.860648, 0.9341262, 0.7571438, 0.16937807]
[1.747459, 0.65303546, 0.90988904, 0.18453455]
[1.7391386, 0.83032894, 0.74188256, 0.16692708]
[1.7158237, 0.7744485, 0.7822151, 0.15916005]
[1.5608512, 0.72752756, 0.67848706, 0.15483657]
[2.1746519, 0.9451848, 1.0689044, 0.16056272]
[1.8498898, 0.9152503, 0.7585816, 0.17605785]
[1.5544496, 0.63496864, 0.77128494, 0.14819595]
[1.7282424, 0.847363, 0.720937, 0.15994245]
[1.7891842, 0.7684107, 0.85891914, 0.16185439]
[1.8501738, 0.9495921, 0.7463795, 0.15420218]
[1.7680719, 0.71138173, 0.8898151, 0.1668751]
[1.7554812, 0.85356045, 0.7333702, 0.16855055]
[1.6473951, 0.7998173, 0.7036117, 0.14396626]
[1.6720631, 0.8099304, 0.71011376, 0.15201902]
[1.8170195, 0.8332583, 0.82708657, 0.15667462]
[1.7316583, 0.8909824, 0.68234575, 0.15833017]
[1.7302008, 0.74461955, 0.8319416, 0.1536396]
[1.8300363, 0.8271966, 0.82594, 0.17689963]
[1.6240319, 0.8177564, 0.65268815, 0.15358731]
[1.727125, 0.8228507, 0.7497808, 0.15449354]
[2.000021, 0.91586363, 0.9224298, 0.16172755]
[1.9928203, 0.90885043, 0.9215654, 0.16240448]
[1.7979319, 0.78541076, 0.85842067, 0.15410036]
[1.7755824, 0.90351593, 0.6854533, 0.18661322]
[1.7182692, 0.6838436, 0.8874221, 0.1470035]
[1.7945765, 1.0123949, 0.61698496, 0.16519666]
[1.911124, 0.62147987, 1.0984495, 0.1911946]
[1.6141543, 0.7690826, 0.6903398, 0.15473205]
[1.6166532, 0.86381835, 0.6016395, 0.15119523]
[1.9152116, 0.93073255, 0.8117207, 0.17275822]
[1.6847347, 0.7360488, 0.7945643, 0.15412149]
[1.7199194, 0.7372397, 0.82052755, 0.16215216]
[1.9309726, 0.9625037, 0.8080668, 0.16040206]
[1.7751057, 0.6972281, 0.9436201, 0.13425753]
[1.8277634, 1.0726627, 0.5964433, 0.15865742]
[1.6599383, 0.75936455, 0.75701356, 0.14356017]
[1.9556929, 0.75776625, 1.0329714, 0.16495523]
[1.6715952, 1.0451912, 0.48029405, 0.14610991]
[1.5255598, 0.8287348, 0.5307604, 0.16606463]
[1.6259563, 0.5284022, 0.92996955, 0.1675845]
[1.5618122, 0.6503135, 0.7208184, 0.19068022]
[1.6810063, 0.83986247, 0.6777403, 0.16340363]
[1.5966712, 0.67662376, 0.74533796, 0.17470948]
[1.6965215, 0.66256297, 0.84351647, 0.19044212]
[2.0121574, 0.7948148, 1.0353096, 0.18203294]
[1.7525563, 1.0511159, 0.5203935, 0.1810469]
[1.6445127, 0.6689971, 0.7936398, 0.18187569]
[1.5816056, 0.67228293, 0.71985304, 0.1894696]
[1.6901325, 0.83277214, 0.6386971, 0.21866333]
[1.6774285, 0.72661644, 0.75762033, 0.19319181]
[1.7416738, 0.8532147, 0.7194234, 0.16903579]
[1.7395408, 0.68609667, 0.88819337, 0.16525078]
[1.8302118, 1.0281041, 0.62826943, 0.17383829]
[1.714785, 0.7464353, 0.7910576, 0.1772921]
[1.7125527, 0.65990186, 0.8902545, 0.16239631]
[1.6177624, 0.7197566, 0.7200954, 0.17791049]
[1.9742115, 0.9483956, 0.8476971, 0.17811869]
[1.5201267, 0.68550855, 0.6644989, 0.1701192]
[1.8436738, 0.9632319, 0.711833, 0.16860887]
[1.7729682, 0.69866896, 0.89670104, 0.17759816]
[1.6591775, 0.7303331, 0.75762266, 0.1712218]
[1.6856096, 0.7027085, 0.7963259, 0.18657517]
[1.7169256, 0.7332907, 0.8129195, 0.17071548]
[1.9237123, 0.985853, 0.76881886, 0.16904046]
[1.9637693, 0.7429967, 1.0695524, 0.15122016]
[1.8706832, 1.0656114, 0.6339257, 0.17114615]
[1.7532942, 0.7722761, 0.82494056, 0.15607756]
[1.8251055, 0.79425895, 0.87002873, 0.16081783]
[1.7826588, 0.9428603, 0.65621495, 0.18358353]
[1.7008315, 0.7025186, 0.8460678, 0.15224516]
[1.6771448, 0.8940096, 0.6255687, 0.15756652]
[1.5468338, 0.6420976, 0.727414, 0.17732213]
[1.8175936, 0.8592181, 0.79382145, 0.16455394]
[1.8357058, 0.93694407, 0.7373718, 0.16138987]
[1.7860069, 0.7120232, 0.89952326, 0.17446044]
[1.4323386, 0.50389874, 0.7904471, 0.13799278]
[1.7030773, 0.8365892, 0.6799041, 0.18658403]
[1.4122761, 0.4562401, 0.7758303, 0.18020567]
[1.7387508, 1.0354102, 0.5317022, 0.17163834]
[1.6554446, 0.72735083, 0.75708854, 0.17100531]
[1.5820216, 0.57629025, 0.831724, 0.1740073]
[1.9140397, 0.99226195, 0.7440102, 0.17776763]
[2.0655944, 0.6381436, 1.2414753, 0.18597555]
[1.6924317, 0.8513661, 0.6883404, 0.15272519]
[1.6383181, 0.62099004, 0.8371773, 0.1801508]
[1.7661645, 0.84597874, 0.7582344, 0.1619514]
[1.7923849, 0.7445632, 0.8681367, 0.17968485]
[1.8777664, 0.7870097, 0.9137392, 0.17701739]
[1.485123, 0.69373953, 0.625763, 0.16562045]
[1.6897806, 0.686325, 0.8371454, 0.16631024]
