[1.7394869, 0.65900546, 0.915869, 0.16461256]
[1.8748132, 0.89913833, 0.8115417, 0.16413318]
[1.5589967, 0.6874266, 0.7212536, 0.15031649]
[1.7073357, 0.75059044, 0.80185664, 0.15488869]
[1.4102126, 0.5827508, 0.6661277, 0.16133419]
[1.9871393, 1.0311127, 0.78577256, 0.17025413]
[1.6580484, 0.68553466, 0.8205901, 0.15192369]
[1.6503438, 0.6533923, 0.8297485, 0.16720295]
[1.7201265, 0.8098129, 0.7513592, 0.15895435]
[1.8604896, 0.9536459, 0.7624172, 0.14442658]
[1.8102604, 1.0099982, 0.648592, 0.15167023]
[1.8884623, 0.69340014, 1.0250835, 0.16997863]
[1.6838031, 0.7126879, 0.8216836, 0.14943156]
[1.6385207, 0.73777425, 0.7423388, 0.15840772]
[1.6513463, 0.85179377, 0.62095463, 0.17859794]
[1.6921996, 0.6681578, 0.84677887, 0.17726295]
[1.7629275, 0.82832086, 0.7623097, 0.17229705]
[1.6473073, 0.5783775, 0.9190796, 0.14985026]
[1.7410464, 0.8753271, 0.6941731, 0.17154619]
[1.7543528, 0.8027884, 0.7818682, 0.16969627]
[1.5055137, 0.7469053, 0.5939388, 0.16466954]
[1.7010505, 0.7387279, 0.7775849, 0.18473768]
[1.9023795, 0.78193915, 0.95797586, 0.1624645]
[1.8173805, 0.8304875, 0.82674515, 0.16014786]
[1.8518834, 0.9117118, 0.79073584, 0.14943574]
[1.836267, 0.8227599, 0.8615218, 0.15198529]
[1.5485849, 0.6706753, 0.72248554, 0.15542418]
[1.4989694, 0.62057936, 0.69705427, 0.1813358]
[1.6363647, 0.74522495, 0.7099645, 0.18117519]
[1.7229791, 0.7005186, 0.8536801, 0.16878039]
[1.6665472, 0.8433578, 0.64630365, 0.17688574]
[1.6799388, 0.71365273, 0.7927835, 0.17350255]
[1.935605, 0.8256999, 0.93933415, 0.17057098]
[1.7051272, 0.8175634, 0.711157, 0.17640692]
[1.7218691, 0.6965754, 0.85168004, 0.17361364]
[1.6697866, 0.7401292, 0.7532805, 0.17637691]
[1.5989728, 0.6543149, 0.7665943, 0.17806362]
[1.3772689, 0.64658654, 0.5398058, 0.19087663]
[1.5945253, 0.74353296, 0.65207005, 0.19892241]
[1.6653557, 0.7727394, 0.7135334, 0.17908287]
[1.8431758, 1.0921636, 0.54805374, 0.20295845]
[1.4991034, 0.6328086, 0.6905848, 0.17571007]
[1.8694715, 0.8997092, 0.7805733, 0.18918897]
[1.9861828, 0.7889161, 1.0066762, 0.1905905]
[2.0346403, 0.86975425, 0.98731923, 0.17756668]
[1.7294961, 0.82378054, 0.7331728, 0.17254278]
[1.4577886, 0.7211673, 0.5463865, 0.19023478]
[1.8284671, 0.69332725, 0.9410398, 0.1941002]
[1.9425557, 0.9069651, 0.85700285, 0.17858762]
[1.8747084, 0.74091405, 0.93956697, 0.19422744]
[1.4122207, 0.6741942, 0.543021, 0.19500546]
[1.7878813, 0.8684255, 0.7378256, 0.18163022]
[1.7813033, 0.81533456, 0.7822256, 0.18374312]
[1.681872, 0.93276334, 0.57341707, 0.17569165]
[1.7616595, 0.6470658, 0.9420052, 0.17258844]
[1.6881262, 0.60411394, 0.9000484, 0.18396387]
[1.6166677, 0.6014674, 0.83600307, 0.17919731]
[1.8023431, 0.9491046, 0.6669946, 0.18624404]
[1.7051337, 0.75394964, 0.7535496, 0.19763443]
[1.3884699, 0.6392066, 0.58725226, 0.16201115]
[1.7936054, 0.6312002, 0.96050274, 0.2019025]
[2.0246184, 1.1418698, 0.685649, 0.19709969]
[1.7861412, 0.5822509, 1.0220447, 0.18184565]
[1.5487455, 0.72129136, 0.645416, 0.18203819]
[1.7322913, 0.79997927, 0.7624484, 0.16986375]
[1.5627766, 0.77067864, 0.6225251, 0.16957282]
[1.477604, 0.56636477, 0.7146198, 0.19661942]
[1.6474125, 0.81532323, 0.6387421, 0.19334722]
[1.9744613, 0.771292, 1.0196702, 0.18349916]
[1.7899909, 1.037078, 0.57372403, 0.17918882]
[1.6296654, 0.3943027, 1.0560865, 0.17927608]
[1.7377883, 0.89327943, 0.64446604, 0.20004287]
[1.7091511, 0.64249504, 0.878279, 0.18837711]
[2.0511446, 1.0239264, 0.837105, 0.19011335]
[1.8509324, 0.72353125, 0.96440995, 0.16299123]
[1.6123121, 0.64548594, 0.77141076, 0.19541544]
[1.9242163, 0.7734182, 0.9750377, 0.17576034]
[1.9652537, 0.9673835, 0.8062091, 0.1916611]
[1.6901882, 0.6896198, 0.82715774, 0.17341071]
[1.6262182, 0.7861922, 0.67809445, 0.1619316]
[1.9701753, 0.8476949, 0.9611122, 0.16136819]
[1.7546263, 0.99910533, 0.58796763, 0.1675533]
[1.8530774, 0.80057955, 0.8818503, 0.17064756]
[1.6074638, 0.8409954, 0.57540774, 0.19106081]
[1.7670636, 0.67377067, 0.9256867, 0.16760626]
[2.0736387, 1.1011667, 0.8220432, 0.15042886]
[1.6739297, 0.727146, 0.7745726, 0.17221108]
[1.7739158, 0.9198561, 0.6780059, 0.1760537]
[1.6228187, 0.7610751, 0.70296466, 0.15877885]
[1.616684, 0.6940906, 0.75818557, 0.16440776]
[1.8392007, 0.7140747, 0.9678788, 0.15724728]
[1.8139775, 0.9759173, 0.67699337, 0.16106674]
[1.7722713, 0.80583966, 0.8048644, 0.16156724]
[1.702938, 0.8017589, 0.7288327, 0.17234632]
[1.8849211, 0.7290634, 1.0008186, 0.15503901]
[1.8278332, 1.1973974, 0.4599599, 0.17047594]
[1.8331184, 0.75991875, 0.92875695, 0.14444277]
[1.6783144, 0.7544767, 0.78128475, 0.14255302]
[1.5211382, 0.61947346, 0.73342335, 0.16824141]
[1.8596628, 0.94601595, 0.7615582, 0.15208858]
[1.7714686, 0.65039045, 0.95602375, 0.16505438]
[1.8969638, 0.8986181, 0.85225475, 0.14609104]
[1.5575199, 0.63411903, 0.76971877, 0.15368208]
[1.5549129, 0.7613709, 0.6266836, 0.16685839]
[1.9017723, 0.8429687, 0.8956417, 0.16316186]
[1.8078585, 0.7616507, 0.8774987, 0.16870904]
[1.5749356, 0.7019785, 0.71516156, 0.15779555]
[1.8071828, 0.753685, 0.8819628, 0.17153496]
[1.5970598, 0.69219184, 0.73199236, 0.17287566]
[1.6663885, 0.44280088, 1.0573113, 0.16627637]
[1.8162436, 1.0241761, 0.63079584, 0.1612717]
[1.8311893, 0.75945115, 0.8936109, 0.17812717]
[1.7554052, 0.84386957, 0.7599982, 0.15153745]
[1.6616434, 0.8446982, 0.6592198, 0.1577255]
[1.653188, 0.7315885, 0.76211226, 0.15948725]
[1.6939803, 0.84049994, 0.69141686, 0.1620635]
[1.690303, 0.78675985, 0.72934043, 0.17420265]
[1.819607, 0.77170336, 0.86182076, 0.18608287]
[1.7623359, 0.8448998, 0.7411675, 0.17626867]
[1.6781634, 0.5529984, 0.95450443, 0.17066064]
[1.8211268, 0.8994373, 0.7568122, 0.16487727]
[1.8563559, 0.8671483, 0.8163352, 0.17287238]
[1.7745507, 0.8984053, 0.7138579, 0.1622875]
[1.8313379, 0.9901109, 0.68261766, 0.15860938]
[1.6996573, 0.60676205, 0.9179278, 0.17496738]
[1.6715729, 0.9938212, 0.5103228, 0.16742891]
[1.6122725, 0.6406201, 0.8063741, 0.16527832]
[1.8449218, 0.92911685, 0.7520883, 0.16371661]
[1.5614384, 0.71357, 0.66306496, 0.18480349]
[1.6371974, 0.6700989, 0.7914682, 0.17563024]
[1.8304676, 0.8398931, 0.82249236, 0.1680821]
[1.7031622, 0.8191047, 0.72589624, 0.15816124]
[1.8734968, 0.77334464, 0.94617087, 0.15398121]
[1.6116978, 0.761099, 0.6899401, 0.16065873]
[1.7531368, 0.874208, 0.70397055, 0.17495827]
[1.3465217, 0.54022557, 0.65354156, 0.15275465]
[1.5427041, 0.88808715, 0.47878194, 0.17583495]
[1.6428492, 0.60257435, 0.8721309, 0.16814399]
[1.7672215, 0.89261556, 0.69964266, 0.17496327]
[1.419555, 0.6147073, 0.623108, 0.18173963]
[1.7962099, 0.82615423, 0.7962865, 0.17376909]
[1.5911635, 0.86488813, 0.5389335, 0.18734185]
[2.0907118, 0.78622365, 1.1262242, 0.17826395]
[1.7619504, 0.9888203, 0.5875999, 0.18553022]
[1.7004478, 0.7167568, 0.79466915, 0.18902177]
[1.7231108, 0.7802561, 0.76439613, 0.1784586]
[1.6169227, 0.81236696, 0.60514814, 0.19940767]
[1.7944189, 0.84673285, 0.75900733, 0.1886787]
[1.6969016, 0.76609755, 0.7408162, 0.18998788]
[1.7327267, 0.7095741, 0.8454795, 0.17767315]
[1.756132, 0.79456484, 0.76762927, 0.19393793]
[1.5343353, 0.61756444, 0.7110653, 0.20570555]
[1.9908017, 1.0300535, 0.76505613, 0.19569209]
[1.7003542, 0.58894587, 0.9450835, 0.16632481]
[1.8337824, 0.88661873, 0.76907516, 0.17808849]
[1.5292913, 0.73180854, 0.61107004, 0.18641272]
[1.7389162, 0.8592082, 0.68525755, 0.19445038]
[1.5758041, 0.56673133, 0.82249796, 0.18657479]
[1.8654506, 0.9150752, 0.7473182, 0.20305724]
[1.8141172, 0.8205198, 0.79298437, 0.20061302]
[1.9596708, 0.8076401, 0.96955895, 0.18247175]
[1.7989396, 0.79905057, 0.82646435, 0.17342463]
[2.0540733, 0.95308846, 0.9303832, 0.17060152]
[1.6560795, 0.7819544, 0.6930706, 0.18105462]
[1.7684581, 0.82757616, 0.7833008, 0.15758106]
[1.890794, 1.0773222, 0.6473644, 0.16610737]
[1.922382, 0.7340728, 1.0009551, 0.18735406]
[1.8275028, 0.8594129, 0.7960934, 0.17199647]
[1.9934503, 0.91372144, 0.9057292, 0.1739997]
[1.5555094, 0.68567556, 0.69980884, 0.17002502]
[1.6808674, 0.8224973, 0.6834196, 0.1749506]
[1.7136767, 0.829674, 0.717154, 0.16684869]
[1.8476312, 0.80111647, 0.884638, 0.1618767]
[1.5555211, 0.7651317, 0.6130375, 0.17735179]
[1.6095512, 0.769847, 0.68075305, 0.15895116]
[1.8573, 0.87790513, 0.8171814, 0.16221362]
[1.6867065, 0.78960526, 0.7358954, 0.16120584]
[1.4859927, 0.6123321, 0.7085784, 0.1650822]
[1.5229566, 0.8599669, 0.50868523, 0.15430455]
[1.840753, 0.8413653, 0.8332547, 0.16613305]
[1.8086972, 0.7446661, 0.8898347, 0.17419648]
[1.8517948, 0.748404, 0.94030833, 0.16308251]
[1.8626835, 0.8176267, 0.8736103, 0.17144656]
[1.9029462, 0.92773706, 0.8006161, 0.17459306]
[1.7942976, 0.82171, 0.8174891, 0.15509859]
[1.7632682, 0.80612147, 0.7865609, 0.1705859]
[1.6931993, 0.9127052, 0.6229889, 0.15750518]
[1.7280847, 0.69340694, 0.86705524, 0.16762243]
[1.9089111, 0.83344257, 0.9198515, 0.15561715]
[1.737573, 0.7529991, 0.819241, 0.16533294]
[1.740633, 0.66758066, 0.91468227, 0.15836996]
[1.6900408, 0.7989564, 0.72216874, 0.16891576]
[1.5907221, 0.560104, 0.86703485, 0.16358334]
[1.8549125, 0.92644244, 0.76337594, 0.1650942]
[1.639657, 0.7049478, 0.7901571, 0.14455205]
[1.8465096, 0.7591468, 0.9104662, 0.17689659]
[1.7334536, 1.0061109, 0.5483852, 0.17895761]
[1.749907, 0.46164027, 1.1337992, 0.15446758]
[1.9806242, 1.2374358, 0.5745079, 0.16868049]
[1.8866203, 0.78202504, 0.95007616, 0.15451907]
[1.6989845, 0.68615556, 0.86293447, 0.14989452]
[1.6864071, 0.8744117, 0.6655571, 0.14643839]
[2.0625708, 0.934952, 0.9723585, 0.15526025]
[1.7596753, 0.93499345, 0.67491525, 0.14976662]
[1.5393249, 0.68994826, 0.6916042, 0.15777247]
[1.7129502, 0.71751475, 0.8353684, 0.16006711]
[1.8915902, 0.7995781, 0.92618454, 0.1658276]
[1.4574198, 0.84106904, 0.4522894, 0.16406134]
[1.3027067, 0.49581653, 0.6379347, 0.1689556]
[1.5330106, 0.62836885, 0.73459876, 0.17004304]
[1.6851028, 0.90560716, 0.59704787, 0.18244784]
[1.7614269, 0.7746166, 0.820248, 0.16656232]
[1.7703288, 0.8101251, 0.76997626, 0.19022739]
[1.6168929, 0.70841795, 0.75575376, 0.15272126]
[1.9894112, 0.62274134, 1.193922, 0.17274785]
[1.8317736, 1.0268581, 0.6593166, 0.14559896]
[1.8494326, 0.6876419, 0.99361527, 0.16817537]
[1.7667253, 0.8636646, 0.73263943, 0.1704213]
[1.8330562, 0.96018755, 0.7210262, 0.1518425]
[1.626601, 0.78374606, 0.6697643, 0.17309074]
[1.7807732, 0.85804963, 0.7628632, 0.15986034]
[1.7465549, 0.92025506, 0.6773021, 0.14899772]
[1.8582026, 0.71899414, 0.96621966, 0.1729888]
[1.8049228, 1.018777, 0.61913806, 0.16700764]
[1.8497977, 0.9200077, 0.7619767, 0.16781324]
[1.9328731, 0.6583172, 1.1183933, 0.15616262]
[1.7237147, 0.9241867, 0.63681334, 0.16271457]
[1.8986187, 1.0027108, 0.73958987, 0.15631796]
[1.6484094, 0.7981615, 0.70098114, 0.14926669]
[1.7987657, 0.71463144, 0.93853754, 0.1455968]
[1.7441442, 0.78623646, 0.7868475, 0.17106026]
[1.6616508, 0.84812665, 0.6516209, 0.16190329]
[1.6515416, 0.7399206, 0.7560529, 0.15556803]
[1.7302897, 1.0451056, 0.5339608, 0.15122324]
[1.6187831, 0.49008095, 0.980409, 0.14829311]
[1.7083611, 0.80833066, 0.7320158, 0.16801476]
[1.7420065, 0.70298743, 0.8803869, 0.15863225]
[1.8381984, 0.8074514, 0.8670193, 0.1637278]
[1.6886101, 0.68817997, 0.840891, 0.15953916]
[1.7907906, 0.9803972, 0.64306355, 0.16732976]
[1.7233741, 0.62427616, 0.94195, 0.15714785]
[1.8050032, 0.886365, 0.7486135, 0.17002459]
[1.5416049, 0.60346663, 0.7980541, 0.14008418]
[1.7097621, 0.75714386, 0.8058604, 0.14675789]
[1.6147507, 0.6088345, 0.8466284, 0.15928778]
[1.7155058, 0.82371515, 0.72021675, 0.1715739]
[2.100156, 0.9288026, 0.9944552, 0.17689826]
[1.7362915, 0.80469847, 0.7643205, 0.16727257]
[1.8517988, 0.8693388, 0.80543685, 0.17702323]
[1.7570747, 0.76205975, 0.83979607, 0.15521896]
[1.7973758, 0.7913276, 0.83992517, 0.16612299]
[1.673646, 0.698583, 0.8094993, 0.16556355]
[1.860801, 0.8594383, 0.83743775, 0.16392495]
[1.45352, 0.6052774, 0.6870949, 0.16114774]
[1.989576, 1.0598173, 0.7660935, 0.16366513]
[1.7717454, 0.57243377, 1.0562787, 0.14303303]
[1.2422342, 0.5385357, 0.5433428, 0.16035572]
[1.5559684, 0.69715345, 0.6893283, 0.16948663]
[1.8338053, 0.8216667, 0.8319459, 0.18019265]
[1.6935338, 0.89175093, 0.6237706, 0.17801228]
[1.6336485, 0.7665436, 0.6950348, 0.1720701]
[1.6453915, 0.5476879, 0.9100574, 0.18764621]
[1.8019542, 0.7686987, 0.8568596, 0.17639577]
[1.5696672, 0.7164812, 0.65670145, 0.19648458]
[1.9271533, 1.0937696, 0.64372313, 0.18966064]
[1.5752861, 0.7645478, 0.6304933, 0.1802451]
[1.4685522, 0.55557334, 0.745987, 0.1669918]
[1.8281031, 0.7294889, 0.9031229, 0.19549134]
[1.9432786, 0.9900556, 0.7870985, 0.16612437]
[1.8633368, 0.88403213, 0.7917441, 0.1875605]
[1.6268235, 0.6665866, 0.80076087, 0.15947616]
[1.9245936, 0.94980526, 0.7933351, 0.18145327]
[1.6608336, 0.6756439, 0.7989751, 0.18621454]
[1.9618695, 1.1444111, 0.6388116, 0.17864686]
[1.9081911, 0.79882044, 0.9509859, 0.1583847]
[1.6159437, 0.9183456, 0.5433121, 0.15428597]
[1.6558616, 0.6601447, 0.833541, 0.1621759]
[1.4853783, 0.81388307, 0.5034576, 0.16803771]
[1.6205693, 0.78977215, 0.63829553, 0.19250166]
[1.7173913, 0.89525694, 0.6513401, 0.17079423]
[1.9169269, 0.91087997, 0.8454709, 0.16057596]
[1.7508746, 0.5715425, 0.9769641, 0.20236802]
[1.8269762, 1.0551069, 0.614365, 0.15750432]
[2.0002704, 1.0043783, 0.8128809, 0.18301105]
[1.8062046, 0.6701907, 0.95703244, 0.17898136]
[1.5584259, 0.74991333, 0.6390596, 0.16945294]
[1.6319427, 0.6926544, 0.76524854, 0.1740399]
[1.5452759, 0.49833876, 0.8797014, 0.16723582]
[1.6173005, 0.7335347, 0.71692806, 0.16683763]
[1.6735041, 0.8955654, 0.6183971, 0.15954162]
[1.867718, 0.7498627, 0.94366753, 0.17418772]
[1.7203925, 0.71239954, 0.8402462, 0.16774678]
[1.7299224, 0.8267921, 0.73730195, 0.1658283]
[1.3352991, 0.5584128, 0.5901653, 0.18672098]
[1.5966489, 0.686053, 0.71420884, 0.196387]
[1.6017278, 0.8136396, 0.5958595, 0.1922287]
[1.7014798, 0.58844817, 0.9317356, 0.18129599]
[1.692745, 0.5293807, 0.97801924, 0.18534508]
[1.3686491, 0.723467, 0.4698227, 0.17535934]
[1.4579685, 0.4996423, 0.77873516, 0.17959091]
[1.6960307, 0.9116849, 0.5944538, 0.18989205]
[1.8419856, 0.8397789, 0.8158424, 0.18636428]
[1.5706984, 0.5683614, 0.8059968, 0.1963402]
[1.6392195, 0.5354123, 0.9392662, 0.16454104]
[1.4867759, 0.7349351, 0.5598047, 0.19203612]
[1.5740119, 0.36696595, 1.0182348, 0.1888112]
[1.768601, 0.9459362, 0.64044064, 0.18222404]
[1.8161048, 0.77705956, 0.8457663, 0.19327894]
[1.8305442, 0.963541, 0.68014336, 0.18685985]
[1.6241214, 0.69981915, 0.7365514, 0.18775086]
[1.6606301, 0.41622823, 1.0441562, 0.2002457]
[1.7787268, 1.1699873, 0.41990748, 0.1888321]
[1.8108718, 0.6806961, 0.9305549, 0.19962078]
[1.7688513, 0.72177017, 0.84074044, 0.20634073]
[1.8264254, 0.9684658, 0.6765611, 0.18139854]
[1.6600196, 0.8488368, 0.64787376, 0.16330907]
[1.6004648, 0.66042376, 0.7542162, 0.18582481]
[1.6253124, 0.78530693, 0.6521028, 0.18790269]
[1.5449169, 0.56696284, 0.8021039, 0.17585021]
[1.6734947, 0.91166604, 0.58366156, 0.17816707]
[1.971068, 1.035336, 0.74012053, 0.19561148]
[1.7738839, 0.7087784, 0.89739805, 0.16770759]
[1.7190849, 0.6972888, 0.8338947, 0.18790142]
[1.8122433, 0.89127564, 0.7573631, 0.16360459]
[1.8160158, 0.8420763, 0.80136406, 0.17257547]
[1.7275375, 0.64822555, 0.89906526, 0.1802467]
[1.793251, 0.9950319, 0.63378155, 0.16443756]
[1.5819627, 0.7346362, 0.682344, 0.16498247]
[2.0354125, 1.1709753, 0.6810833, 0.18335396]
[1.6837661, 0.5283127, 1.0080075, 0.14744592]
[1.7946153, 0.94678646, 0.6572714, 0.19055751]
[1.9779199, 0.8448147, 0.968374, 0.16473117]
[1.7644877, 0.9268356, 0.6618009, 0.17585126]
[1.8768283, 0.75351363, 0.9518528, 0.17146197]
[1.9449607, 1.0172963, 0.772701, 0.15496334]
[1.8866277, 1.034838, 0.7000618, 0.15172787]
[1.8243511, 0.8763815, 0.7925998, 0.15536976]
[1.9309313, 0.93588793, 0.81851614, 0.1765272]
[1.7052089, 0.6916448, 0.85017717, 0.16338693]
[1.593391, 0.77395046, 0.6495667, 0.16987374]
[1.8405564, 0.7134919, 0.9588145, 0.16825001]
[1.8623561, 1.1305752, 0.564188, 0.16759287]
[1.8966148, 0.7261888, 1.0075725, 0.16285351]
[1.6710459, 0.77592194, 0.7259694, 0.16915454]
[1.5739189, 0.81297624, 0.5971406, 0.163802]
[1.8840215, 0.62799203, 1.078428, 0.17760152]
[1.7599496, 0.76853645, 0.8194604, 0.17195275]
[1.546845, 0.8762562, 0.52225447, 0.14833425]
[1.6379676, 0.874581, 0.5962476, 0.167139]
[1.7694216, 0.7759805, 0.83100593, 0.16243513]
[1.7523984, 0.74810904, 0.84688085, 0.15740845]
[1.5610905, 0.6783509, 0.72220397, 0.1605356]
[1.8051156, 0.86567163, 0.7711773, 0.1682667]
[1.8825177, 0.95927393, 0.7442707, 0.17897305]
[1.8040831, 0.8802732, 0.75874543, 0.16506451]
[1.748147, 0.69424736, 0.88562286, 0.16827673]
[1.3829278, 0.7225982, 0.4848494, 0.17548025]
[1.737223, 0.6668314, 0.9156414, 0.15475026]
[1.7394297, 0.9463463, 0.62140155, 0.17168182]
[1.7983769, 0.68294954, 0.9422469, 0.17318043]
[2.0674908, 0.9721102, 0.9269165, 0.1684642]
[1.6586688, 0.75941014, 0.7355382, 0.1637204]
[1.7758644, 0.91122055, 0.7081778, 0.15646599]
[1.8272015, 0.7274345, 0.94749314, 0.15227374]
[1.4916695, 0.78600013, 0.522264, 0.18340541]
[1.7900925, 0.84536326, 0.7774484, 0.16728073]
[1.6927289, 0.7749585, 0.7615916, 0.15617879]
[1.7970196, 0.85525167, 0.78126764, 0.16050026]
[1.8684653, 0.8055228, 0.89429617, 0.16864629]
[1.4868761, 0.6933234, 0.6358506, 0.15770209]
[1.6558979, 0.74926317, 0.7633445, 0.14329019]
[1.7990063, 0.73455524, 0.89331305, 0.1711381]
[1.819684, 0.9975827, 0.63706934, 0.18503198]
[1.8318212, 0.61491776, 1.0402617, 0.17664167]
[1.813143, 0.92242336, 0.7141805, 0.17653915]
[1.5325633, 0.6677551, 0.7184222, 0.14638598]
[1.4719851, 0.71061444, 0.6001244, 0.16124624]
[1.6923344, 0.9178355, 0.5972038, 0.17729521]
[1.7419643, 0.73904645, 0.8240208, 0.17889713]
[1.6503708, 0.70597064, 0.76110053, 0.1832996]
[1.8047724, 0.8677919, 0.7574083, 0.1795721]
[1.6647037, 0.71360916, 0.7973826, 0.15371194]
[1.6670902, 0.81895125, 0.6706401, 0.17749888]
[2.0787423, 0.887151, 1.0064433, 0.18514806]
[1.6656294, 0.7046033, 0.81906927, 0.14195675]
[1.6371019, 0.68246424, 0.7748743, 0.17976335]
[1.6965445, 0.6858833, 0.83427787, 0.17638338]
[1.7768908, 0.8459248, 0.7618289, 0.16913699]
[1.82324, 0.76777637, 0.8950113, 0.16045238]
[1.6447986, 0.7228745, 0.74193436, 0.17998974]
[1.7668886, 0.70442235, 0.89340323, 0.16906303]
[1.6892607, 0.81771636, 0.7083806, 0.16316372]
[1.5081569, 0.60644925, 0.735678, 0.16602957]
[1.7236625, 0.8849291, 0.6481623, 0.1905711]
[1.5011425, 0.4546072, 0.8821751, 0.16436026]
[1.9141104, 0.91566336, 0.8016526, 0.19679448]
[1.6749017, 0.8397147, 0.6466514, 0.18853572]
[1.8624429, 0.96854246, 0.73367757, 0.16022287]
[1.6973909, 0.6581924, 0.8596971, 0.17950144]
[1.6144631, 0.5898501, 0.8504134, 0.17419955]
[1.8909457, 0.9432144, 0.77123106, 0.1765002]
[1.8001132, 0.58013594, 1.0610179, 0.15895934]
[1.4818499, 0.7261783, 0.57114947, 0.18452221]
[1.9654205, 0.9370488, 0.84703815, 0.18133356]
[1.9022231, 0.8587428, 0.87352544, 0.1699549]
[1.7050538, 0.7595909, 0.7881476, 0.15731522]
[1.664371, 0.71249497, 0.7607057, 0.19117029]
[1.9084429, 1.0996404, 0.63470006, 0.17410243]
[1.6704211, 0.8154669, 0.67793286, 0.17702144]
[1.5179422, 0.5984626, 0.7481543, 0.17132528]
[1.7681947, 0.8233039, 0.7754261, 0.16946465]
[1.623574, 0.62615377, 0.81892514, 0.17849515]
[1.5614644, 0.6972864, 0.6994457, 0.1647323]
[1.6605779, 0.81338745, 0.65841246, 0.18877807]
[2.0780916, 1.0271811, 0.85643446, 0.19447595]
[1.6377397, 0.7031257, 0.7803984, 0.15421551]
[1.7465049, 0.76653975, 0.8052244, 0.17474063]
[1.8340256, 0.87202835, 0.79794014, 0.16405714]
[1.8076239, 0.77928215, 0.8612553, 0.16708636]
[1.7615068, 0.8541361, 0.7425794, 0.16479139]
[1.7918645, 0.8379098, 0.7863474, 0.16760732]
[1.777296, 0.76826143, 0.8571042, 0.15193036]
[1.579791, 0.6171967, 0.78360903, 0.17898528]
[1.9419799, 0.8429993, 0.9246522, 0.1743283]
[1.7301799, 0.8904929, 0.6568712, 0.18281583]
[1.6009932, 0.70036966, 0.72363544, 0.17698812]
[1.7617886, 0.80840874, 0.7572378, 0.19614202]
[1.6200206, 0.6019738, 0.83214253, 0.18590432]
[1.6009214, 0.7662348, 0.66625565, 0.16843095]
[1.6627532, 0.76741934, 0.7201395, 0.17519438]
[1.9254199, 0.92369354, 0.83534265, 0.16638377]
[1.7128333, 0.83889616, 0.7010951, 0.172842]
[1.5305095, 0.7051938, 0.657743, 0.16757268]
[1.9704802, 0.6285602, 1.1625495, 0.17937054]
[1.7971032, 1.1003882, 0.50381577, 0.1928992]
[1.8319542, 0.82668984, 0.83485407, 0.1704104]
[1.8476408, 0.76142424, 0.90404165, 0.18217489]
[1.5442103, 0.6645678, 0.7091465, 0.17049594]
[1.8986387, 1.0599144, 0.6615305, 0.17719382]
[1.7655681, 0.7332833, 0.8733182, 0.15896663]
[1.6386061, 0.6754652, 0.78698283, 0.17615792]
[1.6236771, 0.8570643, 0.59652627, 0.17008646]
[1.9515363, 0.88870174, 0.9100078, 0.15282679]
[1.7932137, 0.73042107, 0.8943472, 0.16844547]
[1.8845661, 0.9223141, 0.7924456, 0.16980633]
[1.6169161, 0.8228642, 0.6212218, 0.17283015]
[1.662071, 0.8656738, 0.6194558, 0.17694134]
[1.7668482, 0.6304219, 0.9458342, 0.1905922]
[1.760505, 0.85509974, 0.7308048, 0.17460036]
[1.6597849, 0.6175499, 0.8586472, 0.18358779]
[1.8811753, 1.0027294, 0.69220406, 0.18624191]
[1.8262899, 0.65014887, 1.0003269, 0.17581412]
[1.8584274, 1.0845282, 0.6056227, 0.16827643]
[1.6261079, 0.55433774, 0.88568926, 0.18608099]
[1.8294078, 0.8712728, 0.77579033, 0.18234465]
[1.7125938, 0.66796255, 0.8669758, 0.1776554]
[1.7466621, 0.8556895, 0.7240287, 0.16694388]
[1.7184741, 0.5513634, 1.0106866, 0.15642402]
[1.6617395, 0.86049515, 0.6293867, 0.17185757]
[1.8159411, 0.80555487, 0.83776534, 0.17262092]
[1.7426128, 0.683169, 0.90739065, 0.15205316]
[1.8913174, 0.70707226, 1.0184711, 0.16577396]
[1.7142193, 0.8881169, 0.65757203, 0.1685304]
[1.8608065, 0.8304502, 0.8750834, 0.15527298]
[1.8022372, 0.8343785, 0.8001361, 0.16772258]
[1.5411313, 0.78331757, 0.5816265, 0.17618725]
[1.7687044, 0.9246528, 0.682026, 0.1620256]
[1.7429073, 0.62584263, 0.93738127, 0.17968339]
[1.6360648, 0.66422546, 0.82116914, 0.15067013]
[1.6952307, 0.96900916, 0.5441115, 0.1821101]
[2.0211787, 0.92251176, 0.9463999, 0.15226698]
[1.7325213, 0.67065275, 0.91236347, 0.14950517]
[1.8997221, 0.86006904, 0.8839938, 0.15565924]
[1.5617092, 0.61231136, 0.7855287, 0.16386917]
[1.5051757, 0.729313, 0.6187891, 0.1570736]
[1.889368, 0.9729539, 0.7450877, 0.17132643]
[1.8259251, 0.8260441, 0.8384869, 0.16139412]
[1.6867346, 0.8272743, 0.6976533, 0.16180694]
[1.5416172, 0.7143482, 0.66322494, 0.16404407]
[1.6346498, 0.5637969, 0.9150325, 0.1558204]
[1.7582628, 0.84315956, 0.73666775, 0.17843542]
[1.7381421, 0.83709913, 0.726897, 0.17414606]
[1.5620165, 0.7759563, 0.6138004, 0.1722598]
[1.6786007, 0.7832537, 0.72207594, 0.17327102]
[1.7983525, 0.7143023, 0.9276105, 0.15643966]
[1.7594697, 0.78258306, 0.81604195, 0.16084483]
[1.9319919, 0.9386362, 0.80437094, 0.18898478]
[1.6172148, 0.71679497, 0.7154796, 0.18494017]
[1.8104284, 0.89878416, 0.7285086, 0.18313563]
[1.7759333, 0.7150577, 0.8930577, 0.16781789]
[2.0430048, 1.0838413, 0.7986914, 0.16047195]
[1.7393243, 0.779474, 0.8033582, 0.15649211]
[1.8618217, 0.80283207, 0.8882575, 0.17073196]
[1.8600955, 0.86857677, 0.82595146, 0.16556722]
[1.890552, 0.8498997, 0.87461865, 0.1660338]
[1.7858557, 0.96694523, 0.6695262, 0.14938417]
[1.6270304, 0.73568976, 0.74230623, 0.14903432]
[1.6164482, 0.7971153, 0.66645813, 0.15287465]
[1.6767079, 0.75644875, 0.7700001, 0.15025903]
[1.7208555, 0.8587804, 0.68672824, 0.1753468]
[1.590644, 0.69115317, 0.7548248, 0.1446661]
[1.4065303, 0.52544755, 0.70128024, 0.17980254]
[1.817568, 1.0785816, 0.5707268, 0.16825947]
[1.7850707, 0.7192713, 0.90530074, 0.16049868]
[1.7838271, 0.63729525, 0.9838463, 0.16268557]
[1.7001705, 0.93568057, 0.6003836, 0.16410637]
[1.833415, 0.886472, 0.7883078, 0.15863532]
[1.7748098, 0.87589395, 0.7269631, 0.17195275]
[1.702819, 0.76322055, 0.78065884, 0.1589396]
[1.6178904, 0.7269727, 0.7286461, 0.1622715]
[1.8585907, 0.94637036, 0.7612828, 0.15093757]
[1.5755196, 0.5700023, 0.8425226, 0.16299458]
[1.7302687, 0.7058209, 0.86129326, 0.16315459]
[1.6703054, 0.76263183, 0.733993, 0.17368051]
[1.6911922, 0.79988974, 0.7002857, 0.19101667]
[1.6293596, 0.6822414, 0.7577002, 0.18941796]
[1.7927043, 0.87377185, 0.7492043, 0.16972834]
[1.7317821, 0.77214026, 0.78251916, 0.17712267]
[1.5666318, 0.57263315, 0.79963076, 0.19436783]
[1.7378149, 0.81188947, 0.7460816, 0.17984396]
[1.7362795, 0.6943549, 0.85235596, 0.18956867]
[1.5724124, 0.7589171, 0.64815724, 0.165338]
[1.637707, 0.62856555, 0.841908, 0.16723353]
[1.8136609, 1.0524225, 0.5782652, 0.18297315]
[1.5742388, 0.47983205, 0.9165584, 0.17784828]
[1.8110929, 0.9318932, 0.69063, 0.18856955]
[1.3596348, 0.5805521, 0.617061, 0.16202167]
[1.8031937, 0.9627737, 0.65328956, 0.1871304]
[1.61345, 0.7539975, 0.6670402, 0.19241233]
[1.8548473, 0.78761435, 0.8827752, 0.18445775]
[1.7238791, 0.72468257, 0.8228973, 0.17629915]
[1.9688842, 1.1071649, 0.70000815, 0.16171117]
[1.5062014, 0.73210275, 0.60411465, 0.16998395]
[1.6334968, 0.822167, 0.6346805, 0.1766493]
[1.6791326, 0.76186717, 0.75335026, 0.16391519]
[1.6856518, 0.7049139, 0.81148875, 0.16924912]
[1.723634, 0.88168895, 0.66079736, 0.18114772]
[1.5762547, 0.7787653, 0.6212218, 0.17626764]
[1.6440465, 0.7421702, 0.723873, 0.17800331]
[1.4655241, 0.54721636, 0.7280627, 0.19024503]
[1.845157, 0.87148964, 0.79112935, 0.182538]
[1.7179658, 0.48504582, 1.0519907, 0.18092926]
[1.8667824, 1.0353372, 0.6432976, 0.18814754]
[1.8107169, 0.7919699, 0.8368981, 0.18184891]
[1.8216187, 0.8333595, 0.8164499, 0.17180929]
[1.8316182, 1.0196822, 0.6380465, 0.17388956]
[1.6931957, 0.59989643, 0.9095019, 0.18379739]
[1.3645115, 0.7753755, 0.4173668, 0.17176914]
[1.7720445, 0.642985, 0.9378393, 0.1912202]
[1.7130015, 0.79148114, 0.7347883, 0.18673202]
[1.6303957, 0.6069721, 0.8246464, 0.19877714]
[1.72359, 0.92440176, 0.6102816, 0.18890664]
[1.7086372, 0.7306107, 0.7876364, 0.19039017]
[1.8955691, 0.9386426, 0.7708315, 0.18609506]
[1.5820924, 0.5979, 0.8101988, 0.17399374]
[1.6609248, 0.5770061, 0.8878331, 0.19608553]
[1.8714465, 1.0076101, 0.6569886, 0.20684779]
[1.5856123, 0.67038363, 0.7355701, 0.17965868]
[1.7105968, 0.89398277, 0.614018, 0.2025959]
[1.8780048, 0.68444234, 1.005312, 0.1882506]
[1.7427306, 0.72369593, 0.8241488, 0.19488598]
[1.8742548, 0.9198501, 0.757409, 0.19699576]
[1.6863256, 0.7652507, 0.7123828, 0.20869212]
[1.991817, 0.8646735, 0.92681444, 0.200329]
[1.7630353, 0.7308394, 0.8346865, 0.19750938]
[2.220081, 0.9945601, 1.0592788, 0.16624203]
[1.5985732, 0.7707911, 0.6588934, 0.16888866]
[1.680323, 0.77913195, 0.7460125, 0.15517853]
[1.6369113, 0.93679154, 0.53522086, 0.1648989]
[1.7273347, 0.52751994, 1.022347, 0.17746785]
[1.9601921, 0.977265, 0.7811872, 0.20173994]
[1.6123625, 0.7775928, 0.67257804, 0.16219178]
[1.7471428, 0.7001024, 0.86772555, 0.17931484]
[1.4653562, 0.72398025, 0.5646897, 0.17668629]
[1.7664896, 0.63416237, 0.93874514, 0.19358215]
[1.5672672, 0.8331307, 0.53737473, 0.19676176]
[1.639972, 0.68031037, 0.78114974, 0.1785118]
[1.6058966, 0.53878665, 0.9066632, 0.16044678]
[1.845638, 0.9124305, 0.7672594, 0.16594811]
[1.710829, 0.74493825, 0.7762407, 0.18965009]
[1.7303393, 0.68146956, 0.86490947, 0.18396021]
[1.8860778, 0.96846205, 0.7348454, 0.18277037]
[1.8120316, 0.88592625, 0.7436281, 0.1824774]
[1.7514405, 0.6773366, 0.9162161, 0.1578879]
[1.5141294, 0.5173631, 0.8408996, 0.15586679]
[1.791091, 1.0454292, 0.5802491, 0.16541271]
[1.6333588, 0.8330312, 0.63588184, 0.16444571]
[1.7838211, 0.6261785, 0.97691566, 0.18072695]
[1.5859092, 0.772699, 0.6288815, 0.18432868]
[1.9067857, 1.0055344, 0.7216358, 0.17961556]
[1.8510653, 0.59479064, 1.0802863, 0.17598835]
[1.6943399, 0.7560403, 0.7693647, 0.16893497]
[1.771963, 0.72959745, 0.8712092, 0.17115629]
[1.7277564, 0.6945113, 0.86074317, 0.17250195]
[1.7697923, 0.96427214, 0.6450112, 0.16050893]
[1.7363777, 0.92951524, 0.62746453, 0.17939799]
[1.468339, 0.52364945, 0.7508721, 0.19381738]
[1.536203, 0.66944915, 0.7015953, 0.1651586]
[1.6414962, 0.72736436, 0.72849727, 0.18563467]
[1.6918707, 0.82078063, 0.696062, 0.1750281]
[1.7507097, 0.84913385, 0.72144616, 0.18012968]
[1.8972223, 0.69515157, 1.025629, 0.17644167]
[1.7071954, 0.7363423, 0.7740134, 0.19683966]
[1.7143172, 0.89419913, 0.6392797, 0.18083836]
[1.7683105, 0.89386487, 0.7112379, 0.16320774]
[1.8350769, 0.9115945, 0.73371303, 0.18976939]
[1.9871985, 0.8294891, 0.9857239, 0.17198554]
[1.8021101, 1.061624, 0.554677, 0.18580905]
[1.6497227, 0.8420176, 0.6486772, 0.1590279]
[1.6411066, 0.68253744, 0.79193693, 0.1666322]
[1.6588104, 0.98029256, 0.5136453, 0.16487247]
[1.9739603, 0.7319616, 1.0603218, 0.1816769]
[1.7632408, 1.0100111, 0.5700688, 0.18316102]
[1.7771174, 0.8770442, 0.7258805, 0.1741927]
[1.6993563, 0.64816856, 0.88829803, 0.16288966]
[1.6168034, 0.6177422, 0.8214722, 0.177589]
[1.7036651, 0.8650658, 0.66533625, 0.1732631]
[1.8469641, 0.8658752, 0.79256827, 0.18852073]
[1.6838465, 0.5546354, 0.9584996, 0.17071152]
[1.8391144, 0.7468349, 0.9166531, 0.17562652]
[1.873332, 0.8545253, 0.8313899, 0.18741679]
[1.8985627, 0.9618099, 0.75253314, 0.18421954]
[1.7793171, 0.60509515, 1.0067663, 0.1674557]
[1.7160165, 0.86247873, 0.674044, 0.17949373]
[1.5565345, 0.6214925, 0.7727729, 0.16226915]
[1.5018448, 0.7103131, 0.6125698, 0.17896183]
[1.5650538, 0.5978412, 0.80233794, 0.16487467]
[1.3933922, 0.7255461, 0.491842, 0.17600408]
[1.7468882, 0.81488997, 0.7227293, 0.20926875]
[1.7497954, 0.6453701, 0.91934395, 0.1850813]
[1.5054679, 0.82457584, 0.48748216, 0.19340989]
[1.9109617, 1.0061417, 0.7267977, 0.17802238]
[1.6553652, 0.7481628, 0.72814703, 0.17905545]
[1.9900824, 0.75400734, 1.0610349, 0.17504016]
[2.0476024, 1.1752834, 0.71813625, 0.15418278]
[1.6751851, 0.700211, 0.81449497, 0.16047914]
[1.8839235, 0.92105156, 0.7849529, 0.17791915]
[1.9044014, 0.95204806, 0.7789639, 0.1733894]
[1.5214843, 0.54778504, 0.8017143, 0.17198487]
[1.6537255, 0.5752195, 0.89977896, 0.17872706]
[1.6597643, 0.69960904, 0.7836518, 0.17650345]
[1.8155808, 0.82949376, 0.8047738, 0.18131326]
[1.5772444, 0.865718, 0.5353303, 0.17619614]
[1.7447774, 0.7303283, 0.83489037, 0.17955878]
[1.5334958, 0.7426827, 0.6350582, 0.15575495]
[1.606017, 0.79118466, 0.6145387, 0.20029366]
[1.9227169, 0.8823576, 0.85435, 0.18600924]
[1.8400841, 0.8596345, 0.8195706, 0.16087893]
[1.7983383, 0.7117513, 0.9120848, 0.17450222]
[1.774673, 0.8569696, 0.7332138, 0.18448958]
[1.3558382, 0.35924372, 0.81843483, 0.17815955]
[1.690364, 1.0222425, 0.4960719, 0.17204952]
[1.8746206, 0.69013846, 1.0159899, 0.1684922]
[1.5492188, 0.69938004, 0.6673533, 0.18248546]
[1.8876699, 0.986507, 0.7151676, 0.18599537]
[1.8113719, 0.8239906, 0.8266137, 0.16076769]
[1.6481375, 0.6795074, 0.8050956, 0.16353455]
[1.6445593, 0.7928258, 0.6857414, 0.16599199]
[1.5073562, 0.7348767, 0.60205626, 0.17042333]
[1.8766923, 0.8299012, 0.87494516, 0.17184591]
[1.6388879, 0.80951864, 0.6524842, 0.17688511]
[1.8459716, 0.6322421, 1.0510776, 0.16265188]
[1.8922482, 1.0132701, 0.71017206, 0.1688059]
[1.8888562, 0.69150287, 1.026405, 0.17094824]
[1.8984789, 1.0570221, 0.66437876, 0.17707804]
[1.7592822, 0.6320333, 0.9707567, 0.15649226]
[1.8141727, 0.81474787, 0.8349651, 0.16445976]
[1.8421643, 0.85535747, 0.8167621, 0.1700446]
[1.5546163, 0.75561273, 0.62879413, 0.17020953]
[1.6047101, 0.7104155, 0.69939816, 0.19489647]
[1.8898158, 0.897292, 0.8440399, 0.14848381]
[1.7771716, 0.7594098, 0.83715785, 0.18060404]
[1.5640929, 0.79548395, 0.6031421, 0.16546679]
[1.7817761, 0.795473, 0.79775983, 0.18854319]
[1.8104954, 0.90817857, 0.73485893, 0.16745786]
[1.5720919, 0.6448339, 0.76745546, 0.15980253]
[1.9549375, 1.1348678, 0.64822614, 0.17184353]
[1.8335685, 0.75629985, 0.9227043, 0.15456428]
[1.6717734, 0.77274346, 0.7427505, 0.15627946]
[1.856535, 0.88083506, 0.8129811, 0.16271876]
[1.6616604, 0.7748934, 0.72528636, 0.16148071]
[1.8218783, 0.75587165, 0.8964331, 0.16957352]
[1.7351428, 0.839812, 0.7294808, 0.16585001]
[1.9463162, 0.84405136, 0.9421234, 0.16014153]
[1.6807336, 0.60049355, 0.9220718, 0.1581682]
[1.7528454, 1.0160363, 0.57759374, 0.15921536]
[1.657253, 0.6214041, 0.85640204, 0.1794469]
[1.7697955, 0.8469838, 0.7679425, 0.15486923]
[1.8133116, 0.9742422, 0.67399883, 0.16507053]
[1.6882696, 0.7603233, 0.75125694, 0.17668939]
[1.6111453, 0.81320465, 0.64412713, 0.15381344]
[1.6115909, 0.6451893, 0.79335356, 0.17304797]
[1.872852, 0.8144296, 0.8810121, 0.17741026]
[1.7239887, 0.6157789, 0.9400455, 0.16816425]
[1.6461539, 0.93271184, 0.52478635, 0.1886557]
[1.7296793, 0.7400717, 0.8298946, 0.15971309]
[1.788034, 0.96493125, 0.6320369, 0.19106576]
[1.7607998, 0.96332264, 0.60915184, 0.18832526]
[1.7132215, 0.5235666, 1.0161648, 0.17349023]
[1.6290634, 0.72469795, 0.7270715, 0.1772939]
[1.7005405, 0.7927865, 0.73869216, 0.16906193]
[1.6417215, 0.67018116, 0.79474264, 0.17679769]
[1.8277569, 0.89173543, 0.76323825, 0.17278318]
[1.8254995, 0.9937513, 0.6537458, 0.17800243]
[1.9662113, 0.5433134, 1.256394, 0.16650397]
[1.6684926, 0.7790686, 0.7225932, 0.16683078]
[1.8675145, 1.0597913, 0.6528963, 0.15482691]
[1.887593, 0.8014057, 0.92625093, 0.1599364]
[1.4573178, 0.70273685, 0.5934179, 0.16116312]
[1.6882315, 0.7668718, 0.75674385, 0.16461588]
[2.0084355, 0.7248298, 1.1142697, 0.16933602]
[1.5475732, 0.72779334, 0.66154855, 0.15823138]
[1.7820946, 0.90437967, 0.72601503, 0.15169987]
[1.9403744, 0.8367839, 0.94189775, 0.16169271]
[1.7778721, 0.85978687, 0.7486839, 0.16940126]
[1.7048331, 0.72965753, 0.8011317, 0.17404386]
[1.859086, 0.7826756, 0.89891315, 0.17749724]
[1.7949609, 0.8154509, 0.81473416, 0.16477571]
[1.797303, 0.900433, 0.7395897, 0.15728015]
[1.6402975, 0.60625654, 0.8685281, 0.16551296]
[1.8476617, 0.86802924, 0.82371503, 0.15591747]
[1.8974369, 0.81890196, 0.9213137, 0.15722114]
[1.6843009, 0.74649775, 0.7741332, 0.16366997]
[1.5890794, 0.6508279, 0.7681302, 0.17012134]
[1.7737601, 0.8748381, 0.72989535, 0.16902661]
[1.8119215, 0.87688684, 0.7871857, 0.147849]
[1.5067282, 0.5671954, 0.7769892, 0.1625436]
[1.5540737, 0.8400194, 0.5442827, 0.16977152]
[1.5771616, 0.7169657, 0.69923735, 0.16095854]
[1.5128181, 0.6447939, 0.68802947, 0.1799947]
[1.7895739, 0.6810606, 0.926576, 0.18193717]
[1.6287836, 0.7332082, 0.72495204, 0.17062342]
[1.713255, 0.64145464, 0.8844919, 0.18730843]
[1.7900944, 0.98023385, 0.620383, 0.18947744]
[1.5594896, 0.6573183, 0.7084136, 0.19375768]
[1.7400857, 0.8850473, 0.6702364, 0.18480194]
[1.5340209, 0.68162155, 0.6845306, 0.16786876]
[1.5641502, 0.5494163, 0.8367938, 0.17794013]
[1.8738835, 0.98886824, 0.6904118, 0.19460347]
[1.8196462, 0.8445815, 0.79930484, 0.1757599]
[1.8512871, 0.65994316, 1.0068948, 0.18444918]
[1.8969222, 0.897259, 0.8252823, 0.17438091]
[1.8908577, 0.77815986, 0.9369806, 0.1757172]
[1.8095922, 0.9260171, 0.70762634, 0.17594881]
[1.6929752, 0.5509539, 0.97184086, 0.17018047]
[2.050687, 1.0771315, 0.7787858, 0.19476978]
[1.6735046, 0.68206394, 0.7974227, 0.1940179]
[1.5441793, 0.7217027, 0.65416265, 0.16831401]
[1.6079291, 0.7619257, 0.6662435, 0.17975989]
[1.6129508, 0.68018025, 0.7738267, 0.15894389]
[1.9959677, 1.1988084, 0.63019574, 0.16696355]
[1.8163812, 0.6325824, 1.0312817, 0.15251714]
[1.7134396, 0.8309698, 0.7219458, 0.16052398]
[1.7188234, 0.78668237, 0.76122785, 0.17091316]
[1.6091735, 0.55657715, 0.8789174, 0.17367896]
[1.8144283, 0.9759143, 0.664389, 0.17412499]
[1.7784936, 0.70291054, 0.90180796, 0.17377526]
[1.8333716, 0.8326692, 0.81473076, 0.1859717]
[1.9168131, 1.0786705, 0.66754484, 0.17059782]
[1.6667776, 0.6565525, 0.8420892, 0.16813588]
[1.7124447, 0.8559847, 0.68117344, 0.17528653]
[1.608927, 0.51265275, 0.93157244, 0.16470185]
[1.9232161, 1.0585533, 0.70132613, 0.16333665]
[1.784689, 0.73001623, 0.87202144, 0.18265122]
[1.6523209, 0.7603564, 0.72143006, 0.17053433]
[1.7494898, 0.63275224, 0.9401941, 0.17654347]
[1.7796946, 1.1018221, 0.50960666, 0.16826582]
[1.764878, 0.84154373, 0.7329857, 0.19034863]
[1.7451968, 0.79424214, 0.7932116, 0.15774311]
[1.9741198, 0.93515885, 0.889783, 0.14917788]
[1.7830676, 0.59732795, 1.0121186, 0.17362109]
[1.7525922, 0.8621377, 0.7281556, 0.16229895]
[1.81118, 0.95091945, 0.6836189, 0.17664154]
[1.6352878, 0.60980576, 0.85175776, 0.17372414]
[1.6395259, 0.8876099, 0.5907815, 0.16113451]
[2.016423, 0.9253092, 0.93676394, 0.1543499]
[1.7728944, 0.8591676, 0.7471479, 0.16657886]
[1.6856145, 0.7832406, 0.7296468, 0.17272699]
[1.8842783, 0.7877226, 0.93005866, 0.16649702]
[1.6899991, 0.76988566, 0.75095403, 0.16915943]
[1.9044353, 0.8130585, 0.9339298, 0.15744695]
[1.6230602, 0.6667495, 0.7753856, 0.18092512]
[2.062833, 1.2143748, 0.6833699, 0.16508842]
[1.5283735, 0.63277775, 0.7294167, 0.16617897]
[1.6538492, 0.7916287, 0.68640625, 0.17581426]
[1.8442397, 1.0131574, 0.6588961, 0.1721862]
[1.7083772, 0.7547465, 0.7952565, 0.15837415]
[1.7581753, 0.71642935, 0.87128884, 0.17045698]
[1.9222527, 1.3217838, 0.437424, 0.16304496]
[1.6103601, 0.5002737, 0.95236987, 0.15771653]
[1.8039315, 0.72824186, 0.9042883, 0.17140129]
[2.0457473, 0.91429293, 0.96660423, 0.16485004]
[1.9954386, 0.90932447, 0.9212179, 0.16489631]
[1.6583979, 0.8007941, 0.6934583, 0.16414547]
[1.8760207, 0.94810873, 0.79143965, 0.13647228]
[1.7307789, 0.9847385, 0.59865427, 0.14738604]
[1.7248237, 0.7337473, 0.84108835, 0.14998806]
[1.5733802, 0.56950426, 0.84697413, 0.1569019]
[1.8453436, 0.9552274, 0.72682387, 0.16329244]
[1.6988884, 0.7749805, 0.774036, 0.14987195]
[1.7599775, 0.6964307, 0.8970398, 0.16650698]
[1.8182715, 0.9262131, 0.7318882, 0.16017024]
[1.8086338, 0.798367, 0.8663664, 0.14390036]
[1.6178138, 0.6824758, 0.78570306, 0.14963502]
[1.7175161, 0.824031, 0.7535851, 0.13989994]
[1.8358576, 0.84341663, 0.82387245, 0.16856864]
[1.6254606, 0.61502653, 0.8525301, 0.15790391]
[1.8620311, 0.8665946, 0.838809, 0.1566275]
[1.7449012, 0.7522652, 0.8180611, 0.17457485]
[1.722113, 0.790399, 0.7612889, 0.17042509]
[1.9635805, 0.83320487, 0.95813924, 0.17223635]
[1.5112827, 0.59722507, 0.75684655, 0.15721104]
[1.7073127, 0.79991543, 0.7462132, 0.16118407]
[1.6869551, 0.557941, 0.97964245, 0.1493716]
[1.7981436, 1.0319941, 0.60347354, 0.16267592]
[1.5637172, 0.60490185, 0.7974584, 0.16135707]
[1.9256299, 0.89186877, 0.8708163, 0.16294482]
[1.9857686, 0.92032784, 0.91264164, 0.15279913]
[1.8091342, 0.7414684, 0.91180265, 0.1558631]
[1.8597345, 0.76385427, 0.9507053, 0.14517498]
[1.5836474, 0.70764613, 0.71491754, 0.16108373]
[1.8035254, 0.8018405, 0.84558547, 0.15609959]
[1.6636674, 0.614288, 0.8965037, 0.15287575]
[1.7705868, 0.72294945, 0.8871749, 0.1604625]
[1.569084, 0.7969713, 0.6193056, 0.15280709]
[1.514282, 0.5067147, 0.8536447, 0.1539225]
[1.7000722, 0.8109647, 0.71116596, 0.17794146]
[1.6045555, 0.50705147, 0.9283714, 0.16913262]
[1.7241998, 0.84825146, 0.7074411, 0.16850728]
[1.6519963, 0.69159555, 0.8010052, 0.1593956]
[1.7913443, 0.75137544, 0.8659171, 0.17405173]
[1.5773945, 0.7255229, 0.6832608, 0.16861078]
[1.834325, 0.84055567, 0.80857766, 0.18519166]
[1.8231074, 0.89755076, 0.74430203, 0.18125454]
[1.6086634, 0.7295614, 0.7146313, 0.16447082]
[1.7225945, 0.6966428, 0.8363419, 0.18960977]
[1.6631187, 0.6723413, 0.82366776, 0.16710964]
[1.6789799, 0.77307975, 0.73453677, 0.17136332]
[1.8220853, 0.8505016, 0.8077457, 0.163838]
[1.881953, 1.067498, 0.62831825, 0.1861367]
[1.9991212, 0.8747307, 0.9545399, 0.16985053]
[1.8713832, 0.97434497, 0.7283387, 0.1686995]
[1.820653, 0.83052874, 0.83045655, 0.15966778]
[1.8627335, 0.9742249, 0.7202014, 0.16830723]
[1.5899769, 0.68793285, 0.74115616, 0.16088784]
[1.6097761, 0.84286165, 0.602128, 0.16478647]
[1.7210015, 0.84733444, 0.7052901, 0.168377]
[1.9783366, 0.7972144, 0.99971104, 0.18141112]
[1.8735967, 0.82678115, 0.88467443, 0.16214107]
[1.838842, 0.64882964, 1.0238433, 0.16616909]
[1.7002985, 1.0689814, 0.4753845, 0.1559326]
[1.619197, 0.5920792, 0.86524856, 0.16186917]
[1.8566628, 0.831711, 0.8599494, 0.16500229]
[1.9651757, 1.0728254, 0.7252334, 0.16711695]
[1.956325, 0.83718204, 0.9750894, 0.14405367]
[1.8162245, 0.98206353, 0.68561774, 0.1485432]
[1.7234874, 0.81548303, 0.7442429, 0.16376135]
[1.7186539, 0.7009665, 0.8736097, 0.14407781]
[1.7035377, 0.7721308, 0.7746248, 0.15678212]
[1.714835, 0.79667735, 0.78029954, 0.13785812]
[1.7894515, 0.7323154, 0.8824923, 0.17464375]
[1.8910848, 0.9057567, 0.8334942, 0.15183389]
[1.7046428, 0.5763346, 0.96644396, 0.16186433]
[1.7655616, 0.85823363, 0.7441721, 0.16315573]
[1.9085991, 0.8683089, 0.88109916, 0.15919113]
[1.7407014, 0.7862556, 0.7913401, 0.16310567]
[1.7724851, 0.9775604, 0.6333321, 0.16159259]
[1.8831489, 0.82900107, 0.90644485, 0.14770296]
[1.9127296, 0.82876086, 0.91724277, 0.16672595]
[1.892077, 0.9680208, 0.7540138, 0.17004243]
[1.6922905, 0.86244947, 0.68400246, 0.14583859]
[1.718848, 0.77162397, 0.7833018, 0.16392234]
[1.7586659, 0.8578014, 0.7623073, 0.13855734]
[1.5947628, 0.701494, 0.7348865, 0.15838224]
[2.04129, 0.96874285, 0.91009533, 0.16245188]
[1.8146676, 0.9488748, 0.7253072, 0.14048564]
[1.7166905, 0.7192578, 0.82712185, 0.17031091]
[1.6937685, 0.83310854, 0.7097985, 0.1508615]
[1.6710038, 0.7456128, 0.776684, 0.148707]
[1.9796023, 0.9466374, 0.8741112, 0.15885374]
[1.9052445, 0.8916638, 0.8587639, 0.15481678]
[1.763036, 0.65095484, 0.9439574, 0.16812366]
[1.7134823, 0.89975905, 0.6586298, 0.15509345]
[1.9479637, 0.83338434, 0.9639731, 0.1506063]
[1.7949309, 0.84869033, 0.80857754, 0.13766307]
[1.938303, 1.0364383, 0.746441, 0.15542367]
[1.7307972, 0.81753397, 0.7698525, 0.14341065]
[1.8273498, 0.85359764, 0.8415842, 0.1321679]
[1.7990689, 0.8567428, 0.79496336, 0.14736275]
[1.8723028, 0.9183792, 0.8014373, 0.15248635]
[1.7373782, 0.74725896, 0.8382988, 0.15182054]
[1.8228943, 0.8328849, 0.8416196, 0.14838982]
[1.7448145, 0.5590272, 1.0272465, 0.15854083]
[1.7685505, 0.88154733, 0.72800684, 0.15899637]
[1.8110037, 1.021359, 0.6516007, 0.13804394]
[1.5910347, 0.7001318, 0.73850214, 0.15240073]
[1.8762242, 0.99336755, 0.72958267, 0.15327398]
[1.9622297, 0.66699886, 1.154844, 0.14038682]
[1.5624914, 0.69590247, 0.710821, 0.15576795]
[1.7772641, 0.90504444, 0.7093384, 0.16288126]
[1.8331825, 0.8836094, 0.806069, 0.14350404]
[1.8806071, 0.75072277, 0.98630476, 0.14357963]
[1.8273115, 0.8812199, 0.8027048, 0.14338686]
[1.8631792, 0.8665618, 0.8634981, 0.13311936]
[1.7524052, 0.9267893, 0.6715468, 0.15406913]
[1.7784543, 0.7783426, 0.8397567, 0.16035499]
[1.7146548, 0.7719374, 0.79989004, 0.14282742]
[1.6326706, 0.57980263, 0.8986294, 0.15423864]
[1.8663726, 1.0721714, 0.6477207, 0.14648041]
[1.8105814, 0.8801738, 0.7878309, 0.14257665]
[1.5186666, 0.4471217, 0.91705036, 0.15449455]
[1.5284775, 0.60535115, 0.7672833, 0.15584314]
[1.990945, 0.97130954, 0.86216056, 0.15747483]
[1.510166, 0.6318917, 0.72700644, 0.15126793]
[1.712819, 0.73124105, 0.8216052, 0.15997276]
[1.6395106, 0.700964, 0.7739226, 0.16462395]
[1.5412865, 0.81738806, 0.5728229, 0.15107545]
[1.6541529, 0.76567066, 0.73570406, 0.15277812]
[1.9348378, 0.8936402, 0.87341857, 0.167779]
[1.7290763, 0.6417732, 0.93020976, 0.15709324]
[1.6566353, 0.7291063, 0.7506733, 0.17685571]
[1.513477, 0.68660355, 0.6667888, 0.16008458]
[1.9510661, 0.8507261, 0.929145, 0.171195]
[1.6820937, 0.9218998, 0.60264415, 0.15754974]
[1.9883999, 0.9665208, 0.8497571, 0.17212196]
[1.6640992, 0.82085013, 0.68488073, 0.15836838]
[1.735376, 0.623366, 0.9349252, 0.17708477]
[1.8578176, 1.0296819, 0.6640341, 0.16410165]
[1.758237, 0.84133065, 0.7634995, 0.15340689]
[1.5003707, 0.62229395, 0.71505344, 0.16302338]
[1.6952697, 0.86352134, 0.6756134, 0.15613492]
[1.772108, 0.82833785, 0.77622336, 0.16754675]
[1.8637515, 0.7267233, 0.9622114, 0.17481685]
[1.8610867, 0.845399, 0.85333586, 0.16235189]
[1.6546171, 0.8894093, 0.61185706, 0.15335074]
[1.4709488, 0.55427974, 0.73974, 0.17692915]
[1.6105824, 0.89688694, 0.5565029, 0.15719244]
[1.8871399, 0.77037716, 0.93426484, 0.18249784]
[1.3701576, 0.6377785, 0.563391, 0.16898806]
[2.079578, 1.0836918, 0.8370052, 0.15888101]
[1.4705067, 0.64936256, 0.64734745, 0.17379668]
[1.6707817, 0.79222524, 0.71593446, 0.16262205]
[1.8606781, 0.90491664, 0.78309244, 0.17266908]
[1.6984682, 0.9631429, 0.56615955, 0.16916591]
[1.6390218, 0.7496501, 0.7209128, 0.16845885]
[1.6951976, 0.81445014, 0.70596707, 0.17478031]
[1.5620441, 0.64077914, 0.7473143, 0.17395061]
[1.5765043, 0.6673404, 0.73321533, 0.17594862]
[1.8799086, 0.7490206, 0.95464736, 0.17624071]
[1.7953418, 1.0145547, 0.5954219, 0.18536516]
[1.4642313, 0.40433085, 0.8853303, 0.17457014]
[1.8867939, 0.99929035, 0.71211505, 0.17538843]
[2.3252041, 0.7241427, 1.42415, 0.17691152]
[1.6083213, 0.92248964, 0.52926683, 0.15656488]
[1.7614927, 0.7840336, 0.8241149, 0.15334412]
[1.559556, 0.82347643, 0.57250845, 0.16357116]
[1.6929586, 0.7170178, 0.81725544, 0.15868539]
[1.9709067, 0.9828991, 0.8261168, 0.16189069]
[1.6121849, 0.76509976, 0.70024455, 0.14684062]
[1.5748641, 0.8229258, 0.5808828, 0.17105561]
[1.8069518, 0.5273844, 1.1325755, 0.1469919]
[1.8696012, 1.0008937, 0.7139344, 0.15477318]
[1.7634597, 0.7316146, 0.87141377, 0.16043144]
[1.8404244, 0.94469106, 0.7192145, 0.17651881]
[1.8466684, 0.82739496, 0.8547311, 0.16454227]
[1.6931756, 0.8434544, 0.6665311, 0.18319015]
[1.767642, 0.7794375, 0.8355669, 0.15263778]
[1.6801391, 0.76999724, 0.7564085, 0.1537332]
[1.9445442, 0.67241037, 1.102977, 0.16915675]
[1.8528174, 0.90848976, 0.7994908, 0.14483683]
[1.8527392, 0.72840905, 0.96370983, 0.1606203]
[1.8224125, 0.97828865, 0.6936126, 0.1505112]
[1.6315004, 0.655967, 0.8348412, 0.14069216]
[1.7351788, 0.71570045, 0.88080853, 0.13866982]
[1.9275993, 0.7460475, 1.0142609, 0.16729093]
[1.7400235, 0.8282272, 0.7598368, 0.15195951]
[1.8935313, 1.1036284, 0.6250903, 0.16481254]
[1.4580959, 0.5277815, 0.7762114, 0.15410304]
[1.5129509, 0.65588796, 0.70692956, 0.1501334]
[1.6819867, 0.7420985, 0.77388734, 0.16600087]
[1.7975616, 0.8085035, 0.8009056, 0.18815257]
[1.8531549, 0.8842564, 0.79719603, 0.17170241]
[1.6203666, 0.71651256, 0.73018956, 0.17366442]
[1.7514161, 0.7355025, 0.8405039, 0.17540967]
[1.717097, 0.77799857, 0.7656313, 0.17346713]
[1.6824652, 0.9188225, 0.5760142, 0.18762836]
[1.9024334, 0.77391976, 0.9604293, 0.16808432]
[1.7274028, 0.73492193, 0.82092476, 0.17155613]
[1.7173418, 0.7031361, 0.8270979, 0.18710782]
[1.6950543, 0.74254644, 0.7733114, 0.17919643]
[1.8998446, 0.929065, 0.7938941, 0.17688566]
[1.8954717, 0.9052561, 0.8189899, 0.17122568]
[1.628589, 0.64147305, 0.8147087, 0.17240727]
[1.8553255, 0.9084942, 0.77882814, 0.16800313]
[1.5062569, 0.6651561, 0.6704182, 0.17068252]
[1.5331142, 0.59793615, 0.76643527, 0.16874279]
[1.8575078, 1.0386205, 0.6423416, 0.1765457]
[1.6553031, 0.8103912, 0.6538835, 0.19102849]
[1.8350668, 0.8227006, 0.84027827, 0.17208786]
[1.9916208, 0.8406843, 0.98582304, 0.1651134]
