[1.8279709, 0.5938125, 1.0483097, 0.18584864]
[1.7154052, 1.0094504, 0.54367256, 0.16228217]
[1.5637949, 0.47701728, 0.924188, 0.16258961]
[1.7352798, 0.7838582, 0.76082826, 0.19059335]
[1.897328, 1.0816095, 0.6274249, 0.1882936]
[1.532742, 0.6424204, 0.73219085, 0.1581307]
[1.6265633, 0.873474, 0.57442963, 0.17865962]
[1.7722745, 0.6168358, 1.003386, 0.1520527]
[1.6005386, 0.8230693, 0.60619134, 0.17127803]
[1.8105531, 0.99849695, 0.6330602, 0.1789959]
[1.9232695, 0.7919343, 0.9711218, 0.16021346]
[1.6352254, 0.7907959, 0.6613714, 0.18305814]
[1.714439, 1.0115609, 0.5383346, 0.16454348]
[1.6128366, 0.6178829, 0.82493615, 0.17001745]
[1.7949708, 0.74809813, 0.88668036, 0.1601923]
[1.5449595, 0.8718401, 0.5108769, 0.16224247]
[1.3288927, 0.4953102, 0.64323306, 0.19034946]
[1.6224463, 0.8911302, 0.53893757, 0.19237849]
[1.8342909, 0.8033682, 0.83285296, 0.19806968]
[1.9269785, 0.8132428, 0.9307305, 0.1830052]
[1.5944496, 0.866104, 0.53232884, 0.19601677]
[1.6016223, 0.6434838, 0.7810991, 0.17703936]
[1.6395639, 0.7582182, 0.69081223, 0.19053355]
[2.1348162, 1.1226304, 0.8154487, 0.19673708]
[1.9369702, 0.9620691, 0.8112842, 0.16361693]
[1.532701, 0.63119876, 0.73496735, 0.16653487]
[1.4731572, 0.6733203, 0.6069436, 0.19289333]
[1.575021, 0.6441616, 0.73947436, 0.19138509]
[1.7201176, 0.88928497, 0.6423068, 0.18852577]
[1.7062142, 0.8078604, 0.71371746, 0.18463637]
[1.9989545, 0.8502556, 0.96638745, 0.1823115]
[1.9303373, 0.79933333, 0.9539595, 0.17704454]
[1.8476198, 0.8727817, 0.78459394, 0.19024414]
[1.9711717, 0.8401651, 0.9682605, 0.16274604]
[1.814908, 0.87358236, 0.76141286, 0.17991275]
[1.8641272, 0.9362826, 0.7638761, 0.16396861]
[1.6722558, 0.622748, 0.8830891, 0.16641858]
[1.5560656, 0.88013136, 0.5187238, 0.15721029]
[1.6987716, 0.6897865, 0.8316417, 0.17734349]
[1.850508, 1.0632969, 0.61430365, 0.17290732]
[1.9687775, 0.7614342, 1.0388118, 0.16853154]
[1.9500549, 0.7511406, 1.0357709, 0.16314338]
[1.779634, 0.7461188, 0.87284994, 0.16066526]
[1.9557483, 0.8783189, 0.92663574, 0.15079373]
[1.6535378, 0.65985173, 0.8501446, 0.14354137]
[1.7707667, 0.8754723, 0.727126, 0.16816844]
[1.7712098, 0.8572184, 0.74017954, 0.17381194]
[1.7193961, 0.78521025, 0.77740675, 0.15677904]
[1.5144877, 0.56869936, 0.7902258, 0.15556261]
[1.6332433, 0.7207142, 0.72524226, 0.18728685]
[1.7290723, 0.71836483, 0.8394622, 0.1712453]
[1.6896666, 0.8394188, 0.6972389, 0.15300885]
[1.7386703, 0.7297386, 0.8320594, 0.17687239]
[1.7660689, 0.66987276, 0.92837596, 0.16782022]
[1.398681, 0.47452122, 0.74862105, 0.17553878]
[1.607084, 0.82468987, 0.6057924, 0.17660183]
[1.6064243, 0.6679218, 0.7629063, 0.17559624]
[1.5400368, 0.6392814, 0.7296274, 0.171128]
[1.7732031, 0.79743093, 0.79807055, 0.17770171]
[1.884369, 0.65520394, 1.0417178, 0.18744734]
[1.648893, 0.7208147, 0.741948, 0.18613032]
[1.8844445, 0.964828, 0.7461387, 0.17347771]
[2.0319645, 0.77356994, 1.0816061, 0.17678839]
[1.8741902, 0.9227617, 0.8025771, 0.14885147]
[1.7752968, 0.7462277, 0.86039305, 0.16867599]
[1.7592914, 0.70341754, 0.888721, 0.16715285]
[1.6521676, 0.7397475, 0.7453265, 0.16709355]
[1.6149594, 0.69160914, 0.75242805, 0.17092213]
[1.8013166, 0.9165722, 0.7267834, 0.15796101]
[1.5265535, 0.6846802, 0.67460275, 0.16727059]
[1.8436139, 0.78355956, 0.8749572, 0.18509716]
[1.9541864, 0.9329878, 0.8360009, 0.18519768]
[1.949924, 1.0114355, 0.757022, 0.18146649]
[1.917932, 1.092087, 0.6483355, 0.1775095]
[1.6438363, 0.7375067, 0.7475087, 0.15882084]
[1.6142783, 0.6247402, 0.8207481, 0.16879013]
[1.5686576, 0.7155816, 0.6774392, 0.17563677]
[1.4741136, 0.73743695, 0.5711775, 0.16549912]
[1.6255176, 0.78787404, 0.6575775, 0.18006606]
[1.5120293, 0.67245823, 0.6581656, 0.18140547]
[1.9193683, 0.7866992, 0.966483, 0.1661861]
[1.7160232, 0.89078355, 0.6218958, 0.20334391]
[1.4664832, 0.56534934, 0.7225452, 0.17858876]
[1.721839, 0.6707028, 0.8731166, 0.17801958]
[1.6233206, 0.8297392, 0.61736333, 0.17621805]
[1.5523304, 0.6766277, 0.7038386, 0.17186412]
[1.6797514, 0.83093905, 0.6599846, 0.18882775]
[1.9325169, 0.86941195, 0.8931675, 0.16993746]
[1.7194883, 0.64927864, 0.8799984, 0.19021118]
[1.815768, 0.93184507, 0.7046174, 0.1793056]
[1.608124, 0.703967, 0.7233936, 0.18076342]
[1.926229, 0.879327, 0.8818817, 0.16502023]
[1.882132, 0.66592467, 1.0347944, 0.18141289]
[1.9846349, 1.0579705, 0.75960654, 0.16705781]
[1.5506234, 0.65262794, 0.7151826, 0.18281287]
[1.7420872, 0.8334086, 0.7301569, 0.17852172]
[1.7973982, 0.62271345, 1.0051789, 0.16950586]
[1.8599118, 0.9329359, 0.7502183, 0.17675774]
[1.5744492, 0.61275005, 0.79318744, 0.16851172]
[1.6071708, 0.7950234, 0.62543035, 0.186717]
[1.7291653, 0.648861, 0.895472, 0.18483233]
[1.8068082, 0.91437256, 0.715148, 0.17728776]
[1.5854919, 0.637256, 0.7699267, 0.17830923]
[1.5067346, 0.5869163, 0.7501286, 0.16968969]
[1.7864491, 1.0171415, 0.5732977, 0.19601002]
[1.7199191, 0.5998788, 0.94976187, 0.17027846]
[1.6684316, 0.71155596, 0.77827233, 0.17860332]
[1.6256, 0.83488244, 0.615219, 0.17549862]
[1.7353561, 0.90347564, 0.65034074, 0.18153974]
[1.5984415, 0.48403513, 0.9340869, 0.18031946]
[1.7859582, 1.0151073, 0.5878806, 0.18297029]
[1.6326976, 0.53702605, 0.9091133, 0.18655828]
[1.717065, 0.8438407, 0.67798483, 0.1952394]
[1.7388291, 0.71723926, 0.81349784, 0.20809191]
[1.6186634, 0.721476, 0.69047403, 0.20671336]
[1.8498282, 0.9933929, 0.68439376, 0.17204171]
[1.6483692, 0.58291125, 0.87980556, 0.18565238]
[1.6383395, 0.9636005, 0.4785105, 0.19622846]
[1.5475316, 0.63556415, 0.7120489, 0.19991857]
[1.8964022, 0.7170063, 0.9849448, 0.19445108]
[1.5962973, 0.7479327, 0.656838, 0.19152665]
[1.961202, 1.0502995, 0.69841284, 0.21248972]
[1.9292694, 0.73612577, 1.002042, 0.19110171]
[1.7439288, 0.70489323, 0.8614874, 0.17754816]
[1.7315485, 0.83789206, 0.7009435, 0.19271308]
[1.5600201, 0.79628646, 0.57693994, 0.18679366]
[1.7850063, 0.72605926, 0.87057364, 0.18837339]
[1.7470821, 0.96185654, 0.5848746, 0.20035104]
[1.5779915, 0.7424044, 0.6441987, 0.19138837]
[1.7512192, 0.6013472, 0.9516032, 0.1982688]
[1.7391732, 0.73931193, 0.7975572, 0.20230418]
[1.7217779, 0.7564944, 0.78031045, 0.18497302]
[1.5343734, 0.7873181, 0.54851127, 0.198544]
[1.5666832, 0.46394497, 0.9335917, 0.1691464]
[1.6732379, 0.9821893, 0.49438298, 0.19666564]
[1.8121136, 0.8009453, 0.80117565, 0.20999277]
[1.7452611, 0.70817864, 0.8538172, 0.18326524]
[1.9563231, 0.90618086, 0.85963786, 0.19050437]
[1.9982042, 1.0583907, 0.7434498, 0.19636372]
[1.8370035, 0.41258478, 1.2230141, 0.20140457]
[1.5938056, 0.8252939, 0.5820558, 0.18645582]
[1.6416068, 0.7300612, 0.73261553, 0.17893003]
[1.716571, 0.874538, 0.6732106, 0.16882244]
[1.5696063, 0.6042393, 0.7867209, 0.17864603]
[1.8363775, 0.9627005, 0.69969666, 0.17398033]
[1.6140171, 0.6432503, 0.8004209, 0.17034587]
[1.9864495, 0.9018985, 0.89271694, 0.19183397]
[1.5751584, 0.6945878, 0.70351243, 0.1770581]
[1.6594961, 0.72367513, 0.76173496, 0.17408599]
[1.6427224, 0.7752956, 0.69111854, 0.17630816]
[1.7747157, 0.6968333, 0.89000297, 0.18787932]
[1.8903537, 0.81224597, 0.8858495, 0.19225821]
[1.989303, 1.2334164, 0.58335143, 0.17253506]
[1.9736345, 0.74517566, 1.0608431, 0.16761571]
[1.9906446, 0.85746133, 0.9596839, 0.17349939]
[1.7097751, 0.90934175, 0.63462377, 0.16580951]
[1.5643405, 0.60121506, 0.80357087, 0.15955465]
[1.5797153, 0.70049417, 0.7041162, 0.1751049]
[1.8384581, 0.8650758, 0.80330205, 0.17008021]
[1.6824417, 0.7301606, 0.7747688, 0.17751223]
[1.9244196, 0.8899732, 0.8628429, 0.17160347]
[1.8543632, 0.53650355, 1.1325791, 0.1852805]
[1.787196, 1.1121988, 0.5124891, 0.16250814]
[1.7973263, 0.74540436, 0.8837832, 0.1681388]
[1.8986833, 0.939396, 0.7885171, 0.17077023]
[1.673512, 0.6035869, 0.9063329, 0.16359216]
[1.9888785, 1.1612628, 0.6568699, 0.17074591]
[1.9007237, 0.8472642, 0.88989645, 0.16356304]
[1.6258572, 0.75575095, 0.71398187, 0.15612449]
[1.7794529, 0.81956136, 0.7833086, 0.1765829]
[1.9808974, 0.98239446, 0.837752, 0.16075094]
[1.8730149, 1.0347934, 0.68853456, 0.14968708]
[1.7675135, 0.77378, 0.84334415, 0.15038949]
[1.8204911, 0.8225483, 0.8349329, 0.16300982]
[1.645817, 0.6460517, 0.84653807, 0.15322739]
[1.5341008, 0.7517881, 0.6265495, 0.15576318]
[1.8883334, 0.71084476, 1.0187194, 0.15876922]
[1.6814524, 0.9720999, 0.5517808, 0.1575717]
[1.5563031, 0.7254706, 0.6673745, 0.16345796]
[1.816194, 0.7726156, 0.87462926, 0.16894919]
[1.6253519, 0.63964707, 0.8250261, 0.16067879]
[1.6284325, 0.6977103, 0.7419888, 0.18873352]
[1.7725713, 0.79140306, 0.8078368, 0.17333148]
[1.632266, 0.79634464, 0.6702006, 0.16572079]
[1.9502479, 0.82620716, 0.9494903, 0.17455038]
[1.5686644, 0.77704644, 0.6244019, 0.16721603]
[1.8439071, 0.9175166, 0.75335526, 0.1730353]
[1.4979141, 0.6029798, 0.7337301, 0.16120416]
[1.9030304, 0.82652, 0.8983878, 0.1781225]
[1.682939, 0.7927502, 0.7121755, 0.17801337]
[1.754553, 0.76908123, 0.81757784, 0.16789389]
[1.7441063, 0.8981945, 0.6768868, 0.16902497]
[1.713001, 0.7649599, 0.78607905, 0.16196197]
[1.8226268, 0.7522756, 0.90123665, 0.16911459]
[1.7966352, 0.9969015, 0.6309329, 0.16880074]
[2.0328367, 1.0697683, 0.7962707, 0.1667977]
[1.8460747, 0.8594516, 0.825373, 0.16125013]
[1.6907388, 0.83907324, 0.70151633, 0.15014924]
[1.728347, 0.63395745, 0.9351775, 0.15921202]
[2.0307877, 0.9538667, 0.90706354, 0.16985752]
[1.6124716, 0.7237307, 0.7354735, 0.15326741]
[1.9297252, 0.88942105, 0.864866, 0.17543814]
[1.8226352, 0.91502887, 0.7372843, 0.170322]
[1.8015026, 0.6748048, 0.9616875, 0.16501035]
[1.6692919, 0.77069974, 0.7390774, 0.15951478]
[1.7990754, 0.8147598, 0.8278165, 0.1564991]
[1.6613437, 0.62884295, 0.8858812, 0.14661954]
[1.616128, 0.8310089, 0.63480663, 0.15031247]
[1.6273854, 0.69994384, 0.7697023, 0.15773916]
[1.6426854, 0.6627297, 0.82583517, 0.15412061]
[1.7263651, 0.7488978, 0.81164, 0.16582726]
[1.8737113, 0.8005296, 0.9106853, 0.1624965]
[1.9283186, 1.1227028, 0.6559198, 0.14969596]
[1.6507924, 0.5090961, 0.9823295, 0.15936683]
[1.7954421, 0.95576906, 0.66592425, 0.17374872]
[1.7755624, 0.8511543, 0.76415324, 0.1602548]
[1.7831756, 0.90189743, 0.7257931, 0.15548506]
[1.8759909, 0.7552664, 0.9666208, 0.15410358]
[1.9960083, 0.94408286, 0.8956197, 0.15630572]
[1.7544767, 0.852644, 0.741989, 0.1598436]
[1.6803033, 0.6476892, 0.896164, 0.1364501]
[1.6713368, 0.8067164, 0.69511867, 0.16950165]
[1.8524064, 0.86849606, 0.84274226, 0.14116797]
[2.0534067, 1.105832, 0.78209656, 0.16547835]
[1.755258, 0.75903845, 0.8531126, 0.1431069]
[1.7391795, 0.851245, 0.758106, 0.1298286]
[1.8489902, 0.8216432, 0.87202775, 0.15531927]
[1.6413642, 0.62548983, 0.86410224, 0.15177211]
[1.6381793, 0.81231725, 0.66318905, 0.16267303]
[1.6999868, 0.6690345, 0.87158287, 0.1593695]
[2.0711164, 0.83021194, 1.0709362, 0.16996829]
[1.612306, 0.8539359, 0.62030506, 0.13806503]
[1.5016518, 0.6781195, 0.65714425, 0.16638806]
[1.7573884, 0.7257588, 0.86724067, 0.16438885]
[1.5593616, 0.64599, 0.7535466, 0.15982494]
[1.7142698, 0.94860846, 0.5992458, 0.16641557]
[1.7325248, 0.6973254, 0.8702983, 0.16490097]
[1.6881305, 0.7702266, 0.7544912, 0.1634127]
[1.7879543, 0.81365395, 0.82454085, 0.14975952]
[1.7356117, 0.6756741, 0.893795, 0.16614255]
[1.7594569, 0.97854614, 0.61990917, 0.16100153]
[1.917707, 0.62253404, 1.1346779, 0.16049501]
[1.9258718, 0.96889615, 0.80612063, 0.150855]
[1.923798, 0.98954403, 0.7707375, 0.16351643]
[1.8010124, 0.8208166, 0.8154, 0.16479579]
[1.7924716, 0.8187555, 0.82418054, 0.1495356]
[1.8039713, 0.8866246, 0.76217866, 0.15516804]
[1.7538685, 0.6998014, 0.8907937, 0.16327345]
[1.6929382, 0.83940625, 0.695746, 0.15778606]
[1.6723341, 0.9849623, 0.5175598, 0.16981196]
[1.6779778, 0.5609846, 0.9595822, 0.15741101]
[1.736139, 0.8724415, 0.7102082, 0.15348935]
[1.7612219, 0.6259457, 0.9724921, 0.16278416]
[1.6707561, 0.9158316, 0.57651985, 0.17840452]
[1.7801996, 0.82695377, 0.80587316, 0.14737271]
[1.8198082, 0.818388, 0.83564085, 0.16577941]
[1.4384605, 0.716625, 0.5594633, 0.1623722]
[1.6864591, 0.5701994, 0.946505, 0.16975474]
[1.8504157, 1.0596793, 0.6317643, 0.15897219]
[1.6922597, 1.0220467, 0.5118452, 0.15836772]
[1.8029331, 0.7372332, 0.89180803, 0.1738919]
[1.673701, 0.58798945, 0.91899765, 0.16671392]
[1.7061372, 0.91740954, 0.61895335, 0.16977426]
[1.912375, 0.8720027, 0.8813137, 0.15905863]
[1.7903609, 0.8330698, 0.8059991, 0.15129206]
[1.54336, 0.685668, 0.7058376, 0.1518544]
[1.4112678, 0.64868724, 0.58238435, 0.18019617]
[1.6984751, 0.70353466, 0.813056, 0.18188457]
[1.7362567, 0.774429, 0.79109514, 0.17073265]
[1.5645461, 0.80891895, 0.5841149, 0.17151223]
[1.9281297, 0.8654604, 0.88075274, 0.18191646]
[1.5813266, 0.67469275, 0.72921205, 0.17742181]
[1.7125541, 0.8598523, 0.688473, 0.16422883]
[1.8934269, 1.0288084, 0.7090229, 0.1555956]
[1.7997198, 0.69216305, 0.93731916, 0.17023748]
[1.5801073, 0.7117522, 0.6955937, 0.1727614]
[1.745091, 0.7794551, 0.80038095, 0.16525489]
[1.6848856, 0.7570521, 0.74796045, 0.17987314]
[1.930644, 0.78352964, 0.9745072, 0.17260715]
[1.8829726, 0.823549, 0.877357, 0.18206656]
[1.6453446, 0.82403547, 0.63752425, 0.18378484]
[1.6525309, 0.693589, 0.7842564, 0.17468543]
[1.4761045, 0.6325823, 0.64881027, 0.1947119]
[1.7827741, 0.92699075, 0.6731366, 0.18264672]
[1.6967499, 0.76322836, 0.75864756, 0.17487401]
[1.6637591, 0.666765, 0.8155155, 0.18147862]
[1.9064728, 0.9386529, 0.7819523, 0.18586767]
[1.5992067, 0.7181512, 0.7150049, 0.16605055]
[1.6211917, 0.7118007, 0.72974277, 0.17964828]
[1.5054386, 0.7569104, 0.56158245, 0.18694568]
[1.6548197, 0.56270117, 0.90657926, 0.18553928]
[1.8988926, 0.8365681, 0.8903997, 0.17192477]
[1.8916957, 0.97911406, 0.72587943, 0.18670228]
[1.7577966, 0.61262083, 0.97347826, 0.17169753]
[1.9712793, 1.0071423, 0.79302824, 0.1711087]
[1.7907975, 0.98881173, 0.63515717, 0.1668286]
[1.5083663, 0.5886379, 0.75511014, 0.16461822]
[1.6803682, 0.85967946, 0.6430211, 0.1776676]
[1.6603763, 0.6527065, 0.8396205, 0.16804937]
[1.8404096, 0.8438087, 0.80923474, 0.1873661]
[1.7724164, 0.8396875, 0.7395592, 0.19316962]
[1.8314252, 0.7114595, 0.96622753, 0.1537382]
[1.87711, 0.96886754, 0.7292488, 0.17899364]
[2.1487496, 0.82968545, 1.1316345, 0.18742959]
[1.8664607, 0.9543033, 0.747097, 0.16506042]
[1.6620607, 0.817616, 0.6729111, 0.17153364]
[1.503333, 0.72730744, 0.609849, 0.16617654]
[1.8603549, 1.0612345, 0.6265823, 0.17253801]
[1.7487326, 0.7545058, 0.8267137, 0.16751313]
[1.8497883, 0.8504473, 0.83074534, 0.16859569]
[1.7095187, 0.7449159, 0.79523045, 0.16937235]
[1.8393502, 0.8289109, 0.8465879, 0.16385153]
[1.5742376, 0.65218866, 0.76936495, 0.15268403]
[1.8853927, 0.9900111, 0.7278453, 0.16753621]
[1.5592823, 0.66621894, 0.74672353, 0.14633983]
[1.6619756, 0.77957195, 0.7025545, 0.17984913]
[1.9562495, 1.0221896, 0.7593975, 0.17466232]
[1.7028756, 0.56573045, 0.9781068, 0.15903834]
[1.7462006, 0.73442763, 0.87287974, 0.13889311]
[1.7298098, 0.93442833, 0.6160055, 0.17937584]
[2.041072, 0.5833564, 1.2773832, 0.18033224]
[1.9437984, 1.1613743, 0.63112617, 0.1512979]
[1.8540914, 0.7845167, 0.899515, 0.1700597]
[1.8667331, 0.87441874, 0.84886104, 0.14345333]
[1.7216324, 0.65820754, 0.89520925, 0.16821559]
[1.763055, 0.9146615, 0.6844082, 0.16398528]
[1.7844095, 0.68686104, 0.9361739, 0.16137463]
[1.629019, 0.82353246, 0.6642824, 0.14120415]
[1.6486495, 0.6988051, 0.7994642, 0.15038009]
[1.6962057, 0.719728, 0.81419975, 0.16227806]
[1.7042156, 0.831902, 0.7053473, 0.16696632]
[1.5630478, 0.48634323, 0.91207445, 0.16463004]
[1.9429218, 0.91750336, 0.8466696, 0.17874877]
[1.8757235, 0.79344845, 0.9329578, 0.1493171]
[1.6753737, 0.7544355, 0.75753653, 0.16340175]
[1.8700591, 0.850021, 0.86727774, 0.15276039]
[1.8447094, 0.662182, 1.0161138, 0.1664137]
[1.9966931, 1.064115, 0.7792244, 0.15335363]
[1.6337004, 0.81453717, 0.65548694, 0.16367629]
[1.6427563, 0.60917115, 0.8759871, 0.15759811]
[1.7029494, 0.7561979, 0.77458036, 0.17217115]
[1.4676697, 0.6043154, 0.7109673, 0.15238701]
[1.9041276, 0.820836, 0.9227971, 0.1604946]
[1.6336989, 0.932978, 0.5450887, 0.1556323]
[1.8747633, 0.8844701, 0.8189405, 0.17135267]
[1.7736802, 0.73239243, 0.8774766, 0.16381124]
[1.7608081, 0.69901013, 0.8904997, 0.17129824]
[1.5594187, 0.66644776, 0.69699, 0.1959809]
[1.8729808, 0.93498033, 0.77064013, 0.16736034]
[1.619083, 0.69021416, 0.779629, 0.1492399]
[1.7173847, 0.69881487, 0.8498943, 0.16867557]
[1.8506924, 0.9376898, 0.7578886, 0.15511408]
[1.8504537, 0.80086064, 0.8861731, 0.16341996]
[1.7154362, 0.57743037, 0.96180916, 0.17619666]
[1.8196654, 0.96247023, 0.6829089, 0.1742863]
[1.6596676, 0.6114745, 0.88369226, 0.16450088]
[1.7004905, 1.0410318, 0.500723, 0.15873559]
[1.8356466, 0.7508013, 0.91115475, 0.17369056]
[1.7628019, 0.86122864, 0.739237, 0.16233619]
[1.5568637, 0.55878377, 0.82851565, 0.16956429]
[1.8881247, 1.1483655, 0.5783397, 0.16141948]
[1.7292955, 0.75865185, 0.8168369, 0.15380666]
[1.9013944, 0.84106433, 0.88992536, 0.17040464]
[1.8601286, 0.89280176, 0.8025211, 0.16480583]
[1.69125, 0.8968735, 0.63713515, 0.1572413]
[1.7453532, 0.7806215, 0.8189664, 0.14576536]
[1.6598508, 0.7723247, 0.71844363, 0.16908251]
[1.5659014, 0.8393316, 0.5616374, 0.16493234]
[1.5558014, 0.6454766, 0.74939966, 0.16092516]
[1.8250823, 0.82532954, 0.81876075, 0.18099198]
[1.3892553, 0.6159018, 0.6164011, 0.15695238]
[1.6326048, 0.8483399, 0.59133554, 0.19292939]
[1.7373126, 0.57600486, 0.9589961, 0.20231155]
[1.7204496, 0.5821737, 0.95342946, 0.18484643]
[1.9338826, 0.9880271, 0.7492507, 0.19660482]
[1.8203909, 0.9953481, 0.6629623, 0.16208047]
[1.8540432, 0.83073974, 0.85141724, 0.17188615]
[1.6090647, 0.7069447, 0.7332921, 0.16882789]
[1.8860931, 0.54354143, 1.1495969, 0.19295475]
[1.6397624, 0.89122915, 0.57081103, 0.17772216]
[1.7614456, 0.8609931, 0.71815014, 0.18230234]
[1.8192204, 0.7148762, 0.9330323, 0.17131196]
[1.7236089, 0.7602268, 0.79365504, 0.169727]
[1.9139357, 0.71672446, 1.02077, 0.17644118]
[1.6123122, 0.9635016, 0.4882236, 0.16058698]
[1.5255767, 0.67584723, 0.6866813, 0.16304815]
[1.9526722, 0.91606665, 0.87129784, 0.1653078]
[1.8185003, 0.64798486, 1.0070025, 0.16351297]
[1.7534599, 0.87567854, 0.72249484, 0.15528655]
[1.7959888, 0.8904863, 0.7531001, 0.15240236]
[1.7799399, 0.77688044, 0.8492353, 0.15382412]
[1.547724, 0.71687263, 0.6817385, 0.14911291]
[1.8337948, 0.887988, 0.7989811, 0.14682573]
[1.7164199, 0.68586993, 0.85994565, 0.17060432]
[1.6911817, 0.96728915, 0.5564389, 0.16745351]
[1.4111788, 0.614403, 0.6519035, 0.14487237]
[1.7554934, 0.996135, 0.60857147, 0.15078694]
[1.7943856, 0.7564054, 0.879353, 0.15862714]
[1.8155298, 0.85973483, 0.7974365, 0.15835863]
[1.442012, 0.46048394, 0.8121451, 0.16938291]
[1.9495652, 1.0729666, 0.6862785, 0.19032004]
[1.8087628, 0.5091746, 1.1465402, 0.15304798]
[1.8993735, 1.1339996, 0.6035986, 0.16177532]
[1.906217, 0.9469629, 0.8059093, 0.15334475]
[1.88451, 0.9103316, 0.79651177, 0.1776666]
[1.6215829, 0.7095516, 0.7533411, 0.15869021]
[1.5597842, 0.7571544, 0.6247145, 0.17791528]
[1.5290402, 0.5605109, 0.8026729, 0.16585648]
[1.8645868, 0.93927217, 0.7600441, 0.1652706]
[1.7085787, 0.76143265, 0.7816083, 0.16553773]
[1.8282977, 0.78768337, 0.87787324, 0.16274104]
[1.6613414, 0.7363225, 0.77929646, 0.14572233]
[1.9855034, 0.7198461, 1.1171924, 0.14846489]
[1.973629, 0.96069485, 0.8574421, 0.15549204]
[1.7943816, 0.8591262, 0.785108, 0.15014744]
[1.5328412, 0.70703006, 0.6611529, 0.16465834]
[1.515202, 0.6416174, 0.71730053, 0.15628403]
[1.862494, 0.94528633, 0.759506, 0.15770179]
[1.4789854, 0.7837038, 0.53683674, 0.15844491]
[1.721041, 0.797981, 0.75529695, 0.16776295]
[1.5446601, 0.7021789, 0.676579, 0.16590214]
[1.8544264, 0.58966887, 1.0896475, 0.17511001]
[1.8400599, 0.9600137, 0.70131946, 0.17872679]
[1.622325, 0.59158766, 0.86153257, 0.16920477]
[2.0156825, 0.9263759, 0.9149209, 0.17438552]
[1.6607685, 0.91676587, 0.5693623, 0.17464048]
[1.6887834, 0.76873946, 0.7621025, 0.15794149]
[1.7660713, 0.48376966, 1.1021564, 0.18014526]
[1.9028064, 1.0907403, 0.6633235, 0.1487426]
[1.8820021, 0.768657, 0.9459691, 0.16737607]
[1.6674231, 0.6703371, 0.82715106, 0.16993497]
[1.4313374, 0.5153327, 0.7449354, 0.17106923]
[1.9396057, 0.9770423, 0.7882614, 0.17430192]
[1.6175586, 0.8786291, 0.5689746, 0.16995493]
[1.5041337, 0.7107408, 0.63633573, 0.15705723]
[1.7775456, 0.8874539, 0.7250878, 0.1650039]
[1.8139839, 0.6344824, 1.0034351, 0.1760664]
[1.6592741, 0.83237135, 0.6695591, 0.15734367]
[1.4293563, 0.604592, 0.6661999, 0.15856433]
[1.5862515, 0.8652561, 0.54601765, 0.17497772]
[1.6977403, 0.7090601, 0.81725425, 0.17142601]
[1.818956, 0.8020499, 0.8315692, 0.18533692]
[1.8529173, 0.8223643, 0.8583404, 0.17221269]
[1.8596984, 0.5838269, 1.1058791, 0.16999243]
[1.9233704, 1.048144, 0.71093184, 0.16429448]
[1.6785882, 0.8197552, 0.70174694, 0.15708607]
[1.6041726, 0.77330005, 0.6756573, 0.15521523]
[1.8532126, 0.7812309, 0.8931747, 0.17880696]
[1.735766, 0.78382087, 0.7635745, 0.18837067]
[1.6560848, 0.81430596, 0.6698212, 0.17195761]
[1.6544777, 0.5205307, 0.9569892, 0.1769577]
[1.7274151, 1.0110981, 0.543781, 0.17253596]
[1.8491615, 0.7872646, 0.8978737, 0.16402324]
[1.6972864, 0.54455113, 1.0021746, 0.15056068]
[1.8122066, 1.0147052, 0.640488, 0.1570134]
[1.7859156, 0.9200527, 0.6808549, 0.18500808]
[1.5913734, 0.6135364, 0.81757116, 0.16026586]
[1.497857, 0.68307185, 0.64591587, 0.16886926]
[1.6432768, 0.7206831, 0.7325017, 0.19009201]
[1.7248622, 0.6260144, 0.9067995, 0.19204828]
[1.7798673, 0.9502814, 0.6327622, 0.19682369]
[1.7312171, 0.7113011, 0.85069114, 0.16922499]
[1.6399393, 0.74868536, 0.71201205, 0.17924188]
[1.6257946, 0.7724831, 0.6821109, 0.1712006]
[1.8512831, 0.90622205, 0.76666117, 0.17839983]
[1.7265719, 0.8352927, 0.72602814, 0.1652511]
[1.4852227, 0.6426998, 0.6602475, 0.18227541]
[1.6200789, 0.68347436, 0.7529048, 0.18369977]
[1.7355303, 0.5357614, 1.0149343, 0.18483463]
[1.75228, 0.850771, 0.73515415, 0.16635492]
[1.6125981, 0.75439924, 0.6696084, 0.18859036]
[1.8108633, 0.81194043, 0.82761395, 0.17130882]
[1.7735498, 0.7402364, 0.85205364, 0.18125981]
[2.005768, 0.9518515, 0.8756982, 0.1782184]
[1.7647659, 0.9460449, 0.64413214, 0.1745888]
[1.4692514, 0.43425125, 0.8580084, 0.17699169]
[1.8292427, 0.89607584, 0.73714656, 0.19602038]
[1.8794999, 0.86709726, 0.84223974, 0.17016289]
[1.7165322, 0.81362754, 0.73069596, 0.17220883]
[1.7416254, 0.78258026, 0.7892883, 0.16975689]
[2.0720696, 0.9763569, 0.9259321, 0.16978064]
[1.7648108, 0.8097687, 0.7900659, 0.16497622]
[1.7050099, 0.84053886, 0.6935723, 0.17089878]
[1.7628729, 0.8235117, 0.773858, 0.1655032]
[1.8505859, 0.83579385, 0.8358806, 0.17891148]
[1.5544629, 0.51386625, 0.8669767, 0.17361994]
[1.8372753, 1.1484883, 0.52201843, 0.16676855]
[1.6778693, 0.5193676, 0.9943459, 0.1641559]
[1.93444, 1.0525217, 0.71826005, 0.16365826]
[1.7446873, 0.9671341, 0.6322295, 0.14532372]
[1.9560564, 0.6976523, 1.1113163, 0.14708775]
[1.7594059, 0.8198998, 0.7786623, 0.16084377]
[1.7907734, 0.70528376, 0.9337224, 0.15176727]
[1.8572628, 0.8666103, 0.83232504, 0.15832764]
[2.1897569, 1.0851665, 0.9623661, 0.14222431]
[1.6399429, 0.584834, 0.90115654, 0.15395239]
[1.6012847, 0.78794, 0.65683734, 0.15650743]
[1.7118725, 0.7170694, 0.8505053, 0.14429775]
[1.9911633, 1.1744477, 0.6531911, 0.16352445]
[1.7050797, 0.5983013, 0.9625093, 0.14426912]
[1.909748, 0.7218303, 1.0325427, 0.15537485]
[1.7441986, 0.91817176, 0.68212354, 0.1439032]
[1.691514, 0.732916, 0.7967993, 0.16179876]
[1.6997675, 0.76021487, 0.7785321, 0.16102049]
[1.6579168, 0.7089629, 0.7838717, 0.16508219]
[1.6757048, 0.84307534, 0.6665678, 0.16606173]
[1.8504525, 0.7759189, 0.9130481, 0.16148558]
[1.80928, 0.93101126, 0.72597694, 0.15229188]
[1.6272147, 0.88596207, 0.5824702, 0.15878245]
[1.7717186, 0.67510563, 0.93491113, 0.1617018]
[1.9522818, 1.1606038, 0.6211735, 0.1705046]
[1.6645073, 0.8667047, 0.6511742, 0.14662838]
[1.8629808, 0.78100395, 0.9223511, 0.15962578]
[1.8496302, 0.9525049, 0.7301562, 0.16696921]
[1.7913053, 0.86044514, 0.75962025, 0.17123988]
[1.7802124, 0.74108565, 0.8709166, 0.1682101]
[1.739922, 1.0556533, 0.5316862, 0.15258248]
[1.682541, 0.81234646, 0.7282669, 0.14192763]
[1.6835868, 0.7609659, 0.75519633, 0.16742468]
[1.5490637, 0.658285, 0.7193889, 0.17138986]
[1.7690846, 0.93689144, 0.67727834, 0.15491469]
[1.8067381, 0.6793021, 0.9610676, 0.16636854]
[1.746936, 0.8659406, 0.7218589, 0.15913644]
[1.6876774, 0.6678918, 0.87200475, 0.14778084]
[1.621866, 0.7528484, 0.71751875, 0.15149875]
[1.5838941, 0.74037296, 0.6776923, 0.1658288]
[1.885266, 0.779721, 0.93168616, 0.17385872]
[1.6596336, 0.751714, 0.7397857, 0.16813402]
[2.0947828, 0.93992436, 0.9883761, 0.16648242]
[1.5218674, 0.58949196, 0.77776635, 0.15460913]
[1.6721935, 0.7314192, 0.7743249, 0.1664494]
[2.02224, 1.1618648, 0.6917949, 0.16858037]
[1.7789543, 0.7381786, 0.89801455, 0.14276108]
[1.749297, 0.8268739, 0.77502406, 0.14739904]
[1.6720521, 0.7453442, 0.76767397, 0.159034]
[1.8045752, 0.8094524, 0.8308829, 0.1642399]
[1.6846977, 0.64590657, 0.8650718, 0.1737194]
[1.7886789, 0.9386925, 0.6763134, 0.17367291]
[1.8375512, 0.8056733, 0.8708488, 0.16102926]
[1.704118, 0.6513349, 0.9026223, 0.15016076]
[1.6631726, 0.70333266, 0.81102526, 0.14881465]
[1.6240155, 0.75215876, 0.71183425, 0.16002238]
[1.8124857, 0.89617944, 0.7523898, 0.16391641]
[1.6239109, 0.7907114, 0.66779524, 0.16540435]
[1.6895227, 0.6976034, 0.81100047, 0.18091887]
[1.8354307, 0.9123777, 0.7502154, 0.1728376]
[1.655583, 0.85732186, 0.64233553, 0.1559256]
[1.6043106, 0.63067293, 0.786427, 0.18721066]
[1.7637568, 0.869139, 0.71880543, 0.17581224]
[1.658045, 0.6927305, 0.789114, 0.17620066]
[1.6637044, 0.55449367, 0.92926395, 0.17994675]
[1.8451144, 1.0232692, 0.6547966, 0.16704857]
[1.6138706, 0.6970456, 0.73923534, 0.17758968]
[1.3940265, 0.5138035, 0.7213416, 0.1588814]
[1.9397689, 1.0474226, 0.7213713, 0.170975]
[1.6598191, 0.77167445, 0.71610636, 0.17203833]
[1.6443657, 0.6983214, 0.78222764, 0.16381654]
[1.6153307, 0.73565257, 0.714765, 0.16491313]
[1.6454782, 0.8417577, 0.6286584, 0.17506222]
[1.8106369, 0.94199574, 0.7035214, 0.1651198]
[1.8023822, 0.96149206, 0.6873574, 0.15353277]
[1.7859228, 0.68006015, 0.9483608, 0.15750186]
[1.7422259, 0.72708946, 0.8403784, 0.17475794]
[1.5122899, 0.6104677, 0.7354323, 0.16638982]
[1.4629259, 0.55208725, 0.74431384, 0.16652493]
[1.6905687, 0.87808573, 0.6266196, 0.18586338]
[1.6826929, 0.7160523, 0.7949274, 0.17171323]
[1.5676799, 0.64902943, 0.73245996, 0.18619055]
[1.8412743, 0.76103294, 0.904745, 0.17549628]
[1.6156453, 0.6336571, 0.80866563, 0.17332253]
[1.6644251, 0.65128887, 0.829474, 0.18366227]
[1.607297, 0.74265736, 0.69042885, 0.17421074]
[1.7997093, 0.87518114, 0.70851314, 0.21601512]
[1.7048316, 0.7152659, 0.8047997, 0.1847661]
[1.8312062, 0.92896307, 0.72485363, 0.17738946]
[1.4779713, 0.6323844, 0.66714835, 0.17843857]
[1.8532896, 0.90672725, 0.7735546, 0.17300767]
[1.7206304, 0.68893945, 0.8613393, 0.17035168]
[1.6262788, 0.65169007, 0.7928653, 0.18172345]
[1.6686416, 0.754954, 0.71912915, 0.19455844]
[2.0881164, 0.8383825, 1.0724876, 0.17724639]
[1.7897928, 0.914348, 0.7013625, 0.17408234]
[1.7082294, 0.6658173, 0.879248, 0.16316403]
[1.7932652, 0.7533997, 0.8532923, 0.18657319]
[1.4631176, 0.57454276, 0.6984951, 0.19007969]
[1.6584442, 0.90275884, 0.5851611, 0.17052418]
[1.8725791, 0.9388352, 0.7655511, 0.1681929]
[1.8911467, 0.9220498, 0.79868567, 0.17041108]
[1.5676465, 0.51290154, 0.86302894, 0.1917159]
[1.8714137, 1.1866322, 0.5051475, 0.17963414]
[1.8015639, 0.6394264, 0.98435587, 0.17778158]
[1.8182256, 0.8427988, 0.8053844, 0.1700424]
[1.5804136, 0.6514065, 0.755736, 0.17327102]
[1.4827477, 0.64827776, 0.6382801, 0.19618979]
[1.7821355, 0.8880389, 0.716499, 0.17759766]
[1.6448591, 0.8487661, 0.61386776, 0.1822252]
[1.7489833, 0.9981917, 0.57675934, 0.17403224]
[1.9705261, 0.8015585, 1.0069381, 0.16202953]
[1.784112, 0.87770367, 0.72797775, 0.17843059]
[1.948347, 0.6698189, 1.0816882, 0.19683994]
[1.7163991, 0.87426305, 0.66392076, 0.17821524]
[1.7990242, 0.7598281, 0.8519051, 0.18729103]
[2.0380337, 1.2619369, 0.61188114, 0.16421571]
[1.7874092, 0.760152, 0.87005854, 0.15719868]
[1.8374753, 0.813408, 0.8631779, 0.16088942]
[1.3105074, 0.52641505, 0.6170949, 0.16699755]
[1.7731577, 0.8455931, 0.75064766, 0.17691696]
[1.6386636, 0.68421024, 0.7920949, 0.16235857]
[1.5614703, 0.756785, 0.62789124, 0.17679405]
[1.8231896, 0.7631148, 0.9153265, 0.1447483]
[1.3749558, 0.5748937, 0.6205282, 0.17953385]
[1.9229733, 0.8823533, 0.86076796, 0.179852]
[1.8666534, 0.7559701, 0.92334306, 0.18734026]
[1.7588131, 0.98522294, 0.6018686, 0.17172158]
[1.633546, 0.6390412, 0.8170527, 0.17745206]
[1.9095818, 0.8929285, 0.8469097, 0.16974366]
[1.5976646, 0.74518687, 0.6883019, 0.16417578]
[1.7248335, 0.8252947, 0.7202554, 0.17928337]
[1.6157681, 0.7797997, 0.6762633, 0.15970501]
[1.6865593, 0.7211014, 0.7720988, 0.19335917]
[1.9450667, 1.0570023, 0.7183862, 0.16967824]
[1.9244745, 0.84013474, 0.91707706, 0.16726264]
[1.7053337, 0.712592, 0.8345191, 0.1582227]
[1.644459, 0.89870095, 0.58963645, 0.15612164]
[1.9536928, 0.7556067, 1.0538852, 0.14420095]
[1.8039899, 0.71184623, 0.9274932, 0.1646505]
[1.3872844, 0.6887511, 0.5379017, 0.16063154]
[1.9696746, 0.9296002, 0.8677481, 0.17232627]
[1.8686428, 0.76919293, 0.9491731, 0.15027681]
[1.6358879, 0.6880376, 0.79109293, 0.15675741]
[1.8103129, 0.7517445, 0.8632434, 0.19532505]
[1.4402092, 0.58729255, 0.68279296, 0.17012364]
[1.8438234, 0.8048943, 0.874055, 0.1648741]
[1.551155, 0.73184943, 0.6562138, 0.16309176]
[1.810736, 0.86412525, 0.7671956, 0.1794151]
[1.4693819, 0.74767804, 0.5435561, 0.1781478]
[1.7050856, 0.5903952, 0.9197439, 0.19494653]
[1.8241853, 0.9797095, 0.6643722, 0.18010356]
[1.852769, 0.950389, 0.7385715, 0.1638085]
[1.5710661, 0.7326289, 0.66381913, 0.17461817]
[1.7488073, 0.6528052, 0.8917955, 0.20420662]
[1.6047958, 0.892313, 0.53602254, 0.1764603]
[1.7564399, 0.8221215, 0.7741894, 0.16012903]
[2.1202066, 0.9907596, 0.95436853, 0.1750784]
[1.608504, 0.7460774, 0.6828449, 0.17958182]
[1.6480436, 0.81435406, 0.64504105, 0.18864852]
[1.5947299, 0.7205188, 0.7050408, 0.16917023]
[1.657173, 0.8981621, 0.56748843, 0.19152248]
[1.6421182, 0.73203087, 0.7325605, 0.17752677]
[1.6468351, 0.6609283, 0.8080522, 0.17785452]
[1.5997547, 0.6600272, 0.7500793, 0.18964827]
[1.9365722, 0.9692835, 0.7720793, 0.19520938]
[1.7325503, 0.80285364, 0.7623644, 0.16733226]
[1.8002373, 0.67616665, 0.9535359, 0.1705347]
[2.0065334, 0.80320334, 1.017992, 0.18533811]
[1.6479064, 0.8350922, 0.64370954, 0.16910468]
[1.711475, 0.9033166, 0.6465242, 0.1616342]
[1.6335964, 0.53887224, 0.9363575, 0.15836674]
[2.005905, 0.9554863, 0.8650166, 0.18540207]
[1.710665, 0.8184833, 0.71035236, 0.18182936]
[1.8841537, 0.60947067, 1.0982366, 0.17644653]
[1.6813407, 0.6794715, 0.8145243, 0.18734497]
[1.6038375, 0.68951225, 0.7511909, 0.1631343]
[1.5218312, 0.5081939, 0.8265221, 0.18711504]
[1.4193991, 0.79763126, 0.42310804, 0.1986598]
[1.6552554, 0.45208064, 1.0148449, 0.18832996]
[1.6169338, 0.8254725, 0.59523046, 0.19623083]
[2.1710255, 1.0221348, 0.9722321, 0.1766586]
[1.5361013, 0.6105281, 0.73160315, 0.1939701]
[1.6907699, 0.6989777, 0.78408813, 0.20770411]
[2.1368563, 0.88079196, 1.0674744, 0.18859006]
[1.6670778, 0.9140276, 0.5796392, 0.17341101]
[1.874598, 0.6276823, 1.071337, 0.17557877]
[1.8391211, 1.1225913, 0.5240678, 0.19246194]
[1.7858515, 0.7559979, 0.8608229, 0.16903071]
[1.8723462, 1.1156957, 0.5797852, 0.17686528]
[1.7735045, 0.5941782, 1.0058063, 0.17351994]
[1.922673, 1.0562279, 0.71348786, 0.15295719]
[1.5414982, 0.67699003, 0.69986045, 0.16464764]
[1.9805963, 0.7959411, 1.0232962, 0.16135897]
[1.634564, 0.7305893, 0.7437446, 0.16023019]
[1.9786435, 0.93328243, 0.8902459, 0.15511526]
[1.5433491, 0.68044454, 0.7065245, 0.15638006]
[1.8779521, 1.0228738, 0.6837704, 0.17130786]
[1.68186, 0.70819575, 0.80585575, 0.16780847]
[1.8602102, 0.7983118, 0.90991706, 0.15198131]
[1.8786677, 0.9575261, 0.75684863, 0.16429292]
[1.8944665, 0.96323925, 0.76465404, 0.16657317]
[1.5435643, 0.7725545, 0.61900103, 0.1520088]
[1.946599, 0.7398269, 1.03982, 0.1669521]
[1.8384463, 1.0469806, 0.61483663, 0.1766289]
[1.5719615, 0.7769793, 0.6208793, 0.17410293]
[1.6191199, 0.69037664, 0.76920176, 0.15954144]
[1.556467, 0.7106662, 0.66213477, 0.18366608]
[1.7301542, 0.8489167, 0.70679444, 0.17444305]
[1.9841826, 0.7290596, 1.0753713, 0.17975174]
[2.0393286, 0.887774, 0.9749657, 0.17658886]
[1.8753476, 1.0451494, 0.6768018, 0.15339638]
[1.6176586, 0.74024254, 0.700886, 0.17653015]
[1.6963056, 0.7895962, 0.747903, 0.1588064]
[1.5354074, 0.5733686, 0.7880405, 0.1739982]
[1.5733371, 0.75069475, 0.6479561, 0.17468622]
[1.9652941, 0.8537965, 0.9319067, 0.179591]
[1.6976976, 0.71486557, 0.80943036, 0.17340174]
[1.7378163, 0.8648, 0.7003646, 0.17265183]
[1.663555, 0.7786548, 0.7230335, 0.1618668]
[1.660662, 0.6762297, 0.8057694, 0.17866285]
[1.6306472, 0.8293325, 0.6370778, 0.16423695]
[1.6400609, 0.7976501, 0.6942041, 0.14820674]
[1.6652589, 0.5655081, 0.9118518, 0.18789887]
[1.6102446, 0.7917837, 0.62934124, 0.18911973]
[1.5829381, 0.6850274, 0.7171624, 0.18074834]
[1.4491318, 0.5482834, 0.7119751, 0.18887337]
[1.7000666, 0.75781655, 0.7793172, 0.16293293]
[1.6500403, 0.753613, 0.7359688, 0.16045845]
[1.7644806, 1.0465788, 0.5418806, 0.17602128]
[1.8357799, 0.5867871, 1.0737767, 0.17521608]
[1.5529497, 0.7003037, 0.679404, 0.173242]
[1.5664709, 0.56736183, 0.8033799, 0.1957291]
[2.100331, 1.0373074, 0.8817393, 0.18128437]
[2.0929048, 0.8836894, 1.0254953, 0.18372017]
[1.5938402, 0.82500404, 0.60188884, 0.16694732]
[1.9198885, 0.857771, 0.88655674, 0.17556077]
[1.8540212, 0.7859105, 0.8958473, 0.17226341]
[1.634618, 0.97722363, 0.4958183, 0.16157614]
[1.4972994, 0.7616476, 0.56605077, 0.1696011]
[1.6295655, 0.7774372, 0.6818328, 0.17029554]
[1.565893, 0.61209285, 0.76855385, 0.18524633]
[1.736823, 0.7907661, 0.7945915, 0.15146533]
[1.836894, 0.88900816, 0.7792711, 0.16861472]
[1.8619105, 0.803477, 0.89346886, 0.16496453]
[1.8459058, 0.7540838, 0.91681606, 0.17500587]
[1.5445133, 0.76428306, 0.5851184, 0.19511187]
[2.1299531, 0.9959098, 0.9495948, 0.18444848]
[1.5699129, 0.69653463, 0.7137851, 0.15959308]
[1.5239671, 0.60962975, 0.71850455, 0.19583283]
[1.8996049, 1.0809565, 0.6729076, 0.14574087]
[1.6298308, 0.75780857, 0.7039937, 0.16802858]
[1.6731119, 0.8152115, 0.6703845, 0.187516]
[1.6196648, 0.88321364, 0.5780562, 0.15839495]
[1.9455969, 0.8280669, 0.9572335, 0.16029653]
[2.0860915, 0.9076961, 1.009262, 0.1691333]
[1.5682465, 0.61288345, 0.78084636, 0.17451671]
[1.6587237, 0.8807801, 0.6068044, 0.17113921]
[1.6610583, 0.98960245, 0.5055734, 0.16588245]
[1.8696395, 0.6035919, 1.1143909, 0.15165675]
[1.842624, 1.0161009, 0.6622697, 0.16425332]
[1.6123469, 0.53143877, 0.91637075, 0.1645374]
[1.7254723, 0.77862823, 0.78105104, 0.16579309]
[1.8602006, 0.8232317, 0.8893062, 0.14766276]
[1.7166517, 0.81201386, 0.7391562, 0.16548154]
[1.9462824, 0.89009476, 0.89993036, 0.15625727]
[1.89006, 0.86856395, 0.8408588, 0.1806371]
[1.539156, 0.6310887, 0.7417711, 0.16629618]
[1.6155641, 0.7036443, 0.74851066, 0.16340926]
[1.9132452, 0.803905, 0.94253266, 0.1668075]
[1.623128, 0.6357771, 0.8515891, 0.13576187]
[1.6446049, 0.73067516, 0.7544265, 0.15950319]
[1.6554304, 0.9106407, 0.5764232, 0.16836654]
[1.561613, 0.568855, 0.819902, 0.172856]
[2.021041, 0.9260899, 0.92361104, 0.17134003]
[1.8727455, 0.9872053, 0.70124364, 0.18429655]
[1.6528151, 0.6414937, 0.8348222, 0.17649925]
[1.7842758, 0.7607204, 0.85639423, 0.16716123]
[1.9477516, 0.9011904, 0.8652506, 0.18131062]
[1.766788, 0.7547022, 0.8435569, 0.16852891]
[1.6175573, 0.5654179, 0.8798466, 0.17229277]
[1.8577954, 0.91446036, 0.7972645, 0.1460705]
[1.56637, 0.7768874, 0.6360841, 0.15339845]
[1.5361904, 0.6885505, 0.6877669, 0.15987296]
[1.7687361, 0.9425317, 0.6506198, 0.17558455]
[1.6572671, 0.5121282, 0.95948935, 0.1856496]
[1.8512104, 0.7607558, 0.9155524, 0.17490226]
[1.6237023, 0.85824835, 0.60348016, 0.16197377]
[1.5799474, 0.6752876, 0.71893495, 0.18572482]
[1.9206873, 0.76635253, 0.9862455, 0.1680893]
[1.634259, 0.7330985, 0.725558, 0.17560244]
[1.6902882, 0.7030605, 0.8114111, 0.17581668]
[1.5258155, 0.71435237, 0.64209867, 0.16936451]
[1.5299656, 0.56393814, 0.80838025, 0.15764719]
[1.9508932, 0.80558425, 0.95803666, 0.18727231]
[1.7733397, 1.0322051, 0.5476227, 0.19351193]
[1.880867, 0.6722292, 1.0133476, 0.19529021]
[1.8677872, 0.9161002, 0.7794777, 0.17220935]
[1.7431461, 0.77832067, 0.79723257, 0.16759288]
[1.5722944, 0.7363527, 0.6635536, 0.1723881]
[1.913964, 0.8445227, 0.8669045, 0.20253685]
[1.8084977, 0.7653042, 0.8658401, 0.17735338]
[1.8035543, 0.7765533, 0.838635, 0.18836597]
[1.6500082, 0.7982651, 0.6838497, 0.16789337]
[1.7341064, 0.88664365, 0.67517364, 0.17228909]
[1.7552359, 0.8231038, 0.7689576, 0.16317457]
[1.7000751, 0.73279536, 0.78078127, 0.18649858]
[1.6196327, 0.8492286, 0.5795877, 0.1908164]
[1.8529929, 0.83381164, 0.8312324, 0.18794882]
[1.6805817, 0.8412348, 0.6606637, 0.17868313]
[1.8359119, 0.8334657, 0.8199642, 0.18248203]
[1.6431454, 0.85793674, 0.61799467, 0.16721404]
[1.821033, 0.7396582, 0.90163845, 0.17973644]
[1.580848, 0.7620809, 0.63915634, 0.17961071]
[1.4983703, 0.6157006, 0.7097012, 0.17296848]
[1.7773148, 0.81997484, 0.7824179, 0.1749221]
[1.9205469, 0.8943777, 0.8155705, 0.21059874]
[1.7526438, 0.76414824, 0.81940013, 0.16909552]
[1.8289391, 0.97355396, 0.6690661, 0.18631902]
[1.6275434, 0.6634024, 0.7746818, 0.18945937]
[1.6111296, 0.65192014, 0.7824008, 0.17680871]
[1.6233927, 0.83765614, 0.6253272, 0.1604093]
[1.9556043, 0.8653017, 0.93643594, 0.15386662]
[1.7366571, 0.822164, 0.75109506, 0.16339803]
[1.9141682, 0.94959223, 0.798558, 0.16601802]
[1.8273537, 0.78390074, 0.8695572, 0.17389578]
[1.5424417, 0.63361275, 0.7396611, 0.16916785]
[1.9682058, 0.8935517, 0.9021593, 0.1724948]
[1.6820254, 0.68092835, 0.84001034, 0.16108686]
[1.7552288, 0.7756939, 0.79565644, 0.18387842]
[1.3546605, 0.59461355, 0.57083637, 0.18921065]
[1.6985738, 0.8575195, 0.66740644, 0.17364785]
[1.5392638, 0.5936674, 0.7741034, 0.17149304]
[1.7466216, 0.7887924, 0.78015226, 0.17767696]
[1.6602552, 0.6573404, 0.81694114, 0.18597358]
[1.6735134, 0.8559662, 0.6300211, 0.18752605]
[1.96327, 0.8991153, 0.8807937, 0.183361]
[1.9383144, 0.81342167, 0.95095706, 0.17393568]
[1.7209095, 0.89100313, 0.6498966, 0.1800097]
[1.6960776, 0.61668503, 0.87923646, 0.20015615]
[1.8872771, 0.897421, 0.8101618, 0.17969424]
[1.8712707, 0.7686925, 0.9316783, 0.17089981]
[1.8038977, 0.80648935, 0.8131064, 0.184302]
[1.6069893, 0.71478015, 0.7086966, 0.18351261]
[1.8119639, 0.87498236, 0.76472366, 0.17225787]
[1.8687593, 0.66907716, 1.0216165, 0.17806569]
[1.852639, 1.0434103, 0.6445043, 0.16472436]
[1.7275224, 0.6350087, 0.92235947, 0.17015415]
[1.8743896, 0.94481885, 0.7637376, 0.1658332]
[1.6517463, 0.72378343, 0.77086335, 0.1570995]
[1.6917844, 0.74047685, 0.795177, 0.15613051]
[1.6100328, 0.8640583, 0.58428025, 0.16169426]
[1.6028045, 0.74324787, 0.69669574, 0.16286099]
[1.7973058, 0.7356243, 0.88380766, 0.17787391]
[1.7378213, 0.70052195, 0.8607772, 0.17652223]
[1.7828177, 0.7349854, 0.8729663, 0.17486608]
[1.6941895, 0.9267045, 0.5828263, 0.18465872]
[1.6180882, 0.73789287, 0.70184207, 0.17835334]
[1.6068506, 0.5166267, 0.904163, 0.18606088]
[1.567873, 0.7604196, 0.62653697, 0.18091643]
[1.5090559, 0.57560515, 0.7549031, 0.17854762]
[1.9769964, 1.090464, 0.69059074, 0.19594172]
[1.6933705, 0.6963755, 0.8019061, 0.19508885]
[1.9140309, 0.88975334, 0.84260356, 0.18167402]
[1.70059, 0.7624582, 0.75694185, 0.18118986]
[1.89739, 0.77935106, 0.9337815, 0.18425737]
[1.6202703, 0.8308448, 0.61706805, 0.17235729]
[1.784334, 0.79648495, 0.8115287, 0.17632031]
[1.7565817, 0.5869984, 0.9897621, 0.17982116]
[1.879494, 0.93828803, 0.7663635, 0.17484236]
[1.8451298, 0.8448706, 0.81115174, 0.18910754]
[1.7261146, 0.92206424, 0.62885743, 0.17519292]
[1.7476696, 0.6651573, 0.92152977, 0.16098249]
[1.7559187, 0.8104056, 0.7696594, 0.17585379]
[1.7500002, 0.8958447, 0.69217575, 0.1619798]
[1.6370445, 0.5917573, 0.87015224, 0.175135]
[2.0529804, 1.2065911, 0.66338396, 0.1830054]
[1.6930773, 0.7041384, 0.82566595, 0.16327299]
[1.8760585, 0.8027226, 0.91869456, 0.15464123]
[1.8084197, 0.8979578, 0.734063, 0.17639884]
[1.6578596, 0.63117254, 0.85439324, 0.17229375]
[1.7992648, 1.0440302, 0.5840472, 0.17118745]
[1.7100171, 0.6005657, 0.9396187, 0.16983268]
[1.866421, 0.93344045, 0.76509833, 0.16788225]
[1.6905419, 0.9270979, 0.61003506, 0.15340886]
[1.7973384, 0.73388034, 0.9007786, 0.16267948]
[1.7405555, 0.9429852, 0.64618486, 0.15138552]
[1.8674697, 0.67486495, 1.0318668, 0.16073789]
[1.7670346, 0.9897467, 0.60248584, 0.17480221]
[1.8551995, 0.6577252, 1.0373217, 0.16015254]
[1.6163898, 0.8918966, 0.53823495, 0.18625826]
[1.8144028, 0.60858953, 1.0268567, 0.17895669]
[1.7081661, 0.9706564, 0.57529664, 0.16221309]
[1.675161, 0.66980153, 0.83162427, 0.17373525]
[1.5231638, 0.54369754, 0.8154544, 0.1640118]
[1.4803619, 0.5952155, 0.7321698, 0.1529766]
[1.9240761, 1.0156884, 0.7390905, 0.16929728]
[1.7488996, 0.6482582, 0.9470483, 0.15359303]
[1.7330362, 0.7787703, 0.78945905, 0.16480671]
[1.7358229, 0.8684205, 0.70087004, 0.1665324]
[1.5022365, 0.47934595, 0.8437812, 0.17910935]
[1.8912355, 1.0331666, 0.6791756, 0.17889318]
[1.7849556, 0.72682965, 0.88534564, 0.17278035]
[1.6975813, 0.7042473, 0.82577837, 0.1675556]
[1.7529787, 1.0633335, 0.5115303, 0.17811489]
[1.7900124, 0.85714585, 0.75074774, 0.18211879]
[1.6008306, 0.70387626, 0.7311769, 0.16577742]
[2.1862025, 1.1373875, 0.88381815, 0.16499674]
[1.6509906, 0.8937768, 0.58978415, 0.16742969]
[1.9250177, 0.79100037, 0.9694435, 0.16457382]
[1.8177491, 0.88158107, 0.7934023, 0.14276573]
[1.4908856, 0.524686, 0.785848, 0.18035164]
[1.8481764, 1.0786326, 0.6146788, 0.15486494]
[1.8535962, 0.8769081, 0.8192177, 0.15747052]
[1.8428588, 0.7455152, 0.93748367, 0.15985993]
[1.8094459, 0.86212635, 0.79855055, 0.14876893]
[1.7918105, 0.8034146, 0.8280517, 0.16034424]
[1.6782794, 0.7401275, 0.7747085, 0.16344336]
[1.7499362, 0.68445903, 0.9077419, 0.15773527]
[1.9052291, 0.9228904, 0.8222407, 0.16009791]
[1.6348406, 0.64402527, 0.82854426, 0.16227117]
[1.3867867, 0.48969072, 0.73570013, 0.16139579]
[1.6123048, 0.67092717, 0.7537252, 0.18765247]
[1.6141464, 0.8035089, 0.6254001, 0.18523726]
[1.5587434, 0.6758935, 0.71011055, 0.17273939]
[1.9167001, 0.8863567, 0.8614563, 0.16888714]
[1.9102252, 0.9082242, 0.8452257, 0.1567753]
[1.9562527, 0.91481763, 0.8746991, 0.166736]
[1.8892393, 0.7669699, 0.9425707, 0.17969868]
[1.6005945, 0.7910173, 0.65230846, 0.1572688]
[1.769381, 0.84439534, 0.7628067, 0.16217905]
[1.6931026, 0.69402933, 0.8498223, 0.14925098]
[1.528534, 0.81313044, 0.551211, 0.16419259]
[1.6335692, 0.7869694, 0.7023037, 0.14429611]
[1.8038516, 0.8290084, 0.7967516, 0.1780915]
[1.7529107, 0.9108225, 0.6836055, 0.15848266]
[1.794307, 0.7467965, 0.8835119, 0.16399857]
[1.5394807, 0.6138767, 0.75619346, 0.16941044]
[1.573533, 0.73646957, 0.6666943, 0.17036918]
[1.7231863, 0.9136691, 0.64486575, 0.16465135]
[1.5025171, 0.57664394, 0.7552909, 0.17058213]
[1.6291564, 0.8835654, 0.5833553, 0.16223563]
[1.5506191, 0.6855476, 0.70308983, 0.16198164]
[1.5666528, 0.62199783, 0.78788745, 0.15676749]
[1.8619589, 0.7357503, 0.94365585, 0.18255265]
[1.7585564, 0.7652383, 0.81806076, 0.17525727]
[1.8618102, 0.90364236, 0.77204764, 0.1861203]
[1.7364651, 0.8729536, 0.70500755, 0.15850388]
[1.5419805, 0.5781733, 0.78947294, 0.17433427]
[1.9593602, 1.013083, 0.7704947, 0.17578256]
[1.5517061, 0.7169184, 0.6416148, 0.19317296]
[1.5708337, 0.6595663, 0.7290363, 0.18223125]
[1.5770582, 0.6707634, 0.7137401, 0.19255471]
[1.7934598, 0.9493566, 0.6512607, 0.19284247]
[2.3091915, 0.90338254, 1.2365744, 0.16923447]
[1.6553919, 0.9069922, 0.57729644, 0.1711033]
[1.7802482, 0.92069644, 0.69487065, 0.1646811]
[1.7243246, 0.8083097, 0.76559764, 0.15041724]
[1.5986037, 0.5231496, 0.91858613, 0.15686801]
[1.6954772, 0.8630148, 0.66259336, 0.16986904]
[1.8316519, 0.83741957, 0.8372483, 0.15698406]
[1.8195846, 0.8628448, 0.781192, 0.17554782]
[1.6221569, 0.6423066, 0.7909839, 0.18886632]
[1.5479317, 0.48332596, 0.91151947, 0.15308625]
[1.505299, 0.6328024, 0.6978065, 0.17469008]
[1.5990132, 0.78808737, 0.6216148, 0.18931103]
[1.4471753, 0.5703279, 0.6985152, 0.17833227]
[1.9464964, 0.91569483, 0.82474077, 0.2060608]
[2.0822752, 1.3016101, 0.60192084, 0.17874426]
[1.7421122, 0.8903863, 0.6908007, 0.16092518]
[1.9064927, 0.7333571, 1.0000942, 0.17304143]
[1.6641402, 0.79574627, 0.6819203, 0.18647365]
[1.6370013, 0.6729329, 0.77866346, 0.1854049]
[1.6454043, 0.849372, 0.61750966, 0.17852259]
[1.6351283, 0.6679896, 0.79373395, 0.1734047]
[1.91574, 0.7962572, 0.9487859, 0.17069697]
[2.0322642, 0.94286346, 0.90633416, 0.18306655]
[2.0184653, 0.8281292, 1.0067213, 0.18361488]
[1.8024213, 0.9793023, 0.6450779, 0.17804126]
[1.5705174, 0.73223805, 0.67397493, 0.16430433]
[1.6393365, 0.6890346, 0.7808217, 0.16948023]
[1.8154647, 0.957143, 0.678805, 0.17951685]
[1.7623253, 0.9149947, 0.674818, 0.1725125]
[1.8621662, 0.7629788, 0.92235583, 0.17683151]
[1.8577132, 0.78119373, 0.8974036, 0.17911586]
[1.6320958, 0.9575349, 0.50608, 0.16848084]
[1.756918, 0.75342715, 0.8429324, 0.16055843]
[1.8053502, 0.77209944, 0.8502755, 0.18297514]
[2.0006475, 1.0777364, 0.7453047, 0.17760645]
[1.8370286, 0.78998935, 0.8710896, 0.17594968]
[1.8681575, 0.901681, 0.79611516, 0.17036135]
[1.7051765, 0.8666198, 0.6703937, 0.16816297]
[1.8649628, 0.891502, 0.8096138, 0.16384701]
[1.737172, 0.6563734, 0.89424944, 0.18654916]
[1.9945921, 0.9024634, 0.9359504, 0.15617834]
[1.5955384, 0.7681279, 0.65678614, 0.17062423]
[1.6804326, 0.723946, 0.7757592, 0.18072742]
[1.4730749, 0.75782716, 0.54260814, 0.17263964]
[1.8785886, 0.77309096, 0.9387884, 0.16670918]
[1.6486425, 0.7646959, 0.7136003, 0.17034633]
[1.9531066, 0.84152377, 0.9318923, 0.17969054]
[1.6240035, 0.8113283, 0.63846934, 0.17420594]
[2.1453671, 1.1864574, 0.79682446, 0.1620852]
[1.6987935, 0.70488644, 0.84553504, 0.1483721]
[1.7724118, 0.7107918, 0.9059327, 0.15568739]
[1.7149045, 0.7133518, 0.8482069, 0.15334578]
[1.8934442, 0.897534, 0.8487497, 0.14716044]
[1.4734161, 0.5948423, 0.70687854, 0.1716952]
[1.4788098, 0.6344717, 0.6780876, 0.16625041]
[1.8826165, 0.9644178, 0.7595073, 0.15869136]
[1.730412, 0.66226053, 0.9070864, 0.16106504]
[1.5981395, 0.603021, 0.8360977, 0.15902081]
[1.8105315, 0.9725348, 0.6804913, 0.15750541]
[1.7810065, 0.6995512, 0.9202255, 0.16122974]
