[1.6610737, 0.35677516, 1.1236013, 0.18069723]
[1.5144281, 0.7922226, 0.5456512, 0.17655432]
[1.7277291, 0.76903427, 0.7894734, 0.16922136]
[1.6839118, 0.8847573, 0.61782324, 0.1813313]
[1.6724685, 0.72394913, 0.7752465, 0.173273]
[1.8735497, 0.9157274, 0.79219013, 0.16563222]
[1.3747189, 0.5804517, 0.6361972, 0.15806995]
[1.6400537, 0.77285045, 0.69123584, 0.17596751]
[1.5136969, 0.6886765, 0.63500905, 0.19001135]
[1.7404287, 0.7104545, 0.85587347, 0.17410058]
[1.9084935, 0.81076163, 0.9300777, 0.1676543]
[1.8109479, 1.0556729, 0.58505356, 0.1702215]
[1.6907617, 0.81508183, 0.68917453, 0.18650529]
[1.9952607, 0.8054178, 1.0108304, 0.17901254]
[1.4445679, 0.54045, 0.7298373, 0.17428058]
[1.7353109, 0.8298948, 0.7261358, 0.17928037]
[1.7340721, 0.6989906, 0.8659815, 0.16909991]
[1.5813318, 0.7979316, 0.62399745, 0.15940274]
[1.7433668, 0.80071276, 0.7701102, 0.17254388]
[1.8019401, 0.9030162, 0.7148186, 0.18410523]
[1.6950059, 0.6671541, 0.833174, 0.19467781]
[2.0113893, 0.90011394, 0.92118084, 0.1900945]
[2.0633514, 1.075412, 0.8116165, 0.17632303]
[1.9127586, 0.83831906, 0.8994852, 0.17495437]
[1.917868, 1.0910473, 0.67410094, 0.15271983]
[1.9125956, 0.9011263, 0.84985894, 0.16161036]
[1.7127395, 0.72960925, 0.8211168, 0.16201343]
[1.4785864, 0.6102601, 0.70703286, 0.16129346]
[1.7072845, 0.79564935, 0.7438188, 0.16781628]
[1.6854212, 0.8768307, 0.6391761, 0.16941446]
[1.6455442, 0.56708115, 0.9240211, 0.15444192]
[1.445426, 0.58987284, 0.6902323, 0.1653209]
[1.742107, 0.77759457, 0.7937566, 0.1707559]
[1.8651308, 0.8049952, 0.88047826, 0.17965735]
[1.9163742, 1.0049317, 0.742951, 0.1684916]
[1.648793, 0.5908905, 0.8728703, 0.18503211]
[1.9514692, 1.1616437, 0.6042601, 0.1855653]
[1.547943, 0.62148404, 0.7483869, 0.17807212]
[1.5194969, 0.6665437, 0.677645, 0.17530817]
[1.7439853, 0.72212124, 0.84368634, 0.17817771]
[1.710737, 0.89969677, 0.63441545, 0.1766248]
[1.7420267, 0.7947063, 0.7816004, 0.16571999]
[1.8866783, 0.673998, 1.038291, 0.17438936]
[1.6994519, 0.782343, 0.7409859, 0.17612308]
[1.7877856, 0.90737575, 0.70648396, 0.17392597]
[1.5448638, 0.68816614, 0.67755, 0.17914762]
[1.6747204, 0.8870018, 0.62452173, 0.16319689]
[1.9842283, 0.97697455, 0.82997954, 0.17727412]
[1.652593, 0.6689396, 0.7779181, 0.20573534]
[1.6124992, 0.5976747, 0.85535306, 0.15947157]
[1.7390554, 0.78650296, 0.7630305, 0.18952197]
[1.8526535, 0.8991282, 0.7652967, 0.18822856]
[1.7637935, 0.6502681, 0.92926013, 0.18426523]
[1.6893548, 0.6922511, 0.8324717, 0.16463196]
[1.9530696, 0.98558277, 0.807815, 0.15967177]
[1.8647535, 0.64662826, 1.0435466, 0.17457873]
[1.8649485, 0.9602288, 0.7556027, 0.14911704]
[1.6288639, 0.5509286, 0.9066106, 0.17132473]
[1.6635871, 0.7404194, 0.7631975, 0.15997028]
[1.581414, 0.7490064, 0.66313624, 0.16927138]
[1.8597965, 0.92908275, 0.7490263, 0.18168741]
[1.6731509, 0.77727944, 0.7187879, 0.17708363]
[1.7175453, 0.582284, 0.94765335, 0.18760797]
[1.7987925, 1.0408137, 0.56409335, 0.19388548]
[1.8882439, 0.5358708, 1.1689712, 0.183402]
[1.7787408, 1.1482136, 0.46634156, 0.16418564]
[1.7350062, 0.80376625, 0.7573906, 0.17384937]
[1.7363907, 0.72328115, 0.8384321, 0.17467748]
[1.7143396, 0.7654518, 0.788098, 0.16078988]
[1.586863, 0.69953954, 0.709759, 0.17756447]
[1.8181304, 0.7447757, 0.89027804, 0.18307665]
[2.0406218, 1.0437613, 0.8272705, 0.16959009]
[1.8285384, 0.79259986, 0.87492096, 0.16101766]
[1.6874909, 0.6744293, 0.8635082, 0.14955345]
[1.7790349, 0.8447165, 0.76328415, 0.17103422]
[2.0206993, 1.0202153, 0.81812173, 0.18236235]
[2.0007231, 0.79668826, 1.0359888, 0.16804601]
[1.656173, 0.84605926, 0.6618719, 0.14824179]
[1.9244807, 0.72660524, 1.0335941, 0.1642814]
[1.8126498, 1.0541296, 0.6024019, 0.15611832]
[2.0939426, 0.9506233, 0.9807941, 0.16252533]
[1.8865469, 0.8861572, 0.83890676, 0.16148284]
[1.6608711, 0.69377214, 0.82779974, 0.13929926]
[1.6427917, 0.89995515, 0.5681254, 0.17471124]
[1.9854747, 1.0291791, 0.8103554, 0.14594014]
[1.7843783, 0.84855103, 0.77600443, 0.15982276]
[1.82164, 0.70358044, 0.9581833, 0.15987636]
[1.6852663, 0.8138204, 0.71285725, 0.1585887]
[1.6266947, 0.78243107, 0.6816518, 0.16261187]
[1.6601536, 0.81773925, 0.6722052, 0.17020921]
[1.815599, 0.67857325, 0.9642643, 0.17276144]
[1.7455516, 0.79451776, 0.7840557, 0.16697818]
[1.7136426, 0.76114285, 0.7947122, 0.15778759]
[1.6364026, 0.72151893, 0.7571119, 0.15777178]
[1.7272646, 0.84191257, 0.7263993, 0.15895268]
[1.7299099, 0.7573, 0.7982732, 0.17433667]
[1.7834138, 0.87530947, 0.7470531, 0.16105112]
[1.6425128, 0.65532845, 0.8144402, 0.17274415]
[1.7283714, 0.6729737, 0.89720416, 0.15819359]
[1.8747413, 1.0608656, 0.66146517, 0.15241057]
[1.7772634, 0.84465694, 0.7743078, 0.15829875]
[1.9077737, 0.6972628, 1.0618424, 0.14866853]
[1.6323051, 0.64024127, 0.8341111, 0.15795279]
[1.5471259, 0.818603, 0.5723353, 0.15618762]
[1.9220043, 0.88095796, 0.8798608, 0.16118558]
[1.676719, 0.75661397, 0.7781254, 0.14197963]
[1.6309645, 0.688442, 0.7650344, 0.17748815]
[1.606302, 0.6936144, 0.74347067, 0.1692169]
[1.5713259, 0.72422194, 0.6722627, 0.1748413]
[1.7358454, 0.83322513, 0.7326449, 0.1699754]
[1.5397284, 0.63894033, 0.7286011, 0.17218697]
[1.8407781, 0.71843356, 0.9364208, 0.18592378]
[1.9307315, 1.0194811, 0.7343905, 0.17685997]
[1.9181993, 1.0693543, 0.6902888, 0.15855628]
[1.6724304, 0.7299454, 0.77835715, 0.16412787]
[1.7026029, 0.7104975, 0.80971473, 0.18239069]
[1.6734791, 0.6241827, 0.8941626, 0.1551337]
[1.7637789, 0.84197766, 0.7438944, 0.17790693]
[1.528856, 0.71377575, 0.6394953, 0.17558497]
[1.8940158, 1.0006642, 0.7424388, 0.1509127]
[1.7635877, 0.7011174, 0.8953334, 0.16713688]
[1.4619179, 0.739717, 0.54836655, 0.1738343]
[1.6341782, 0.79472494, 0.652617, 0.18683627]
[1.3799081, 0.67961717, 0.5202886, 0.18000238]
[1.60724, 0.7697315, 0.65511894, 0.1823895]
[1.5966542, 0.6589519, 0.72483754, 0.21286476]
[1.766837, 0.8643409, 0.7301941, 0.17230204]
[1.4678168, 0.7206403, 0.56095505, 0.18622153]
[1.7965226, 0.8834871, 0.72824645, 0.18478912]
[1.7171583, 0.8384506, 0.69813585, 0.18057176]
[1.9907693, 0.6486199, 1.1473845, 0.19476482]
[2.1117144, 1.065222, 0.8571544, 0.18933797]
[1.8578358, 0.8028358, 0.89344764, 0.16155231]
[1.9903529, 1.0179961, 0.79820096, 0.17415586]
[1.6639735, 0.605903, 0.89458025, 0.16349013]
[1.8288311, 1.0677521, 0.5777765, 0.18330255]
[1.8863722, 0.76106936, 0.94266427, 0.18263857]
[1.6988295, 0.67233527, 0.8619032, 0.1645911]
[2.0177252, 1.2394211, 0.6019291, 0.17637493]
[1.682343, 0.7085117, 0.83450264, 0.13932876]
[1.8151884, 0.7259923, 0.9187557, 0.17044045]
[1.7778913, 0.70389783, 0.91666913, 0.15732428]
[1.951929, 1.0516884, 0.74604255, 0.15419807]
[1.7360535, 0.86760235, 0.7136123, 0.15483883]
[1.6158974, 0.6276243, 0.8217828, 0.16649029]
[1.6407813, 0.8600205, 0.619185, 0.16157576]
[1.8747456, 0.6989924, 1.0179988, 0.15775447]
[1.6430073, 0.70186627, 0.7914063, 0.14973474]
[1.7023728, 0.76074874, 0.79395187, 0.14767218]
[1.842604, 0.7486407, 0.9461472, 0.14781609]
[1.8647623, 0.8334872, 0.87236345, 0.15891173]
[1.7292657, 0.6935023, 0.87967044, 0.15609285]
[1.7005227, 0.706469, 0.819965, 0.1740887]
[1.6986296, 0.82308275, 0.70445955, 0.17108722]
[1.5621125, 0.7103394, 0.6808505, 0.17092249]
[1.6702762, 0.681345, 0.82558596, 0.16334519]
[1.9209503, 0.901362, 0.8556582, 0.16393009]
[1.4551713, 0.6078319, 0.6811929, 0.16614655]
[1.6807129, 0.85670424, 0.64254194, 0.18146682]
[1.4560797, 0.6717118, 0.6200694, 0.16429849]
[1.6235247, 0.5306524, 0.9158465, 0.17702585]
[1.7799859, 0.7635366, 0.83171, 0.18473935]
[1.5714886, 0.768991, 0.62504363, 0.177454]
[1.8895873, 0.7318238, 0.9769058, 0.18085767]
[1.7742827, 0.7808494, 0.8001873, 0.19324595]
[1.8115165, 0.8075984, 0.81815416, 0.1857639]
[1.6557229, 0.6684848, 0.7945564, 0.19268161]
[1.585191, 0.4526121, 0.9408097, 0.1917691]
[2.0477798, 1.3434579, 0.5299139, 0.17440788]
[1.4404451, 0.54835284, 0.72367954, 0.16841269]
[1.9139459, 0.75116587, 0.98135674, 0.18142325]
[1.595888, 0.56168854, 0.8572551, 0.17694433]
[1.7347727, 0.5516921, 1.0248027, 0.15827787]
[2.1257184, 1.3984983, 0.5379259, 0.189294]
[2.111924, 0.85209656, 1.1009868, 0.15884054]
[1.8044178, 0.84174407, 0.81600404, 0.1466698]
[1.756308, 0.80787516, 0.7946714, 0.15376136]
[1.5922945, 0.7993152, 0.63398165, 0.15899757]
[1.6413021, 0.6874467, 0.79443514, 0.1594202]
[1.6088198, 0.9756207, 0.4656443, 0.16755487]
[1.757113, 0.70030105, 0.8949235, 0.16188839]
[1.8764082, 0.91595197, 0.8087051, 0.1517512]
[1.9146259, 0.8920139, 0.86758614, 0.15502585]
[1.9737617, 0.8953524, 0.91689, 0.16151915]
[1.8855783, 1.0846488, 0.64313567, 0.15779373]
[1.5426271, 0.49849325, 0.88347363, 0.16066027]
[1.632849, 0.9235343, 0.5402659, 0.16904879]
[1.6815014, 0.8614695, 0.67815197, 0.14187995]
[1.6820431, 0.6083618, 0.89933383, 0.17434739]
[1.8136718, 0.8783806, 0.7793448, 0.15594654]
[1.828202, 0.8895386, 0.78523743, 0.15342593]
[1.7344646, 0.92779183, 0.64134336, 0.16532941]
[1.7352082, 0.60291624, 0.967606, 0.16468586]
[1.6775879, 0.8086566, 0.6796813, 0.18924996]
[1.5450977, 0.60116446, 0.79519206, 0.14874116]
[1.6686457, 0.83205366, 0.6743709, 0.16222118]
[1.8296434, 0.9179362, 0.7192487, 0.19245854]
[1.6573554, 0.5908723, 0.92133534, 0.14514783]
[1.756995, 0.7156668, 0.871433, 0.16989523]
[1.6882675, 0.8622837, 0.66121405, 0.16476965]
[1.482533, 0.59210205, 0.73933995, 0.15109101]
[1.7760668, 0.68156546, 0.916515, 0.17798632]
[1.8125982, 0.89756376, 0.7471577, 0.16787669]
[1.9586575, 0.8158362, 0.98399436, 0.15882699]
[2.040047, 1.1336259, 0.74872345, 0.15769769]
[1.9544613, 0.79909205, 0.98572093, 0.16964844]
[1.8532617, 0.9298137, 0.75111943, 0.17232858]
[1.6783543, 0.60067827, 0.9409479, 0.13672808]
[1.8571775, 0.79486847, 0.9048946, 0.1574144]
[1.932406, 0.9446541, 0.8230633, 0.16468856]
[1.910385, 0.98692405, 0.77027243, 0.15318859]
[1.8576295, 0.8178675, 0.9068941, 0.13286789]
[1.9209208, 1.1625702, 0.6114126, 0.14693809]
[1.4546387, 0.5839251, 0.72206867, 0.14864495]
[1.9348223, 0.80091536, 0.9846505, 0.14925644]
[1.7901517, 0.9932841, 0.65858734, 0.13828027]
[1.6427329, 0.6988102, 0.8069021, 0.13702062]
[1.77395, 0.7855154, 0.8371868, 0.15124774]
[1.689415, 0.661284, 0.88049877, 0.14763214]
[1.7815837, 0.86756605, 0.75357985, 0.16043773]
[1.7223145, 0.6862134, 0.8856015, 0.15049961]
[1.6101401, 0.77787495, 0.68387115, 0.14839396]
[1.6499418, 0.7879298, 0.70095766, 0.1610544]
[1.7162974, 0.7825123, 0.764979, 0.16880602]
[1.8125522, 0.9594304, 0.69587696, 0.15724495]
[1.6387924, 0.7401297, 0.7535552, 0.14510751]
[1.7396513, 0.651906, 0.95342505, 0.13432027]
[1.5233382, 0.7434674, 0.6339414, 0.14592941]
[1.9206446, 0.8640351, 0.8803543, 0.17625526]
[1.6044164, 0.6842954, 0.7624169, 0.15770407]
[1.7954686, 0.7728423, 0.86412644, 0.15849988]
[1.684507, 0.8545033, 0.66813934, 0.16186437]
[1.8832586, 0.78177845, 0.95349324, 0.14798686]
[1.6846251, 0.78227425, 0.7228682, 0.17948273]
[1.7856042, 1.1417706, 0.47135165, 0.17248195]
[1.5987872, 0.55875325, 0.8720643, 0.16796957]
[2.0130754, 1.0030912, 0.8469762, 0.16300792]
[1.624055, 0.7661398, 0.68593645, 0.17197883]
[1.6972821, 0.80109876, 0.72534823, 0.17083499]
[1.654576, 0.74682915, 0.7421359, 0.16561088]
[1.5890867, 0.7447212, 0.6821244, 0.16224106]
[1.7639878, 0.7857632, 0.8219929, 0.1562316]
[1.7656327, 0.7654238, 0.84135103, 0.15885796]
[1.9716529, 0.95811456, 0.8518095, 0.16172874]
[1.7572539, 0.7566895, 0.84202814, 0.15853621]
[1.8006165, 0.9195501, 0.71502113, 0.16604525]
[1.7401526, 0.70032805, 0.8941086, 0.14571589]
[1.6493897, 0.717497, 0.76476, 0.16713268]
[1.9131794, 0.94311064, 0.80456144, 0.16550727]
[1.791101, 0.86200285, 0.7812561, 0.14784199]
[1.8398073, 0.84753877, 0.83042455, 0.16184403]
[1.565181, 0.7269901, 0.6704639, 0.16772695]
[1.6435462, 0.79256326, 0.6905493, 0.16043368]
[2.0550432, 0.9953056, 0.89772403, 0.16201341]
[1.7424366, 0.85237324, 0.7290796, 0.16098376]
[1.7089441, 0.8328182, 0.74050653, 0.1356194]
[1.7698429, 1.0150193, 0.60150766, 0.15331595]
[1.5012465, 0.61899346, 0.7426332, 0.13961983]
[1.6827025, 0.85344785, 0.66417253, 0.16508216]
[1.6896621, 0.7568948, 0.7737484, 0.15901886]
[1.7640096, 0.71393335, 0.8797047, 0.17037156]
[1.7893109, 1.0556409, 0.5512011, 0.18246889]
[1.8132617, 0.8588762, 0.78987527, 0.16451024]
[1.8539145, 0.84211695, 0.8344475, 0.17735001]
[1.5696975, 0.61991704, 0.77286416, 0.1769162]
[1.8530988, 0.80069524, 0.87774765, 0.17465577]
[1.7740992, 0.912107, 0.69930977, 0.16268237]
[1.6568172, 0.531077, 0.9770363, 0.14870387]
[1.8740565, 1.1461047, 0.5527388, 0.17521295]
[1.6855464, 0.5927035, 0.9287356, 0.1641073]
[1.9700005, 0.9840902, 0.8320964, 0.15381384]
[1.7863121, 0.7778854, 0.8439952, 0.16443154]
[1.7260245, 0.8645253, 0.6918689, 0.16963027]
[1.7267241, 0.645613, 0.9195044, 0.16160673]
[1.8299735, 0.71811926, 0.9429476, 0.1689066]
[1.7935618, 0.8238381, 0.80202967, 0.16769393]
[1.572193, 0.6787317, 0.7373109, 0.15615046]
[2.0262468, 0.8804069, 0.99785423, 0.14798567]
[1.7192142, 0.79958266, 0.7559811, 0.16365048]
[1.7376105, 0.7068497, 0.87197053, 0.15879023]
[1.6966009, 0.7844644, 0.7348418, 0.17729472]
[1.8413507, 0.63915944, 1.0241777, 0.17801352]
[1.8891573, 0.96199507, 0.76521397, 0.16194814]
[1.6596249, 0.78866327, 0.6996025, 0.17135915]
[1.9511887, 0.89642674, 0.87787277, 0.17688921]
[1.7471898, 0.78890586, 0.79419744, 0.1640864]
[1.62558, 0.631772, 0.8153604, 0.17844757]
[1.710103, 0.78982484, 0.76251364, 0.15776452]
[1.7012043, 0.67649823, 0.85952115, 0.16518496]
[1.8701205, 1.0008501, 0.7082981, 0.16097234]
[1.854056, 0.94134605, 0.74888945, 0.16382048]
[1.6891352, 0.71884954, 0.806029, 0.1642567]
[1.8048129, 0.7817974, 0.85116136, 0.17185417]
[1.7827867, 0.8511404, 0.76181066, 0.16983566]
[1.740025, 0.70034426, 0.8662388, 0.17344199]
[1.733414, 0.71463263, 0.8577262, 0.16105524]
[1.8743068, 0.87273145, 0.81184685, 0.18972853]
[1.7886281, 1.1074945, 0.51268834, 0.16844535]
[1.8293806, 0.7860993, 0.87165105, 0.17163023]
[1.7537068, 0.89145565, 0.6794616, 0.18278955]
[1.8955636, 0.83006364, 0.88866436, 0.1768356]
[1.7979236, 0.6956786, 0.94856924, 0.1536758]
[1.6850488, 0.9265134, 0.5927609, 0.16577461]
[1.54433, 0.8127341, 0.5611131, 0.17048272]
[1.761151, 0.8590504, 0.75016236, 0.1519382]
[1.9801103, 0.80749464, 1.0080656, 0.16455007]
[1.8851213, 0.79099303, 0.92721134, 0.1669169]
[1.711678, 0.83343095, 0.72615993, 0.15208727]
[1.7171631, 0.6793504, 0.88683975, 0.15097293]
[1.4994094, 0.7363565, 0.59678215, 0.16627079]
[1.7751714, 0.6990413, 0.9193311, 0.15679896]
[1.891034, 1.0395672, 0.6581602, 0.19330657]
[1.6459123, 0.67573863, 0.8044447, 0.16572896]
[1.6937995, 0.7426579, 0.7683649, 0.18277667]
[1.5449752, 0.49470636, 0.8802876, 0.16998121]
[1.6034313, 0.76122344, 0.67565805, 0.16654977]
[1.7725645, 0.99263823, 0.61485624, 0.16507009]
[1.7888479, 0.75073975, 0.8908744, 0.14723372]
[1.7230967, 0.78182137, 0.769758, 0.17151742]
[1.6170366, 0.49187753, 0.9569787, 0.1681804]
[1.711023, 0.8014307, 0.7417894, 0.16780294]
[1.5847719, 0.63648814, 0.7726588, 0.17562488]
[1.6182534, 0.7306222, 0.72358674, 0.16404454]
[1.5942707, 0.76767814, 0.65139705, 0.17519546]
[2.2207675, 0.85309064, 1.1976061, 0.17007062]
[1.9288864, 1.200965, 0.5610298, 0.16689157]
[1.4623525, 0.5462017, 0.7518431, 0.1643077]
[1.5801187, 0.76234305, 0.658789, 0.15898661]
[1.6748787, 0.690141, 0.82898843, 0.1557492]
[1.7542002, 0.85585594, 0.7290005, 0.16934377]
[1.6502053, 0.67470825, 0.8145265, 0.16097057]
[1.7888482, 0.88482904, 0.7308572, 0.17316198]
[1.697082, 0.80071926, 0.7100465, 0.18631622]
[1.2902546, 0.6305952, 0.5071795, 0.15247992]
[1.5719441, 0.66676724, 0.746387, 0.15878984]
[1.8863946, 1.1129308, 0.60159004, 0.1718738]
[1.8073964, 0.68546224, 0.9426836, 0.17925063]
[1.7792423, 0.93838, 0.6607063, 0.18015598]
[1.797053, 0.59300077, 1.0384429, 0.16560939]
[1.5578533, 0.77281445, 0.6159456, 0.16909328]
[1.5023971, 0.5918633, 0.74826944, 0.16226438]
[1.5204763, 0.8787212, 0.4756536, 0.16610152]
[1.6340048, 0.7455741, 0.7043444, 0.18408628]
[1.9890229, 1.0822732, 0.7322913, 0.17445837]
[2.0298305, 0.8525282, 1.0189505, 0.15835178]
[1.6634692, 0.7867062, 0.70259243, 0.17417058]
[1.5338453, 0.655842, 0.70735097, 0.17065224]
[1.5827276, 0.7677483, 0.6138583, 0.201121]
[1.6231198, 0.61444426, 0.8214525, 0.18722309]
[1.3765178, 0.64905524, 0.5309526, 0.19650999]
[1.7257853, 0.7647016, 0.7886534, 0.17243022]
[1.7056516, 0.7412746, 0.7862606, 0.1781164]
[2.0327868, 0.6974232, 1.1584114, 0.17695221]
[2.0058002, 1.1226008, 0.692873, 0.19032657]
[1.7077858, 0.8047873, 0.73499024, 0.1680083]
[1.6250908, 0.7553892, 0.6771328, 0.19256884]
[1.670547, 0.73676574, 0.76188666, 0.17189452]
[1.2839513, 0.5976091, 0.5320837, 0.15425843]
[1.9135805, 0.7510861, 0.9796816, 0.18281278]
[1.5790778, 0.6190879, 0.7792813, 0.18070868]
[2.0793138, 1.0824822, 0.79239225, 0.20443922]
[1.6025988, 0.7183213, 0.70531875, 0.1789588]
[1.488811, 0.75075644, 0.562324, 0.17573065]
[1.6426438, 0.6533118, 0.80205566, 0.18727636]
[1.8141745, 0.84556025, 0.78109616, 0.18751815]
[1.5049324, 0.66307896, 0.6391567, 0.20269674]
[1.7742603, 0.8164028, 0.77333266, 0.18452477]
[1.7311066, 0.8747694, 0.6655102, 0.19082697]
[1.7558908, 0.65704495, 0.9436446, 0.15520129]
[1.5476081, 0.824528, 0.5331523, 0.18992786]
[1.9562926, 0.7890783, 0.9626446, 0.20456979]
[1.8282585, 0.83411425, 0.82010937, 0.17403477]
[1.7206969, 0.6597347, 0.8825587, 0.17840347]
[1.6381643, 0.8847017, 0.5747068, 0.1787557]
[1.7563652, 0.8315805, 0.74570245, 0.17908223]
[1.6833168, 0.77788246, 0.7210751, 0.18435916]
[1.8249412, 0.8443971, 0.78213125, 0.19841276]
[1.5518084, 0.59178156, 0.7809099, 0.1791169]
[1.3814294, 0.62146586, 0.577291, 0.1826725]
[1.9630243, 0.8377223, 0.9437587, 0.18154326]
[1.8184795, 0.8680401, 0.76277906, 0.18766049]
[2.0752757, 1.0187364, 0.8673594, 0.18917987]
[1.8498638, 0.9028089, 0.78761506, 0.15943977]
[1.6506517, 0.7863401, 0.67132723, 0.19298431]
[1.6235493, 0.77760005, 0.6581279, 0.18782142]
[1.8831415, 0.72222257, 0.97642815, 0.18449077]
[1.6579049, 0.7622913, 0.7194587, 0.17615485]
[1.4711618, 0.7744379, 0.5189421, 0.17778176]
[1.6861359, 0.83355343, 0.68423676, 0.16834572]
[1.7834357, 0.9570515, 0.65791494, 0.16846934]
[1.628901, 0.6715502, 0.7839289, 0.17342186]
[1.8614963, 0.5776194, 1.1083455, 0.1755315]
[1.7308338, 1.0050569, 0.55480343, 0.17097352]
[1.515158, 0.4735434, 0.85728, 0.18433465]
[1.798436, 0.9668964, 0.63935983, 0.19217977]
[1.9301827, 0.9677024, 0.76666105, 0.19581923]
[1.7044716, 0.82769656, 0.70493495, 0.17184007]
[1.7285836, 0.8611127, 0.6978302, 0.16964063]
[1.9212998, 0.73480475, 0.9906553, 0.19583979]
[1.6128566, 0.82747483, 0.59780765, 0.18757418]
[1.7414496, 0.6682949, 0.90157753, 0.17157716]
[2.0303826, 0.82450414, 1.014262, 0.19161648]
[1.5112703, 0.6302122, 0.70091975, 0.18013841]
[2.0357654, 0.98098534, 0.86805344, 0.1867265]
[1.8123324, 0.91531974, 0.7272994, 0.16971321]
[2.0552895, 0.9444623, 0.9383709, 0.17245631]
[1.7625542, 0.7972147, 0.78744066, 0.17789894]
[1.6681378, 0.73440754, 0.7710479, 0.16268232]
[2.0091734, 0.878057, 0.9559102, 0.17520607]
[1.7708147, 0.90929973, 0.6941126, 0.16740224]
[1.7406341, 0.81741476, 0.7571167, 0.16610262]
[1.799544, 0.69637895, 0.94610405, 0.15706101]
[1.8531644, 0.8758879, 0.80832255, 0.168954]
[1.7596714, 0.7950891, 0.80504644, 0.15953593]
[1.760702, 0.67759484, 0.9332583, 0.14984882]
[1.7750509, 0.90234315, 0.6977643, 0.17494346]
[1.9027395, 0.71808463, 1.0113453, 0.1733096]
[1.619137, 0.6980959, 0.768185, 0.15285608]
[1.4227417, 0.77715486, 0.47806096, 0.1675258]
[1.6013001, 0.60885525, 0.8124621, 0.1799828]
[1.9279914, 0.85330045, 0.9043652, 0.17032574]
[1.7697153, 0.96464807, 0.62693655, 0.17813057]
[1.9756955, 0.8292367, 0.98397493, 0.16248378]
[1.9485818, 0.9889655, 0.79231703, 0.16729924]
[1.6715792, 0.7372193, 0.77797663, 0.15638337]
[1.5316021, 0.678322, 0.6919434, 0.16133672]
[1.6326462, 0.69567037, 0.76783955, 0.16913626]
[1.4375558, 0.5819982, 0.67736745, 0.17819011]
[1.6039873, 0.77297163, 0.6608884, 0.17012723]
[1.9549167, 0.7676217, 1.0028567, 0.18443829]
[1.985743, 0.98168516, 0.8240655, 0.17999247]
[1.8455126, 0.7700337, 0.91525054, 0.16022831]
[1.5395439, 0.5946738, 0.79595983, 0.14891031]
[1.9823852, 1.1615801, 0.6407602, 0.18004484]
[2.0093496, 0.93712616, 0.9003358, 0.1718876]
[1.7835678, 0.66758835, 0.9465976, 0.16938187]
[1.8617072, 0.9624226, 0.7379356, 0.16134912]
[1.7210582, 0.6370963, 0.9195622, 0.16439971]
[1.7629455, 0.87702, 0.72665304, 0.15927252]
[1.7188826, 0.6641711, 0.88294053, 0.1717709]
[1.7770206, 0.8738301, 0.74069, 0.1625005]
[1.8103563, 0.75485694, 0.88602304, 0.1694763]
[1.8082049, 0.90637875, 0.74693656, 0.15488961]
[1.9588834, 0.8075316, 1.0015479, 0.14980388]
[1.5870805, 0.78576267, 0.6546624, 0.14665543]
[1.5807521, 0.7383486, 0.6753671, 0.16703635]
[1.8945211, 0.88672674, 0.83283126, 0.17496312]
[1.6665698, 0.9965848, 0.4970009, 0.17298411]
[1.644145, 0.6407808, 0.84847987, 0.15488435]
[1.8267094, 0.8415154, 0.82889426, 0.15629968]
[1.747047, 0.8398143, 0.7363183, 0.17091446]
[1.9156543, 0.97207344, 0.8095255, 0.1340554]
[1.8717182, 1.0144657, 0.72199905, 0.13525337]
[1.5710394, 0.65931666, 0.75191236, 0.15981047]
[1.5930026, 0.8034219, 0.63868636, 0.15089431]
[1.6959984, 0.6416973, 0.8909508, 0.16335037]
[1.6640911, 0.7625158, 0.7250798, 0.1764955]
[1.626165, 0.68870705, 0.765833, 0.17162499]
[1.6090492, 0.76190245, 0.6688084, 0.17833842]
[1.7214044, 0.8276151, 0.718941, 0.17484841]
[1.8695071, 0.9607266, 0.7320579, 0.17672256]
[1.6373749, 0.6309399, 0.8501065, 0.15632842]
[2.0586977, 1.0934753, 0.7858381, 0.17938413]
[1.8860784, 0.8699447, 0.8606514, 0.15548223]
[1.5795953, 0.6439041, 0.7719226, 0.1637686]
[1.7202295, 0.85049105, 0.7040474, 0.16569102]
[1.6709437, 0.7007766, 0.82327, 0.14689708]
[1.7008677, 0.7269304, 0.7914662, 0.1824711]
[1.7696395, 0.9164288, 0.67551494, 0.17769569]
[1.6352183, 0.6555326, 0.82945037, 0.15023533]
[1.8740766, 0.8982676, 0.8040048, 0.17180416]
[1.8908532, 0.82391274, 0.9008464, 0.16609406]
[1.4506902, 0.55625707, 0.7088834, 0.1855496]
[1.709564, 0.8920735, 0.6536489, 0.16384152]
[1.7509768, 0.652745, 0.9563384, 0.14189342]
[1.8685817, 0.89662737, 0.80511665, 0.16683762]
[1.6028395, 0.6448683, 0.78823435, 0.16973692]
[1.9252154, 0.8092019, 0.95152384, 0.16448963]
[1.8450708, 0.86073714, 0.8136381, 0.17069553]
[1.7017395, 0.7862975, 0.755394, 0.16004802]
[1.7970545, 0.6781218, 0.9441526, 0.17478007]
[1.748462, 0.7741332, 0.80779207, 0.1665367]
[1.6726573, 0.52957, 0.97810733, 0.16497988]
[1.9262395, 0.7020677, 1.0512129, 0.1729588]
[1.7603457, 0.9271001, 0.6810999, 0.15214556]
[1.553568, 0.70781827, 0.67645943, 0.1692903]
[1.7228708, 0.8162798, 0.75019896, 0.15639207]
[1.9712615, 0.78415865, 1.025607, 0.16149586]
[1.6973112, 0.77803993, 0.7631191, 0.1561521]
[1.4623033, 0.77834797, 0.53733784, 0.14661753]
[1.6308395, 0.5887635, 0.8722627, 0.16981328]
[1.755817, 0.700671, 0.8824865, 0.17265952]
[1.7485883, 0.85122645, 0.71999586, 0.177366]
[1.7655954, 0.7147405, 0.87218577, 0.17866921]
[1.768966, 0.84708935, 0.74780893, 0.1740677]
[1.3929191, 0.67624915, 0.54263306, 0.17403689]
[1.6804973, 0.9346486, 0.58130103, 0.16454768]
[1.8973302, 0.7218769, 1.0104072, 0.1650461]
[1.8358426, 0.6457728, 1.0102913, 0.17977846]
[1.793136, 1.2307448, 0.40685418, 0.15553698]
[1.6851126, 0.4059286, 1.1178336, 0.16135037]
[1.8503813, 1.0839529, 0.61022604, 0.15620227]
[1.6345375, 0.6945504, 0.7872499, 0.15273717]
[1.8598919, 0.7719494, 0.91999316, 0.16794926]
[1.6773773, 0.7409581, 0.7788324, 0.15758696]
[1.9999032, 1.1024765, 0.7352847, 0.16214204]
[1.8693702, 0.8806312, 0.82956755, 0.15917143]
[1.4347069, 0.66447556, 0.6340109, 0.13622043]
[1.6538136, 0.6876805, 0.800962, 0.16517112]
[1.53201, 0.74715745, 0.64195263, 0.14289983]
[1.7010257, 0.68237203, 0.8451642, 0.17348962]
[1.8614119, 0.9482811, 0.7453656, 0.16776524]
[1.7495371, 0.839647, 0.7375598, 0.17233022]
[1.6864272, 0.8462846, 0.69173884, 0.14840373]
[1.992621, 0.9659835, 0.8688803, 0.15775718]
[1.6784878, 0.9319141, 0.58706737, 0.15950628]
[1.588203, 0.54615724, 0.88608474, 0.15596107]
[1.8547375, 0.974138, 0.7125139, 0.16808563]
[1.7336997, 0.84681106, 0.73434246, 0.15254612]
[1.642825, 0.7347698, 0.76079285, 0.14726232]
[1.9609832, 0.8282074, 0.9721216, 0.16065419]
[1.9498022, 0.95799917, 0.8298809, 0.16192207]
[1.6655791, 0.6476221, 0.873229, 0.14472792]
[1.7727526, 1.0594931, 0.54698265, 0.16627696]
[1.6779089, 0.67978656, 0.8224772, 0.17564507]
[1.7871277, 0.7639718, 0.8800386, 0.14311737]
[1.8310193, 0.8949468, 0.7846106, 0.15146181]
[1.8603454, 0.85794926, 0.83315885, 0.16923726]
[1.8617125, 0.9748087, 0.7520956, 0.13480812]
[1.7028091, 0.57351196, 0.963212, 0.16608506]
[1.7555106, 0.7719323, 0.8307357, 0.15284252]
[1.5880579, 0.7175839, 0.70885557, 0.1616184]
[1.7704488, 0.70111734, 0.9121392, 0.15719235]
[1.6001531, 0.74825764, 0.70364213, 0.14825337]
[1.5261499, 0.67448366, 0.6786133, 0.17305288]
[1.6378759, 0.7904753, 0.6799875, 0.16741307]
[1.7315474, 0.731675, 0.83724546, 0.16262686]
[1.9183991, 0.9003055, 0.8501948, 0.16789873]
[1.3754264, 0.45050043, 0.779263, 0.14566293]
[1.633152, 0.95272034, 0.5368717, 0.14355999]
[1.5553929, 0.6821674, 0.7125095, 0.16071594]
[1.6874238, 0.6492238, 0.86769235, 0.1705077]
[1.5422056, 0.6452955, 0.7058593, 0.19105071]
[1.6812685, 0.8353381, 0.65496904, 0.19096132]
[1.7281508, 0.65956855, 0.8811811, 0.18740119]
[1.4562287, 0.68888855, 0.5982487, 0.16909146]
[1.9031788, 1.0701132, 0.6411525, 0.19191313]
[1.5958893, 0.50541526, 0.91171324, 0.17876077]
[1.6422305, 0.7598393, 0.66903484, 0.21335638]
[1.6381086, 0.6146597, 0.8106843, 0.21276458]
[1.6920542, 0.7718986, 0.7350883, 0.1850673]
[1.9993856, 0.8905627, 0.93252397, 0.17629883]
[1.7966497, 0.81622374, 0.80269367, 0.17773217]
[1.3762382, 0.4954999, 0.70732373, 0.17341454]
[2.078702, 1.1291597, 0.75389075, 0.19565158]
[1.7262115, 0.77146435, 0.7812135, 0.17353371]
[1.4950176, 0.68716615, 0.630935, 0.17691651]
[1.6161678, 0.6051339, 0.8346634, 0.17637047]
[1.7756338, 0.88014126, 0.7041496, 0.19134293]
[1.7486304, 0.7614692, 0.7988274, 0.18833387]
[1.7814814, 0.9350564, 0.6496596, 0.19676547]
[1.6507545, 0.58084685, 0.8860533, 0.18385428]
[1.7887361, 0.8426932, 0.7581613, 0.18788156]
[1.5494214, 0.8087833, 0.5689933, 0.17164476]
[1.6864986, 0.7862778, 0.71590066, 0.18432015]
[1.6294545, 0.74652314, 0.7029456, 0.17998576]
[1.6592009, 0.7085711, 0.7749098, 0.17571998]
[1.8601384, 0.849674, 0.8248824, 0.18558207]
[1.749476, 0.69973147, 0.84352326, 0.20622125]
[1.7871373, 0.76329374, 0.8302429, 0.1936006]
[1.7779398, 0.89194167, 0.6951144, 0.19088373]
[1.5390325, 0.5986126, 0.7644522, 0.17596766]
[1.995667, 1.026753, 0.7819625, 0.18695152]
[1.6944662, 0.73061013, 0.77589655, 0.18795955]
[1.6459103, 0.7470894, 0.71178186, 0.18703902]
[1.7030332, 0.703253, 0.82206, 0.17772025]
[1.5909419, 0.8329278, 0.55873096, 0.19928318]
[1.9725497, 0.86968, 0.92149913, 0.18137048]
[1.6887531, 0.5970638, 0.89659965, 0.19508976]
[1.4247483, 0.72551453, 0.5207866, 0.17844716]
[1.5620624, 0.62609607, 0.75619984, 0.17976654]
[1.7838159, 0.9071226, 0.6796304, 0.19706285]
[1.5361161, 0.6163171, 0.73521906, 0.18457991]
[1.7056313, 0.93827975, 0.590557, 0.17679456]
[1.6422718, 0.7781923, 0.6670821, 0.19699737]
[1.7281992, 0.7887561, 0.7546483, 0.1847949]
[1.5830145, 0.6233588, 0.7685066, 0.19114918]
[1.6651477, 0.74473274, 0.7120936, 0.20832136]
[1.8025209, 0.7508992, 0.8497522, 0.20186947]
[1.9365487, 0.96034783, 0.79178476, 0.18441604]
[2.0288346, 1.0635954, 0.7544755, 0.21076363]
[1.7862091, 0.6000694, 1.0004922, 0.18564744]
[1.8083639, 0.96672463, 0.6679511, 0.17368814]
[1.8384652, 0.835197, 0.83420825, 0.16906005]
[1.6026089, 0.75395, 0.66528463, 0.18337424]
[2.0443695, 0.8845801, 0.97799385, 0.18179551]
[1.6880486, 0.8836973, 0.6324744, 0.17187694]
[1.8837678, 0.646353, 1.0739722, 0.16344261]
[1.9157766, 0.97241575, 0.7885499, 0.15481107]
[1.6176847, 0.70924115, 0.74394107, 0.1645025]
[1.9196423, 0.8802872, 0.8680439, 0.17131126]
[1.7154406, 0.79992807, 0.76083696, 0.15467557]
[1.8237892, 0.5861909, 1.0893111, 0.14828716]
[1.6766382, 1.0195894, 0.48926213, 0.16778676]
[1.5007269, 0.56345415, 0.7806328, 0.15664011]
[1.7422388, 0.8087096, 0.7596979, 0.17383125]
[1.4675579, 0.6841785, 0.61384034, 0.16953915]
[1.5510335, 0.5816113, 0.79651976, 0.1729024]
[1.7027667, 0.8806329, 0.649016, 0.17311773]
[1.9364127, 0.632907, 1.109523, 0.19398268]
[1.8271899, 1.0148462, 0.6330827, 0.17926095]
[1.8547384, 0.97365916, 0.7259927, 0.15508655]
[1.66782, 0.67573375, 0.8159385, 0.17614768]
[1.8545467, 0.8663274, 0.82205415, 0.16616508]
[1.730436, 0.5689347, 0.9802096, 0.1812917]
[1.7295425, 0.83433056, 0.7268872, 0.16832477]
[1.5655515, 0.7071092, 0.6615194, 0.19692284]
[1.6075732, 0.7204043, 0.7137327, 0.17343608]
[1.8494357, 0.817849, 0.87230635, 0.15928042]
[1.8659856, 0.8291085, 0.865391, 0.17148611]
[1.7775956, 0.8869183, 0.70641696, 0.18426034]
[1.7012595, 0.7155642, 0.8190282, 0.16666706]
[1.7317381, 0.8345489, 0.72646344, 0.17072578]
[1.9621413, 0.7991505, 0.9930127, 0.16997796]
[1.6785073, 0.8429439, 0.66853285, 0.16703054]
[1.5954621, 0.6342598, 0.79655504, 0.16464722]
[1.6269479, 0.7770401, 0.66675997, 0.18314776]
[2.0170484, 0.7530471, 1.0752809, 0.18872039]
[1.5872982, 0.87086165, 0.5391179, 0.17731863]
[1.6959124, 0.66346794, 0.8453218, 0.18712255]
[1.6293919, 0.64580524, 0.7890402, 0.1945464]
[1.7637634, 0.724128, 0.8462319, 0.19340342]
[1.6453007, 0.78258455, 0.66295886, 0.19975732]
[1.9660001, 0.87391067, 0.9049441, 0.18714526]
[1.596482, 0.75492555, 0.68253267, 0.1590237]
[1.6432457, 0.82960427, 0.60809183, 0.20554958]
[1.9964328, 0.9302145, 0.88932484, 0.17689346]
[1.8673017, 0.8568514, 0.84024584, 0.17020434]
[1.8128388, 0.7355703, 0.89016974, 0.18709876]
[1.6900015, 0.85190284, 0.6535727, 0.184526]
[1.7344234, 0.70350707, 0.84950215, 0.1814141]
[1.6766602, 0.73013014, 0.7557626, 0.1907674]
[1.760402, 0.8566944, 0.72220707, 0.1815005]
[1.9190046, 0.8151417, 0.92586225, 0.17800061]
[1.6489396, 0.6019032, 0.8736049, 0.17343152]
[1.7213812, 0.996673, 0.545674, 0.17903426]
[1.4885392, 0.5444292, 0.7659203, 0.17818975]
[1.6936238, 0.85948426, 0.6700655, 0.16407394]
[2.11732, 0.8586582, 1.0802743, 0.17838743]
[1.728125, 0.90598637, 0.6444282, 0.17771038]
[1.9282255, 0.5668147, 1.1715509, 0.18985981]
[1.9742148, 1.1051221, 0.70542413, 0.16366857]
[1.745796, 0.7181727, 0.8541422, 0.17348096]
[1.7655364, 0.8419772, 0.7606531, 0.16290617]
[1.5682505, 0.70376563, 0.6885998, 0.1758851]
[1.7326944, 0.7039445, 0.86742854, 0.16132146]
[1.4312872, 0.6049661, 0.64836, 0.17796098]
[1.8267617, 0.845931, 0.80515826, 0.17567256]
[1.7502664, 0.9515271, 0.6148945, 0.18384483]
[1.6038859, 0.6091064, 0.8333457, 0.16143373]
[1.8253274, 0.81898046, 0.83918756, 0.16715929]
[1.3996403, 0.7072749, 0.5155967, 0.17676875]
[1.8836669, 0.98075736, 0.7368982, 0.16601136]
[1.8876098, 0.92738116, 0.77272046, 0.18750826]
[1.7897565, 0.72154635, 0.8906466, 0.1775637]
[1.7554805, 1.0199795, 0.5438017, 0.19169927]
[1.5903682, 0.55698055, 0.8663018, 0.16708577]
[1.7209456, 0.7593801, 0.78427154, 0.17729405]
[1.9015687, 0.8941141, 0.83562845, 0.17182608]
[1.6853815, 0.7460615, 0.7482331, 0.19108692]
[1.5531592, 0.61939716, 0.7383025, 0.19545957]
[1.7498432, 0.71750647, 0.8376948, 0.19464195]
[1.7306051, 0.72480154, 0.8105447, 0.19525883]
[2.1406221, 1.1908882, 0.7710867, 0.17864722]
[1.9299437, 0.78240865, 0.9514022, 0.19613278]
[1.5590287, 0.87941384, 0.5160841, 0.16353083]
[1.7628633, 0.668855, 0.92978597, 0.16422234]
[1.7920432, 0.89172834, 0.7300194, 0.1702955]
[1.8423077, 0.98628426, 0.67752206, 0.17850141]
[1.7714784, 0.94154656, 0.66754526, 0.1623866]
[1.7374278, 0.8050108, 0.74949926, 0.18291774]
[1.4919095, 0.7893113, 0.53656983, 0.16602832]
[1.5526521, 0.6420702, 0.72777367, 0.18280828]
[1.8081944, 0.86522084, 0.7749015, 0.168072]
[2.225273, 0.97976685, 1.060667, 0.18483894]
[1.7533596, 0.7660512, 0.8213222, 0.16598621]
[1.9895475, 1.00205, 0.83358353, 0.15391397]
[1.6613606, 0.8913588, 0.6066717, 0.16333023]
[1.8502096, 0.89531624, 0.8003, 0.15459332]
[1.9067259, 0.83697915, 0.9191961, 0.15055062]
[1.8325253, 0.6490904, 1.0244915, 0.1589433]
[1.7697054, 0.78001255, 0.84194314, 0.14774975]
[1.7794954, 0.9675437, 0.65376496, 0.1581867]
[1.7068726, 0.742782, 0.7919928, 0.17209779]
[1.753434, 0.6011921, 0.98946375, 0.16277811]
[1.828623, 1.0607766, 0.6187977, 0.14904886]
[1.7233647, 0.7389175, 0.8323701, 0.15207703]
[1.7937888, 0.9509888, 0.67500067, 0.16779935]
[1.8636869, 0.58042103, 1.1351588, 0.14810717]
[1.6407808, 0.8422422, 0.6347253, 0.1638134]
[1.7668467, 0.7546533, 0.857973, 0.1542204]
[1.7382016, 0.7562064, 0.8293518, 0.15264347]
[1.8238095, 0.6031667, 1.0604584, 0.16018441]
[1.7581422, 0.9674351, 0.6375498, 0.15315717]
[1.8102443, 0.8005584, 0.840355, 0.16933098]
[1.6903541, 0.59541905, 0.9276314, 0.1673037]
[1.7356765, 0.8590051, 0.7268357, 0.1498357]
[1.5586342, 0.72677, 0.6574507, 0.17441356]
[1.7971725, 0.7645205, 0.85892916, 0.1737228]
[1.5176934, 0.7544515, 0.5933171, 0.16992487]
[1.553215, 0.50341666, 0.8763603, 0.17343813]
[1.9472536, 0.9610468, 0.7995321, 0.18667474]
[1.8902736, 0.9133301, 0.7943351, 0.1826083]
[1.6783812, 0.86311424, 0.6701751, 0.14509192]
[1.8818142, 0.8813002, 0.8326339, 0.16788006]
[2.0724146, 0.9672996, 0.92921215, 0.17590275]
[1.5222099, 0.64270616, 0.73638755, 0.14311625]
[1.6751887, 0.6853936, 0.8336313, 0.15616386]
[1.812062, 0.78808135, 0.85532904, 0.1686516]
[1.7363816, 0.63315433, 0.940583, 0.16264427]
[2.0548537, 0.98032534, 0.9174474, 0.15708083]
[1.7499967, 0.8087091, 0.7727642, 0.16852333]
[1.5927851, 0.8500143, 0.57971, 0.16306077]
[1.656577, 0.5927803, 0.881261, 0.18253577]
[1.6868937, 0.83513963, 0.68921775, 0.16253644]
[1.8215466, 0.9306491, 0.7206757, 0.17022176]
[1.5823351, 0.7319956, 0.70115596, 0.14918362]
[1.6717162, 0.694426, 0.7872522, 0.19003792]
[1.7386724, 0.8366249, 0.7402869, 0.16176061]
[1.7945415, 0.93313956, 0.6897259, 0.17167605]
[1.9326489, 0.5502216, 1.2109904, 0.17143679]
[1.9641855, 1.2946364, 0.50314814, 0.16640095]
[1.9607606, 0.83944154, 0.9557901, 0.16552904]
[1.7208722, 0.7196108, 0.84529763, 0.15596372]
[1.5825754, 0.80371165, 0.6215184, 0.1573454]
[2.158842, 0.9402472, 1.0531259, 0.16546898]
[1.5015402, 0.7291039, 0.61884284, 0.1535934]
[1.5836278, 0.74897146, 0.67008173, 0.16457458]
[1.6454085, 0.7157192, 0.74862456, 0.18106468]
[1.4484752, 0.5492842, 0.7375292, 0.16166173]
[1.7762327, 1.1233684, 0.4718928, 0.18097147]
[1.7410592, 0.7448652, 0.8399376, 0.15625636]
[1.7756916, 0.7365812, 0.87355804, 0.16555242]
[1.8182259, 0.7412865, 0.9198822, 0.1570572]
[1.6769857, 0.76206565, 0.74231035, 0.17260984]
[1.6538212, 0.6770991, 0.8118741, 0.16484812]
[1.8809779, 0.8643069, 0.8348886, 0.18178242]
[1.7909029, 0.93227684, 0.6703202, 0.18830581]
[1.9368669, 0.683163, 1.0984101, 0.15529385]
[1.7751063, 0.94321775, 0.6364975, 0.19539109]
[1.6162608, 0.6769922, 0.7641643, 0.17510429]
[2.0338988, 0.89204264, 0.96174175, 0.18011454]
[1.7630898, 0.76167387, 0.8181336, 0.18328229]
[1.8217806, 0.85663867, 0.80470216, 0.16043974]
[1.8456335, 0.60021544, 1.0774822, 0.16793585]
[1.6287358, 0.8969945, 0.54712665, 0.18461466]
[1.8872797, 0.6931418, 1.0429375, 0.15120044]
[1.65769, 0.64493525, 0.85660535, 0.15614942]
[1.5846934, 0.6646376, 0.7493074, 0.17074846]
[1.9554958, 0.7756256, 1.0059061, 0.17396414]
[1.4442582, 0.5841079, 0.68455154, 0.1755988]
[1.8338507, 0.9273946, 0.75047135, 0.15598476]
[1.8062953, 0.9317218, 0.7068118, 0.16776165]
[1.8103496, 0.7357965, 0.90891695, 0.16563615]
[1.6957, 0.7720934, 0.7665509, 0.15705578]
[1.5263947, 0.6507604, 0.71898866, 0.15664569]
[1.6030855, 0.7012439, 0.71884584, 0.18299574]
[1.8259377, 0.68387026, 0.9813527, 0.16071486]
[1.7212157, 0.8090991, 0.73958504, 0.17253166]
[1.9373757, 0.76708806, 1.0018296, 0.16845797]
[1.5877764, 0.8235743, 0.6034614, 0.16074067]
[1.6817226, 0.75764346, 0.74241006, 0.18166912]
[1.785225, 0.7604359, 0.84822744, 0.17656168]
[1.7743683, 0.79722404, 0.81525767, 0.16188654]
[1.9528481, 1.0739086, 0.7122176, 0.1667219]
[1.8015816, 0.9439031, 0.6980889, 0.15958965]
[1.5824646, 0.75365216, 0.6606015, 0.16821086]
[1.7323214, 0.817623, 0.74580336, 0.168895]
[1.5737354, 0.76848435, 0.6342354, 0.1710156]
[1.7673559, 0.74915475, 0.84098107, 0.17722014]
[1.8493432, 1.0137923, 0.66270983, 0.17284107]
[1.9659019, 0.8780036, 0.9270463, 0.1608519]
[2.0573263, 0.9884721, 0.9119399, 0.15691426]
[1.6628157, 0.7662678, 0.74434245, 0.15220544]
[1.7583582, 0.8910328, 0.7038975, 0.16342795]
[1.6010019, 0.6344547, 0.8115319, 0.15501519]
[1.5349, 0.6374391, 0.7354774, 0.16198355]
[1.6118276, 0.8050523, 0.62732726, 0.17944807]
[1.5574821, 0.5763296, 0.8132752, 0.1678773]
[1.6584907, 0.830674, 0.64950866, 0.17830804]
[1.5416999, 0.6290682, 0.7394942, 0.17313741]
[1.8287107, 0.90971226, 0.7516875, 0.16731083]
[1.518056, 0.6778765, 0.6802902, 0.15988933]
[1.8922362, 1.0170019, 0.7049804, 0.17025396]
[1.6353875, 0.88194007, 0.5836356, 0.16981182]
[1.4941812, 0.63231546, 0.6823835, 0.17948228]
[1.8345582, 0.9038582, 0.7407781, 0.189922]
[1.7587018, 0.9488933, 0.63000715, 0.17980134]
[1.6759377, 0.8475648, 0.6395086, 0.1888642]
[1.695793, 0.73083586, 0.7915929, 0.17336427]
[1.6137277, 0.6515042, 0.7806924, 0.1815311]
[2.095943, 1.0652297, 0.8554379, 0.17527547]
[1.8721095, 0.834532, 0.86019564, 0.1773819]
[1.7637857, 0.8055105, 0.7872877, 0.17098747]
[1.802916, 0.8450583, 0.7997344, 0.15812321]
[1.8974069, 1.0068405, 0.7107215, 0.17984493]
[1.7609173, 0.7146957, 0.872277, 0.1739446]
[1.742129, 0.7887518, 0.77122587, 0.18215129]
[1.7748098, 0.72571146, 0.8822322, 0.16686612]
[1.7062193, 0.80749065, 0.7306968, 0.16803178]
[1.4972615, 0.4440853, 0.88724935, 0.16592696]
[1.5644779, 0.7287688, 0.67110515, 0.16460393]
[1.6769379, 0.8296912, 0.66841966, 0.17882717]
[1.7389817, 0.7004229, 0.86689466, 0.17166427]
[1.7520158, 0.713167, 0.8681457, 0.17070323]
[1.8088062, 0.930313, 0.7151366, 0.16335651]
[1.6142999, 0.70192826, 0.73956406, 0.17280756]
[1.6971173, 0.6553905, 0.8838876, 0.15783934]
[1.5862917, 0.75248146, 0.6562164, 0.17759384]
[1.6033465, 0.65438235, 0.76822543, 0.18073866]
[1.6185536, 0.720748, 0.6963822, 0.20142347]
[1.8656672, 0.7175193, 0.9571001, 0.19104782]
[1.6393868, 0.67565435, 0.7793871, 0.18434541]
[1.8519759, 0.9809195, 0.68393636, 0.1871201]
[1.5638345, 0.7062664, 0.679271, 0.17829718]
[1.6877934, 0.79122937, 0.71871436, 0.17784967]
[1.8937336, 0.84764755, 0.8548161, 0.19127002]
[1.4687972, 0.7151308, 0.5715976, 0.18206878]
[1.6747422, 0.73565745, 0.7540064, 0.18507835]
[1.733404, 0.8878249, 0.66924417, 0.17633499]
[1.6877408, 0.6869135, 0.7997489, 0.20107844]
[1.6617577, 0.72769296, 0.75929177, 0.17477292]
[1.8624954, 0.96088886, 0.7281713, 0.17343521]
[1.703562, 0.7050452, 0.80670714, 0.19180968]
[2.0555923, 0.9639962, 0.91985464, 0.17174159]
[1.693013, 0.68285215, 0.83278537, 0.17737547]
[1.8163044, 0.85206306, 0.78089654, 0.18334489]
[1.8419306, 1.000283, 0.6621226, 0.17952505]
[1.897361, 0.85429966, 0.86728996, 0.1757715]
[1.695137, 0.6926218, 0.8313654, 0.1711497]
[1.9599662, 0.9422629, 0.8468901, 0.17081326]
[1.7390001, 0.8799226, 0.67733896, 0.18173856]
[1.6492696, 0.7397926, 0.74125814, 0.16821885]
[1.824253, 0.74735487, 0.9165903, 0.1603078]
[1.9527174, 0.93006027, 0.8645506, 0.15810658]
[1.8836273, 0.94041103, 0.7832711, 0.15994509]
[1.6418008, 0.760345, 0.72419107, 0.15726471]
[1.7399737, 0.9081363, 0.6862891, 0.14554824]
[1.9120907, 0.8968347, 0.86377215, 0.15148386]
[1.713327, 0.6856395, 0.8759415, 0.15174603]
[1.7448972, 0.7244693, 0.8573117, 0.16311622]
[1.8286008, 0.8767817, 0.7959888, 0.15583028]
[1.7999868, 0.5948229, 1.0348442, 0.17031977]
[1.6736389, 0.60956067, 0.8834026, 0.18067561]
[1.691418, 0.63705397, 0.89038694, 0.16397713]
[1.5960442, 0.8082364, 0.6332531, 0.15455475]
[1.7568964, 0.87258005, 0.7170778, 0.16723856]
[1.7221277, 0.5520274, 1.0133512, 0.15674904]
[1.5965532, 0.7734951, 0.655623, 0.16743505]
[1.9247404, 0.8087094, 0.9292407, 0.18679032]
[1.8576604, 0.8182791, 0.88205105, 0.15733023]
[1.8288745, 0.85442567, 0.816556, 0.1578928]
[1.9689723, 0.60339797, 1.2368131, 0.12876126]
[1.5618167, 0.8277805, 0.5598786, 0.17415757]
[1.7032697, 0.7061937, 0.82882214, 0.1682539]
[1.5042629, 0.5964918, 0.7535107, 0.15426038]
[1.7421367, 1.0251162, 0.5561559, 0.16086456]
[1.6584495, 0.6231189, 0.8685008, 0.16682984]
[1.6610326, 0.7620197, 0.73238266, 0.16663012]
[1.739987, 0.5923172, 0.9708871, 0.17678273]
[2.054824, 1.0969007, 0.7949719, 0.16295141]
[1.6063157, 0.5347723, 0.89832073, 0.17322269]
[1.8466465, 0.87036717, 0.7977823, 0.17849714]
[1.775841, 0.7401969, 0.8610318, 0.17461225]
[1.519203, 0.81065536, 0.5552887, 0.15325893]
[1.775095, 0.6660477, 0.9285238, 0.1805235]
[1.8373604, 0.9774823, 0.6846818, 0.17519628]
[1.7740449, 0.7169959, 0.8901273, 0.16692173]
[1.8595947, 0.90014595, 0.7529198, 0.20652898]
[1.6580042, 0.7685089, 0.73216134, 0.15733398]
[1.6525521, 0.62820256, 0.8473296, 0.17701992]
[1.9883249, 1.160557, 0.6526321, 0.17513569]
[2.0654569, 1.0257425, 0.8840317, 0.15568265]
[1.8501356, 0.9827763, 0.7221662, 0.14519304]
[1.8470453, 0.7628162, 0.941998, 0.14223114]
[1.818848, 0.9945202, 0.6628244, 0.16150339]
[1.8409705, 0.893186, 0.79094356, 0.1568411]
[1.4766552, 0.6032797, 0.7139708, 0.15940472]
[1.6753628, 0.8948878, 0.62949413, 0.15098101]
[1.5456102, 0.652738, 0.71985227, 0.17301983]
[1.5980382, 0.6944107, 0.7323904, 0.17123717]
[1.6759354, 0.8583637, 0.6331103, 0.18446143]
[1.852466, 0.8316938, 0.84703034, 0.17374177]
[1.7638104, 0.75291646, 0.8434473, 0.16744658]
[1.607909, 0.80450314, 0.62429655, 0.17910933]
[1.6168578, 0.6672762, 0.76492953, 0.18465203]
[1.9915056, 1.063717, 0.76286626, 0.16492242]
[1.6026164, 0.7763939, 0.6540868, 0.17213574]
[1.7347423, 0.79963344, 0.75626576, 0.1788431]
[1.7298232, 0.66497, 0.9017471, 0.16310608]
[1.8358516, 0.77796185, 0.88357294, 0.17431676]
[1.6222258, 0.6742199, 0.7696732, 0.17833251]
[1.9266026, 1.0515584, 0.6924083, 0.18263589]
[1.8359501, 0.8476394, 0.83322895, 0.15508178]
[1.8005526, 0.75762916, 0.8684993, 0.17442423]
[1.9344845, 0.9899054, 0.7926351, 0.15194389]
[1.6559126, 0.6176742, 0.87331206, 0.16492647]
[1.6579125, 0.69933146, 0.7802662, 0.17831483]
[1.7075472, 0.77391285, 0.7730304, 0.16060404]
[1.6948652, 0.72210133, 0.8051765, 0.16758735]
[2.138427, 1.0651531, 0.92455316, 0.14872071]
[1.9674605, 0.9567562, 0.860103, 0.15060122]
[1.7918983, 0.8124695, 0.83469665, 0.14473207]
[1.6751852, 0.66881704, 0.85370123, 0.15266693]
[1.8478215, 0.6493373, 1.0443029, 0.15418124]
[1.6364245, 0.6985189, 0.7759207, 0.16198488]
[1.6919048, 0.84364426, 0.69408476, 0.15417577]
[1.7029581, 1.0395384, 0.5084395, 0.15498024]
[1.8187586, 0.8110068, 0.85471, 0.15304182]
[1.7235756, 0.70595026, 0.85280097, 0.16482437]
[1.5313551, 0.82556283, 0.5303615, 0.1754308]
[1.9795412, 0.88414305, 0.9329584, 0.16243975]
[1.6532637, 0.6471224, 0.8491304, 0.15701091]
[1.7086793, 0.704906, 0.8416243, 0.16214904]
[1.6217177, 0.7310797, 0.74594903, 0.144689]
[1.7577838, 1.0132465, 0.58395886, 0.16057837]
[1.5738236, 0.64892423, 0.75679487, 0.16810457]
[1.8028984, 0.7844261, 0.8600577, 0.15841454]
[1.4292623, 0.51165605, 0.7446823, 0.17292395]
[1.7957398, 0.88018453, 0.7389996, 0.17655562]
[1.8517212, 0.9119652, 0.7800759, 0.15968]
[1.5489688, 0.73859316, 0.6315393, 0.17883629]
[1.3438393, 0.44585258, 0.72663736, 0.17134938]
[1.8947318, 0.92234546, 0.7957871, 0.1765992]
[2.0032666, 0.7290705, 1.1130023, 0.16119386]
[1.6977634, 0.92061555, 0.6315339, 0.14561397]
[1.7030407, 0.85512483, 0.68383753, 0.16407835]
[1.8700596, 0.72344375, 0.9822146, 0.16440114]
[1.6750765, 0.92309, 0.5850619, 0.16692463]
[1.5813773, 0.61642987, 0.79434407, 0.17060322]
[1.7329286, 0.708562, 0.8552438, 0.16912284]
[1.6881819, 0.67769825, 0.8296236, 0.18086004]
[1.7831194, 0.87035334, 0.7379571, 0.17480893]
[1.793215, 0.7174351, 0.91118836, 0.16459152]
[1.6638896, 0.77091986, 0.71661496, 0.17635491]
[1.6467932, 0.8925177, 0.5828957, 0.17137994]
[1.5768552, 0.67013705, 0.75232345, 0.15439466]
[1.5456953, 0.70986664, 0.65856355, 0.1772652]
[1.8448753, 0.8417834, 0.8402127, 0.16287917]
[1.7558612, 0.95552677, 0.6182993, 0.18203506]
[1.8408167, 0.7719229, 0.9075535, 0.16134039]
[1.7177191, 0.8958223, 0.6461245, 0.17577237]
[1.6292515, 0.63792056, 0.80338496, 0.18794599]
[1.7636096, 0.88944364, 0.70439196, 0.16977404]
[1.6860493, 0.65602624, 0.8425889, 0.18743418]
[1.7979174, 0.77848184, 0.8631597, 0.15627575]
[2.2136776, 1.2858801, 0.7628852, 0.16491237]
[1.5107405, 0.5603777, 0.8183489, 0.13201389]
[1.6787599, 0.70652866, 0.79374564, 0.17848563]
[1.7176173, 0.7401724, 0.81553316, 0.16191179]
[1.6069814, 0.91049564, 0.5353451, 0.16114073]
[1.6960316, 0.7874125, 0.74351907, 0.16509998]
[1.8259428, 0.7403455, 0.9168565, 0.16874072]
[1.923111, 0.878411, 0.8722163, 0.1724837]
[1.7160902, 0.79940176, 0.7435985, 0.17308994]
[1.6679065, 0.7579486, 0.7594496, 0.15050845]
[1.8991126, 0.94159806, 0.79263014, 0.16488442]
[1.7364724, 0.8127121, 0.7454564, 0.1783039]
[1.5775275, 0.7672366, 0.6524756, 0.1578153]
[1.4576676, 0.48907697, 0.7880566, 0.18053396]
[1.8224478, 0.8487564, 0.79873216, 0.17495921]
[1.8249651, 0.88029325, 0.75973946, 0.18493232]
[1.6400104, 0.60234904, 0.85022163, 0.18743971]
[1.7535529, 0.8085332, 0.7731811, 0.17183867]
[1.8451806, 0.7441678, 0.8996949, 0.20131788]
[1.5929358, 0.8246714, 0.5922115, 0.17605287]
[1.7673547, 0.8782052, 0.6901732, 0.19897626]
[1.5020504, 0.5071035, 0.8220303, 0.17291662]
[1.6186192, 0.72321093, 0.6876067, 0.20780161]
[1.6920891, 0.8517548, 0.6551261, 0.1852082]
[1.7963128, 0.96688485, 0.61953896, 0.209889]
[1.8133409, 0.73140687, 0.8945277, 0.18740627]
[1.9343425, 0.9970882, 0.758689, 0.17856538]
[1.6023651, 0.7676618, 0.6538743, 0.18082908]
[2.0252182, 0.98304254, 0.8646002, 0.17757568]
[1.4974427, 0.52866185, 0.7826675, 0.18611331]
[1.5368332, 0.7436607, 0.6155416, 0.1776309]
[1.6280779, 0.7269546, 0.72054446, 0.18057886]
[1.6880704, 0.9290032, 0.5671903, 0.19187705]
[1.7486204, 0.73651344, 0.82823116, 0.18387583]
[1.810983, 0.59176046, 1.0222118, 0.19701082]
[1.8705788, 0.9936231, 0.7051228, 0.1718328]
[1.5795331, 0.6438031, 0.76389253, 0.17183748]
[1.6777081, 0.7466059, 0.7310215, 0.20008081]
[1.7386271, 0.7508669, 0.8126182, 0.17514193]
[1.6346763, 0.7027575, 0.7493213, 0.18259747]
[1.7682531, 0.91350085, 0.66345733, 0.19129497]
[1.7882462, 0.6367887, 0.96552163, 0.1859357]
[1.7176666, 0.66946816, 0.87136173, 0.17683679]
[1.4242762, 0.59977615, 0.62414294, 0.20035712]
