[1.678566, 0.849378, 0.6538619, 0.17532614]
[1.528985, 0.57692015, 0.78519577, 0.16686913]
[1.8265269, 0.88026714, 0.77104557, 0.17521414]
[1.8713629, 0.8509964, 0.84232974, 0.17803685]
[1.5921748, 0.7506754, 0.6786809, 0.16281846]
[1.9142132, 1.0031104, 0.7399329, 0.17116982]
[1.7634715, 0.8775531, 0.7181349, 0.16778353]
[1.5556058, 0.6900641, 0.6800684, 0.18547331]
[1.6484914, 0.82336307, 0.65028787, 0.17484048]
[1.8546817, 0.8778202, 0.80161345, 0.17524812]
[1.6521853, 0.67446196, 0.80193794, 0.17578539]
[1.5944281, 0.7617897, 0.68029404, 0.15234438]
[2.0048609, 0.88939357, 0.954062, 0.16140525]
[1.6263881, 0.67955303, 0.7802078, 0.16662723]
[1.8801252, 0.86474663, 0.8516145, 0.16376415]
[1.7381145, 0.7844808, 0.7679371, 0.18569651]
[1.6665189, 0.7420715, 0.76151466, 0.16293278]
[1.5341268, 0.6725578, 0.69781804, 0.16375084]
[1.4558142, 0.61799544, 0.65836453, 0.1794542]
[1.6527134, 0.74124914, 0.73401415, 0.1774501]
[1.7589047, 0.7280557, 0.87194705, 0.15890193]
[1.9467165, 0.83232045, 0.9411297, 0.17326637]
[1.6419632, 0.85990894, 0.5953082, 0.18674612]
[1.6677499, 0.69406337, 0.79382384, 0.17986274]
[1.5592947, 0.62572396, 0.74846596, 0.1851049]
[1.9170172, 0.9009585, 0.817497, 0.1985617]
[1.4806173, 0.73837805, 0.5622314, 0.18000783]
[1.5080703, 0.50008595, 0.7845411, 0.22344339]
[1.7489991, 0.82749146, 0.7409971, 0.18051049]
[1.6580478, 0.89925826, 0.5336269, 0.22516264]
[1.688468, 0.6157353, 0.88278663, 0.18994607]
[1.4872634, 0.603515, 0.69554627, 0.1882022]
[1.519155, 0.69710505, 0.59244984, 0.22960019]
[1.3553444, 0.71194106, 0.4536062, 0.18979713]
[2.2036624, 0.84241927, 1.157644, 0.20359896]
[1.9114428, 0.97341526, 0.75124335, 0.18678412]
[1.6554571, 0.8494313, 0.6207591, 0.18526673]
[1.5285957, 0.74613845, 0.594777, 0.1876803]
[1.7933289, 0.72402596, 0.8843548, 0.1849481]
[1.6742162, 0.83068883, 0.6617949, 0.18173246]
[1.8777386, 0.6775367, 0.9973246, 0.20287733]
[1.7234017, 0.8187412, 0.71909887, 0.18556157]
[1.9075186, 1.13512, 0.59682786, 0.17557076]
[1.8589623, 0.7379057, 0.94183147, 0.17922518]
[1.5442477, 0.5731652, 0.79083, 0.18025252]
[1.3960916, 0.7654226, 0.44739318, 0.1832758]
[1.6290233, 0.73661494, 0.7038498, 0.18855855]
[1.6011647, 0.81862295, 0.61146545, 0.17107628]
[1.5159261, 0.6458906, 0.6799264, 0.1901092]
[1.831675, 0.84759367, 0.7866578, 0.19742352]
[1.6871569, 0.8580313, 0.6272559, 0.20186976]
[1.9643934, 0.72105485, 1.0344273, 0.20891121]
[1.7823484, 1.0007907, 0.6039976, 0.17756006]
[1.8850389, 0.85092187, 0.8277737, 0.20634332]
[1.7220901, 0.6511184, 0.8882676, 0.18270408]
[1.6741333, 0.8169209, 0.66574156, 0.19147092]
[1.2870058, 0.46542117, 0.61914706, 0.20243755]
[1.5002244, 0.7373961, 0.5763923, 0.186436]
[1.6452609, 0.7382419, 0.7180369, 0.18898208]
[1.8333875, 0.70660985, 0.9300357, 0.19674197]
[1.7306417, 0.80304205, 0.7191453, 0.20845436]
[1.6769445, 0.71106946, 0.7471113, 0.21876365]
[1.7362065, 0.85657364, 0.686337, 0.19329602]
[1.7963109, 0.84024036, 0.7607869, 0.19528362]
[1.6211709, 0.6930649, 0.7350024, 0.19310354]
[1.7075708, 0.73993576, 0.79925877, 0.16837618]
[1.8698645, 1.0178545, 0.673633, 0.17837702]
[1.6176482, 0.578898, 0.85477364, 0.18397649]
[1.6508957, 0.7647191, 0.7047055, 0.18147114]
[1.5746807, 0.6341687, 0.7710993, 0.16941269]
[1.7872256, 0.7895333, 0.8054481, 0.1922442]
[1.6634077, 0.64842594, 0.8246774, 0.19030444]
[1.510582, 0.6488647, 0.67630726, 0.18540996]
[2.0301495, 1.0201725, 0.8068445, 0.20313263]
[1.7599623, 0.6354234, 0.9249549, 0.19958405]
[1.7618499, 0.9700258, 0.602176, 0.1896481]
[1.7035166, 0.5457769, 0.9819382, 0.17580152]
[1.8446654, 0.98631936, 0.66716963, 0.19117637]
[1.9639223, 0.732704, 1.0421462, 0.1890721]
[1.760196, 0.7935263, 0.7813408, 0.18532902]
[1.604529, 0.71999073, 0.7110051, 0.17353323]
[1.6541182, 0.83155507, 0.65528226, 0.16728084]
[1.9865786, 1.0414776, 0.75673306, 0.18836796]
[1.9535551, 0.8230129, 0.9432117, 0.18733054]
[1.7856593, 0.89174795, 0.7147347, 0.17917672]
[1.7438862, 0.7282747, 0.8358157, 0.17979571]
[1.4042693, 0.6774592, 0.5495851, 0.17722495]
[1.7059617, 0.635851, 0.88021564, 0.18989506]
[1.6207188, 0.7219491, 0.73148644, 0.16728333]
[1.432917, 0.54540825, 0.7089087, 0.1786001]
[1.876564, 0.8864194, 0.80534047, 0.18480423]
[1.8189355, 0.915269, 0.7316878, 0.17197868]
[1.8164674, 0.7852408, 0.8364574, 0.19476923]
[1.6652316, 0.64090747, 0.8569666, 0.16735753]
[1.7220998, 0.84983766, 0.6897263, 0.18253586]
[1.6132565, 0.71238464, 0.7199822, 0.18088962]
[1.7167743, 0.9092716, 0.608448, 0.1990547]
[1.6196934, 0.7346612, 0.7106346, 0.17439762]
[1.5365685, 0.5162518, 0.81480974, 0.20550695]
[1.4999084, 0.6165221, 0.6878182, 0.19556804]
[1.7196515, 0.8626404, 0.6570948, 0.19991633]
[1.9740653, 0.8085702, 0.9791152, 0.18637997]
[1.6672597, 0.6036035, 0.8608102, 0.20284605]
[1.7360384, 0.785815, 0.76044106, 0.18978238]
[1.6944072, 0.80836874, 0.6883996, 0.19763893]
[1.548901, 0.4663279, 0.8682326, 0.21434045]
[1.871971, 1.0420167, 0.6199443, 0.21000993]
[1.4751662, 0.48892224, 0.8040497, 0.18219437]
[1.7584364, 0.9363417, 0.61687195, 0.20522285]
[1.5047982, 0.65881455, 0.6650103, 0.18097332]
[1.9433237, 0.9034052, 0.8415116, 0.1984069]
[1.6277913, 0.72577727, 0.6927594, 0.20925462]
[1.7583166, 0.8073925, 0.74663985, 0.20428428]
[1.6755222, 0.747652, 0.7334852, 0.19438495]
[1.9302177, 0.8284887, 0.9162241, 0.18550497]
[1.5397232, 0.7610934, 0.5956961, 0.18293363]
[1.4088581, 0.4915511, 0.7208266, 0.19648033]
[1.7577186, 0.82575, 0.74584794, 0.18612067]
[1.7624764, 0.7182587, 0.8334686, 0.21074915]
[1.541065, 0.60496294, 0.7519343, 0.18416779]
[1.8209686, 0.7866467, 0.8373041, 0.19701785]
[1.7917583, 0.97202694, 0.5980065, 0.22172481]
[1.8224863, 0.8327832, 0.79011893, 0.19958411]
[1.8740699, 0.6445115, 1.0368698, 0.19268876]
[2.0129547, 1.2250731, 0.59112835, 0.19675328]
[1.469909, 0.47826114, 0.82312477, 0.16852313]
[1.9233446, 1.1130818, 0.6307911, 0.17947179]
[2.021284, 0.75755596, 1.0833312, 0.18039681]
[1.7978718, 0.95714086, 0.6771042, 0.1636268]
[1.8230069, 0.6325841, 0.98964477, 0.20077805]
[1.8944448, 0.83580834, 0.87975705, 0.17887938]
[1.546846, 0.8149035, 0.57332194, 0.1586206]
[1.7614818, 0.69082874, 0.8816719, 0.18898103]
[1.7712754, 0.94823325, 0.6490991, 0.17394304]
[1.6103153, 0.57449245, 0.8617337, 0.17408925]
[1.7444901, 0.9269118, 0.6364, 0.18117839]
[1.6609744, 0.69993645, 0.7867248, 0.1743132]
[1.8373429, 0.9463153, 0.72401524, 0.1670123]
[1.7297448, 0.76056445, 0.8070487, 0.1621317]
[1.4983537, 0.5520637, 0.7755129, 0.17077708]
[1.7965423, 0.89678746, 0.72250354, 0.17725123]
[1.7904854, 0.87781864, 0.7492744, 0.16339232]
[1.6655812, 0.72261214, 0.77231157, 0.17065755]
[1.7210336, 0.9647029, 0.56250477, 0.19382592]
[1.8953226, 0.7234406, 0.9703402, 0.20154181]
[1.8207422, 1.0248766, 0.6135567, 0.182309]
[1.8022928, 0.88865614, 0.7335032, 0.1801335]
[1.8708673, 0.6771014, 1.017527, 0.17623895]
[1.8398244, 0.8670422, 0.8054291, 0.16735314]
[1.8115313, 0.76180243, 0.87116826, 0.17856055]
[1.9870344, 0.7969569, 1.00899, 0.18108746]
[1.9229795, 1.0213366, 0.73393536, 0.16770753]
[1.7630779, 0.7737448, 0.8104037, 0.17892933]
[1.8040411, 0.97231364, 0.6807986, 0.15092894]
[1.7650008, 0.80044097, 0.7976055, 0.16695428]
[1.8174281, 0.90924346, 0.7485367, 0.159648]
[1.9518723, 0.92437494, 0.8798927, 0.14760473]
[1.6416911, 0.69895786, 0.79529035, 0.1474429]
[1.7597995, 0.7474277, 0.8534477, 0.15892409]
[1.4865764, 0.70167637, 0.62835276, 0.15654732]
[1.8336792, 0.8396187, 0.82946444, 0.16459604]
[1.8966999, 0.7890414, 0.9621834, 0.14547518]
[1.813717, 0.8152685, 0.8309058, 0.16754273]
[1.7146825, 0.651835, 0.9123491, 0.15049824]
[1.7178521, 0.79408807, 0.75960183, 0.16416222]
[1.9329475, 0.81633794, 0.947345, 0.1692646]
[1.6300293, 0.95109135, 0.51375896, 0.16517901]
[1.5246241, 0.37755835, 0.9863758, 0.1606899]
[1.692787, 0.9462185, 0.5709224, 0.17564614]
[1.6467685, 0.77710176, 0.703496, 0.16617072]
[1.8940741, 1.0424787, 0.688109, 0.16348636]
[2.2570367, 1.0786521, 1.0080371, 0.17034742]
[1.765887, 0.6896087, 0.92123044, 0.1550479]
[1.701896, 0.8589293, 0.684103, 0.15886366]
[2.1733794, 0.89200187, 1.1371152, 0.14426222]
[1.6935954, 0.74512696, 0.7866852, 0.16178325]
[1.4863628, 0.65627754, 0.68614256, 0.14394276]
[1.6401246, 0.80995154, 0.67156565, 0.15860732]
[1.9045966, 0.6768134, 1.0625609, 0.16522214]
[1.78669, 0.9424167, 0.6687649, 0.17550838]
[1.7071086, 0.6947871, 0.8543081, 0.15801342]
[1.921483, 0.8781768, 0.8824117, 0.1608945]
[1.9211342, 0.91879314, 0.82988405, 0.17245701]
[1.904318, 1.0198083, 0.7455087, 0.139001]
[1.7722121, 0.67851365, 0.9356735, 0.158025]
[1.9153867, 0.9473474, 0.81371844, 0.15432085]
[1.3124405, 0.5429003, 0.6215821, 0.14795816]
[1.5064845, 0.7704383, 0.5724552, 0.16359092]
[1.9247923, 0.83447886, 0.9379199, 0.15239364]
[1.7491083, 0.7945924, 0.8058423, 0.14867362]
[1.6558156, 0.5610107, 0.9357579, 0.15904705]
[1.6130563, 0.7778964, 0.66310716, 0.1720527]
[1.5058172, 0.62373906, 0.7248354, 0.15724275]
[1.6662025, 0.69345516, 0.79339856, 0.1793488]
[2.0163167, 0.83163375, 0.99410367, 0.19057915]
[1.8311055, 0.86416507, 0.79987764, 0.16706282]
[1.6710603, 0.87039346, 0.63724613, 0.16342066]
[1.4645208, 0.5391794, 0.7472069, 0.17813452]
[1.5563551, 0.775704, 0.60692984, 0.17372121]
[1.6566403, 0.6764749, 0.81788594, 0.16227934]
[1.5811067, 0.82113695, 0.5804533, 0.17951648]
[1.774566, 0.92343485, 0.6836966, 0.16743457]
[1.8577467, 0.7095422, 0.9875022, 0.16070235]
[1.9811345, 1.0045044, 0.79923713, 0.17739296]
[1.6791501, 0.6115689, 0.91190016, 0.15568107]
[1.6722614, 0.7914866, 0.7029143, 0.17786035]
[1.973449, 0.86834204, 0.9366222, 0.16848475]
[1.7674582, 1.0039508, 0.59480834, 0.16869901]
[1.7056918, 0.7488403, 0.778854, 0.17799753]
[1.591147, 0.7854451, 0.6484008, 0.15730107]
[1.5536823, 0.6583174, 0.71055484, 0.1848101]
[1.653581, 0.7968534, 0.6853505, 0.17137708]
[1.8041451, 0.79315233, 0.8438505, 0.16714233]
[1.6720356, 0.8068858, 0.688568, 0.17658173]
[2.0040941, 1.1430051, 0.6828619, 0.17822714]
[1.8146944, 0.7712262, 0.88203895, 0.16142923]
[1.6576838, 0.7581469, 0.73022807, 0.16930884]
[1.6800612, 0.8538423, 0.66914105, 0.15707791]
[1.8144535, 0.78417706, 0.87097394, 0.15930252]
[1.7354554, 0.8355218, 0.72284245, 0.17709115]
[1.7684844, 0.9171797, 0.66366404, 0.18764073]
[1.8316007, 0.9119292, 0.7321882, 0.18748334]
[1.7149017, 0.62899125, 0.9332974, 0.15261304]
[1.5894885, 0.6803479, 0.7321718, 0.17696878]
[1.7231448, 0.84351885, 0.72217894, 0.15744692]
[1.6045382, 0.7147726, 0.73402494, 0.15574077]
[1.7559373, 0.79448175, 0.7849488, 0.17650673]
[1.6092895, 0.65915704, 0.78138113, 0.16875133]
[1.6309301, 0.82593715, 0.6124301, 0.19256282]
[1.8221267, 0.77166, 0.8873057, 0.16316116]
[1.7712456, 0.76212204, 0.83256257, 0.17656104]
[1.5105805, 0.6617937, 0.6704665, 0.17832042]
[1.9263946, 0.87278366, 0.8748408, 0.17877015]
[1.8458629, 0.6708536, 1.0208651, 0.15414415]
[1.7635556, 0.857352, 0.73084956, 0.17535412]
[2.0349448, 0.9696102, 0.86440927, 0.20092535]
[1.7854594, 0.6383951, 0.97657484, 0.1704894]
[1.6712788, 0.7809904, 0.7198197, 0.17046872]
[1.5753604, 0.6240975, 0.7817952, 0.16946772]
[1.6932104, 0.9553264, 0.5768483, 0.1610356]
[1.7281214, 0.6939422, 0.86042213, 0.17375708]
[1.9212322, 1.047723, 0.71470875, 0.15880035]
[1.6668894, 0.65833884, 0.8330743, 0.17547625]
[1.6606715, 0.76502275, 0.72099274, 0.17465594]
[1.6745361, 0.7332876, 0.7605871, 0.18066144]
[1.8674704, 0.891918, 0.8033223, 0.1722301]
[1.7042404, 0.57465124, 0.97175777, 0.15783148]
[1.3922302, 0.68141425, 0.5325291, 0.17828679]
[1.815964, 0.8315027, 0.80135345, 0.18310782]
[1.5556873, 0.7528176, 0.6270964, 0.17577326]
[1.8722208, 0.76370835, 0.94134736, 0.16716501]
[1.7480547, 0.77744246, 0.79299176, 0.17762059]
[1.7574656, 0.8748904, 0.7045586, 0.17801669]
[1.8847957, 0.83661425, 0.85236275, 0.19581866]
[1.7513158, 0.7788696, 0.787435, 0.18501115]
[1.6770548, 0.7493522, 0.75517523, 0.17252731]
[1.4601064, 0.7107232, 0.5784389, 0.17094427]
[1.9923638, 0.94332814, 0.8534874, 0.19554833]
[1.8379977, 0.8247825, 0.8307535, 0.18246177]
[1.6996578, 0.7379843, 0.7662084, 0.19546513]
[2.046694, 0.83656335, 1.0237372, 0.1863934]
[1.6547334, 0.89476705, 0.5710346, 0.18893166]
[1.8207101, 0.7755243, 0.86066365, 0.18452199]
[1.5194576, 0.69963205, 0.64207256, 0.17775291]
[1.7079055, 0.74799603, 0.78713703, 0.17277235]
[1.6382041, 0.6717572, 0.7829248, 0.18352215]
[1.5105517, 0.5836831, 0.74401355, 0.18285517]
[1.6547, 0.820627, 0.64674884, 0.18732426]
[1.6683049, 0.8547461, 0.6338694, 0.17968939]
[1.8056748, 0.81739914, 0.8028699, 0.18540576]
[1.7977797, 0.934965, 0.68517065, 0.17764404]
[1.8186839, 0.63652813, 1.0154777, 0.16667804]
[1.5712291, 0.77543336, 0.611254, 0.18454185]
[1.5812279, 0.65359056, 0.74579346, 0.1818439]
[1.6846948, 0.9032136, 0.6103833, 0.17109784]
[1.7441361, 0.4514356, 1.1198728, 0.17282778]
[1.7127792, 1.1628166, 0.36652285, 0.1834396]
[1.7036595, 0.5976302, 0.94204545, 0.16398378]
[1.5606598, 0.70329696, 0.6880883, 0.16927442]
[1.4165297, 0.5989251, 0.6493125, 0.168292]
[1.6956382, 0.6822195, 0.8129133, 0.20050538]
[1.5574877, 0.6868609, 0.6838999, 0.18672687]
[1.8659759, 0.69398797, 0.98364925, 0.18833867]
[1.4628454, 0.8035482, 0.47220784, 0.18708935]
[1.4936019, 0.6373092, 0.65187323, 0.2044195]
[1.8010931, 1.0179608, 0.6014332, 0.1816991]
[1.9515268, 0.83022785, 0.9303832, 0.1909157]
[1.837488, 0.88961846, 0.75561225, 0.19225727]
[1.8552501, 0.93913746, 0.73887175, 0.17724086]
[1.5678072, 0.5679715, 0.819426, 0.1804097]
[1.3417617, 0.6561104, 0.49413925, 0.191512]
[1.5272385, 0.60736686, 0.72718704, 0.19268456]
[2.002308, 0.970127, 0.8500669, 0.18211408]
[1.9858949, 0.9161925, 0.89061385, 0.1790886]
[1.530775, 0.6664835, 0.6882678, 0.17602365]
[1.7929988, 0.8243458, 0.7650869, 0.20356607]
[1.756091, 1.0391111, 0.5192445, 0.1977354]
[1.491442, 0.6232072, 0.6720188, 0.1962159]
[1.9948218, 0.9151577, 0.89730775, 0.18235633]
[1.6385397, 0.8003431, 0.64889437, 0.18930222]
[1.6826237, 0.7578601, 0.72735184, 0.19741173]
[1.856617, 0.91001403, 0.75767815, 0.18892482]
[1.8575245, 0.84261453, 0.8306914, 0.1842185]
[1.849511, 0.89000875, 0.7762869, 0.18321538]
[1.6018624, 0.69391704, 0.73743236, 0.17051297]
[1.7633678, 0.80340016, 0.78786975, 0.17209782]
[1.4529855, 0.65642023, 0.62392265, 0.17264274]
[1.7548612, 0.9609996, 0.61734307, 0.17651853]
[1.9772241, 0.9167546, 0.88164824, 0.17882128]
[1.6672926, 0.58428365, 0.8985448, 0.18446416]
[1.791005, 0.98929286, 0.6204505, 0.18126161]
[2.0205777, 0.75830305, 1.0916252, 0.1706495]
[1.5187789, 0.67614925, 0.65281993, 0.18980967]
[1.367742, 0.60830534, 0.5871651, 0.17227152]
[1.8599938, 0.8787533, 0.81036925, 0.1708713]
[1.8501635, 0.89179957, 0.8012869, 0.15707704]
[1.6466792, 0.7619549, 0.7048955, 0.17982872]
[1.78762, 0.60255265, 1.0091302, 0.17593706]
[1.7177571, 0.97222567, 0.5648825, 0.18064894]
[1.7443638, 0.54872143, 1.0057222, 0.18992013]
[1.7407451, 0.68762875, 0.89087903, 0.16223723]
[1.8366425, 0.8610709, 0.79523134, 0.18034023]
[1.963172, 0.8532509, 0.9566256, 0.15329556]
[1.7903502, 0.73490345, 0.88288385, 0.1725629]
[1.7941358, 0.8801123, 0.74108255, 0.17294094]
[1.7620065, 0.7318067, 0.85914123, 0.1710586]
[1.9567323, 0.8340695, 0.956349, 0.16631381]
[1.7265328, 0.81044084, 0.7505998, 0.16549215]
[1.7742926, 0.9584467, 0.6519054, 0.16394058]
[1.5870728, 0.6172542, 0.79201746, 0.17780113]
[1.7386485, 0.919646, 0.6382252, 0.18077734]
[1.886803, 0.7000237, 1.0146301, 0.1721493]
[1.9704592, 0.74040246, 1.0597543, 0.17030254]
[1.7009115, 0.73483884, 0.7985935, 0.1674791]
[1.792725, 0.87296045, 0.74985504, 0.1699095]
[1.5882866, 0.6170164, 0.7944253, 0.1768449]
[1.8939035, 0.9539833, 0.77352077, 0.16639948]
[1.9309611, 0.89472747, 0.8870514, 0.14918229]
[1.7309844, 0.76244414, 0.8189811, 0.14955923]
[1.8783782, 1.0730135, 0.64096487, 0.16439974]
[1.4614056, 0.6270105, 0.6812991, 0.15309612]
[1.6683507, 0.798168, 0.69692665, 0.17325602]
[1.7536561, 0.7651575, 0.82236624, 0.16613242]
[1.9701185, 1.1033512, 0.7219703, 0.144797]
[1.8668935, 0.8275933, 0.8868967, 0.15240347]
[1.7666394, 0.7608404, 0.8205161, 0.18528283]
[1.6642982, 0.7998347, 0.6947386, 0.16972485]
[1.644727, 0.7767856, 0.7035208, 0.16442055]
[1.633383, 0.7356078, 0.7236681, 0.17410706]
[1.7742447, 1.04965, 0.5619304, 0.16266432]
[1.7013253, 0.53215533, 1.0048622, 0.16430774]
[1.7725958, 1.1158943, 0.45803988, 0.19866161]
[1.8955121, 0.49953023, 1.229008, 0.1669739]
[1.6404679, 0.8353806, 0.6528268, 0.15226054]
[1.6094711, 0.6286214, 0.80100393, 0.17984584]
[1.7460543, 1.1022775, 0.4644534, 0.17932332]
[1.6133075, 0.4619218, 0.9954196, 0.15596604]
[1.6714461, 0.7948495, 0.71399343, 0.16260311]
[1.7278694, 0.9026415, 0.6587385, 0.16648951]
[1.5129288, 0.60814255, 0.7327651, 0.17202124]
[2.0458302, 0.92786616, 0.962261, 0.15570295]
[1.53861, 0.6766895, 0.69418955, 0.16773096]
[1.6747569, 0.7137591, 0.79322577, 0.1677719]
[1.6557318, 0.77290654, 0.72087085, 0.16195442]
[1.477257, 0.5536941, 0.75702584, 0.16653705]
[1.770281, 0.9708515, 0.6183585, 0.18107095]
[1.7052803, 0.5788832, 0.9569147, 0.16948251]
[1.9059442, 1.1859727, 0.54956007, 0.17041147]
[1.778881, 0.60998833, 1.0047874, 0.16410518]
[1.968934, 1.0173526, 0.7833936, 0.1681878]
[1.8494177, 0.73819506, 0.9364916, 0.17473099]
[1.74317, 0.8121687, 0.7626147, 0.1683866]
[2.0138235, 0.92438966, 0.9237723, 0.16566151]
[1.6144415, 0.5836438, 0.85502434, 0.17577335]
[1.6342665, 0.86895365, 0.60654473, 0.15876803]
[1.6063799, 0.70153546, 0.73464775, 0.17019664]
[1.7183915, 0.7823523, 0.7567132, 0.17932595]
[1.6384877, 0.7327524, 0.7303884, 0.17534696]
[1.7828796, 0.83579946, 0.7898994, 0.15718079]
[1.7376722, 0.8015891, 0.7589521, 0.1771311]
[1.6256478, 0.71803224, 0.7387655, 0.16885]
[1.8707479, 0.7746545, 0.90703136, 0.189062]
[1.9602195, 0.8705741, 0.91204464, 0.17760073]
[1.797347, 0.90437317, 0.7283707, 0.1646031]
[1.8705914, 1.005719, 0.68003446, 0.18483812]
[1.7073637, 0.6419642, 0.8912101, 0.17418943]
[1.7868636, 0.8781892, 0.72059, 0.1880843]
[1.6507564, 0.7040809, 0.772171, 0.17450458]
[1.7540541, 0.85669744, 0.7468945, 0.15046221]
[1.6339185, 0.71178997, 0.7487246, 0.17340402]
[1.674823, 0.5989879, 0.8968871, 0.17894801]
[1.8132018, 0.7770378, 0.8648532, 0.1713108]
[1.7107596, 0.8427557, 0.69324136, 0.17476265]
[1.7601519, 0.81164867, 0.7958263, 0.1526768]
[1.6781913, 0.6977136, 0.79437906, 0.18609866]
[1.4634997, 0.54311323, 0.7563829, 0.16400352]
[1.8119584, 0.7291904, 0.906288, 0.17647994]
[1.6267533, 0.77704483, 0.6668401, 0.18286848]
[1.6261904, 0.82364845, 0.6170031, 0.18553883]
[1.7171898, 0.73142976, 0.8039267, 0.18183325]
[1.8509789, 0.9119697, 0.7507328, 0.18827623]
[1.7606411, 0.87592506, 0.6975373, 0.1871787]
[1.6537173, 0.7187497, 0.72446954, 0.21049805]
[1.8386605, 0.92092264, 0.74924237, 0.16849548]
[1.725184, 0.64049184, 0.9080774, 0.17661482]
[1.6361201, 0.7384817, 0.71941066, 0.17822772]
[1.7197946, 0.9347846, 0.59546286, 0.18954718]
[1.7883095, 0.72766876, 0.8968662, 0.16377452]
[1.9397783, 0.92704904, 0.84624374, 0.16648561]
[1.7338156, 0.74759835, 0.82108665, 0.16513053]
[1.5358163, 0.66085523, 0.6969707, 0.17799035]
[1.7702683, 0.862362, 0.742893, 0.16501334]
[1.6144865, 0.68074775, 0.74145067, 0.19228801]
[1.614335, 0.7437928, 0.7068833, 0.16365886]
[1.7187289, 0.6684775, 0.86086273, 0.18938866]
[1.5885618, 0.81648505, 0.5917901, 0.18028668]
[1.6374449, 0.6845015, 0.745919, 0.20702437]
[1.7704378, 0.7865184, 0.793619, 0.19030051]
[1.7960737, 0.82355374, 0.7992905, 0.17322943]
[1.7251748, 0.9556582, 0.5717292, 0.19778743]
[1.8506142, 0.7013738, 0.9769707, 0.17226966]
[1.5843846, 0.6933251, 0.72402287, 0.16703664]
[1.4334084, 0.7077954, 0.537898, 0.18771498]
[1.9055893, 0.68235195, 1.0288521, 0.19438526]
[1.9362687, 1.1649176, 0.5764564, 0.19489469]
[1.7138994, 0.76944256, 0.77480626, 0.16965051]
[1.7745907, 0.58136046, 1.0121764, 0.18105388]
[1.673564, 0.7287415, 0.7553164, 0.189506]
[1.8428286, 0.9916589, 0.65952957, 0.19164011]
[1.4366605, 0.5088341, 0.7409835, 0.1868429]
[1.5571964, 0.7014578, 0.670677, 0.18506163]
[1.8238388, 0.9405884, 0.68480015, 0.19845025]
[1.6295311, 0.54013073, 0.89982605, 0.18957435]
[1.8421533, 0.78284836, 0.86498135, 0.19432351]
[1.8892742, 0.99764025, 0.7193991, 0.1722349]
[1.446532, 0.6031569, 0.681785, 0.1615901]
[1.9853787, 0.88914573, 0.91374254, 0.18249042]
[1.7698543, 0.8590914, 0.7215776, 0.18918543]
[1.5256866, 0.49890965, 0.8578828, 0.1688942]
[1.7298423, 0.8047646, 0.7583129, 0.16676487]
[1.7532353, 0.7042929, 0.8485975, 0.20034486]
[1.573987, 0.93117315, 0.45906126, 0.18375254]
[1.5527725, 0.48515415, 0.89138925, 0.17622912]
[1.8290801, 0.8283859, 0.8199018, 0.1807923]
[1.9243352, 0.9601953, 0.7861682, 0.17797166]
[1.7747356, 0.8302984, 0.7774968, 0.1669403]
[1.7698251, 0.86992514, 0.71663904, 0.18326096]
[1.7809483, 0.7216442, 0.87822455, 0.18107954]
[1.6033804, 0.8605772, 0.56257445, 0.18022871]
[1.7614022, 0.6775488, 0.89254963, 0.19130385]
[1.8975286, 1.1691045, 0.54564005, 0.18278411]
[2.0095115, 0.85284734, 0.98488975, 0.17177445]
[1.9343607, 0.88988864, 0.86313087, 0.18134117]
[1.8692527, 0.8918151, 0.8096175, 0.16782]
[1.8296965, 0.8332582, 0.83025974, 0.1661786]
[1.6178082, 0.61408454, 0.81664467, 0.18707907]
[1.5988591, 0.6957817, 0.7152451, 0.18783224]
[1.5286477, 0.7222698, 0.6326888, 0.17368913]
[1.6053652, 0.68544304, 0.7412089, 0.17871323]
[1.5837462, 0.7549357, 0.648531, 0.18027955]
[1.7260983, 0.71610355, 0.833712, 0.17628275]
[1.7960224, 0.6565948, 0.93859726, 0.20083039]
[1.5961444, 0.6797885, 0.737365, 0.1789909]
[1.985441, 0.99081254, 0.8086952, 0.18593323]
[1.6755171, 0.7071221, 0.7928846, 0.17551035]
[1.7839146, 0.92721415, 0.6752169, 0.18148352]
[1.8589159, 0.7345389, 0.9497793, 0.17459773]
[1.6398063, 0.83780396, 0.6252563, 0.17674604]
[1.5988362, 0.6508569, 0.79148364, 0.15649551]
[1.7688518, 0.8301506, 0.77163327, 0.16706792]
[1.8248172, 0.89048254, 0.75399786, 0.18033665]
[1.9654514, 0.89411706, 0.9098997, 0.16143456]
[1.8284388, 0.8115027, 0.8573544, 0.1595817]
[1.8546609, 0.74062026, 0.93607366, 0.17796692]
[1.8170744, 0.9165202, 0.7416644, 0.15888989]
[1.6670926, 0.91075134, 0.57361925, 0.18272197]
[1.6607472, 0.71486914, 0.7897316, 0.15614638]
[1.5157738, 0.5646571, 0.76514566, 0.18597104]
[1.6078682, 0.71870804, 0.70411205, 0.18504813]
[1.7833236, 0.9184687, 0.68201506, 0.18283984]
[1.89403, 0.7599446, 0.9676025, 0.16648279]
[1.730402, 1.0783881, 0.47943482, 0.17257911]
[1.5915811, 0.5851772, 0.8276323, 0.17877167]
[1.7702973, 0.7969201, 0.8023651, 0.17101207]
[1.9530809, 0.78050405, 0.99780494, 0.17477185]
[1.6491995, 0.8055904, 0.6623509, 0.18125814]
[1.7908673, 0.7762788, 0.8466151, 0.16797346]
[1.6042998, 0.80316746, 0.6189134, 0.18221888]
[1.6869768, 0.79644644, 0.7073549, 0.18317544]
[1.8311398, 0.91398776, 0.7327936, 0.1843583]
[1.8440537, 0.76635736, 0.8922981, 0.18539836]
[1.8583432, 0.77943885, 0.9177659, 0.1611384]
[1.8664145, 0.9654983, 0.701758, 0.19915825]
[1.6769309, 0.69308436, 0.81158876, 0.17225778]
[1.7164533, 0.85878825, 0.67891586, 0.1787492]
[1.71828, 0.8689151, 0.6709744, 0.1783905]
[1.8937453, 0.7639124, 0.9514857, 0.17834723]
[1.5311184, 0.78881127, 0.56534284, 0.17696428]
[1.6473279, 0.7873744, 0.6913496, 0.1686039]
[1.7430953, 0.59237236, 0.9645611, 0.18616185]
[1.5061986, 0.6618858, 0.65550494, 0.18880795]
[1.5899278, 0.49085093, 0.91349626, 0.18558061]
[1.6723924, 0.9238317, 0.57715154, 0.1714091]
[1.7158401, 0.78531337, 0.74453586, 0.18599077]
[1.9135113, 0.57322687, 1.1494098, 0.19087459]
[1.5439394, 0.9465146, 0.40825552, 0.18916915]
[1.7558969, 0.7309871, 0.84424555, 0.18066433]
[1.788827, 1.013495, 0.59849685, 0.17683509]
[1.6888657, 0.7991452, 0.72019947, 0.16952103]
[1.5651227, 0.45313156, 0.9128852, 0.19910595]
[1.4079857, 0.5361372, 0.6903325, 0.1815159]
[1.6745698, 0.95417976, 0.5345842, 0.18580574]
[1.5230165, 0.6487167, 0.69311106, 0.1811887]
[1.9284657, 0.8660989, 0.8812942, 0.1810726]
[1.845978, 0.8480171, 0.8197007, 0.17826027]
[1.5656947, 0.8661894, 0.53054976, 0.1689554]
[1.7333527, 0.75125426, 0.7930121, 0.18908636]
[1.8515987, 0.93260026, 0.7349031, 0.18409541]
[1.8252301, 0.6283722, 1.0319558, 0.16490215]
[1.7023253, 0.7925509, 0.7031188, 0.20665567]
[1.9301611, 0.77049637, 0.9811596, 0.17850506]
[1.6395224, 0.96618986, 0.49277782, 0.18055478]
[1.7785822, 0.63599485, 0.95753706, 0.1850504]
[1.9206161, 1.0515438, 0.6834686, 0.18560374]
[1.9752722, 0.79821944, 0.9869424, 0.19011033]
[1.802396, 1.0141932, 0.6187174, 0.16948561]
[1.6025025, 0.63429064, 0.7936374, 0.17457454]
[1.5874069, 0.63468283, 0.77102244, 0.18170165]
[2.1061704, 1.1398368, 0.795943, 0.17039052]
[1.6254314, 0.61993885, 0.8253299, 0.18016267]
[1.7471615, 0.68211025, 0.88120145, 0.18384984]
[2.0155635, 0.83630794, 1.0030913, 0.17616424]
[1.681326, 0.75117135, 0.76376903, 0.1663856]
[1.8713627, 0.8202408, 0.88710546, 0.16401644]
[1.7100385, 0.6487168, 0.890555, 0.1707667]
[1.4331491, 0.6667617, 0.5942885, 0.17209888]
[1.6070883, 0.8684468, 0.55378914, 0.18485233]
[1.8371844, 0.8449801, 0.8322116, 0.15999264]
[1.501048, 0.4565267, 0.86853564, 0.17598566]
[1.6003611, 0.7440493, 0.6620283, 0.19428344]
[1.8450792, 0.8616971, 0.8185546, 0.16482764]
[2.0294836, 0.76116574, 1.1076822, 0.16063565]
[1.7268201, 0.75287807, 0.8028308, 0.17111126]
[1.6035221, 0.6651519, 0.7569345, 0.18143563]
[1.9375379, 0.82176304, 0.95596457, 0.15981025]
[1.8048015, 0.9321438, 0.70582056, 0.16683707]
[1.6459289, 0.75971997, 0.72782636, 0.1583826]
[1.7348199, 0.7802694, 0.7626358, 0.19191468]
[1.598911, 0.7682713, 0.672163, 0.15847677]
[1.969389, 1.0572609, 0.74938977, 0.16273832]
[1.8676192, 0.6737281, 1.0329338, 0.16095719]
[1.7144717, 0.7255855, 0.81446517, 0.17442092]
[1.581312, 0.6298015, 0.7887251, 0.16278535]
[1.5704457, 0.6474712, 0.74636656, 0.176608]
[1.9669908, 1.083875, 0.7140167, 0.1690992]
[1.7915803, 0.78808606, 0.8206165, 0.18287778]
[1.5292648, 0.5917095, 0.76929665, 0.16825864]
[1.6915684, 0.90708816, 0.616282, 0.16819817]
[1.6366013, 0.7060207, 0.75614333, 0.17443725]
[1.9693407, 0.89005363, 0.9025784, 0.17670853]
[1.8952821, 0.7195404, 0.9912807, 0.18446097]
[1.7173295, 0.79616106, 0.7345282, 0.18664023]
[1.6560926, 0.7547149, 0.7195556, 0.181822]
[1.7017428, 0.7417493, 0.78615445, 0.17383896]
[2.0076778, 0.8707631, 0.9625845, 0.17433013]
[1.4568027, 0.6518863, 0.6370379, 0.16787854]
[1.5932, 0.86816347, 0.55140924, 0.17362727]
[1.6119672, 0.6549818, 0.7678652, 0.1891202]
[1.8236889, 0.9133785, 0.73323095, 0.17707947]
[1.7955334, 0.9228227, 0.69951653, 0.17319413]
[1.5781764, 0.7117139, 0.69576997, 0.17069256]
[1.7168562, 0.8192144, 0.71972185, 0.17792001]
[1.6991247, 0.829201, 0.6917544, 0.17816941]
[1.8072594, 0.981207, 0.6530723, 0.17298016]
[1.6322638, 0.6646976, 0.7941439, 0.1734222]
[1.8434865, 1.1829689, 0.49319407, 0.16732353]
[1.5840801, 0.70500547, 0.7223036, 0.15677106]
[1.3448348, 0.7255908, 0.42107573, 0.1981683]
[1.9068971, 0.78715277, 0.9283051, 0.19143909]
[1.4903702, 0.557219, 0.7752691, 0.15788211]
[1.7334677, 0.9353209, 0.62233686, 0.17580998]
[1.7328484, 0.93345594, 0.61444104, 0.18495142]
[1.635005, 0.64192224, 0.7841644, 0.2089184]
[1.8114734, 0.9284406, 0.7018949, 0.18113793]
[1.6698143, 0.66886204, 0.8335657, 0.16738647]
[1.8219438, 0.86142415, 0.7808238, 0.17969586]
[1.9673734, 0.98299056, 0.82115847, 0.16322432]
[1.7580156, 0.7273074, 0.84791565, 0.18279272]
[1.8265258, 0.9536674, 0.7132305, 0.1596279]
[1.825807, 0.9365132, 0.70856583, 0.18072799]
[1.8314687, 0.9564439, 0.7039159, 0.17110881]
[1.9176719, 0.6058151, 1.1541557, 0.15770106]
[1.7589773, 0.8046395, 0.7698872, 0.18445046]
[1.9065785, 0.9427586, 0.79757446, 0.1662454]
[1.5935875, 0.6472019, 0.7718912, 0.17449443]
[1.5464747, 0.75673014, 0.6118918, 0.1778527]
[1.8221047, 0.98404586, 0.65073335, 0.18732548]
[1.7065405, 0.66573024, 0.88668597, 0.1541243]
[1.8910497, 0.77581924, 0.94564414, 0.1695863]
[1.7576071, 0.69203174, 0.89351845, 0.17205688]
[1.7647846, 0.7651347, 0.8342799, 0.16536993]
[1.412744, 0.57906777, 0.6792662, 0.15441015]
[1.8083291, 0.8992726, 0.7294155, 0.17964101]
[1.849465, 0.7391925, 0.9483138, 0.16195884]
[1.8004661, 0.69134104, 0.918261, 0.19086415]
[1.7395468, 0.8741848, 0.69613314, 0.1692288]
[1.5109956, 0.62319773, 0.7310898, 0.15670812]
[1.7283138, 0.7525081, 0.7985767, 0.17722908]
[1.6276853, 0.6819842, 0.75938404, 0.18631707]
[1.4033911, 0.56361383, 0.6662545, 0.17352274]
[1.8016412, 0.86901027, 0.7609821, 0.17164886]
[1.7625638, 0.72320527, 0.87014097, 0.1692176]
[1.8527942, 0.78998935, 0.887891, 0.17491382]
[1.5654783, 0.74090016, 0.64570963, 0.17886847]
[1.648316, 0.62773865, 0.8277252, 0.19285217]
[1.7706506, 0.9890328, 0.5961801, 0.18543771]
[1.8391637, 0.55332243, 1.1013924, 0.18444884]
[1.6187377, 0.8325514, 0.59159595, 0.19459036]
[1.9171834, 1.0833945, 0.66008794, 0.17370088]
[1.8667401, 0.7127681, 0.976128, 0.177844]
[1.8045092, 0.9846209, 0.6638439, 0.15604419]
[1.6148336, 0.596682, 0.84325784, 0.17489374]
[1.970265, 1.0832793, 0.73066795, 0.15631783]
[1.6731293, 0.75560135, 0.7498039, 0.16772413]
[1.9444185, 0.8772249, 0.90267104, 0.16452257]
[1.661373, 0.9590121, 0.5327172, 0.16964373]
[1.7943838, 0.5899126, 1.0467479, 0.15772325]
[1.8290092, 0.9662194, 0.70585304, 0.15693673]
[1.8566544, 0.7129483, 0.9789715, 0.16473463]
[1.8505743, 0.9853126, 0.6940535, 0.1712081]
[1.6936418, 0.7568358, 0.76975137, 0.16705456]
[1.60455, 0.7252714, 0.7337346, 0.14554396]
[1.8491518, 0.9642068, 0.7184268, 0.16651827]
[1.6300353, 0.7272057, 0.767147, 0.13568258]
[1.7051653, 0.76064634, 0.7716857, 0.17283316]
[1.762232, 0.830915, 0.7530241, 0.17829284]
[1.6516172, 0.6955459, 0.79518455, 0.16088668]
[1.735131, 0.843209, 0.72586477, 0.16605727]
[1.7002206, 0.8336525, 0.69300246, 0.1735656]
[1.4616331, 0.58968735, 0.7174409, 0.15450487]
[1.6659222, 0.76624525, 0.73653185, 0.16314504]
[1.8014625, 0.8956343, 0.7229471, 0.1828811]
[1.7628441, 0.8597535, 0.73963594, 0.16345462]
[1.6730182, 0.587378, 0.900601, 0.18503916]
[1.6673281, 0.8014802, 0.6799376, 0.18591031]
[1.7402239, 0.6454658, 0.933895, 0.16086322]
[1.8753322, 1.1789631, 0.5109942, 0.185375]
[1.7488408, 0.54409206, 1.0387526, 0.16599625]
[1.6090171, 0.63972974, 0.78954303, 0.1797443]
[1.7926831, 0.736019, 0.88423693, 0.17242718]
[1.7333299, 0.6423594, 0.91731346, 0.17365703]
[1.3585255, 0.625918, 0.5835161, 0.14909151]
[1.6002469, 0.83434653, 0.5936004, 0.17229992]
[1.6353326, 0.6294388, 0.81155443, 0.19433922]
[1.8400613, 0.9269837, 0.74816656, 0.16491099]
[1.6928698, 0.54867446, 0.9897749, 0.15442045]
[1.9750257, 1.0984808, 0.68564814, 0.19089672]
[1.6190948, 0.79899156, 0.64886576, 0.17123741]
[1.5142729, 0.7173847, 0.60169923, 0.19518906]
[1.6807326, 0.6267567, 0.89216083, 0.16181506]
[1.8396319, 0.90154594, 0.745137, 0.19294898]
[1.8304831, 0.82782614, 0.82844865, 0.17420825]
[1.7144363, 0.7329577, 0.79377764, 0.187701]
[1.504875, 0.8169707, 0.51245135, 0.17545292]
[1.5071981, 0.5500802, 0.7796248, 0.17749316]
[1.5599858, 0.7502171, 0.63843024, 0.17133847]
[1.7686245, 0.92627835, 0.65915895, 0.18318729]
[1.6595713, 0.672148, 0.8045886, 0.18283471]
[1.8513225, 0.846391, 0.8162656, 0.18866599]
[1.5579326, 0.6871109, 0.678036, 0.19278568]
[1.6460991, 0.7733448, 0.67310876, 0.19964552]
[1.8113759, 0.8486757, 0.77075917, 0.19194105]
[1.6117065, 0.75417715, 0.65816915, 0.19936016]
[1.9279587, 0.64311516, 1.0839034, 0.20094012]
[2.1687913, 1.2892364, 0.6884636, 0.1910912]
[1.8452591, 0.82570696, 0.8480542, 0.17149797]
[1.6813759, 0.7308265, 0.772773, 0.17777637]
[1.7090853, 0.7711237, 0.7577528, 0.1802088]
[1.9340278, 0.8853777, 0.88050854, 0.16814144]
[1.7351606, 0.88323945, 0.6649743, 0.18694693]
[1.9139693, 0.8330138, 0.91720605, 0.16374947]
[1.7095618, 0.92866886, 0.6147248, 0.16616821]
[1.860853, 0.8895159, 0.8105023, 0.16083485]
[1.7416989, 0.7412102, 0.8329805, 0.16750816]
[1.6407988, 0.810074, 0.66221654, 0.16850826]
[1.7449983, 0.9390177, 0.6409449, 0.1650357]
[1.8860171, 0.8604468, 0.86039907, 0.16517118]
[1.7991881, 0.7617401, 0.8773047, 0.16014332]
[1.6670305, 0.72657496, 0.7756547, 0.16480076]
[1.4747198, 0.71839213, 0.56369555, 0.19263206]
[1.616986, 0.79817694, 0.64262295, 0.17618608]
[1.8934884, 0.8934071, 0.8291329, 0.17094836]
[1.7730978, 0.7388053, 0.8712388, 0.16305366]
[1.9214183, 1.0080789, 0.74672973, 0.16660967]
[1.5135415, 0.71818244, 0.6084068, 0.18695226]
[1.7029389, 0.7997846, 0.73669505, 0.16645923]
[1.6926059, 0.7063438, 0.82491696, 0.16134514]
[1.860062, 0.9455455, 0.7278453, 0.18667118]
[1.9468719, 0.93978834, 0.82206607, 0.18501748]
[1.6248554, 0.7432631, 0.7082045, 0.1733878]
[1.5639142, 0.5821981, 0.8133131, 0.16840304]
[1.4728974, 0.45643842, 0.828573, 0.18788603]
[1.6884007, 0.7492597, 0.7499597, 0.18918128]
[1.9692872, 0.9485521, 0.84744453, 0.17329048]
[1.9637699, 0.91502655, 0.8745855, 0.17415787]
[1.5278243, 0.7893925, 0.564368, 0.17406376]
[1.9097831, 0.8123108, 0.9085628, 0.18890947]
[1.7732849, 0.8809912, 0.70678127, 0.18551248]
[1.5078577, 0.62888324, 0.7098664, 0.16910799]
[1.9689424, 0.87324095, 0.92712486, 0.16857657]
[1.710605, 0.6731095, 0.8754879, 0.16200766]
[1.8164053, 0.91930914, 0.7207978, 0.17629842]
[1.4889367, 0.7307596, 0.5791308, 0.17904615]
[1.7591566, 0.7635739, 0.8220053, 0.17357744]
[1.7685844, 0.826535, 0.76697034, 0.17507894]
[1.6025116, 0.7746091, 0.6626181, 0.16528434]
[1.9384878, 0.80045784, 0.97462773, 0.1634022]
[1.5521427, 0.66234684, 0.71384, 0.17595594]
[2.0244193, 1.045352, 0.8077406, 0.1713267]
[1.5542151, 0.5442466, 0.8439052, 0.16606319]
[1.9354295, 0.79057634, 0.95414656, 0.19070661]
[1.7662524, 0.7757807, 0.8243151, 0.16615668]
[1.516253, 0.62197006, 0.7350109, 0.15927197]
[1.8238754, 0.92930007, 0.72583604, 0.16873935]
[1.6739484, 0.76897264, 0.7053312, 0.19964454]
[1.6256822, 0.7448984, 0.7192317, 0.16155212]
[1.6590205, 0.677998, 0.7959995, 0.18502298]
[1.674036, 0.75987935, 0.734189, 0.17996767]
[1.801042, 0.63175046, 0.98515445, 0.18413699]
[1.7260003, 0.7982596, 0.75455225, 0.17318842]
[1.8344197, 0.84815466, 0.8100183, 0.17624676]
[1.6078593, 0.57682025, 0.8662149, 0.1648241]
[1.8034996, 0.9029669, 0.7342958, 0.16623692]
[1.6454136, 0.74699616, 0.73177814, 0.16663927]
[1.975173, 0.8320652, 0.971154, 0.17195377]
[1.9099245, 1.0167012, 0.7239984, 0.16922484]
[1.7681065, 0.76043093, 0.82855815, 0.17911741]
[1.5686516, 0.7263646, 0.67655665, 0.16573034]
[1.5822194, 0.70447665, 0.69688, 0.18086264]
[1.8322705, 0.778533, 0.8882308, 0.16550675]
[1.6228518, 0.7041824, 0.7421889, 0.1764805]
[1.7060376, 0.73575413, 0.78953743, 0.18074605]
[1.4451275, 0.6711287, 0.6098064, 0.16419244]
[1.7812092, 0.8480336, 0.7542287, 0.17894693]
[1.6796005, 0.70779884, 0.77865326, 0.1931484]
[1.5397311, 0.74546504, 0.6045767, 0.18968937]
[1.4847192, 0.68484116, 0.6069572, 0.1929208]
[1.7288862, 0.67306733, 0.87523496, 0.18058397]
[1.7762861, 0.9273755, 0.6516765, 0.19723418]
[1.5866314, 0.45742097, 0.9481001, 0.18111038]
[1.8439872, 0.9846121, 0.6811639, 0.17821115]
[2.0251844, 0.83058155, 1.0310856, 0.16351718]
[1.7015748, 0.84147304, 0.6841224, 0.17597944]
[1.6114101, 0.65710896, 0.78149474, 0.17280649]
[1.7037485, 0.9550216, 0.57071817, 0.17800863]
[1.7154791, 0.6086222, 0.9353071, 0.17154977]
[1.6141487, 0.889229, 0.5386518, 0.18626794]
[1.6632897, 0.69791603, 0.7936779, 0.17169568]
[1.7133844, 0.84939086, 0.66065717, 0.2033363]
[1.711681, 0.6948266, 0.84480846, 0.17204599]
[1.815734, 0.94592977, 0.678064, 0.19174026]
[1.5766182, 0.58433473, 0.81709677, 0.1751867]
[2.040346, 0.8494428, 1.0233573, 0.16754577]
[1.7685531, 0.9852756, 0.6024512, 0.18082632]
[1.9922662, 0.90322745, 0.9151194, 0.17391934]
[1.7384672, 0.7611544, 0.80143464, 0.17587811]
[1.7079093, 0.9662375, 0.5896162, 0.15205577]
[2.0923862, 0.85901034, 1.0578425, 0.1755333]
[1.6460848, 0.7353437, 0.7492001, 0.16154096]
[1.7561706, 0.8048205, 0.7922168, 0.15913334]
[1.6086873, 0.8614178, 0.5742247, 0.17304477]
[1.7394171, 0.79552484, 0.76804674, 0.17584552]
[1.7686056, 0.81420636, 0.76198435, 0.19241491]
[1.9427325, 0.820148, 0.92245245, 0.20013201]
[1.8640621, 0.6420353, 1.0554895, 0.16653728]
[1.7435651, 0.8216785, 0.74763644, 0.17425019]
[1.847231, 0.7405768, 0.94941455, 0.15723969]
[1.865799, 0.928792, 0.7633705, 0.17363647]
[1.7252648, 0.84809333, 0.69912183, 0.17804953]
[1.8565047, 0.91222316, 0.77127194, 0.1730096]
[1.6936245, 0.73306465, 0.81421125, 0.1463486]
[1.804486, 0.75159025, 0.8869082, 0.16598761]
[2.0298698, 0.8858465, 0.9898262, 0.15419704]
[1.5801493, 0.72104955, 0.68696976, 0.17212996]
[1.6494832, 0.73905456, 0.7429776, 0.16745096]
[1.9772882, 1.0897374, 0.7299177, 0.1576331]
[1.8105879, 0.8604523, 0.7868954, 0.1632402]
[1.7835283, 0.7787323, 0.84286696, 0.16192909]
[1.9363632, 0.8571131, 0.93300927, 0.14624077]
[1.4879478, 0.6860944, 0.6366277, 0.16522577]
[1.6360253, 0.8166464, 0.6517699, 0.16760911]
[1.7816052, 0.76899517, 0.8435111, 0.16909893]
[1.8310757, 0.81102175, 0.8470137, 0.17304014]
[1.5587825, 0.5624497, 0.82900786, 0.16732493]
[1.5922573, 0.80268526, 0.6336976, 0.1558744]
[1.5311449, 0.73870915, 0.6307571, 0.1616785]
[1.6445293, 0.774506, 0.6988499, 0.1711734]
[1.5845668, 0.6312715, 0.79811555, 0.15517968]
[1.8099128, 0.8153832, 0.7954388, 0.19909088]
[1.7139431, 0.7679479, 0.7690925, 0.17690267]
[1.7805834, 0.8777541, 0.7325586, 0.17027065]
[1.7002885, 0.625113, 0.8878735, 0.18730211]
[1.9760915, 1.0246845, 0.77396107, 0.17744592]
[2.0024323, 0.86138606, 0.9625915, 0.17845485]
[1.891489, 0.77769935, 0.9510865, 0.16270313]
[1.7840507, 0.7939953, 0.81221837, 0.17783707]
[1.9909577, 0.9993714, 0.8246107, 0.16697556]
[1.7656217, 0.71194565, 0.8930446, 0.16063136]
[1.6010313, 0.6483431, 0.78875816, 0.16393012]
[1.7897065, 0.7938381, 0.8266769, 0.16919152]
[1.7726239, 0.86508477, 0.72760224, 0.17993687]
[1.6258215, 0.80821705, 0.6378859, 0.17971845]
[1.892653, 0.7645402, 0.96601605, 0.16209674]
[1.6303625, 0.72021186, 0.74902594, 0.16112465]
[1.7327155, 0.745028, 0.8324378, 0.15524971]
[1.7926078, 0.92743826, 0.69616246, 0.169007]
[1.8447464, 0.83490974, 0.8585235, 0.151313]
[1.6337389, 0.81797373, 0.6359314, 0.17983374]
[1.5274521, 0.7766114, 0.59029317, 0.16054758]
[1.7990543, 0.75388795, 0.87148273, 0.17368354]
[1.6971143, 0.84193003, 0.6999712, 0.15521307]
[1.6830974, 0.56342196, 0.94898105, 0.17069441]
[1.8453593, 1.0765976, 0.59512156, 0.1736402]
[1.9245906, 0.80672795, 0.95843184, 0.15943068]
[1.7923793, 0.86995757, 0.74465406, 0.17776766]
[1.6840737, 0.7851163, 0.7261311, 0.17282629]
[1.7727581, 0.7176499, 0.88403404, 0.17107427]
[1.5803959, 0.6138346, 0.8009637, 0.16559769]
[1.8098946, 0.9577253, 0.6870581, 0.16511115]
[1.8476613, 0.5812122, 1.0898912, 0.17655781]
[1.7543774, 0.9585509, 0.6252118, 0.17061472]
[1.7785228, 0.917683, 0.70855904, 0.15228078]
[1.6200088, 0.58335054, 0.8663232, 0.17033514]
[1.9962809, 0.89169717, 0.94930065, 0.15528315]
[1.9175215, 0.98457754, 0.7506684, 0.18227552]
[1.6659423, 0.86346614, 0.6543922, 0.14808407]
[1.699261, 0.5924093, 0.9605557, 0.14629602]
[1.5960108, 0.8203215, 0.5888338, 0.1868554]
[1.5450455, 0.57756156, 0.81387293, 0.15361103]
[1.6486175, 0.80797744, 0.6731343, 0.16750573]
[1.6750133, 0.71357375, 0.7904017, 0.17103788]
[1.6199412, 0.61451197, 0.83402115, 0.17140818]
[1.7725192, 0.7978765, 0.78150666, 0.19313613]
[1.4687437, 0.62612, 0.6615745, 0.18104926]
[1.8993441, 0.9606276, 0.7475186, 0.19119783]
[1.4824364, 0.5876265, 0.72298354, 0.17182633]
[1.7566298, 0.77900404, 0.7890868, 0.18853892]
[1.7126355, 0.92703414, 0.60983294, 0.17576842]
[1.7063861, 0.728307, 0.7874218, 0.19065729]
[1.5321484, 0.7123016, 0.64287674, 0.17696998]
[1.6415627, 0.760899, 0.6674439, 0.21321982]
[2.1547308, 1.0736172, 0.8977277, 0.18338579]
[1.6984036, 0.48530036, 1.0342458, 0.17885727]
[1.8954327, 1.019464, 0.6812202, 0.19474852]
[1.6445493, 0.80471456, 0.6672202, 0.17261446]
[1.5293906, 0.73037744, 0.6113895, 0.1876236]
[1.5191958, 0.6876879, 0.64362305, 0.18788478]
[1.6710517, 0.6649513, 0.8107699, 0.1953305]
[1.860335, 0.82762885, 0.8479438, 0.18476236]
[1.6608337, 0.8431858, 0.6341951, 0.18345283]
[1.6170878, 0.7538609, 0.6697344, 0.19349247]
[1.6571822, 0.7741788, 0.70239127, 0.18061207]
[1.7436924, 0.7713469, 0.76010615, 0.2122393]
[1.8412981, 0.780153, 0.8596044, 0.20154066]
[1.6412756, 0.8873278, 0.55866885, 0.19527894]
[1.7893808, 1.045935, 0.55829823, 0.18514758]
[1.7656295, 0.6558332, 0.93003106, 0.17976528]
[1.8329804, 1.0639358, 0.56881434, 0.20023035]
[1.6988467, 0.68181133, 0.8390627, 0.17797272]
[1.7285093, 0.8639257, 0.6758071, 0.18877648]
[1.7204177, 0.656479, 0.88999933, 0.17393947]
[1.676875, 0.7373165, 0.7306112, 0.20894727]
[1.7717423, 0.6671902, 0.9209739, 0.18357828]
[1.4765499, 0.6412934, 0.65203726, 0.18321924]
[1.8003861, 0.8209894, 0.7991651, 0.18023154]
[1.5809721, 0.80462486, 0.5893744, 0.18697274]
[1.9096487, 0.909454, 0.8124895, 0.18770522]
[1.7884675, 0.79081166, 0.81609535, 0.18156055]
[1.5792748, 0.75081384, 0.65193677, 0.17652412]
[1.5912563, 0.6487391, 0.7638526, 0.17866452]
[1.7755095, 0.805147, 0.78408664, 0.18627585]
[1.4780154, 0.63378507, 0.664534, 0.17969629]
[1.7066774, 0.57583505, 0.9525683, 0.17827418]
[1.9061279, 1.1498867, 0.57935965, 0.17688158]
[1.7268665, 0.7213515, 0.82746106, 0.17805384]
[1.8349887, 0.7596884, 0.89527, 0.18003033]
[1.5570207, 0.6705045, 0.7374902, 0.14902595]
[1.6786118, 0.65257275, 0.83902854, 0.18701053]
[1.5634842, 0.6704728, 0.6923101, 0.20070118]
[1.5856382, 0.6452534, 0.73922366, 0.20116098]
[1.7121283, 0.5303259, 0.980691, 0.20111147]
[1.8147905, 1.033202, 0.56465197, 0.21693651]
[1.9018177, 0.99929035, 0.7170109, 0.1855165]
[1.8579447, 0.7568464, 0.9042368, 0.19686145]
[1.7479916, 0.89553, 0.6710551, 0.18140647]
[1.7389879, 0.8392525, 0.7073561, 0.19237939]
[1.8279463, 0.8586621, 0.77025664, 0.19902757]
[1.7388142, 0.8211875, 0.72512263, 0.192504]
[2.0166476, 0.85054004, 0.96476185, 0.20134565]
[1.6238581, 0.6565075, 0.78134483, 0.1860057]
[1.9581672, 0.9135613, 0.85022086, 0.19438508]
[1.8245128, 0.9670583, 0.6945852, 0.16286935]
[1.5736519, 0.8265345, 0.5562238, 0.19089352]
[1.7520368, 0.73517025, 0.8342107, 0.18265575]
[1.7323936, 0.84037817, 0.71195984, 0.18005559]
[1.7951963, 0.8481263, 0.7748264, 0.17224365]
[1.7299657, 0.84872997, 0.701623, 0.17961268]
[1.6229645, 0.7808417, 0.68086207, 0.16126075]
[1.8171672, 0.71411157, 0.92761505, 0.17544052]
[1.8609066, 0.90493965, 0.78459835, 0.17136857]
[1.6031305, 0.5685688, 0.84394395, 0.19061765]
[1.799448, 0.7321794, 0.8924989, 0.17476964]
[1.8810339, 0.93700695, 0.7677717, 0.17625521]
[1.6021007, 0.7523688, 0.6800611, 0.16967085]
[1.8116723, 0.7828655, 0.85513026, 0.17367664]
[1.7787839, 1.0377878, 0.5518591, 0.1891371]
[1.6812644, 0.7110555, 0.7945079, 0.17570084]
[2.041504, 0.8061446, 1.073933, 0.1614263]
[1.5508914, 0.76279056, 0.61122817, 0.17687279]
[1.6573012, 0.80241495, 0.6927977, 0.16208856]
[1.7825994, 0.7788143, 0.8437159, 0.16006923]
[1.7581515, 0.72015196, 0.8625015, 0.17549807]
[1.8488499, 0.8497467, 0.82843864, 0.17066455]
[1.6745206, 0.80903256, 0.6909405, 0.17454758]
[1.5589279, 0.5415349, 0.85159695, 0.16579603]
[1.7246968, 0.81292695, 0.7199507, 0.19181909]
[1.8415196, 0.7233759, 0.9284843, 0.18965934]
[1.5035957, 0.63591015, 0.6722292, 0.19545639]
[1.7837558, 0.7680454, 0.8302984, 0.18541196]
[1.7118491, 0.7259288, 0.7951112, 0.19080913]
[1.5130512, 0.5652205, 0.7678358, 0.17999497]
[2.09246, 1.0442401, 0.859916, 0.18830384]
[1.5231853, 0.6258051, 0.72587824, 0.17150192]
[1.8498024, 0.8867657, 0.79014874, 0.17288795]
[1.8170532, 0.8440875, 0.80776864, 0.16519704]
[1.5451708, 0.496368, 0.87458545, 0.1742174]
[1.7017467, 0.794507, 0.72365, 0.18358967]
[1.619084, 0.8470404, 0.59190524, 0.1801384]
[1.6597172, 0.8303256, 0.6525955, 0.17679608]
[1.6419721, 0.74180686, 0.71168035, 0.1884849]
[1.8585999, 0.82109845, 0.8662626, 0.17123884]
[1.7323848, 0.7719319, 0.77968144, 0.18077144]
[1.5386912, 0.6209594, 0.73322576, 0.18450601]
[1.8995497, 0.9423009, 0.78104305, 0.17620577]
[1.931037, 1.0207127, 0.72774816, 0.1825761]
[1.6688074, 0.6565645, 0.82904196, 0.183201]
[1.759363, 0.83378804, 0.7431961, 0.18237889]
[1.7116106, 0.9355208, 0.6013508, 0.17473888]
[1.5319817, 0.6302492, 0.72677785, 0.17495468]
[1.7891304, 0.7227807, 0.8929066, 0.17344305]
[1.771717, 0.78170943, 0.8096974, 0.1803101]
[1.6828829, 0.7882241, 0.7124323, 0.18222657]
[1.5677862, 0.6109042, 0.7751711, 0.18171093]
[1.7354773, 0.67987925, 0.87745273, 0.17814533]
[1.8264096, 0.8953527, 0.7629247, 0.16813216]
[1.5867674, 0.78930545, 0.6154814, 0.1819806]
[1.7764412, 0.7676643, 0.8070581, 0.20171878]
[1.812757, 1.0019201, 0.63814354, 0.17269331]
[1.6018194, 0.53829813, 0.89170706, 0.17181423]
[1.6255467, 0.70378745, 0.7404083, 0.18135089]
[1.84735, 0.72739196, 0.9364841, 0.18347397]
[1.7968004, 0.78225255, 0.8286791, 0.18586877]
[1.6575108, 0.8432701, 0.64542997, 0.16881055]
[1.8377028, 0.8191815, 0.82273996, 0.19578128]
[1.8319167, 0.9506453, 0.6994269, 0.1818445]
[1.6290712, 0.66782, 0.78729033, 0.1739609]
[1.7911826, 0.63908505, 0.97022307, 0.18187451]
[1.7087522, 0.87572, 0.66731405, 0.16571811]
[1.9181633, 0.7863576, 0.94609594, 0.18570969]
[1.6280432, 0.7263377, 0.7268567, 0.17484877]
[1.9145646, 0.93275094, 0.78548896, 0.19632468]
[1.8294333, 0.7048842, 0.9419869, 0.18256219]
[2.0711179, 1.0478877, 0.8553924, 0.16783778]
[1.6442548, 0.68787783, 0.7806319, 0.1757451]
[1.662092, 0.8141971, 0.66682094, 0.18107387]
[2.0119882, 1.0998573, 0.7332382, 0.17889255]
[1.8950856, 0.8640685, 0.845885, 0.18513198]
[1.8451362, 0.9420743, 0.7439765, 0.15908545]
[1.9875518, 0.7997061, 1.0200324, 0.1678133]
[1.5894469, 0.6866192, 0.7366288, 0.16619886]
[1.5599127, 0.6268436, 0.7592503, 0.17381883]
[1.6542115, 0.8580764, 0.62068856, 0.17544657]
[1.8147799, 0.82858616, 0.82220614, 0.16398752]
[1.9861312, 0.87911344, 0.92216384, 0.18485388]
[1.7920405, 0.7902289, 0.84393805, 0.15787354]
[1.4949502, 0.71928036, 0.61018825, 0.16548161]
[1.5675412, 0.5442196, 0.83992887, 0.18339273]
[1.666088, 0.845912, 0.6491039, 0.17107213]
[1.75774, 0.74643075, 0.8295012, 0.18180797]
[1.8498536, 0.80564004, 0.8763033, 0.16791026]
[1.7556527, 0.5989851, 0.9912691, 0.16539854]
[1.7305237, 0.702219, 0.849234, 0.17907071]
[1.7902548, 0.85222614, 0.7517737, 0.18625495]
[1.8017302, 0.66891664, 0.9438331, 0.1889803]
[1.8961725, 0.9174269, 0.8093922, 0.1693535]
[1.7182919, 0.62445796, 0.9041256, 0.18970837]
[1.6941155, 0.9435147, 0.5906415, 0.15995933]
[1.8921692, 0.8583649, 0.8831955, 0.15060872]
[1.7978226, 0.7860788, 0.84762126, 0.16412242]
[1.8553425, 0.7475057, 0.9348673, 0.17296942]
