[1.632109, 0.75440115, 0.70824313, 0.1694647]
[1.7231402, 0.9729824, 0.5722364, 0.17792144]
[1.7011274, 0.72452736, 0.80413926, 0.17246076]
[1.6081182, 0.6156153, 0.81199074, 0.18051207]
[1.8683126, 0.7309443, 0.9496978, 0.18767045]
[1.8341354, 0.86109185, 0.82003045, 0.15301314]
[1.7631632, 0.9805319, 0.59614635, 0.1864849]
[1.6579192, 0.8281741, 0.66445017, 0.16529493]
[1.6096042, 0.6784314, 0.7716813, 0.15949157]
[1.6542158, 0.6582851, 0.84282035, 0.15311041]
[1.4523733, 0.62343276, 0.6651672, 0.16377333]
[1.4801183, 0.6159437, 0.69400215, 0.17017251]
[1.752995, 0.8267642, 0.7374225, 0.18880817]
[1.4375426, 0.6840986, 0.56544775, 0.1879963]
[1.6837204, 0.66422844, 0.8237044, 0.19578749]
[1.5827932, 0.7330333, 0.68303764, 0.16672236]
[1.7810197, 0.9410856, 0.65310526, 0.18682888]
[1.8798276, 0.9410316, 0.75436205, 0.1844341]
[1.7630241, 0.777177, 0.79937387, 0.18647325]
[1.7741075, 0.7329326, 0.8565269, 0.18464798]
[1.7386358, 0.8330965, 0.71723676, 0.18830249]
[1.4904855, 0.65051484, 0.66332495, 0.17664573]
[1.4518913, 0.7281987, 0.55156994, 0.17212263]
[1.767968, 0.94400537, 0.6353166, 0.18864611]
[1.9729582, 0.7855049, 0.99158, 0.19587335]
[1.860884, 0.9332302, 0.7551264, 0.17252734]
[1.638989, 0.6539706, 0.8014858, 0.1835326]
[1.7760807, 0.8352097, 0.7671089, 0.1737621]
[1.9086142, 0.8839153, 0.8399283, 0.18477057]
[2.1106513, 0.72197723, 1.1957276, 0.1929464]
[1.7789326, 0.9645549, 0.6288572, 0.18552041]
[1.5122452, 0.45451963, 0.8646219, 0.19310369]
[1.7544595, 0.9007405, 0.67857873, 0.17514023]
[1.7508293, 0.7993444, 0.76025194, 0.19123307]
[1.6513144, 0.72759163, 0.7485417, 0.17518103]
[1.6764692, 0.7920132, 0.70502937, 0.17942652]
[1.5260313, 0.837047, 0.5001694, 0.18881482]
[1.539936, 0.63054526, 0.73529935, 0.17409137]
[1.8353864, 0.8582594, 0.78832465, 0.1888024]
[1.4446181, 0.70439583, 0.5648929, 0.17532931]
[1.8680013, 0.7520976, 0.9153719, 0.20053183]
[1.6944073, 0.80181336, 0.71715343, 0.17544055]
[1.7939593, 0.73144686, 0.8720604, 0.19045201]
[1.9030293, 0.9360929, 0.7821734, 0.18476307]
[1.8453509, 1.0076292, 0.6635989, 0.17412284]
[1.780781, 0.67340267, 0.9291779, 0.17820047]
[1.770537, 0.8984195, 0.6904583, 0.18165922]
[1.6620717, 0.8418932, 0.6407994, 0.17937905]
[1.8202777, 0.60848784, 1.0222106, 0.18957928]
[1.6298093, 1.0514505, 0.39562577, 0.18273294]
[1.8546394, 0.7314153, 0.95213497, 0.17108914]
[1.8133103, 0.8213248, 0.8084754, 0.1835101]
[1.6998132, 0.72866243, 0.7880055, 0.1831454]
[2.0187035, 0.9809991, 0.8518176, 0.18588683]
[1.9632716, 0.94072515, 0.8502975, 0.172249]
[1.6290109, 0.6575974, 0.80010325, 0.17131016]
[1.6782708, 0.91007465, 0.5879876, 0.18020856]
[1.6452888, 0.64307725, 0.83150744, 0.17070414]
[1.8391566, 0.9322917, 0.73702216, 0.1698427]
[1.8706114, 0.764951, 0.9288667, 0.17679378]
[1.49741, 0.631322, 0.7191771, 0.14691086]
[1.7188071, 0.7457014, 0.7920737, 0.18103208]
[1.8137656, 0.80330026, 0.8294583, 0.181007]
[1.7800477, 0.7515665, 0.86396015, 0.16452104]
[1.610784, 0.8088688, 0.6140622, 0.1878531]
[1.6041926, 0.55583394, 0.852018, 0.19634071]
[1.5555353, 0.7159718, 0.6572783, 0.18228517]
[1.5156556, 0.6632121, 0.6566703, 0.19577327]
[1.6204278, 0.8197839, 0.6203208, 0.18032306]
[1.3634454, 0.48465532, 0.6908034, 0.1879867]
[1.5581915, 0.727942, 0.62513024, 0.20511931]
[1.5713443, 0.6943274, 0.67958724, 0.19742954]
[1.6675794, 0.6659262, 0.81435275, 0.1873005]
[1.6357064, 0.9679804, 0.49288625, 0.17483975]
[1.5894996, 0.60431385, 0.7843214, 0.20086433]
[1.5470548, 0.6606126, 0.67313755, 0.21330462]
[1.8076874, 0.83159244, 0.78698313, 0.18911178]
[1.3639116, 0.571499, 0.58953834, 0.2028743]
[1.8611941, 0.86165154, 0.8041667, 0.19537598]
[1.7301425, 0.81132835, 0.7217984, 0.19701561]
[1.6771097, 0.6440838, 0.8346773, 0.1983486]
[1.5747527, 0.5966331, 0.80170524, 0.17641434]
[1.5375851, 0.7274043, 0.63698953, 0.1731913]
[1.8600695, 0.96188015, 0.6896163, 0.20857307]
[1.7902918, 0.6239472, 0.96995294, 0.19639155]
[1.6375986, 0.7697854, 0.6666991, 0.2011141]
[1.9033475, 0.6934842, 1.0249243, 0.18493906]
[1.6687053, 0.80182695, 0.66878855, 0.19808984]
[1.5743775, 0.5612189, 0.81722915, 0.19592959]
[1.6763167, 0.6697024, 0.8140224, 0.1925919]
[1.5396045, 0.5769975, 0.75526, 0.20734707]
[1.6622713, 0.67783296, 0.7982276, 0.18621057]
[1.9986317, 0.9690261, 0.83129185, 0.19831371]
[1.7789618, 0.6545422, 0.92959607, 0.19482355]
[1.7095616, 0.9454258, 0.5726142, 0.19152167]
[1.6832706, 0.55075175, 0.95061857, 0.18190022]
[1.4391468, 0.68561774, 0.5601218, 0.1934073]
[2.0074143, 0.7214004, 1.0782515, 0.2077626]
[1.855564, 1.0149498, 0.6544309, 0.1861833]
[1.9759817, 0.8492815, 0.94711673, 0.17958352]
[1.8663191, 0.88373905, 0.79694164, 0.18563828]
[1.7069374, 0.71834284, 0.81080925, 0.1777853]
[1.6604626, 0.6984074, 0.7673831, 0.1946721]
[1.8536825, 0.9231781, 0.75970674, 0.17079774]
[1.623275, 0.48329434, 0.95598567, 0.18399501]
[1.9073013, 0.9877561, 0.72602296, 0.19352238]
[1.903459, 0.8045311, 0.9211687, 0.17775919]
[1.7294953, 0.85467637, 0.69420385, 0.18061511]
[1.5617433, 0.50161135, 0.8550569, 0.205075]
[1.8044639, 0.933126, 0.699641, 0.17169687]
[1.6464571, 0.8968797, 0.5647453, 0.1848321]
[1.8104377, 0.8073748, 0.80354977, 0.19951324]
[1.6092181, 0.6922811, 0.7328472, 0.18408972]
[1.6217505, 0.72325397, 0.71790797, 0.18058857]
[2.0343552, 1.1413605, 0.72335374, 0.16964102]
[1.9357704, 0.99819964, 0.7549617, 0.18260893]
[1.6817509, 0.72421604, 0.8020191, 0.15551579]
[1.6538898, 0.85507923, 0.6325419, 0.16626866]
[1.7409186, 0.6657369, 0.89516896, 0.18001264]
[1.7729753, 0.94019794, 0.6645385, 0.16823888]
[1.593667, 0.68534887, 0.7343881, 0.17393005]
[1.6522264, 0.83329916, 0.6494103, 0.1695171]
[1.7481986, 0.71348965, 0.86336887, 0.17134008]
[1.7190654, 0.8657635, 0.69990826, 0.15339372]
[1.8289144, 0.7462835, 0.90318984, 0.17944115]
[1.757468, 0.9907299, 0.5819273, 0.1848108]
[1.5843607, 0.800705, 0.5972893, 0.1863664]
[1.8367918, 0.7109803, 0.9395524, 0.186259]
[1.6128265, 0.70971364, 0.7198874, 0.18322551]
[1.6477013, 0.6992844, 0.76459634, 0.18382053]
[1.8217263, 0.75950575, 0.8930944, 0.16912618]
[1.7354394, 0.76902497, 0.78650284, 0.17991166]
[1.9812522, 1.0164833, 0.79352605, 0.17124277]
[1.7542437, 0.69045925, 0.8957808, 0.16800368]
[1.5906237, 0.7306649, 0.6700895, 0.18986928]
[1.5671957, 0.6846931, 0.72535145, 0.15715109]
[1.6276221, 0.8608358, 0.5847899, 0.1819964]
[1.8329195, 0.8557908, 0.7879815, 0.18914711]
[1.621845, 0.7444112, 0.6738475, 0.20358628]
[1.6526641, 0.6080307, 0.8568764, 0.18775706]
[1.741308, 0.76371914, 0.78250575, 0.1950832]
[1.8077695, 0.859211, 0.77756476, 0.17099386]
[1.8042579, 0.84358245, 0.79152215, 0.16915327]
[2.1401393, 0.92483, 1.028826, 0.1864834]
[1.7054416, 1.0332745, 0.50786644, 0.16430053]
[1.7251852, 0.7097441, 0.83135474, 0.1840863]
[1.6062136, 0.6877617, 0.7481852, 0.17026669]
[1.745581, 0.8865004, 0.65716803, 0.20191248]
[1.4740075, 0.6231834, 0.67037815, 0.18044588]
[1.6652557, 0.7018341, 0.7831912, 0.18023033]
[1.6611211, 0.85844755, 0.61586034, 0.1868132]
[1.8694224, 0.90223527, 0.7674472, 0.19973996]
[1.8218328, 0.6407652, 0.99905056, 0.18201697]
[1.8611991, 0.9331657, 0.72675973, 0.20127362]
[1.6317217, 0.5936159, 0.8336116, 0.20449418]
[1.6902955, 0.69587255, 0.81111777, 0.18330516]
[1.7730747, 0.7891749, 0.7870207, 0.19687916]
[1.7036344, 0.7849959, 0.74684864, 0.17178975]
[1.4416015, 0.5282559, 0.73263526, 0.18071036]
[1.7042092, 0.8879671, 0.6356381, 0.180604]
[1.6373004, 0.51539004, 0.9491881, 0.17272224]
[1.8882034, 0.82095796, 0.88756835, 0.17967704]
[1.8491017, 0.89153945, 0.7589757, 0.1985866]
[1.782147, 0.64824724, 0.96239495, 0.17150483]
[1.4509068, 0.7427541, 0.54946923, 0.15868336]
[1.5162406, 0.65907264, 0.67828286, 0.1788851]
[1.4365256, 0.56336457, 0.6849961, 0.18816498]
[1.6703117, 0.7004336, 0.77741826, 0.19245979]
[1.6515381, 0.8767843, 0.61750406, 0.15724972]
[1.7047288, 0.76744616, 0.74321353, 0.19406909]
[1.6134307, 0.4850208, 0.925658, 0.202752]
[1.7472775, 0.9865016, 0.5694941, 0.19128174]
[1.7633078, 0.78313875, 0.77196217, 0.20820692]
[1.7303191, 0.7075383, 0.8377167, 0.1850642]
[1.7491283, 0.8563036, 0.69160616, 0.20121858]
[1.7287438, 0.8231179, 0.7151168, 0.19050908]
[1.6643798, 0.7815397, 0.702472, 0.18036823]
[1.7940338, 0.66723543, 0.9285051, 0.19829324]
[1.7425851, 0.86286956, 0.6866553, 0.19306025]
[1.6178722, 0.67057526, 0.7658528, 0.18144418]
[1.7278498, 0.6395689, 0.8761231, 0.21215786]
[2.0209832, 1.0157436, 0.82302773, 0.1822119]
[1.790402, 0.82309437, 0.78484046, 0.18246719]
[1.6160952, 0.67611784, 0.7449577, 0.19501962]
[2.0436654, 0.9469001, 0.90824634, 0.18851894]
[1.6132324, 0.8181095, 0.61040306, 0.18471977]
[1.4138808, 0.8120822, 0.40719453, 0.19460416]
[1.508455, 0.5874351, 0.7333641, 0.18765575]
[1.6793022, 0.8165368, 0.6711054, 0.19166]
[1.4937611, 0.6249905, 0.6678753, 0.20089525]
[1.7837098, 0.96642685, 0.60551506, 0.21176785]
[1.7096816, 0.7143072, 0.80366105, 0.19171345]
[1.8347828, 0.8545453, 0.7721957, 0.20804186]
[1.9487138, 0.9474683, 0.81855035, 0.18269512]
[1.6080492, 0.70690036, 0.7295664, 0.17158252]
[1.9240781, 1.0159535, 0.70109904, 0.20702553]
[1.8395634, 0.7649956, 0.8960583, 0.17850944]
[1.7665262, 0.69873285, 0.887364, 0.18042949]
[1.7955499, 0.87847245, 0.740444, 0.17663342]
[1.6861478, 0.7554265, 0.75034004, 0.18038115]
[1.4869344, 0.7189679, 0.5944687, 0.17349783]
[1.7838366, 0.9551271, 0.62050676, 0.20820276]
[1.7068024, 0.5428097, 0.979922, 0.18407062]
[2.0898685, 1.2207743, 0.6716363, 0.19745794]
[1.625281, 0.7034768, 0.75292504, 0.16887918]
[1.6914335, 0.53395873, 0.9848447, 0.17263022]
[1.5612011, 0.77721274, 0.59813136, 0.18585709]
[1.5140743, 0.6932037, 0.63110185, 0.18976876]
[1.5554993, 0.739599, 0.6372014, 0.17869896]
[1.5299257, 0.6836022, 0.6715358, 0.17478769]
[1.9008586, 0.77482975, 0.93960136, 0.18642758]
[2.023105, 1.0432243, 0.7869568, 0.19292387]
[1.5583134, 0.45143658, 0.89980036, 0.20707649]
[1.7791135, 0.8595607, 0.7332181, 0.18633473]
[1.4818648, 0.6428546, 0.6548813, 0.18412885]
[1.6419348, 0.8500047, 0.5960896, 0.19584048]
[1.5843635, 0.624128, 0.78406715, 0.1761683]
[1.740782, 0.9693886, 0.5864188, 0.18497472]
[1.8592905, 0.8082565, 0.8584076, 0.1926264]
[1.8209611, 0.75239205, 0.8733071, 0.19526194]
[2.0091548, 0.7840078, 1.0432744, 0.18187258]
[1.5366912, 0.55274856, 0.8107714, 0.17317125]
[1.7804886, 0.93048537, 0.6451088, 0.2048944]
[1.8278847, 0.75252664, 0.8971368, 0.17822117]
[1.7935858, 0.74018264, 0.8898018, 0.1636014]
[1.7552704, 0.8102049, 0.7643446, 0.18072096]
[1.6639687, 0.9306781, 0.53386724, 0.1994233]
[1.7118049, 0.66927147, 0.8663222, 0.1762111]
[1.5750837, 0.60338616, 0.8060244, 0.16567323]
[1.8760796, 1.0440276, 0.6468396, 0.18521236]
[1.655839, 0.71687925, 0.7643487, 0.17461109]
[1.7056079, 0.96465814, 0.55869514, 0.18225458]
[1.5833838, 0.5428664, 0.86164874, 0.17886868]
[1.7202039, 0.8240365, 0.7173866, 0.1787808]
[1.623097, 0.7364465, 0.6978411, 0.1888094]
[1.6142968, 0.6518204, 0.78437173, 0.17810464]
[1.6723804, 0.80613625, 0.68280554, 0.1834386]
[1.8419363, 0.90432346, 0.75601935, 0.18159355]
[1.6240947, 0.6154829, 0.8474276, 0.16118416]
[1.8625349, 0.9030727, 0.7730385, 0.1864237]
[1.7319704, 0.78318244, 0.7842111, 0.16457686]
[1.7931851, 0.84568024, 0.7588228, 0.18868208]
[1.7950412, 0.853663, 0.746972, 0.19440615]
[1.8619896, 0.731418, 0.9293816, 0.20119002]
[1.7348684, 1.0089209, 0.53908205, 0.18686548]
[1.5654713, 0.730001, 0.65816927, 0.17730108]
[1.8017917, 0.6930882, 0.9397915, 0.1689119]
[1.6978873, 0.8317413, 0.6715468, 0.19459923]
[1.8031889, 0.567817, 1.0423703, 0.19300163]
[1.6948886, 0.88359165, 0.60507464, 0.20622224]
[1.6148236, 0.52220166, 0.9215851, 0.17103684]
[1.9399123, 1.053426, 0.6809763, 0.20551005]
[1.7984812, 0.820606, 0.8032433, 0.17463198]
[1.7150967, 0.73163754, 0.8025789, 0.18088031]
[1.7386009, 0.87269384, 0.6862127, 0.17969427]
[1.7597915, 0.70671934, 0.88832414, 0.16474807]
[1.4626787, 0.65898633, 0.6072686, 0.19642381]
[1.8892921, 0.86995375, 0.84241414, 0.17692426]
[1.7980942, 0.6510689, 0.9736348, 0.17339055]
[1.4624375, 0.6616716, 0.612263, 0.18850294]
[1.8311766, 0.838135, 0.8155766, 0.17746513]
[2.0873165, 0.9858661, 0.9221705, 0.17927969]
[1.8111967, 0.64261353, 1.0023807, 0.1662024]
[1.4268165, 0.72232056, 0.54136324, 0.16313267]
[1.7423084, 0.91544855, 0.6593777, 0.16748211]
[1.7196993, 0.69965947, 0.83793426, 0.18210557]
[1.7886442, 0.96823406, 0.6411327, 0.17927739]
[1.6085135, 0.7337433, 0.6784122, 0.19635797]
[1.6826481, 0.55670166, 0.9513279, 0.17461851]
[1.7568668, 0.877777, 0.7106552, 0.16843458]
[1.7062415, 0.8238274, 0.69103926, 0.19137488]
[1.7054955, 0.80266523, 0.70659184, 0.19623844]
[1.8885128, 0.7782817, 0.94592834, 0.16430287]
[1.6895176, 0.6596156, 0.84737605, 0.18252602]
[1.5126078, 0.7147829, 0.62209684, 0.17572808]
[1.8015118, 0.63523996, 0.96809936, 0.19817251]
[1.5547358, 0.9244231, 0.44516528, 0.18514737]
[1.8361884, 0.67313164, 0.9914307, 0.17162612]
[1.5984906, 0.5455066, 0.88193274, 0.17105123]
[1.4819542, 0.6749437, 0.63193655, 0.17507401]
[1.9229169, 0.87962556, 0.84681463, 0.19647673]
[1.77457, 0.973395, 0.6093758, 0.19179918]
[1.7123783, 0.70660365, 0.8273975, 0.17837721]
[1.8572801, 0.7826619, 0.9061073, 0.16851094]
[1.7564145, 0.8957692, 0.6780391, 0.18260634]
[1.5291235, 0.67867935, 0.6609019, 0.18954228]
[1.6551702, 0.85126734, 0.62160444, 0.18229836]
[1.6735677, 0.7948234, 0.6934428, 0.18530147]
[1.7666504, 0.68601286, 0.89753, 0.18310755]
[1.616134, 0.80914253, 0.61354035, 0.19345114]
[1.7050925, 0.7607975, 0.75892824, 0.18536676]
[1.7757317, 0.68847805, 0.9032618, 0.18399179]
[1.6983993, 0.6999209, 0.8079319, 0.1905465]
[1.6802553, 0.93141097, 0.5665188, 0.1823255]
[1.7320725, 0.6630846, 0.8783784, 0.19060946]
[1.8066884, 0.98019534, 0.63944983, 0.18704331]
[1.6709621, 0.6814282, 0.8091598, 0.1803742]
[1.7538035, 0.82214046, 0.74334157, 0.18832144]
[1.6899178, 0.7581239, 0.73318034, 0.19861367]
[1.7978863, 0.8826909, 0.72470516, 0.19049016]
[1.7343907, 0.7543637, 0.79512775, 0.18489939]
[1.8942636, 0.9303473, 0.76261234, 0.20130391]
[1.8692515, 0.8289443, 0.8359898, 0.20431729]
[1.5744724, 0.55409837, 0.838936, 0.18143815]
[1.8847299, 1.1095862, 0.59334356, 0.18180011]
[1.6586034, 0.6536219, 0.81538814, 0.18959329]
[1.6609406, 0.7920523, 0.68762225, 0.18126601]
[1.6007745, 0.828084, 0.59912705, 0.17356342]
[1.6777563, 0.7133582, 0.7727107, 0.1916874]
[1.7794911, 0.7956635, 0.78998613, 0.19384143]
[1.7099957, 0.6970326, 0.8232634, 0.18969974]
[1.8479066, 0.9067488, 0.7696018, 0.17155594]
[1.895084, 0.98822725, 0.72265375, 0.18420307]
[2.0180285, 0.83588785, 0.9973316, 0.18480895]
[1.9501342, 0.8534336, 0.9172636, 0.17943692]
[1.6849879, 0.79904276, 0.71884555, 0.1670996]
[1.8563057, 0.83136475, 0.85682976, 0.16811122]
[1.66989, 0.55274576, 0.95386946, 0.16327493]
[1.7907071, 0.7782402, 0.85393196, 0.15853499]
[1.6221294, 0.7562488, 0.6846986, 0.18118212]
[1.4915501, 0.57769084, 0.7211019, 0.19275734]
[1.6835442, 0.6935766, 0.80439216, 0.18557547]
[1.8289753, 1.0380464, 0.61499333, 0.17593566]
[1.7350543, 0.6399226, 0.9018881, 0.19324344]
[1.6518211, 0.6587862, 0.82015604, 0.17287898]
[1.7871591, 1.0079851, 0.6124008, 0.16677324]
[1.6864849, 0.72658217, 0.7784324, 0.18147025]
[1.650695, 0.75525373, 0.71572757, 0.17971358]
[1.8377554, 0.63199997, 0.9992219, 0.20653355]
[1.7596167, 0.87643147, 0.69339335, 0.18979192]
[1.6944622, 0.62216103, 0.8858478, 0.18645337]
[1.7840949, 0.7818932, 0.8151395, 0.1870623]
[1.7072817, 0.8040517, 0.72549343, 0.17773664]
[1.9189812, 0.6297391, 1.111851, 0.17739117]
[1.9485934, 0.9914398, 0.8041116, 0.15304194]
[1.8407742, 0.96493286, 0.6880964, 0.18774495]
[1.7801608, 0.804849, 0.7884146, 0.18689716]
[1.7615883, 0.7602316, 0.81890494, 0.18245175]
[1.9712284, 0.69663715, 1.1099478, 0.16464338]
[1.8926942, 1.0483031, 0.68642753, 0.15796354]
[1.9160157, 0.78249854, 0.97864777, 0.15486948]
[1.5127085, 0.5429889, 0.7869108, 0.18280885]
[1.8449819, 0.92105734, 0.72794294, 0.19598162]
[1.5301447, 0.72085667, 0.64006686, 0.1692211]
[1.8376852, 0.81716466, 0.84658134, 0.17393927]
[1.7521585, 0.89170843, 0.69758797, 0.16286221]
[1.5165901, 0.49956986, 0.85058844, 0.16643178]
[1.5952932, 0.632486, 0.79204714, 0.17075999]
[1.7228174, 0.9887241, 0.56385875, 0.17023453]
[2.1604018, 0.9782013, 1.0039729, 0.17822762]
[1.5215939, 0.6847309, 0.68107295, 0.15579006]
[1.693747, 0.85888886, 0.6706687, 0.16418943]
[1.720263, 0.7666201, 0.7953905, 0.15825248]
[1.8588508, 0.7620839, 0.94419134, 0.1525756]
[1.6012512, 0.8263136, 0.6076529, 0.1672847]
[1.8782526, 0.830063, 0.8810959, 0.16709372]
[1.6321614, 0.8364498, 0.62295806, 0.17275359]
[1.6454873, 0.711598, 0.7705827, 0.16330671]
[1.826622, 0.8712127, 0.7873384, 0.16807091]
[1.7737532, 0.8782378, 0.73006004, 0.16545533]
[1.7370214, 0.77018166, 0.8066844, 0.16015542]
[1.7114248, 0.8576664, 0.6855546, 0.16820379]
[1.6494086, 0.8116472, 0.6718635, 0.16589786]
[1.581815, 0.7379024, 0.67661166, 0.1673009]
[1.6358509, 0.7421898, 0.72137237, 0.17228863]
[1.605653, 0.7747096, 0.64733696, 0.18360654]
[1.6330186, 0.68356204, 0.7695441, 0.17991248]
[1.7282319, 0.682235, 0.84523, 0.20076688]
[1.6995277, 0.8151573, 0.699395, 0.18497545]
[1.6522883, 0.7187213, 0.7444136, 0.1891534]
[1.7864583, 0.91598403, 0.68839055, 0.18208367]
[1.9248393, 0.69168353, 1.0397465, 0.19340922]
[1.8656471, 1.0542462, 0.6151291, 0.1962718]
[1.7832739, 0.83871514, 0.760025, 0.1845338]
[1.7387857, 0.7371204, 0.83288777, 0.16877753]
[1.6994756, 0.7457902, 0.7657057, 0.18797983]
[1.6720718, 0.6608598, 0.84068733, 0.17052469]
[1.9705648, 1.0004442, 0.7755964, 0.19452423]
[1.7423381, 0.45741996, 1.125643, 0.15927505]
[1.6255177, 0.7816167, 0.6667206, 0.17718038]
[1.6975931, 0.71088445, 0.82133603, 0.16537258]
[1.5699264, 0.8982046, 0.49002206, 0.18169959]
[2.0633426, 0.8161096, 1.0692973, 0.1779355]
[1.8950202, 0.84431124, 0.87311316, 0.17759588]
[1.5060188, 0.79800326, 0.54402876, 0.16398677]
[1.675273, 0.74504685, 0.75755966, 0.17266637]
[1.8065584, 0.80818856, 0.81789434, 0.18047543]
[1.7539965, 0.73722345, 0.8441144, 0.17265853]
[1.6610386, 0.823755, 0.6780937, 0.15918991]
[1.4712777, 0.7150742, 0.5728882, 0.18331525]
[1.704446, 0.5701464, 0.9341192, 0.20018037]
[1.7647002, 0.99916685, 0.61063373, 0.15489957]
[1.6477929, 0.69402087, 0.75912833, 0.19464374]
[2.0450225, 0.9613191, 0.88927925, 0.19442423]
[1.7435278, 0.9293188, 0.64732945, 0.16687958]
[1.7324384, 0.8900402, 0.6768609, 0.16553725]
[1.628457, 0.55588603, 0.8986809, 0.17388996]
[2.090002, 0.92486686, 0.9828914, 0.18224381]
[1.7483405, 0.9750361, 0.6113333, 0.16197108]
[1.7273083, 0.71547174, 0.8448281, 0.16700834]
[1.8008546, 0.5796167, 1.0490566, 0.17218122]
[1.9420325, 0.9705856, 0.7999355, 0.17151132]
[1.8548421, 0.8766716, 0.82794124, 0.15022922]
[1.8199686, 0.764947, 0.89875597, 0.15626563]
[1.8115864, 0.7749417, 0.8724628, 0.1641819]
[1.7248751, 0.67397106, 0.8850223, 0.16588178]
[1.5987952, 0.58944345, 0.82796025, 0.1813915]
[1.6362892, 0.74591017, 0.71708465, 0.17329445]
[1.8216938, 0.8224109, 0.82295835, 0.17632446]
[2.0273325, 1.0205234, 0.84207, 0.16473907]
[1.6345627, 0.616201, 0.84014606, 0.17821568]
[1.7146261, 0.6164877, 0.9451754, 0.15296292]
[1.6919007, 0.8567425, 0.66023946, 0.17491877]
[1.8426584, 0.8662863, 0.81203675, 0.16433537]
[1.6809394, 0.745319, 0.76237047, 0.17325002]
[1.7883501, 0.96207947, 0.64711976, 0.17915082]
[1.7217573, 0.5570847, 0.9953939, 0.16927874]
[1.717709, 0.7286311, 0.8180896, 0.17098825]
[1.7333667, 0.7729919, 0.781646, 0.17872879]
[1.7843533, 0.8816408, 0.73874986, 0.1639626]
[1.9422548, 0.8243922, 0.942418, 0.17544462]
[1.8606727, 0.7436523, 0.95049953, 0.1665209]
[1.9838789, 0.872897, 0.9367135, 0.17426825]
[1.5855745, 0.65345, 0.75706476, 0.17505963]
[1.7418405, 0.8635349, 0.70469654, 0.17360905]
[1.6434956, 0.7528595, 0.72536576, 0.16527039]
[1.6473955, 0.664734, 0.8381706, 0.14449084]
[1.4869299, 0.72444737, 0.5985153, 0.16396725]
[1.885928, 0.9674189, 0.74476165, 0.17374745]
[1.7475718, 0.60014236, 0.9816622, 0.16576728]
[1.9167334, 1.0292525, 0.70772654, 0.17975442]
[1.5931798, 0.69097906, 0.735239, 0.16696179]
[1.5593388, 0.80661273, 0.58348155, 0.16924456]
[1.6989859, 0.6328378, 0.9027575, 0.16339068]
[1.9617727, 0.9157263, 0.8543396, 0.19170675]
[1.7298831, 0.89953446, 0.6597593, 0.17058936]
[1.6268159, 0.80717504, 0.6287061, 0.19093482]
[1.5362931, 0.46913603, 0.8993273, 0.16782987]
[1.6825209, 0.977569, 0.5215615, 0.18339044]
[1.7160343, 0.6616145, 0.88298464, 0.17143527]
[1.883825, 1.0032558, 0.7206595, 0.15990962]
[1.7208884, 0.8290685, 0.7029272, 0.18889275]
[1.7671113, 0.7173767, 0.8835465, 0.16618818]
[1.7928069, 0.8399974, 0.7812891, 0.17152032]
[1.8003618, 0.76834345, 0.83465874, 0.19735953]
[1.6042744, 0.81456417, 0.6024748, 0.18723549]
[1.7267042, 0.64534676, 0.89630234, 0.18505514]
[1.6402111, 0.8359437, 0.6408019, 0.16346544]
[1.7335923, 0.8344897, 0.7034985, 0.19560413]
[1.6931678, 0.8026326, 0.7289351, 0.16160007]
[1.6575801, 0.590978, 0.87807375, 0.1885283]
[1.785384, 0.9038236, 0.69578385, 0.18577664]
[1.6941013, 0.63359666, 0.8928926, 0.16761208]
[1.7660687, 0.9299131, 0.63332856, 0.20282704]
[1.6327504, 0.64738655, 0.7821126, 0.20325124]
[1.5786996, 0.67788076, 0.7035854, 0.19723348]
[1.6564957, 0.8286989, 0.63824034, 0.18955645]
[1.5522001, 0.6330313, 0.71144414, 0.20772462]
[1.7002094, 0.86198616, 0.65585303, 0.18237023]
[1.6744957, 0.6932269, 0.77032995, 0.21093887]
[1.958951, 1.2138977, 0.5532353, 0.19181801]
[1.8914609, 0.68056506, 1.0317405, 0.17915541]
[1.8388295, 0.67168915, 0.97335696, 0.19378334]
[1.9137355, 1.0895913, 0.64823437, 0.17590986]
[1.7374945, 0.6958338, 0.86705256, 0.17460808]
[1.7999, 0.98087054, 0.6477097, 0.17131966]
[1.7985402, 0.80866313, 0.8100581, 0.17981903]
[1.645035, 0.8107052, 0.66603756, 0.16829231]
[1.7473718, 0.6217092, 0.950282, 0.17538062]
[1.736978, 0.7935957, 0.7661061, 0.17727631]
[1.8476424, 0.8362217, 0.8347747, 0.17664596]
[1.5868615, 0.5660713, 0.852579, 0.16821119]
[1.6569302, 0.92994654, 0.56027627, 0.16670734]
[1.7491143, 0.66713715, 0.9151357, 0.16684148]
[1.7939538, 1.0443119, 0.5782929, 0.17134891]
[1.8387545, 0.9689664, 0.69725513, 0.17253293]
[1.7287859, 0.66262317, 0.8959737, 0.17018905]
[1.7758461, 0.87504196, 0.72150916, 0.17929497]
[1.6877832, 0.83533823, 0.69308406, 0.15936095]
[1.6933566, 0.7353413, 0.79857594, 0.15943944]
[1.6165724, 0.7087203, 0.7108231, 0.1970289]
[1.529817, 0.6946745, 0.6640564, 0.17108604]
[1.6949794, 0.8642355, 0.671981, 0.15876293]
[1.6767135, 0.77781916, 0.7036737, 0.19522063]
[1.9936874, 0.92549574, 0.89648604, 0.17170566]
[1.556804, 0.62703705, 0.73146564, 0.19830132]
[1.6486323, 0.6856716, 0.78738093, 0.17557982]
[1.6326962, 0.81993455, 0.6269098, 0.18585177]
[1.6629505, 0.66058046, 0.83813065, 0.16423938]
[1.6801056, 0.6920445, 0.7960745, 0.19198656]
[1.919931, 0.67510986, 1.0576413, 0.18717995]
[1.6477425, 0.71971357, 0.7326008, 0.1954282]
[2.0237799, 1.0797563, 0.7556745, 0.18834904]
[1.5800874, 0.57207507, 0.831871, 0.1761414]
[1.7787763, 0.9185826, 0.6768301, 0.18336359]
[1.7672464, 0.62839407, 0.94449437, 0.19435802]
[2.14484, 1.3368723, 0.63254344, 0.17542431]
[1.8640383, 0.50568444, 1.1833011, 0.17505275]
[1.8491027, 0.9042831, 0.7746526, 0.170167]
[1.5198977, 0.6187843, 0.72897816, 0.17213528]
[1.5881176, 0.7472441, 0.6579032, 0.18297023]
[1.6293495, 0.7147417, 0.7424211, 0.17218655]
[1.627597, 0.64088523, 0.8064624, 0.18024933]
[1.786813, 0.66626346, 0.9200454, 0.20050412]
[1.9327679, 1.1478913, 0.6289947, 0.15588191]
[1.5892066, 0.7725494, 0.6270822, 0.18957493]
[1.7332804, 0.74912655, 0.80697936, 0.17717451]
[1.6134729, 0.73827463, 0.6845095, 0.19068886]
[1.6484897, 0.7502132, 0.7074838, 0.19079272]
[1.8681378, 0.8234346, 0.8768907, 0.16781259]
[1.5198886, 0.72788894, 0.60478437, 0.18721527]
[1.7945278, 0.8185952, 0.7938876, 0.18204503]
[1.7355208, 0.83007956, 0.7355475, 0.16989371]
[2.0362978, 0.9121727, 0.9486405, 0.17548461]
[1.7235823, 0.6203931, 0.9273995, 0.17578958]
[1.6942797, 0.82784593, 0.69188756, 0.17454623]
[1.8494812, 0.9372664, 0.74123406, 0.17098078]
[1.5214119, 0.7285408, 0.6150862, 0.17778496]
[1.3855995, 0.54023373, 0.7138957, 0.13147004]
[1.2988564, 0.6351111, 0.46968025, 0.19406499]
[1.9802785, 0.8608735, 0.9480333, 0.17137167]
[1.7756839, 0.859197, 0.7306851, 0.18580171]
[1.9225652, 0.95078623, 0.7998996, 0.17187944]
[1.8583243, 0.8123689, 0.88439536, 0.16156006]
[1.7618684, 0.7376723, 0.85469544, 0.1695006]
[1.5726857, 0.7215908, 0.6938538, 0.15724105]
[1.8863739, 0.98362577, 0.74739915, 0.15534891]
[1.7491639, 0.7199564, 0.8586041, 0.17060333]
[1.543243, 0.8092861, 0.5669785, 0.16697845]
[1.7004937, 0.5996273, 0.9482601, 0.15260622]
[1.7396736, 0.9757168, 0.58928096, 0.17467587]
[1.9016218, 0.7087666, 1.0263236, 0.1665317]
[1.7345005, 0.797556, 0.7776578, 0.15928671]
[1.6763377, 0.76614773, 0.75204253, 0.1581474]
[1.8802582, 0.88082623, 0.8244148, 0.17501727]
[1.7389052, 0.67920935, 0.89021826, 0.1694776]
[1.5521802, 0.7379955, 0.65881455, 0.15537012]
[1.6411575, 0.47922337, 0.9898572, 0.17207699]
[1.9724913, 1.3579936, 0.42614263, 0.188355]
[1.6597748, 0.7189752, 0.7804885, 0.1603111]
[1.3977624, 0.4899802, 0.7305317, 0.17725053]
[1.7870235, 0.8170856, 0.7851137, 0.18482421]
[1.6333072, 0.928165, 0.54987466, 0.15526742]
[1.7258193, 0.7542994, 0.7881333, 0.1833866]
[1.4422104, 0.5810698, 0.7066363, 0.15450425]
[1.6749575, 0.85084933, 0.62616146, 0.19794677]
[1.6880322, 0.66386354, 0.8362069, 0.18796164]
[1.7132366, 0.7860074, 0.74079245, 0.18643662]
[1.6614882, 0.80904675, 0.67758757, 0.17485395]
[1.8908479, 1.0211135, 0.6867468, 0.18298765]
[1.4839505, 0.5012865, 0.7925908, 0.19007313]
[1.640229, 0.7838341, 0.64592683, 0.21046808]
[1.6709663, 0.6664779, 0.81592774, 0.18856062]
[1.8277495, 0.86244714, 0.7829628, 0.18233958]
[1.8484825, 0.75557566, 0.8889351, 0.2039717]
[1.9368244, 0.9587003, 0.7686365, 0.20948753]
[1.7596267, 0.66755116, 0.9484202, 0.14365539]
[1.4382143, 0.71493506, 0.54658973, 0.17668954]
[1.4129809, 0.51804245, 0.6946392, 0.20029931]
[1.8508333, 1.1713132, 0.48735613, 0.19216406]
[1.7388369, 0.57663536, 0.9901421, 0.17205939]
[1.8353419, 0.77281845, 0.88224685, 0.18027662]
[1.6995792, 0.7995261, 0.7070502, 0.193003]
[1.9360011, 0.81491363, 0.9242514, 0.19683602]
[1.6828008, 0.68114525, 0.8262661, 0.17538944]
[1.5396272, 0.64571667, 0.6987733, 0.19513716]
[1.5213532, 0.8727278, 0.4587887, 0.1898368]
[1.6806885, 0.68210405, 0.81108093, 0.18750343]
[1.3862091, 0.5962706, 0.598504, 0.19143447]
[1.7326622, 0.85524815, 0.6988622, 0.17855185]
[1.6918305, 0.9358374, 0.56377804, 0.19221509]
[1.8246088, 0.7219323, 0.90919864, 0.19347784]
[1.6108865, 0.5950458, 0.83010906, 0.1857315]
[1.9218, 0.8348998, 0.90377104, 0.1831292]
[1.9717962, 0.96264154, 0.8207083, 0.18844642]
[1.8896021, 1.0832149, 0.62138605, 0.18500112]
[1.6921196, 0.7651945, 0.74876046, 0.1781647]
[1.6900859, 0.9950081, 0.5214129, 0.17366487]
[1.670491, 0.45761168, 1.0219378, 0.1909414]
[1.5867739, 0.81534827, 0.58198005, 0.18944553]
[1.7933668, 0.7471731, 0.8593925, 0.18680117]
[1.8103746, 0.9342906, 0.6838294, 0.19225463]
[1.8511679, 0.7337787, 0.94200563, 0.17538351]
[1.5948768, 0.9205625, 0.49814165, 0.17617257]
[1.5993106, 0.6626312, 0.7468586, 0.18982083]
[1.6295335, 0.6552284, 0.80027914, 0.17402607]
[1.4986811, 0.57542497, 0.744751, 0.17850524]
[1.608511, 0.7385746, 0.68697935, 0.18295698]
[1.564245, 0.7973642, 0.558992, 0.20788878]
[1.6961657, 0.67976123, 0.847378, 0.16902646]
[1.4975811, 0.6282486, 0.6700345, 0.19929802]
[1.7339382, 0.7237654, 0.8115072, 0.19866562]
[1.9652332, 0.9735923, 0.7952284, 0.1964124]
[1.6010503, 0.739094, 0.6884742, 0.1734821]
[1.946942, 0.7564961, 1.0111213, 0.17932466]
[1.8448906, 0.8176666, 0.82941055, 0.19781357]
[1.8717322, 0.93334234, 0.76225084, 0.17613909]
[1.9085765, 0.89858645, 0.8377073, 0.17228267]
[1.912778, 0.8214174, 0.9120317, 0.17932895]
[1.8834159, 0.85966575, 0.85566664, 0.16808361]
[1.7432327, 0.8328135, 0.7281206, 0.18229866]
[1.7724901, 0.8538556, 0.73867345, 0.17996106]
[1.699801, 0.6587513, 0.87071496, 0.17033464]
[1.6613572, 0.80395347, 0.671186, 0.18621784]
[1.9670076, 0.8147937, 0.9903999, 0.16181402]
[1.5094938, 0.63251334, 0.7135055, 0.163475]
[1.6882449, 0.7624191, 0.7663878, 0.15943798]
[1.8414376, 0.8856851, 0.77860653, 0.17714599]
[1.7849051, 0.7515245, 0.8590523, 0.17432824]
[1.9126348, 0.9180584, 0.8280042, 0.16657235]
[1.5973997, 0.6905279, 0.7502756, 0.15659624]
[1.7070193, 0.8295537, 0.6848428, 0.19262284]
[1.7252402, 0.8543964, 0.70047665, 0.1703672]
[1.5467408, 0.4959287, 0.85761374, 0.19319832]
[1.8352402, 0.95291495, 0.7031646, 0.17916068]
[2.0162697, 0.8731062, 0.96397257, 0.1791908]
[1.6101611, 0.7111794, 0.71851385, 0.18046781]
[1.8394034, 0.76024055, 0.8978431, 0.18131971]
[1.7897898, 0.8655855, 0.7587948, 0.16540949]
[1.4935927, 0.60234654, 0.7295327, 0.16171348]
[1.633851, 0.5516581, 0.8920444, 0.19014853]
[1.9758912, 0.9058057, 0.8966578, 0.17342775]
[1.7262393, 0.7660048, 0.783825, 0.1764096]
[1.7734082, 0.84635264, 0.7544453, 0.17261028]
[1.6862413, 0.6392143, 0.87836576, 0.1686612]
[1.6675464, 0.8092037, 0.6744424, 0.18390025]
[1.8441492, 0.9400172, 0.72825706, 0.175875]
[1.6153541, 0.67373556, 0.7841889, 0.1574296]
[1.6344573, 0.7019838, 0.75419104, 0.17828244]
[1.6428343, 0.76189625, 0.69684494, 0.18409313]
[1.833333, 0.9721317, 0.69167197, 0.16952938]
[1.5855215, 0.623829, 0.8073908, 0.1543017]
[1.5760149, 0.8808982, 0.50697434, 0.18814242]
[1.860605, 0.6786629, 0.98695576, 0.19498634]
[1.884818, 0.888265, 0.8150834, 0.18146953]
[1.4683943, 0.6368431, 0.65735126, 0.17419998]
[1.5940776, 0.840685, 0.5754758, 0.1779167]
[1.570695, 0.66269326, 0.7376562, 0.17034566]
[1.5128747, 0.674586, 0.6620578, 0.17623088]
[1.765613, 0.70981026, 0.88392055, 0.17188217]
[1.7870793, 0.8578431, 0.72943187, 0.19980429]
[1.8659852, 0.77085006, 0.90116525, 0.19396982]
[1.5484264, 0.8088541, 0.5573101, 0.1822622]
[1.7495143, 0.5814431, 0.9895699, 0.17850143]
[1.5937037, 0.8730267, 0.5297012, 0.19097596]
[1.9325366, 0.70884717, 1.0274168, 0.19627261]
[1.6571375, 0.7127605, 0.75798935, 0.18638769]
[1.5210389, 0.6899355, 0.6330923, 0.19801101]
[1.5985363, 0.7274986, 0.6819531, 0.18908447]
[1.6131506, 0.6726985, 0.7411318, 0.19932032]
[1.7080061, 0.78487945, 0.72424865, 0.1988781]
[1.9135375, 0.8640406, 0.8463502, 0.20314665]
[1.6978093, 0.62353635, 0.880602, 0.19367097]
[1.5841516, 0.67555875, 0.70516074, 0.20343216]
[1.8460702, 0.94180006, 0.7055392, 0.19873081]
[1.7425227, 0.6816534, 0.8839387, 0.17693062]
[1.5843683, 0.67340994, 0.7334201, 0.17753829]
[1.5138164, 0.7326998, 0.58432156, 0.19679499]
[1.7818139, 0.8269639, 0.7513436, 0.20350641]
[1.6581904, 0.6153588, 0.8406788, 0.20215277]
[1.6315418, 0.7402522, 0.6930755, 0.1982142]
[1.4928064, 0.75040287, 0.5420577, 0.2003459]
[1.6888745, 0.57107604, 0.88467824, 0.23312017]
[1.4428589, 0.55205065, 0.6966433, 0.19416499]
[1.9147917, 1.0207064, 0.6856396, 0.2084457]
[1.6874104, 0.8397192, 0.651496, 0.19619513]
[1.7359704, 0.67415947, 0.8457403, 0.21607053]
[1.9201087, 1.0589633, 0.6627856, 0.1983598]
[1.5514144, 0.57298326, 0.79206985, 0.18636122]
[1.9063203, 0.92335576, 0.79219615, 0.19076842]
[1.7126191, 0.58887005, 0.9266887, 0.19706032]
[1.6791985, 0.6513816, 0.82969105, 0.1981259]
[1.6983161, 0.9243952, 0.55832475, 0.21559623]
[1.6408935, 0.83482635, 0.61470854, 0.19135863]
[1.6406767, 0.53715515, 0.9205693, 0.18295233]
[1.7968235, 0.7728049, 0.8343062, 0.18971242]
[1.7297281, 0.7960516, 0.73071104, 0.20296536]
[1.8276062, 0.9688939, 0.66177666, 0.19693562]
[1.8136048, 0.74659, 0.8897419, 0.17727293]
[1.9939153, 0.8578936, 0.94306904, 0.19295257]
[1.9366536, 0.77248794, 1.0006758, 0.16348985]
[1.6872501, 0.9533844, 0.5558102, 0.17805548]
[1.333101, 0.4281838, 0.7268082, 0.17810911]
[1.9327012, 1.0271375, 0.70795614, 0.1976076]
[1.6665277, 0.8245776, 0.6444043, 0.19754581]
[1.6339705, 0.6223279, 0.8098407, 0.20180184]
[1.829435, 0.8660971, 0.7863722, 0.17696574]
[1.7269669, 0.79434675, 0.75090015, 0.18172005]
[1.7479098, 0.76732796, 0.8045355, 0.1760464]
[1.6893688, 0.8407197, 0.6637074, 0.18494177]
[1.710308, 0.7858955, 0.74410236, 0.18031016]
[1.7464725, 0.71277356, 0.8468406, 0.1868583]
[1.6290374, 0.77867764, 0.6760644, 0.17429544]
[1.4606318, 0.7055482, 0.5731447, 0.18193889]
[1.7747244, 0.8789191, 0.7017611, 0.19404414]
[1.9760315, 0.7781885, 1.0084081, 0.18943503]
[1.7416859, 0.875168, 0.6705924, 0.19592553]
[1.8351164, 0.92379844, 0.71821564, 0.19310234]
[1.8153478, 0.8071609, 0.8226007, 0.18558614]
[1.6830022, 0.7488705, 0.75617135, 0.17796046]
[1.8665004, 0.82224274, 0.8675006, 0.17675713]
[1.4555614, 0.6160474, 0.64679617, 0.19271782]
[1.9974647, 0.9954616, 0.8228489, 0.17915416]
[1.7030475, 0.69221467, 0.82364976, 0.18718308]
[1.7433194, 0.74016666, 0.83326864, 0.16988412]
[1.5255778, 0.8364437, 0.5229831, 0.16615102]
[1.5435492, 0.80148715, 0.55029565, 0.19176634]
[1.5059754, 0.8170599, 0.5065056, 0.18240988]
[1.7771797, 0.68778765, 0.88946503, 0.1999271]
[1.8238076, 1.0115632, 0.61347556, 0.1987689]
[1.7719014, 0.6940398, 0.90364385, 0.17421769]
[1.6152569, 0.6566874, 0.77970046, 0.1788691]
[1.6693292, 0.77965075, 0.70792353, 0.18175489]
[1.6300796, 0.69184756, 0.7485351, 0.1896969]
[1.6564949, 0.7264554, 0.7326467, 0.19739273]
[1.6203609, 0.72037077, 0.6940426, 0.20594743]
[1.2773495, 0.57644045, 0.4971885, 0.20372057]
[1.7035148, 0.79305327, 0.71223825, 0.19822334]
[1.5763121, 0.86035657, 0.54505277, 0.17090267]
[1.8593272, 0.77960587, 0.88181883, 0.19790253]
[1.6911175, 0.6634959, 0.823176, 0.20444563]
[1.7211487, 0.80511165, 0.705284, 0.21075305]
[1.716399, 0.8442736, 0.68394053, 0.18818474]
[1.7602723, 0.84167093, 0.7275001, 0.19110128]
[1.7376473, 0.7424172, 0.801762, 0.19346806]
[1.7193745, 0.84556395, 0.68526876, 0.1885418]
[1.5607076, 0.65569496, 0.71847695, 0.18653557]
[1.623275, 0.82661295, 0.59419096, 0.2024711]
[1.683949, 0.6226058, 0.8587493, 0.20259392]
[1.5932033, 0.77793485, 0.6230625, 0.19220597]
[1.7050467, 0.69000304, 0.80237556, 0.212668]
[1.9341359, 0.77506804, 0.9645363, 0.19453155]
[1.8060064, 0.93360084, 0.6925656, 0.17984003]
[1.7674712, 0.6719648, 0.9051691, 0.19033735]
[1.59847, 0.66576576, 0.74857324, 0.1841309]
[1.7562944, 0.78275096, 0.7525679, 0.22097556]
[1.7219822, 0.86500114, 0.6644274, 0.19255376]
[1.699058, 0.6766596, 0.81267536, 0.2097231]
[1.611785, 0.7619658, 0.66356623, 0.18625298]
[1.7014111, 0.81045353, 0.6975153, 0.19344218]
[1.9030734, 0.85686237, 0.86349285, 0.18271819]
[1.8204944, 0.7366822, 0.90254486, 0.18126741]
[1.8843764, 0.7249598, 0.98885727, 0.17055927]
[1.781988, 0.7529899, 0.8340744, 0.19492371]
[2.1542683, 1.1063956, 0.8812052, 0.16666743]
[1.7803142, 0.81711066, 0.7919332, 0.17127037]
[1.6889789, 0.9771878, 0.5287553, 0.18303579]
[1.4817002, 0.5920173, 0.70881987, 0.18086307]
[1.8140445, 0.7699893, 0.86473584, 0.17931944]
[1.7699417, 0.74145937, 0.8496069, 0.17887548]
[1.8655908, 0.9576422, 0.71671176, 0.19123682]
[1.7583807, 0.74066997, 0.83226186, 0.18544891]
[1.7747309, 0.6985287, 0.9015067, 0.17469549]
[1.7427769, 0.95817006, 0.6111629, 0.17344394]
[1.6977459, 0.7297904, 0.7729387, 0.19501679]
[1.7732921, 0.6598919, 0.9481021, 0.16529801]
[1.7020274, 0.98390025, 0.5355582, 0.18256894]
[1.9498403, 0.9239228, 0.84363574, 0.18228179]
[1.7393891, 0.5967005, 0.9746311, 0.16805752]
[1.5974, 0.6142285, 0.7963991, 0.18677235]
[1.9199407, 1.026377, 0.7064539, 0.18710977]
[2.033292, 0.8226065, 1.0381261, 0.17255951]
[1.7336452, 0.92185825, 0.6623579, 0.14942908]
[1.8282965, 0.75179005, 0.9056984, 0.17080809]
[1.6821332, 0.6545681, 0.86102414, 0.16654097]
[1.7014908, 0.9553614, 0.5702519, 0.17587748]
[1.7529329, 0.8663713, 0.7170526, 0.16950908]
[1.6291535, 0.73647225, 0.73337543, 0.15930581]
[1.7136022, 0.7828689, 0.7774328, 0.15330037]
[2.0005887, 0.8638994, 0.96620786, 0.17048144]
[1.9753404, 0.90919834, 0.90363336, 0.16250877]
[1.5209417, 0.6841465, 0.6761498, 0.16064551]
[1.578987, 0.71948147, 0.71606, 0.14344564]
[1.5895073, 0.6524668, 0.77677387, 0.16026658]
[1.7634795, 0.79086196, 0.81340766, 0.15920988]
[1.9315875, 0.95261794, 0.81839526, 0.16057415]
[1.6055635, 0.64247155, 0.7875818, 0.17551017]
[2.1106582, 1.2650418, 0.67887205, 0.16674417]
[1.6801672, 0.666842, 0.8625968, 0.15072845]
[1.7681962, 0.7149572, 0.8789243, 0.17431472]
[1.5960014, 0.66837645, 0.7580509, 0.16957399]
[1.8525528, 0.7795395, 0.9238677, 0.14914551]
[1.8726496, 0.9580128, 0.7426419, 0.17199479]
[1.4097061, 0.4374513, 0.79630697, 0.17594796]
[1.5919714, 0.8101186, 0.6193449, 0.16250794]
[1.7899549, 0.9698181, 0.6356677, 0.18446913]
[1.7167513, 0.6869091, 0.8597795, 0.17006281]
[1.616038, 0.7145804, 0.71937484, 0.18208277]
[1.5510092, 0.7921001, 0.5791332, 0.17977592]
[1.9345077, 0.9438677, 0.8161957, 0.17444433]
[1.8637376, 0.96757627, 0.7219804, 0.17418098]
[1.518385, 0.47928926, 0.8623024, 0.17679334]
[1.6797923, 0.813498, 0.67632294, 0.18997133]
[1.8306508, 0.7601961, 0.8890052, 0.18144947]
[1.9115608, 0.83976966, 0.8804649, 0.1913262]
[1.9825301, 1.0080984, 0.7958436, 0.17858818]
[1.6637297, 0.7877351, 0.7062173, 0.16977733]
[1.9566475, 0.9116732, 0.8889398, 0.15603456]
[1.6337179, 0.8929221, 0.56524915, 0.17554662]
[1.6981478, 0.63889027, 0.8803097, 0.17894784]
[1.7381421, 0.81202245, 0.7503097, 0.17580998]
[1.9308064, 0.85964584, 0.8713588, 0.1998017]
[1.8722454, 1.0853676, 0.6069069, 0.17997102]
[1.5170712, 0.6043267, 0.7507651, 0.16197938]
[1.6580603, 0.59812057, 0.86919284, 0.19074689]
[1.6967423, 0.82238305, 0.6894247, 0.1849346]
[1.7965548, 0.5834499, 1.0234153, 0.18968958]
[1.6363968, 0.87770534, 0.5836015, 0.17508999]
[1.7643102, 0.63810575, 0.9548374, 0.17136706]
[1.6353167, 0.8894823, 0.5722352, 0.17359915]
[1.8324007, 0.62318814, 1.0336663, 0.17554626]
[1.8331784, 0.919637, 0.7434829, 0.17005852]
[1.7817657, 0.8290498, 0.76930165, 0.18341427]
[1.766115, 0.75836253, 0.829674, 0.17807847]
[1.3390477, 0.62004614, 0.5437942, 0.17520739]
[1.7074511, 0.80560815, 0.7321453, 0.16969764]
[1.5788895, 0.7509937, 0.660547, 0.1673487]
[1.9012092, 0.9230553, 0.7941408, 0.18401314]
[1.5742936, 0.65754104, 0.7372906, 0.1794619]
[1.8384385, 0.9862571, 0.6690186, 0.18316284]
[1.656966, 0.6672418, 0.8143339, 0.17539024]
[1.7120497, 0.98549116, 0.55546206, 0.17109661]
[1.7103518, 0.62335604, 0.9043454, 0.18265043]
[1.7780836, 0.8354435, 0.75443566, 0.1882044]
[1.8122299, 0.72471565, 0.9108337, 0.1766806]
[1.6910089, 0.82548124, 0.67783666, 0.18769106]
[1.5044215, 0.70799637, 0.614933, 0.18149205]
[1.5778445, 0.6651293, 0.723526, 0.18918915]
[1.7909471, 0.93827254, 0.6630957, 0.18957889]
[1.8470154, 0.6341841, 1.0208642, 0.19196703]
[1.7496699, 0.8292701, 0.7216364, 0.19876334]
[1.5314443, 0.58277667, 0.75103664, 0.19763094]
[1.9260252, 0.9666958, 0.7722708, 0.18705863]
[1.786949, 0.65577364, 0.93502903, 0.19614632]
[1.6966553, 0.7364453, 0.78741294, 0.17279692]
[1.7010828, 0.64025915, 0.8664776, 0.19434607]
[1.7730926, 0.89667404, 0.6920274, 0.18439117]
[1.5395391, 0.56290317, 0.79479885, 0.18183711]
[1.7028134, 0.9130305, 0.59935653, 0.1904264]
[1.7601513, 0.69939756, 0.88968945, 0.17106424]
[1.5326604, 0.61226577, 0.7374045, 0.18299012]
[1.5556312, 0.6887026, 0.68863356, 0.17829502]
[1.7790718, 0.8730628, 0.7109884, 0.19502062]
[1.4461569, 0.67060417, 0.59579957, 0.17975321]
[1.5699852, 0.6265026, 0.74036336, 0.20311925]
[2.0391986, 0.9078296, 0.9403504, 0.19101864]
[1.5725274, 0.55546546, 0.8126843, 0.20437759]
[1.8033574, 0.9696577, 0.64189565, 0.19180392]
[1.5931623, 0.73018825, 0.6774088, 0.1855653]
[1.8243234, 0.82197374, 0.8164121, 0.18593767]
[1.8396411, 0.79498196, 0.8752437, 0.16941553]
[1.6494641, 0.4303795, 1.0203018, 0.19878282]
[1.789422, 1.105511, 0.49759436, 0.18631674]
[1.8879269, 0.7109823, 1.001298, 0.17564666]
[1.8299863, 1.0027589, 0.6547244, 0.17250295]
[1.701152, 0.6619135, 0.86503196, 0.17420647]
[1.8308505, 1.0544175, 0.5958404, 0.18059266]
[2.1157632, 0.8644175, 1.0689981, 0.18234742]
[1.7199247, 0.6607263, 0.90949094, 0.14970747]
[1.5217239, 0.74163514, 0.6165409, 0.1635479]
[1.9400451, 0.7768661, 1.002837, 0.16034204]
[1.6241851, 0.7944946, 0.68052614, 0.14916426]
[1.7667531, 0.8256255, 0.7870017, 0.15412578]
[1.6910653, 0.63800734, 0.8714862, 0.18157169]
[1.8104241, 0.9422287, 0.70113546, 0.16705988]
[1.6632935, 0.80226237, 0.6906462, 0.17038503]
[1.3245455, 0.6905456, 0.46546194, 0.16853793]
[1.7634571, 0.8507998, 0.73145276, 0.18120456]
[1.6669345, 0.7061323, 0.7828586, 0.17794357]
[1.6860273, 0.71609753, 0.80490965, 0.16502014]
[1.7054156, 0.8212215, 0.71217257, 0.17202154]
[1.9031125, 0.8667867, 0.85145044, 0.18487534]
[1.9259393, 0.88746107, 0.84560764, 0.19287056]
[1.7010502, 0.6112251, 0.9323585, 0.15746656]
[1.7480086, 0.777353, 0.78724384, 0.18341172]
[1.7553632, 0.8882921, 0.7028106, 0.1642606]
[1.6475911, 0.8461771, 0.6230507, 0.17836338]
[1.3130925, 0.5105101, 0.62361336, 0.17896907]
[1.8997511, 0.69365746, 1.0220833, 0.18401034]
[1.8775525, 1.1014369, 0.58469135, 0.19142435]
[1.6978012, 0.5016851, 1.0078344, 0.18828167]
[1.7376174, 0.74072105, 0.79798514, 0.19891116]
[1.7597653, 0.853562, 0.73166114, 0.17454211]
[1.8080571, 0.8244256, 0.7985273, 0.18510407]
[1.6852561, 0.89649403, 0.60779345, 0.18096867]
[1.6694633, 0.8511656, 0.6282751, 0.19002259]
[1.7866882, 0.71546084, 0.88515955, 0.18606779]
[1.7581462, 0.8167577, 0.75492954, 0.18645892]
[1.5101004, 0.5960851, 0.726819, 0.18719628]
[1.5691091, 0.7837311, 0.6080338, 0.17734417]
[1.7122272, 0.68682057, 0.8362795, 0.1891271]
[1.6199415, 0.66398346, 0.77499974, 0.18095826]
[1.8479043, 0.9723804, 0.7000734, 0.17545044]
[1.44581, 0.5111154, 0.75632423, 0.17837033]
[1.4930766, 0.65195984, 0.63626444, 0.20485234]
[1.6418915, 0.67311466, 0.7684941, 0.2002827]
[1.7286478, 0.7278565, 0.809729, 0.19106238]
[1.4750023, 0.66758966, 0.60307986, 0.20433286]
[1.6158582, 0.8018348, 0.60340244, 0.21062097]
[1.5188794, 0.6985631, 0.6265705, 0.19374588]
[2.1643734, 0.8025323, 1.1638341, 0.19800705]
[1.8424706, 0.95278835, 0.69239235, 0.19728994]
[1.6607536, 0.7064631, 0.77625275, 0.17803778]
[1.5113252, 0.7171167, 0.5998632, 0.19434534]
[1.6205537, 0.7709758, 0.66716516, 0.18241268]
[1.8800629, 0.77628267, 0.9338096, 0.16997066]
[1.6209764, 0.83603156, 0.5755641, 0.20938084]
[1.7664509, 0.7223409, 0.851809, 0.192301]
[1.9436427, 0.73792714, 0.9922892, 0.2134265]
[1.6696999, 0.93973434, 0.54841906, 0.1815464]
[1.7210304, 0.8174981, 0.714392, 0.18914025]
[1.7405453, 0.5782607, 0.96975636, 0.19252826]
[1.6160878, 0.7839835, 0.65744483, 0.17465936]
[1.941758, 0.71018076, 1.047632, 0.18394527]
[2.0170717, 1.0953549, 0.74043083, 0.18128605]
[1.5996531, 0.5382158, 0.867995, 0.19344227]
[1.7852503, 0.8577273, 0.75340205, 0.17412104]
[1.8344966, 0.82212555, 0.8261083, 0.18626276]
[1.8610067, 0.8756466, 0.8080846, 0.17727557]
[1.845531, 0.9071944, 0.7565868, 0.18174982]
[1.8891118, 0.81803155, 0.88567674, 0.18540342]
[1.8541626, 0.9101739, 0.7697356, 0.17425308]
[1.6224866, 0.6230593, 0.80359817, 0.1958292]
[1.889689, 0.82340753, 0.9037635, 0.16251796]
[1.9864956, 1.1180063, 0.70267355, 0.16581571]
[1.5580623, 0.6831796, 0.71993876, 0.15494397]
[1.7092888, 0.7413352, 0.782804, 0.18514964]
[1.5362144, 0.6718706, 0.6883248, 0.176019]
[1.69227, 0.83752537, 0.66874385, 0.18600076]
[1.416995, 0.5998422, 0.64733374, 0.16981915]
[1.4768384, 0.72691834, 0.56691146, 0.18300861]
[1.7029989, 0.7911025, 0.738022, 0.17387444]
[1.4937665, 0.56134033, 0.74308217, 0.18934402]
[1.8476977, 0.79345936, 0.85702825, 0.19721001]
[1.6910486, 0.85538733, 0.6378492, 0.19781214]
[1.595471, 0.6189568, 0.7805353, 0.19597901]
[1.6919132, 0.7051372, 0.80406415, 0.18271196]
[1.7500067, 0.93421006, 0.6361926, 0.179604]
[1.5508175, 0.7168417, 0.65819013, 0.17578563]
[1.8252704, 0.7150258, 0.9260508, 0.18419382]
[1.5867711, 0.7818896, 0.6226399, 0.18224159]
[1.7526251, 0.61570835, 0.9373973, 0.19951954]
[1.5607531, 0.7420463, 0.6434116, 0.17529522]
[1.7834578, 0.81591684, 0.7710035, 0.1965375]
[1.8434447, 0.6770589, 0.9670236, 0.19936214]
[1.8929826, 1.1381688, 0.5622004, 0.19261333]
[1.8321887, 0.8521066, 0.7963935, 0.18368867]
[1.6587933, 0.62788415, 0.8482624, 0.18264674]
[1.9556086, 0.8907312, 0.8749411, 0.18993631]
[1.5335696, 0.5553105, 0.806655, 0.1716042]
[1.7472929, 0.80526537, 0.7938074, 0.14822021]
[1.8533491, 0.77739275, 0.8735938, 0.20236252]
[1.8177778, 0.9248073, 0.7253781, 0.16759244]
[1.8808607, 0.71913576, 0.9865004, 0.17522451]
[1.6975012, 0.8986947, 0.60669726, 0.19210917]
[1.5028524, 0.5561132, 0.78833497, 0.15840435]
[1.9294925, 1.1498369, 0.58834195, 0.19131356]
[1.7488248, 0.8191505, 0.7545966, 0.17507768]
[1.466918, 0.5648791, 0.73165315, 0.17038578]
[1.6492167, 0.8118473, 0.66746265, 0.16990665]
[1.8136325, 0.83080924, 0.8107134, 0.1721099]
[1.6972933, 0.77194154, 0.7446822, 0.18066953]
[1.6577743, 0.8856741, 0.5951607, 0.17693949]
[1.6809505, 0.5396931, 0.99299294, 0.14826448]
[1.6476027, 0.87706125, 0.57827103, 0.1922704]
[1.5646139, 0.73644865, 0.65942264, 0.16874263]
[1.4991714, 0.75379634, 0.5502601, 0.19511499]
[1.6769613, 0.8254445, 0.6428071, 0.20870963]
[1.6093599, 0.50274324, 0.9077046, 0.19891198]
[1.6829064, 0.8339666, 0.6561253, 0.19281447]
[1.8765928, 0.72901535, 0.95140874, 0.19616866]
[1.9297233, 1.0249949, 0.70905095, 0.19567753]
[1.8141724, 0.7856072, 0.853572, 0.17499319]
[1.7500176, 0.80065256, 0.7543399, 0.19502516]
[1.7542428, 0.96027684, 0.61433303, 0.17963293]
[1.659008, 0.7589645, 0.7176523, 0.18239121]
[1.6928756, 0.7176639, 0.8038678, 0.17134386]
[1.6576563, 0.80318415, 0.6667033, 0.18776877]
[1.6035192, 0.69301695, 0.72693545, 0.18356678]
[1.7633493, 0.8192905, 0.7537428, 0.19031598]
[1.5999734, 0.5172139, 0.92367727, 0.15908226]
[1.9004345, 0.9084374, 0.82300436, 0.16899274]
[1.5456221, 0.73087674, 0.64363545, 0.17110986]
[1.5993367, 0.6776794, 0.7252213, 0.19643605]
[1.7029723, 0.57314724, 0.9370723, 0.19275276]
[2.165448, 1.1663017, 0.78968227, 0.20946386]
[1.9794308, 0.9730481, 0.8202513, 0.18613137]
[1.599646, 0.7859553, 0.63497686, 0.17871383]
[1.837653, 0.82613313, 0.8346372, 0.1768826]
[1.537441, 0.66850924, 0.70537037, 0.16356134]
[1.7799618, 0.7344347, 0.8780051, 0.16752198]
[1.7375832, 0.9653258, 0.58193165, 0.1903258]
[1.8548006, 0.6873692, 0.9917867, 0.17564468]
[1.8833069, 0.82599366, 0.8820076, 0.17530558]
[1.828179, 0.8414386, 0.811875, 0.17486535]
[1.6746888, 0.69017386, 0.8042189, 0.1802961]
[1.6649991, 0.8032353, 0.6950774, 0.16668642]
[1.8120708, 0.9097918, 0.74772215, 0.15455684]
[1.4646814, 0.6809069, 0.6229218, 0.16085266]
[1.5421, 0.6722692, 0.6891651, 0.18066558]
