[1.4785005, 0.56083137, 0.705575, 0.21209423]
[1.6692015, 0.7347315, 0.7447039, 0.18976603]
[1.6482053, 0.65387666, 0.7898594, 0.20446917]
[1.7447103, 0.8204875, 0.73209333, 0.19212945]
[1.6865844, 0.6783798, 0.77835655, 0.22984801]
[1.7159164, 0.7421039, 0.7764225, 0.19739005]
[1.7930155, 0.9123463, 0.6905904, 0.19007874]
[1.6406724, 0.5363297, 0.91787803, 0.18646485]
[1.9470941, 0.9462261, 0.82728374, 0.17358421]
[1.8806705, 0.73538464, 0.95630395, 0.18898207]
[1.5960587, 0.50529325, 0.912423, 0.1783425]
[1.4518005, 0.7489537, 0.49690598, 0.20594084]
[1.975956, 0.7179767, 1.0756832, 0.18229608]
[1.8267882, 1.0177364, 0.636363, 0.17268875]
[1.6202637, 0.7642938, 0.6685244, 0.18744555]
[1.3840429, 0.5848166, 0.61788595, 0.18134037]
[1.7563741, 0.82290053, 0.74754965, 0.185924]
[1.5012932, 0.6275897, 0.71880966, 0.15489385]
[1.527908, 0.743816, 0.59053075, 0.19356124]
[1.5370286, 0.4511519, 0.8821866, 0.20369008]
[1.6317575, 0.90981376, 0.52656615, 0.19537759]
[2.1091487, 0.8526497, 1.0634179, 0.19308119]
[1.8019494, 0.9329735, 0.66076344, 0.2082125]
[2.0022461, 1.1038694, 0.6950417, 0.20333494]
[1.6382247, 0.5994973, 0.86305773, 0.17566964]
[1.6589769, 0.90854526, 0.5839188, 0.16651285]
[1.7189919, 0.8187253, 0.7214463, 0.17882028]
[1.7498974, 0.73957384, 0.8223791, 0.18794444]
[1.6917964, 0.73870504, 0.77244234, 0.18064907]
[1.650356, 0.86349154, 0.60622686, 0.18063755]
[1.8336104, 0.7584896, 0.8938374, 0.18128338]
[1.537384, 0.7103182, 0.62836003, 0.19870585]
[1.9258921, 0.95267254, 0.7992499, 0.1739698]
[1.9976729, 1.0369606, 0.7704965, 0.19021583]
[1.8615465, 0.9743608, 0.711145, 0.17604071]
[1.5020556, 0.6184165, 0.71005535, 0.17358375]
[1.6754776, 0.74581295, 0.75303024, 0.17663446]
[1.5794972, 0.7717489, 0.60843086, 0.1993175]
[1.7639126, 0.9407227, 0.6308286, 0.1923612]
[1.8703892, 0.8784796, 0.8182876, 0.17362204]
[2.1108055, 1.0448612, 0.8901989, 0.17574552]
[1.6858292, 0.86789477, 0.6416785, 0.17625588]
[1.8920736, 0.88834465, 0.8236146, 0.18011433]
[1.7855201, 0.67104566, 0.9363818, 0.17809261]
[1.6494483, 0.87239313, 0.6242968, 0.15275839]
[1.3540545, 0.5971824, 0.5758052, 0.18106692]
[1.5607247, 0.57945335, 0.7825291, 0.19874232]
[1.8446363, 1.2071928, 0.47474676, 0.16269676]
[1.5823084, 0.51069987, 0.89812374, 0.17348483]
[1.5574074, 0.609777, 0.7673303, 0.18030009]
[2.0651493, 1.233989, 0.6604734, 0.17068684]
[1.8677958, 0.73489714, 0.9618753, 0.17102337]
[1.7708536, 0.8488783, 0.75482494, 0.16715038]
[1.7957193, 0.8220484, 0.78532016, 0.18835068]
[1.8030179, 0.7530881, 0.87779605, 0.17213368]
[1.7655914, 0.81096965, 0.7848222, 0.16979963]
[1.7142309, 0.7386381, 0.80472314, 0.17086974]
[1.8500091, 0.8414743, 0.8359675, 0.17256722]
[1.7374572, 0.9841515, 0.5913511, 0.16195457]
[1.6684994, 0.55800396, 0.9238347, 0.18666066]
[1.8888031, 0.718559, 0.99343646, 0.17680766]
[1.6214404, 0.6981088, 0.74262846, 0.18070316]
[1.5442694, 0.73852867, 0.62978953, 0.17595121]
[1.8972121, 0.832247, 0.90648115, 0.158484]
[1.6550401, 0.6823675, 0.8069854, 0.16568717]
[1.7023613, 0.81666803, 0.71402824, 0.17166509]
[1.7747555, 0.7916252, 0.79852223, 0.18460798]
[1.7026234, 0.7236482, 0.81483245, 0.16414279]
[1.5954034, 0.83694005, 0.5648614, 0.19360192]
[1.8733358, 0.7434755, 0.97283363, 0.15702675]
[1.8606294, 0.82719946, 0.8614718, 0.1719582]
[1.7017343, 0.699052, 0.83812296, 0.16455942]
[1.6176357, 0.65844345, 0.78466415, 0.17452806]
[1.7135822, 0.7350242, 0.80703586, 0.17152202]
[1.6335832, 0.7989123, 0.6720051, 0.16266575]
[1.7731947, 0.91352296, 0.69563484, 0.1640369]
[1.8857989, 0.7629614, 0.93347657, 0.18936095]
[1.6828878, 0.6852429, 0.83247626, 0.16516869]
[1.8224643, 0.9485298, 0.6983668, 0.17556772]
[1.8034145, 0.69509244, 0.9408861, 0.16743605]
[1.5344647, 0.67269313, 0.6915128, 0.17025876]
[1.6887822, 0.89114654, 0.6270531, 0.17058256]
[1.8335806, 0.78209007, 0.8915599, 0.15993059]
[1.8059082, 0.9737143, 0.6500726, 0.18212125]
[1.6867397, 0.79968345, 0.71076906, 0.17628714]
[1.5944536, 0.8094605, 0.596219, 0.18877405]
[1.5254247, 0.5972086, 0.73654395, 0.19167203]
[1.5307121, 0.6290519, 0.70859003, 0.19307011]
[1.4824708, 0.84211475, 0.45962206, 0.18073398]
[1.7171462, 0.62283134, 0.9056356, 0.1886792]
[1.832286, 0.9665259, 0.67744577, 0.18831429]
[1.8521712, 0.781906, 0.8644835, 0.20578173]
[1.718179, 0.7423494, 0.80407345, 0.17175618]
[1.6521555, 0.82699364, 0.63534737, 0.1898144]
[1.9529132, 0.7902337, 0.9644803, 0.19819914]
[2.0001583, 1.0093269, 0.8091351, 0.18169639]
[1.5442077, 0.44240275, 0.92520416, 0.17660083]
[1.9248214, 1.0859759, 0.6409018, 0.19794369]
[1.8702204, 0.6914619, 1.0224336, 0.15632483]
[1.9172357, 0.8610244, 0.879876, 0.17633533]
[1.6107277, 0.7623827, 0.67214704, 0.17619793]
[1.542566, 0.6569094, 0.72309047, 0.16256611]
[1.6387037, 0.77123547, 0.69955015, 0.16791812]
[1.5485611, 0.75135255, 0.6286099, 0.16859864]
[1.6730597, 0.84745294, 0.6521245, 0.17348212]
[1.5793644, 0.8584827, 0.54834336, 0.17253835]
[1.6186002, 0.74056214, 0.6958979, 0.1821402]
[1.5254256, 0.63246834, 0.70128393, 0.19167323]
[1.731251, 0.77087724, 0.7677759, 0.19259784]
[1.575654, 0.5194891, 0.8838723, 0.17229266]
[1.8408742, 1.1257427, 0.5433576, 0.17177397]
[1.6826053, 0.5664293, 0.92832524, 0.18785068]
[1.9803467, 0.8878926, 0.9070821, 0.18537205]
[1.5863512, 0.8327925, 0.55179036, 0.20176823]
[1.6178634, 0.57927394, 0.852193, 0.18639654]
[1.7284757, 0.98195505, 0.53925747, 0.20726307]
[1.6073042, 0.6872053, 0.7528436, 0.16725524]
[1.5791115, 0.68213904, 0.71319914, 0.18377323]
[1.4949583, 0.66766554, 0.62706137, 0.20023148]
[1.9559717, 0.72457314, 1.0577205, 0.17367798]
[1.6967885, 0.89711154, 0.62405235, 0.17562467]
[1.5572224, 0.6914315, 0.68064046, 0.18515036]
[1.9064647, 0.6653196, 1.0526888, 0.18845618]
[1.5545248, 0.66279274, 0.71285766, 0.1788744]
[1.6374209, 0.79539907, 0.65631235, 0.18570943]
[1.5715977, 0.6164708, 0.7594758, 0.19565104]
[1.5891746, 0.74358046, 0.65261984, 0.19297433]
[1.543347, 0.51755464, 0.8252636, 0.20052876]
[1.6160365, 0.82608795, 0.60335004, 0.18659857]
[1.9188987, 0.8407856, 0.8975291, 0.18058397]
[1.6141213, 0.8604519, 0.5483828, 0.2052866]
[1.713215, 0.6950711, 0.83129793, 0.18684594]
[1.5882665, 0.7684613, 0.6415354, 0.17826974]
[1.7774712, 0.70429415, 0.877459, 0.19571802]
[1.5004058, 0.5700575, 0.7323948, 0.19795348]
[1.8667107, 0.9272723, 0.7413269, 0.19811147]
[1.9852294, 0.7009522, 1.1022962, 0.18198094]
[1.6343467, 0.80828524, 0.6219465, 0.20411497]
[1.6406413, 0.5904083, 0.8646699, 0.18556306]
[1.7598443, 0.9962082, 0.57383096, 0.18980509]
[1.7322716, 0.6120472, 0.9418105, 0.17841384]
[1.6417695, 0.74561226, 0.7063662, 0.18979107]
[1.7187418, 0.7771831, 0.7592637, 0.18229496]
[2.1385994, 0.7996111, 1.1570612, 0.18192714]
[1.7457536, 0.7633581, 0.78987396, 0.19252154]
[1.6543708, 0.9059987, 0.55646527, 0.19190675]
[1.3865123, 0.4246608, 0.8157591, 0.14609244]
[1.7524464, 1.0580211, 0.5209499, 0.1734755]
[1.822738, 0.6746221, 0.96302927, 0.18508664]
[1.5818303, 0.81377834, 0.5938284, 0.1742236]
[1.4921589, 0.6265539, 0.66536826, 0.20023677]
[1.7521715, 0.62082225, 0.94882685, 0.18252236]
[1.5712755, 0.66676384, 0.73885345, 0.16565827]
[1.9910764, 1.1062799, 0.6619297, 0.22286673]
[1.5166124, 0.5234759, 0.83172584, 0.16141069]
[1.5455989, 0.79515755, 0.5536846, 0.19675675]
[1.7246764, 0.9497142, 0.57928896, 0.19567329]
[1.7428374, 0.5724076, 0.9758423, 0.19458744]
[1.7308836, 0.89856607, 0.6313485, 0.20096904]
[1.67625, 0.6209775, 0.8609089, 0.19436358]
[1.5973879, 0.6333736, 0.7559095, 0.20810473]
[1.8862681, 1.1081903, 0.58658457, 0.19149323]
[1.6298404, 0.61354136, 0.84883267, 0.16746645]
[1.318862, 0.5207306, 0.6047747, 0.19335657]
[1.8175931, 0.68704736, 0.94397664, 0.18656911]
[1.3393539, 0.63330466, 0.5109296, 0.19511971]
[1.549711, 0.69605005, 0.6590743, 0.1945866]
[1.4650117, 0.6270682, 0.65356123, 0.18438235]
[1.760488, 0.8490036, 0.67876273, 0.23272169]
[1.9100571, 0.8873782, 0.80446017, 0.21821867]
[1.6747379, 0.60392404, 0.8801937, 0.19062012]
[1.6712806, 0.7916784, 0.6547432, 0.224859]
[2.0918095, 1.1582229, 0.7315668, 0.20201977]
[1.8839631, 0.59323263, 1.0951196, 0.19561094]
[1.8279799, 0.9513228, 0.68197036, 0.19468679]
[1.5257314, 0.6576131, 0.67119104, 0.19692728]
[1.7578046, 0.58360374, 0.9669492, 0.20725167]
[1.7140579, 0.82981265, 0.68346155, 0.20078374]
[1.4814479, 0.70459914, 0.59376454, 0.18308419]
[1.518054, 0.66693425, 0.67750007, 0.17361975]
[1.8639452, 0.95565116, 0.72324777, 0.18504634]
[1.6656791, 0.6859901, 0.79650223, 0.18318674]
[1.8203303, 0.660877, 0.9615736, 0.19787967]
[1.8585505, 1.0515435, 0.61966336, 0.18734372]
[1.6402867, 0.7255422, 0.73109543, 0.18364912]
[1.7925519, 0.93663996, 0.6682751, 0.18763675]
[2.097243, 0.9607309, 0.9447642, 0.19174789]
[1.7991397, 0.79377115, 0.8344548, 0.17091388]
[1.6370872, 0.7414732, 0.7250471, 0.17056687]
[1.7577245, 0.92919356, 0.6502048, 0.17832619]
[1.618854, 0.6410444, 0.8027289, 0.17508084]
[1.7962826, 0.71740675, 0.90062404, 0.17825185]
[1.8440934, 0.9135312, 0.7365368, 0.19402537]
[1.6707016, 0.91987264, 0.568648, 0.18218097]
[1.6651499, 0.6327363, 0.8405686, 0.19184488]
[1.6929371, 0.8795106, 0.6374308, 0.17599586]
[1.6903925, 0.6197445, 0.87062377, 0.20002419]
[1.7532326, 0.8026065, 0.7724086, 0.17821755]
[1.4595443, 0.63041645, 0.6418731, 0.18725482]
[1.6581581, 0.72339886, 0.7404553, 0.19430391]
[1.6499996, 0.6796569, 0.7629911, 0.20735162]
[1.8778367, 0.74144346, 0.9517387, 0.18465446]
[1.9374099, 0.93390226, 0.8229787, 0.18052888]
[1.5012717, 0.7304938, 0.5898075, 0.18097042]
[1.8632667, 0.8589255, 0.81680435, 0.18753685]
[1.4227545, 0.62615263, 0.61178255, 0.18481936]
[1.8098794, 0.8759661, 0.7366631, 0.19725028]
[1.5095932, 0.54447854, 0.76549745, 0.19961724]
[1.7307584, 0.90633357, 0.6421982, 0.1822267]
[1.6000996, 0.60061675, 0.80195063, 0.19753224]
[1.7733545, 0.8575364, 0.7265348, 0.18928331]
[1.7927235, 0.8201567, 0.7818414, 0.19072545]
[1.7847345, 0.8701062, 0.7277583, 0.18686998]
[1.7447506, 0.8347387, 0.718045, 0.19196692]
[1.7231455, 0.8520836, 0.6790242, 0.19203758]
[1.7447547, 0.8948493, 0.65841115, 0.19149423]
[1.6647612, 0.59006816, 0.8856833, 0.18900979]
[1.6799059, 0.7691699, 0.7478819, 0.16285406]
[1.60841, 0.6652669, 0.77667475, 0.16646838]
[1.7225015, 0.96752185, 0.5714538, 0.18352586]
[1.6947688, 0.65501815, 0.8482014, 0.19154921]
[1.5042732, 0.61837316, 0.71887505, 0.167025]
[1.6551324, 0.79870975, 0.6688233, 0.18759935]
[1.9230082, 0.6798558, 1.0638043, 0.17934817]
[1.7877038, 1.0079701, 0.5940479, 0.18568572]
[1.5136538, 0.62183803, 0.6800746, 0.21174124]
[1.625099, 0.75710076, 0.6734975, 0.19450068]
[1.5306475, 0.62178993, 0.7076641, 0.20119363]
[1.9224551, 1.0305463, 0.67925584, 0.21265286]
[1.6007775, 0.59904826, 0.8126428, 0.18908644]
[1.4572818, 0.57429713, 0.6787611, 0.2042236]
[1.7974834, 0.87213427, 0.7164731, 0.20887613]
[1.7891169, 0.75320494, 0.8526018, 0.18331005]
[1.6114036, 0.7238575, 0.7178235, 0.1697226]
[1.5904522, 0.74641216, 0.6478136, 0.1962263]
[1.6175296, 0.5657924, 0.85363907, 0.1980982]
[1.5185299, 0.8249691, 0.4966669, 0.1968939]
[1.5766339, 0.6519424, 0.7148007, 0.20989084]
[1.7688092, 0.8436198, 0.7065716, 0.21861783]
[1.9110247, 0.8116121, 0.8966955, 0.20271702]
[1.6523107, 0.811024, 0.6658633, 0.1754235]
[1.5839407, 0.6256782, 0.7523048, 0.20595783]
[1.817579, 1.0121207, 0.62878776, 0.17667049]
[1.6206336, 0.41541496, 1.027725, 0.17749368]
[2.031594, 1.0473726, 0.7748966, 0.20932479]
[1.6466919, 0.7107046, 0.7349725, 0.20101486]
[1.791295, 0.8970915, 0.71879065, 0.17541295]
[1.5456688, 0.6697842, 0.6749752, 0.2009094]
[1.7248616, 0.71857965, 0.8022082, 0.20407379]
[1.4212141, 0.66154647, 0.56056285, 0.19910476]
[1.4806454, 0.6265079, 0.6637776, 0.19035998]
[1.7629699, 0.8835375, 0.65764976, 0.22178254]
[1.981527, 0.7992777, 0.9880413, 0.194208]
[1.7020997, 0.87891054, 0.6110654, 0.2121238]
[1.6274453, 0.44795942, 0.9867368, 0.19274914]
[1.7313926, 0.8248906, 0.6890495, 0.21745259]
[1.5527947, 0.8467766, 0.50741374, 0.19860429]
[2.0590863, 0.9310688, 0.94111884, 0.18689877]
[1.4275662, 0.56954044, 0.67244333, 0.18558237]
[1.5406945, 0.8088844, 0.564616, 0.16719413]
[1.8573389, 0.7006894, 0.9506576, 0.20599194]
[1.778357, 0.99674386, 0.57891643, 0.20269674]
[1.764404, 0.8005365, 0.76625985, 0.19760773]
[1.8487847, 0.6045221, 1.0576692, 0.18659347]
[1.9799516, 0.99712193, 0.801545, 0.18128462]
[1.6384445, 0.67166674, 0.8203281, 0.14644969]
[1.8092706, 0.77822644, 0.84775186, 0.18329239]
[1.7839627, 1.0290376, 0.56979555, 0.18512964]
[1.7576244, 0.62263274, 0.9590255, 0.17596617]
[1.7494655, 0.6839922, 0.87277305, 0.19270016]
[1.8929355, 0.79292524, 0.9123627, 0.18764752]
[1.7299893, 0.8914763, 0.6420921, 0.19642097]
[1.7236829, 0.39107093, 1.1381882, 0.19442366]
[1.7683712, 1.010869, 0.5731556, 0.18434654]
[1.8195777, 0.67167306, 0.9759141, 0.17199048]
[1.8905457, 0.9198467, 0.7888487, 0.18185028]
[1.691015, 0.62489045, 0.89808714, 0.16803746]
[1.8320712, 0.94086325, 0.7031522, 0.18805572]
[1.6365566, 0.65691984, 0.8118809, 0.16775584]
[1.7614074, 0.77135223, 0.7953315, 0.19472355]
[1.9602695, 1.0183713, 0.7556288, 0.18626931]
[1.5386195, 0.5691325, 0.8007338, 0.16875313]
[1.626761, 0.83632076, 0.5963801, 0.19406006]
[1.5732739, 0.7772049, 0.6240322, 0.17203693]
[1.6215205, 0.61806315, 0.8026107, 0.20084672]
[1.4652133, 0.6875493, 0.5941657, 0.1834984]
[1.4753374, 0.552049, 0.74460155, 0.17868686]
[1.5653286, 0.65987706, 0.7110009, 0.19445065]
[1.6238052, 0.66957754, 0.771111, 0.1831166]
[1.4962974, 0.5940248, 0.69510937, 0.20716321]
[1.6888423, 0.7643144, 0.7302646, 0.19426322]
[1.9219428, 0.8740585, 0.8660952, 0.1817892]
[1.6304508, 0.54148334, 0.88709277, 0.20187473]
[1.7975746, 0.9059034, 0.6909855, 0.20068578]
[1.6749293, 0.7537489, 0.72055125, 0.20062914]
[1.3715628, 0.6508546, 0.5202108, 0.20049754]
[1.5178103, 0.67579174, 0.6387333, 0.2032852]
[1.74811, 0.6190003, 0.94021326, 0.18889648]
[1.2871187, 0.5626077, 0.5196044, 0.20490657]
[1.5942014, 0.8838652, 0.50606114, 0.20427516]
[1.8873519, 0.69404876, 0.9843607, 0.20894238]
[1.8773595, 0.95199215, 0.72264564, 0.20272176]
[1.2765802, 0.52614367, 0.55664957, 0.19378693]
[1.7276224, 0.8725657, 0.6601856, 0.19487108]
[1.7977636, 0.7286545, 0.8868735, 0.18223564]
[1.4140006, 0.63091063, 0.5618288, 0.22126111]
[1.9728298, 0.938239, 0.8204377, 0.21415299]
[2.1163714, 0.9111416, 1.0105047, 0.19472502]
[1.5620146, 0.74387956, 0.6136739, 0.20446114]
[1.6329184, 0.6287662, 0.79542327, 0.20872895]
[1.6076479, 0.7381339, 0.6694398, 0.20007415]
[1.7313339, 0.9008672, 0.6482503, 0.18221629]
[1.4917464, 0.7687578, 0.5414105, 0.18157813]
[1.7619969, 0.81232107, 0.7446551, 0.20502076]
[1.5508573, 0.4705577, 0.9033104, 0.17698915]
[1.573822, 0.78277206, 0.5952563, 0.19579363]
[1.5123574, 0.4791297, 0.8514203, 0.18180741]
[1.6268108, 0.7886201, 0.6429268, 0.19526392]
[1.5057737, 0.666728, 0.6319623, 0.20708333]
[1.8263946, 0.55960464, 1.0895002, 0.17728972]
[1.7698576, 0.9168869, 0.6510236, 0.20194703]
[1.6375089, 0.7629999, 0.66828406, 0.20622496]
[1.6719228, 0.6423492, 0.8331661, 0.19640745]
[1.9136806, 0.8831486, 0.84102964, 0.18950225]
[1.5216901, 0.8077953, 0.5312634, 0.1826315]
[1.6402717, 0.6556102, 0.77153003, 0.21313143]
[1.6212002, 0.8170887, 0.5779552, 0.22615632]
[1.8187681, 0.8190576, 0.7908702, 0.20884039]
[1.5188028, 0.618561, 0.6877638, 0.2124779]
[1.5786824, 0.7169986, 0.6462739, 0.21541002]
[1.6997654, 0.59648603, 0.88858193, 0.21469744]
[1.8639249, 0.8841071, 0.7651876, 0.2146301]
[2.1307745, 0.9562181, 0.9698166, 0.20473972]
[1.8634728, 0.6219374, 1.0569444, 0.18459104]
[1.7589471, 0.8457591, 0.71173906, 0.20144887]
[1.6436316, 0.9016243, 0.551132, 0.19087513]
[1.4798932, 0.52684456, 0.773754, 0.17929465]
[1.5798504, 0.7589692, 0.6228717, 0.19800943]
[1.6131673, 0.5804951, 0.84476316, 0.18790895]
[1.7889689, 1.0479887, 0.54600406, 0.1949762]
[1.9249088, 0.6057178, 1.0973427, 0.22184822]
[1.5549104, 0.858034, 0.47910377, 0.21777259]
[1.9752861, 0.8976393, 0.9015056, 0.17614129]
[1.7117251, 0.92919046, 0.5997878, 0.18274687]
[2.007193, 0.67030656, 1.1361017, 0.20078483]
[1.7579782, 0.8765037, 0.6857013, 0.19577318]
[1.5488337, 0.6690717, 0.6987407, 0.1810213]
[1.8245156, 0.90956897, 0.7422876, 0.17265901]
[1.5767978, 0.7509894, 0.6460434, 0.17976512]
[1.7173439, 0.64218396, 0.87448657, 0.20067342]
[1.6478548, 0.70256937, 0.74450177, 0.20078367]
[1.4322823, 0.6514281, 0.6017985, 0.17905578]
[1.8111519, 0.77388465, 0.8522897, 0.18497756]
[1.8712162, 0.8607954, 0.81252605, 0.19789472]
[1.7251425, 0.8594799, 0.6976205, 0.16804205]
[1.887009, 0.7211433, 0.9705296, 0.1953361]
[1.5869645, 0.86354935, 0.54105103, 0.18236406]
[1.9481002, 0.96790147, 0.8218601, 0.15833871]
[1.8038479, 0.7022256, 0.9069425, 0.1946799]
[1.7784063, 0.8322322, 0.76646173, 0.1797124]
[1.6573062, 0.7829921, 0.6956144, 0.1786997]
[1.919486, 0.87808925, 0.86199445, 0.17940232]
[1.8994029, 0.8084663, 0.931207, 0.15972951]
[1.4679848, 0.73370963, 0.5559536, 0.17832153]
[1.7938825, 0.81988806, 0.7894596, 0.18453486]
[1.5821636, 0.76792514, 0.6168967, 0.19734171]
[1.5565186, 0.71683407, 0.67023635, 0.16944811]
[1.6437321, 0.795439, 0.67316, 0.17513299]
[1.991878, 0.8113291, 0.99717265, 0.18337637]
[1.6440337, 0.9109469, 0.56122494, 0.17186183]
[1.796603, 0.6252561, 0.986663, 0.18468386]
[1.3249626, 0.59981596, 0.53469104, 0.19045563]
[1.5204382, 0.6738142, 0.6539856, 0.19263834]
[1.6928889, 0.8316042, 0.6749258, 0.18635882]
[1.7357893, 0.69391584, 0.84878445, 0.19308898]
[1.6562785, 0.9448515, 0.52012277, 0.1913042]
[1.5846977, 0.6728866, 0.71937454, 0.19243659]
[1.8615109, 0.9571031, 0.6963488, 0.20805895]
[1.6050038, 0.52161026, 0.9054476, 0.17794594]
[1.5706311, 0.57927644, 0.8318999, 0.15945482]
[1.6235853, 0.7665019, 0.6564573, 0.20062616]
[1.8722429, 0.9089201, 0.7769858, 0.18633705]
[1.7468119, 0.6369397, 0.93141437, 0.17845768]
[1.474697, 0.7370408, 0.5604304, 0.17722566]
[1.7638519, 0.94762856, 0.65095687, 0.16526648]
[1.8460509, 0.7364855, 0.9397023, 0.16986306]
[1.6774076, 0.63106835, 0.86624694, 0.1800923]
[1.8564655, 0.8971845, 0.7594007, 0.19988026]
[1.816363, 0.87628126, 0.74189854, 0.19818316]
[1.4727489, 0.68195474, 0.59155107, 0.19924308]
[1.6226876, 0.7049862, 0.72384, 0.19386132]
[2.0726473, 1.1296201, 0.7289424, 0.21408485]
[1.5813767, 0.5182977, 0.8931482, 0.16993083]
[1.749309, 0.8577939, 0.7155935, 0.17592156]
[1.675452, 0.691507, 0.78602976, 0.19791538]
[1.7940581, 0.87016225, 0.7445934, 0.1793025]
[1.7681212, 0.6353246, 0.9443765, 0.1884201]
[1.5845981, 0.786098, 0.6091666, 0.1893334]
[1.5688312, 0.7581893, 0.629331, 0.18131095]
[1.9588629, 0.7948173, 0.9772806, 0.18676497]
[1.4890912, 0.5621475, 0.7308138, 0.1961298]
[1.8458116, 1.01374, 0.6449181, 0.18715361]
[1.7715547, 0.7680725, 0.82638824, 0.17709392]
[1.5562563, 0.5853871, 0.7953127, 0.17555644]
[1.602289, 0.82532483, 0.5854719, 0.19149224]
[1.6057899, 0.6608889, 0.7403205, 0.20458058]
[1.7750794, 0.74373007, 0.8507681, 0.18058124]
[1.7204852, 0.88652545, 0.64128417, 0.19267559]
[1.7353748, 0.71925265, 0.81727564, 0.1988465]
[1.5284104, 0.67680824, 0.6609731, 0.19062912]
[1.7354565, 0.71765566, 0.82222503, 0.19557565]
[1.8779879, 0.86272967, 0.8288685, 0.1863897]
[1.7611043, 0.9632616, 0.61578953, 0.18205321]
[1.5961071, 0.6528065, 0.7475381, 0.19576254]
[1.7581944, 0.8543768, 0.69176406, 0.21205357]
[1.7142566, 0.75999254, 0.7676648, 0.18659934]
[1.5516648, 0.7164617, 0.6482011, 0.18700188]
[1.6118898, 0.7624103, 0.6603185, 0.18916109]
[1.4502599, 0.68228066, 0.57343656, 0.19454266]
[1.5025249, 0.7840615, 0.528744, 0.18971948]
[1.6831982, 0.6929625, 0.7993132, 0.19092244]
[1.7887478, 0.6366589, 0.94390476, 0.20818412]
[1.6344836, 0.771592, 0.6584681, 0.20442346]
[1.8327398, 0.8302182, 0.79708093, 0.20544082]
[1.773143, 0.7468749, 0.80440724, 0.22186083]
[1.750624, 0.7264707, 0.83114046, 0.19301274]
[1.7088697, 0.8058505, 0.70423865, 0.19878054]
[1.5015279, 0.6802062, 0.6244844, 0.19683728]
[1.5685215, 0.5896057, 0.78479815, 0.19411767]
[1.9212902, 1.0361967, 0.68592787, 0.19916558]
[1.9310219, 0.6778891, 1.0490489, 0.20408392]
[1.996369, 0.9860109, 0.82030773, 0.19005036]
[1.5020789, 0.8044391, 0.5041401, 0.1934997]
[1.8653936, 0.9174691, 0.7457493, 0.2021752]
[1.3681589, 0.46170098, 0.70274746, 0.20371047]
[1.691962, 0.6379898, 0.854573, 0.19939926]
[1.6089911, 0.69879806, 0.714047, 0.19614595]
[1.5590138, 0.8168938, 0.55092436, 0.19119573]
[2.0535762, 0.99444866, 0.8567027, 0.20242482]
[1.5197846, 0.51240355, 0.81738365, 0.18999732]
[1.7575957, 0.86854017, 0.7034405, 0.18561491]
[1.863261, 0.92354786, 0.74548244, 0.19423069]
[1.814783, 0.6608119, 0.9462952, 0.20767578]
[1.4787021, 0.5621884, 0.7185528, 0.19796085]
[1.7072875, 0.867056, 0.6491246, 0.19110692]
[1.5876136, 0.6822225, 0.7290225, 0.17636853]
[1.6653438, 0.5691779, 0.9015441, 0.19462183]
[1.5930284, 0.73845494, 0.6504612, 0.20411226]
[1.6876267, 0.82849205, 0.6610231, 0.19811162]
[1.6999954, 0.7850728, 0.70216453, 0.21275806]
[1.9719471, 0.781487, 0.9960711, 0.19438894]
[1.7332313, 0.9316711, 0.6090385, 0.19252181]
[1.8868843, 0.66675365, 1.0238463, 0.19628443]
[1.676321, 0.8130598, 0.6688447, 0.19441646]
[1.8605163, 0.77364135, 0.89072895, 0.19614604]
[1.6617303, 0.91820097, 0.5525031, 0.19102615]
[1.8448132, 0.60952914, 1.0598814, 0.17540266]
[1.747732, 0.8129381, 0.7564383, 0.17835554]
[1.7464856, 0.6037123, 0.9589153, 0.18385805]
[1.5853063, 0.7001425, 0.71609855, 0.16906524]
[2.076163, 0.93204343, 0.9500617, 0.194058]
[1.7305415, 0.75966513, 0.7890688, 0.18180749]
[1.8237696, 0.7347261, 0.9173324, 0.17171103]
[1.7223339, 0.9367012, 0.5985544, 0.1870783]
[1.661464, 0.539436, 0.95267266, 0.16935535]
[1.5139192, 0.54796004, 0.79294634, 0.17301285]
[1.4810596, 0.6131455, 0.6924499, 0.17546415]
[1.5869675, 0.7190565, 0.6955088, 0.17240216]
[1.5587721, 0.685755, 0.68255806, 0.19045901]
[1.6505809, 0.5438206, 0.9171294, 0.18963087]
[1.7095959, 0.83954644, 0.70228314, 0.16776632]
[2.0218084, 0.832408, 1.0036036, 0.18579674]
[1.9733145, 1.0504808, 0.72739154, 0.19544214]
[1.7836145, 0.6998322, 0.8939192, 0.18986309]
[1.9817848, 0.8287029, 0.9674649, 0.18561698]
[1.643117, 0.8768125, 0.5726087, 0.19369584]
[1.8314528, 0.78713775, 0.85234284, 0.19197223]
[1.7425177, 0.69714636, 0.8570354, 0.18833587]
[1.8100953, 1.0041251, 0.6014278, 0.20454234]
[1.5647383, 0.6148689, 0.77689236, 0.172977]
[1.7506964, 0.84600043, 0.7049738, 0.1997222]
[1.4795058, 0.634999, 0.66482294, 0.17968395]
[1.7824478, 0.71497196, 0.8834344, 0.18404146]
[1.9862767, 0.8918079, 0.9144246, 0.1800443]
[1.5057955, 0.61017203, 0.70142674, 0.19419676]
[1.7825631, 0.96132654, 0.63558805, 0.18564856]
[1.7771127, 0.7251799, 0.88952595, 0.16240692]
[1.6016415, 0.66957796, 0.7408859, 0.19117774]
[1.5789427, 0.8378691, 0.52223414, 0.2188394]
[1.7393291, 0.69749147, 0.8517513, 0.19008633]
[1.7898278, 0.9769818, 0.6228315, 0.19001451]
[1.9120274, 0.9731209, 0.74384606, 0.19506043]
[1.7323433, 0.65594363, 0.88259375, 0.19380598]
[1.840038, 1.2145463, 0.45117113, 0.17432047]
[1.5274073, 0.42073643, 0.92327684, 0.18339407]
[1.6048623, 0.8192147, 0.59337413, 0.1922735]
[1.5094059, 0.53766096, 0.77792114, 0.19382378]
[1.801825, 0.9341817, 0.6748252, 0.1928182]
[1.7812644, 0.69787955, 0.8956232, 0.18776165]
[1.8893435, 0.95165753, 0.76310503, 0.17458098]
[1.6280777, 0.6862475, 0.75713307, 0.18469718]
[1.9076351, 0.8556937, 0.87850463, 0.17343673]
[1.793144, 0.8645177, 0.74043703, 0.18818925]
[1.649781, 0.7891515, 0.68711233, 0.1735172]
[1.6467875, 0.8920948, 0.59365094, 0.16104183]
[1.7899989, 0.72538495, 0.88370734, 0.18090662]
[1.6196914, 0.896509, 0.5489701, 0.17421228]
[1.7947946, 0.7866435, 0.8492433, 0.15890771]
[1.7890445, 0.8250949, 0.7954154, 0.16853416]
[1.6322242, 0.7850134, 0.6737755, 0.17343536]
[1.6869506, 0.7416835, 0.76363677, 0.18163022]
[1.818718, 0.73940957, 0.8824463, 0.19686213]
[1.7874115, 0.8981244, 0.7170009, 0.17228615]
[1.6633759, 0.60906196, 0.865559, 0.18875496]
[1.6825892, 0.8902947, 0.6362855, 0.15600911]
[1.4623592, 0.73997265, 0.53416526, 0.18822128]
[1.9271542, 1.0501521, 0.70051867, 0.17648348]
[1.6171924, 0.64136744, 0.80493504, 0.17089002]
[1.4798732, 0.6265683, 0.67448246, 0.17882234]
[1.7135406, 0.67245895, 0.86879694, 0.17228466]
[1.7711842, 0.83880943, 0.73195326, 0.20042153]
[1.8199329, 0.7846751, 0.8601111, 0.17514671]
[1.6929696, 0.7898399, 0.72125185, 0.18187791]
[1.9643158, 0.7762678, 0.99817777, 0.18987027]
[1.5585274, 0.7510371, 0.63326424, 0.17422596]
[1.6248791, 0.6266266, 0.816934, 0.18131846]
[1.69349, 0.733082, 0.7694349, 0.19097309]
[1.5240657, 0.6365566, 0.6933472, 0.19416185]
[1.6289262, 0.6102077, 0.8307084, 0.18801013]
[1.6493195, 0.6650079, 0.79697376, 0.18733789]
[1.7512208, 0.73280096, 0.82082325, 0.19759665]
[1.6506662, 0.71612716, 0.7323657, 0.20217338]
[1.7942607, 0.4525028, 1.134781, 0.20697686]
[1.6846311, 0.8676821, 0.62805814, 0.18889093]
[1.7423981, 0.7849976, 0.76187897, 0.19552156]
[1.8139592, 0.6921177, 0.92319626, 0.19864525]
[1.8359926, 0.9143549, 0.7505224, 0.17111525]
[1.7228063, 1.0461695, 0.48970857, 0.1869283]
[1.5414969, 0.42357555, 0.90887123, 0.20905006]
[1.8080738, 0.9468607, 0.6997532, 0.16145997]
[1.7023903, 0.6689256, 0.86659443, 0.1668702]
[1.6333187, 0.7615038, 0.6817883, 0.19002658]
[1.7453148, 0.6957868, 0.8520988, 0.19742918]
[1.7840651, 0.8372052, 0.765519, 0.18134096]
[1.7760668, 0.6987745, 0.86257184, 0.21472044]
[1.4595536, 0.76583827, 0.500147, 0.19356838]
[1.8998647, 0.8011356, 0.9198106, 0.17891848]
[1.8646815, 0.97083896, 0.7059221, 0.1879203]
[1.8151349, 0.70629895, 0.9160664, 0.19276956]
[1.6993425, 0.8980485, 0.6335988, 0.1676952]
[1.3930981, 0.5634432, 0.6482555, 0.18139932]
[1.7539961, 0.90720487, 0.6641686, 0.18262267]
[1.6269425, 0.52402705, 0.9147146, 0.1882008]
[1.3950957, 0.6125511, 0.5906802, 0.19186442]
[1.660526, 0.6292398, 0.8394139, 0.1918724]
[1.5300555, 0.62438375, 0.7150513, 0.19062042]
[1.5750958, 0.7014809, 0.66067135, 0.21294346]
[1.7734182, 0.9931541, 0.59142065, 0.18884349]
[1.203074, 0.27991205, 0.70971084, 0.21345115]
[1.4019835, 0.84495544, 0.37438542, 0.18264273]
[1.7368197, 0.67371, 0.8760788, 0.18703108]
[1.7940636, 0.92778856, 0.66348916, 0.2027858]
[1.779729, 1.0029998, 0.59629726, 0.18043193]
[1.6522324, 0.6112603, 0.86256415, 0.17840791]
[1.6402099, 0.95559484, 0.4798898, 0.20472522]
[1.7374535, 0.5389643, 0.99617994, 0.20230925]
[1.8084215, 1.0687395, 0.5448375, 0.19484453]
[1.6310388, 0.6671862, 0.7804316, 0.18342103]
[1.5878057, 0.7849581, 0.60543454, 0.19741312]
[1.6292937, 0.7347636, 0.6887245, 0.20580554]
[1.978337, 0.9177854, 0.88519394, 0.17535768]
[1.5357776, 0.61376774, 0.73564273, 0.186367]
[1.600261, 0.77700764, 0.6319534, 0.19129995]
[1.6810551, 0.79376626, 0.6948357, 0.19245312]
[1.6556822, 0.8496599, 0.61909455, 0.1869277]
[1.3759859, 0.51334, 0.6785555, 0.18409039]
[1.7287995, 0.73262393, 0.772161, 0.22401455]
[1.6747026, 0.83454037, 0.630715, 0.20944732]
[1.8880397, 0.70187664, 0.9924021, 0.19376099]
[1.602345, 0.6069633, 0.78599167, 0.20938998]
[1.7355711, 0.7993162, 0.7365803, 0.1996746]
[1.530039, 0.7615035, 0.5718437, 0.19669172]
[1.7492292, 0.83430004, 0.73177683, 0.18315232]
[1.9355292, 0.59823453, 1.1343094, 0.20298527]
[1.7768221, 0.95828253, 0.6087884, 0.20975107]
[1.6503679, 0.7643943, 0.70757115, 0.1784024]
[1.501573, 0.72169626, 0.60200274, 0.17787397]
[1.6221236, 0.6675906, 0.7361371, 0.2183958]
[1.5990143, 0.78475475, 0.6241659, 0.19009367]
[1.8211572, 0.74465656, 0.8920058, 0.18449481]
[1.7029107, 0.883083, 0.64324164, 0.17658597]
[1.609379, 0.6872777, 0.71353745, 0.20856398]
[1.7433281, 0.6924547, 0.84901834, 0.201855]
[1.5682976, 0.6272939, 0.74785143, 0.19315225]
[1.7308252, 0.9082937, 0.6286243, 0.1939071]
[1.623944, 0.77904195, 0.64994985, 0.19495219]
[1.5274627, 0.68984044, 0.6227914, 0.21483085]
[1.5928776, 0.7320663, 0.6715481, 0.1892632]
[1.6238327, 0.73512626, 0.6785015, 0.21020494]
[1.5895376, 0.73928094, 0.6654283, 0.1848284]
[1.5076425, 0.6030481, 0.7120156, 0.19257882]
[1.625608, 0.6180142, 0.8053956, 0.2021982]
[1.8023977, 0.94556373, 0.65442646, 0.2024076]
[1.6729574, 0.6273624, 0.8230544, 0.22254068]
[1.4739608, 0.76730657, 0.52239746, 0.18425664]
[1.7924186, 0.9045223, 0.6622373, 0.22565904]
[1.6805112, 0.5345379, 0.9503089, 0.19566445]
[1.6927886, 0.713701, 0.7804489, 0.19863868]
[1.59853, 0.8499519, 0.5111445, 0.23743372]
[1.5173451, 0.5803616, 0.721151, 0.21583249]
[1.9023948, 0.968051, 0.73207253, 0.20227128]
[1.5961771, 0.5473872, 0.83496726, 0.2138226]
[1.7815622, 0.91350913, 0.6506489, 0.21740422]
[1.5110213, 0.5496876, 0.7599773, 0.20135629]
[1.7012473, 0.8233216, 0.6638106, 0.21411514]
[1.9598297, 0.9444468, 0.79733896, 0.21804395]
[1.6562147, 0.6432093, 0.8065302, 0.20647532]
[1.6176388, 0.6483233, 0.77864695, 0.19066852]
[1.8644755, 0.9286594, 0.7205655, 0.21525057]
[1.7682928, 0.7094258, 0.8624889, 0.19637807]
[1.8622792, 0.9170477, 0.741211, 0.20402044]
[1.7763761, 0.69964623, 0.8737936, 0.2029363]
[1.7334, 0.5649004, 0.99124265, 0.1772569]
[1.881723, 0.9780196, 0.71596605, 0.18773733]
[1.5490924, 0.64067733, 0.7364094, 0.17200562]
[1.594173, 0.577742, 0.821937, 0.19449404]
[1.8366047, 0.79613405, 0.817631, 0.22283973]
[1.5934093, 0.7134874, 0.67723864, 0.20268324]
[1.5416907, 0.5888838, 0.7434442, 0.2093626]
[1.5704181, 0.5793492, 0.8015223, 0.18954664]
[1.6191835, 0.65256417, 0.7611333, 0.20548606]
[1.8028301, 0.8601022, 0.7444831, 0.19824481]
[1.6142869, 0.68333006, 0.7146435, 0.21631333]
[1.8182358, 0.84823394, 0.77729315, 0.19270864]
[1.9255121, 1.1924537, 0.54152656, 0.19153178]
[1.4402227, 0.3496061, 0.87236154, 0.21825507]
[1.4726343, 0.71063447, 0.56690705, 0.19509283]
[1.7364374, 0.8342205, 0.7039355, 0.19828145]
[1.6479427, 0.8290725, 0.6137619, 0.20510833]
[1.4753243, 0.6624233, 0.624935, 0.18796599]
[1.7914805, 0.8035919, 0.7766733, 0.21121527]
[1.6790558, 0.7327782, 0.7542402, 0.1920375]
[1.7621489, 0.9042375, 0.6649138, 0.19299762]
[1.7627846, 0.71174765, 0.85141814, 0.19961879]
[1.6659222, 0.7178012, 0.75075775, 0.19736318]
[1.852372, 0.8394453, 0.80167663, 0.21125019]
[1.6028025, 0.74130386, 0.6747761, 0.18672253]
[1.6221088, 0.75843805, 0.66592, 0.19775069]
[1.7770436, 0.6815016, 0.8811047, 0.21443725]
[1.5645436, 0.7496445, 0.6109692, 0.2039299]
[1.8085588, 0.89127433, 0.70839053, 0.20889387]
[1.9296589, 0.8017409, 0.928382, 0.19953611]
[1.6419874, 0.6986357, 0.7489674, 0.19438432]
[1.9927013, 0.90200543, 0.9098503, 0.18084544]
[1.662521, 0.7445325, 0.713766, 0.20422253]
[1.4129914, 0.49210465, 0.7098675, 0.21101928]
[1.8271327, 0.9216348, 0.6868814, 0.21861644]
[1.746348, 0.58302605, 0.9685445, 0.19477749]
[1.5968165, 0.77016246, 0.6171186, 0.20953542]
[1.6700335, 0.88169473, 0.61303604, 0.1753028]
[1.5462077, 0.71721685, 0.6464951, 0.18249574]
[1.6788087, 0.5718721, 0.92863095, 0.17830569]
[1.8757585, 0.9331096, 0.7424121, 0.2002369]
[1.9440204, 1.0009519, 0.7275955, 0.21547304]
[1.8427072, 0.8100169, 0.8243314, 0.20835885]
[1.698071, 0.712222, 0.8023151, 0.18353386]
[1.7521504, 0.8050776, 0.770314, 0.17675889]
[1.4349769, 0.5693538, 0.67366815, 0.19195502]
[1.6503909, 0.7034577, 0.7422735, 0.20465967]
[1.8074055, 0.92912245, 0.68207765, 0.19620544]
[1.5822804, 0.6164407, 0.7490314, 0.21680829]
[1.6631131, 0.8249009, 0.65809536, 0.18011683]
[1.6376171, 0.4834653, 0.9357687, 0.2183831]
[1.621292, 0.8756232, 0.5456741, 0.1999947]
[1.5384356, 0.59330416, 0.73887587, 0.20625553]
[1.9662757, 0.76378226, 1.0159068, 0.18658662]
[2.007124, 1.0469382, 0.76109123, 0.19909462]
[1.675015, 0.9267987, 0.5506019, 0.19761445]
[1.7719373, 0.7669443, 0.80461895, 0.200374]
[1.6864879, 0.6914612, 0.78434575, 0.21068098]
[2.0253346, 1.0730432, 0.7596991, 0.19259226]
[1.6806918, 0.8119244, 0.6908921, 0.17787535]
[1.565233, 0.5908863, 0.78652674, 0.18781994]
[1.7751095, 1.0435097, 0.5456556, 0.18594424]
[1.738287, 0.7427596, 0.81654245, 0.17898491]
[1.6926643, 0.6904125, 0.82578045, 0.17647135]
[1.5246121, 0.68385756, 0.6404116, 0.20034292]
[1.4561008, 0.6675689, 0.58871317, 0.19981878]
[1.9340248, 1.0617535, 0.6772237, 0.19504766]
[1.8030959, 0.5074111, 1.095829, 0.19985577]
[1.8937033, 0.9931047, 0.7020031, 0.1985955]
[1.6506028, 0.8221407, 0.6474912, 0.18097086]
[1.8730288, 0.6993154, 0.9763315, 0.19738188]
[1.3515284, 0.5607745, 0.5952484, 0.19550556]
[1.5825776, 0.8268816, 0.5493732, 0.20632282]
[1.6633596, 0.7170506, 0.7580395, 0.18826959]
[1.4679844, 0.63141394, 0.66094303, 0.17562747]
[1.5287743, 0.569871, 0.7525654, 0.20633797]
[1.6279566, 0.9224251, 0.501776, 0.20375563]
[2.1803477, 0.87983525, 1.1027019, 0.19781056]
[1.78095, 0.8818145, 0.6987356, 0.20039986]
[1.9403477, 0.6168551, 1.1166668, 0.20682576]
[1.7050534, 1.0773513, 0.4254158, 0.20228638]
[1.8586268, 0.7884393, 0.886329, 0.18385863]
[2.018898, 0.9846663, 0.86037254, 0.17385912]
[1.5957525, 0.61144805, 0.8126793, 0.17162511]
[1.668823, 0.9067794, 0.5748087, 0.18723482]
[1.6353925, 0.69248366, 0.7614857, 0.18142323]
[1.6510019, 0.6098752, 0.85629845, 0.18482825]
[1.406686, 0.6371769, 0.5771658, 0.19234331]
[1.6296301, 0.7259023, 0.72202325, 0.18170457]
[1.7715571, 0.9353419, 0.6424378, 0.1937773]
[1.6162243, 0.7226732, 0.71646124, 0.17708997]
[1.8544015, 0.7614353, 0.90745986, 0.18550636]
[1.7180547, 0.84659666, 0.69088554, 0.18057242]
[2.1593404, 0.98582053, 0.9745618, 0.19895792]
[1.7740555, 0.61376166, 0.95715255, 0.20314127]
[1.6981506, 0.9355425, 0.57654804, 0.18606004]
[1.573819, 0.47497994, 0.9068646, 0.19197452]
[1.879543, 1.0105038, 0.67412186, 0.19491734]
[1.6820474, 0.76110095, 0.7510503, 0.16989617]
[1.712879, 0.6048837, 0.9218135, 0.18618181]
[1.7596546, 0.8458708, 0.724072, 0.18971196]
[1.7914279, 0.9472215, 0.68108237, 0.16312395]
[1.7145897, 0.5517783, 0.9933247, 0.16948664]
[1.9243548, 0.97858, 0.77555496, 0.17021994]
[1.5831301, 0.6795334, 0.73926055, 0.16433626]
[1.4925293, 0.70020306, 0.60657287, 0.18575339]
[1.618695, 0.7280875, 0.70110255, 0.18950504]
[1.6521912, 0.7589396, 0.72846913, 0.16478242]
[1.7789297, 0.7910788, 0.8026862, 0.18516469]
[1.7019855, 0.72028667, 0.8025985, 0.17910035]
[1.7825222, 0.666777, 0.92539036, 0.19035481]
[1.8008054, 0.65038776, 0.9662818, 0.18413591]
[1.7339013, 0.8551421, 0.6802408, 0.19851826]
[1.7450718, 0.85440093, 0.7211313, 0.1695396]
[1.8266342, 0.7562409, 0.88783413, 0.1825591]
[1.6154869, 0.7641716, 0.68147635, 0.1698389]
[1.6262522, 0.453415, 0.9895321, 0.18330504]
[1.8806057, 1.1322163, 0.5894239, 0.1589655]
[1.6923518, 0.7544708, 0.7663895, 0.17149149]
[1.852045, 0.8989073, 0.7645272, 0.18861052]
[1.7785034, 0.9862974, 0.58950686, 0.20269923]
[1.7592465, 0.73821485, 0.8423631, 0.17866853]
[1.6114283, 0.6024749, 0.8124211, 0.19653231]
[1.8510805, 0.730496, 0.9440858, 0.17649874]
[1.7956984, 0.99548584, 0.6302677, 0.16994488]
[1.7717502, 0.6997154, 0.89818776, 0.17384705]
[1.798208, 1.0432117, 0.59053373, 0.16446263]
[1.5831274, 0.66394955, 0.747234, 0.17194383]
[1.6722169, 0.9044908, 0.60799205, 0.15973407]
[1.5453684, 0.46047893, 0.9084873, 0.17640218]
[1.6708513, 0.84252226, 0.6366304, 0.1916987]
[1.6712699, 0.7450201, 0.7425106, 0.18373923]
[1.7981681, 0.91809916, 0.6872622, 0.19280675]
[1.5002868, 0.81574893, 0.5017567, 0.18278119]
[1.5067606, 0.6195824, 0.7017629, 0.18541528]
[1.4490513, 0.5582534, 0.69671834, 0.19407956]
[1.7257907, 0.6514429, 0.86683536, 0.20751247]
[1.7952285, 0.73077524, 0.8628755, 0.20157766]
[1.7431977, 0.8479509, 0.7106272, 0.18461968]
[1.7779148, 0.8005712, 0.7826797, 0.19466391]
[1.7774923, 0.9578426, 0.61187005, 0.20777962]
[1.654132, 0.6359575, 0.85904676, 0.15912783]
[1.8523962, 0.94033206, 0.72668743, 0.18537672]
[1.9285793, 0.6420088, 1.093384, 0.19318655]
[1.7066516, 0.71098095, 0.7982403, 0.19743028]
[1.5342338, 0.7084124, 0.6409357, 0.18488574]
[1.5937067, 0.8004261, 0.61028004, 0.18300053]
[1.9705927, 1.1263754, 0.67412484, 0.17009252]
[1.438185, 0.30089265, 0.96074545, 0.17654675]
[1.6199101, 0.87849826, 0.5684178, 0.17299405]
[1.6571144, 0.50260293, 0.9599402, 0.19457129]
[1.5750402, 0.8075633, 0.5667769, 0.20070007]
[1.6509165, 0.64746785, 0.815166, 0.18828261]
[1.5191423, 0.63325405, 0.6901336, 0.19575462]
[1.8443766, 1.1765755, 0.46580452, 0.20199656]
[1.6201105, 0.7075301, 0.70637065, 0.20620972]
[1.6268734, 0.63080037, 0.80351824, 0.1925548]
[1.5940548, 0.67958283, 0.71269834, 0.2017736]
[1.7940063, 0.84408367, 0.75505304, 0.1948697]
[1.9232337, 0.97365427, 0.74482876, 0.2047508]
[1.5982713, 0.5937801, 0.80161226, 0.20287882]
[1.7854257, 0.68604106, 0.913036, 0.18634874]
[1.5997472, 0.8605025, 0.54623586, 0.19300896]
[1.7428312, 0.7166488, 0.8334093, 0.19277309]
[1.7421765, 0.766338, 0.7706313, 0.20520717]
[1.809129, 1.0722113, 0.5589786, 0.17793922]
[1.861444, 0.75837076, 0.9225355, 0.18053767]
[1.7182363, 0.7352782, 0.7984966, 0.1844615]
[1.7654846, 0.7146912, 0.85659146, 0.19420192]
[1.7140367, 0.856242, 0.6831008, 0.17469376]
[1.7128074, 0.80825514, 0.72614914, 0.17840311]
[1.6403044, 0.7153439, 0.7375303, 0.18743026]
[1.825404, 0.9445117, 0.7139566, 0.16693583]
[1.6860125, 0.6349764, 0.8845409, 0.1664952]
[1.5687354, 0.7915902, 0.58510375, 0.19204138]
[1.4843063, 0.5844149, 0.7071868, 0.19270472]
[1.5570867, 0.646907, 0.7160425, 0.1941372]
[1.6639683, 0.9156986, 0.56148565, 0.18678403]
[1.5720103, 0.5213723, 0.8651277, 0.18551022]
[1.6204615, 0.8310604, 0.60723364, 0.18216747]
[1.7087977, 0.6215489, 0.88929087, 0.19795793]
[1.7884941, 0.8350985, 0.7587944, 0.19460115]
[1.670733, 0.48612732, 0.9985347, 0.18607098]
[1.7051136, 0.82488084, 0.6642983, 0.21593446]
[1.5148885, 0.54476374, 0.758202, 0.21192281]
[1.6855088, 0.76842725, 0.757548, 0.15953362]
[1.8443997, 1.1311117, 0.5062424, 0.20704551]
[1.5236442, 0.54062307, 0.7913356, 0.1916855]
[1.5849774, 0.87328243, 0.5078115, 0.20388335]
[1.6985686, 0.7481415, 0.74316466, 0.20726244]
[1.8756834, 0.64948803, 1.0199757, 0.20621979]
[1.8200133, 0.9299096, 0.69920695, 0.19089675]
[1.7804524, 0.7193001, 0.8665215, 0.19463074]
[1.6356323, 0.786945, 0.6397011, 0.20898616]
[1.841934, 0.8255714, 0.8092335, 0.20712894]
[1.8134422, 0.73979115, 0.9033093, 0.17034167]
[1.6734467, 0.8021374, 0.6761365, 0.19517273]
[1.4725661, 0.61297286, 0.6615617, 0.19803156]
[1.9239514, 0.917024, 0.8342513, 0.1726761]
[1.8699474, 0.6672224, 1.0125514, 0.1901736]
[1.7087939, 0.695187, 0.84816015, 0.16544673]
[1.7324749, 0.8800085, 0.66941106, 0.18305525]
[1.7513131, 0.87549293, 0.7133468, 0.16247335]
[1.7975287, 0.7428653, 0.8692287, 0.18543474]
[1.877984, 0.93391633, 0.76173234, 0.1823354]
[1.9508473, 0.60945725, 1.1656932, 0.17569682]
[1.672538, 0.8195376, 0.6723819, 0.18061846]
[1.6621257, 0.8058014, 0.69765514, 0.15866911]
[1.6633254, 0.68705964, 0.7939228, 0.18234305]
[1.7472985, 0.64833355, 0.90913224, 0.18983275]
[1.8439963, 0.95488065, 0.702279, 0.18683676]
[2.0055509, 0.81051517, 1.007134, 0.18790174]
[1.675296, 0.8064426, 0.6730317, 0.19582167]
[1.7487788, 0.85151863, 0.71218467, 0.18507549]
[1.9358122, 0.8504717, 0.9119384, 0.17340209]
[1.7081735, 0.7432827, 0.77665114, 0.18823972]
[1.8256816, 0.8622972, 0.777605, 0.18577948]
[1.7695948, 0.90902627, 0.6944651, 0.16610347]
[1.7007776, 0.6507273, 0.8829269, 0.16712344]
[1.7438042, 0.7165859, 0.85874605, 0.16847233]
[1.5583955, 0.752172, 0.62969184, 0.17653172]
[1.8427088, 0.88807243, 0.774485, 0.1801514]
[1.7493074, 0.8424128, 0.73245645, 0.17443812]
[1.3460203, 0.5561226, 0.594711, 0.19518678]
[1.4983505, 0.7242503, 0.5992037, 0.17489648]
[1.6302131, 0.65187275, 0.79773057, 0.18060982]
[1.6083617, 0.84726554, 0.5801573, 0.18093899]
[2.0308266, 0.98409075, 0.8447075, 0.20202823]
[1.8879603, 0.92933095, 0.77867204, 0.17995729]
[1.6103153, 0.74385345, 0.6880858, 0.17837611]
[2.0164907, 1.0894227, 0.7657954, 0.16127259]
[1.471683, 0.4680199, 0.83365047, 0.17001267]
[1.8772625, 0.8914571, 0.8105229, 0.17528248]
[1.9457562, 0.8183912, 0.9489548, 0.17841022]
[1.7531282, 0.91028994, 0.67931294, 0.16352525]
[1.7840781, 0.8107121, 0.8059312, 0.16743484]
[1.452112, 0.6046386, 0.6695106, 0.17796278]
[1.9413197, 0.95646596, 0.8345878, 0.15026599]
[1.5873436, 0.7919109, 0.6106634, 0.18476927]
[1.7348104, 0.8064516, 0.73636115, 0.19199747]
[1.5135959, 0.70543844, 0.6308582, 0.17729934]
[1.7979643, 0.7637261, 0.87799966, 0.1562385]
[1.7194995, 0.6961819, 0.86110425, 0.16221334]
[1.7925551, 0.80841017, 0.79028904, 0.19385591]
[1.1753849, 0.52399033, 0.4753785, 0.176016]
[1.4729534, 0.5484855, 0.72660637, 0.1978616]
[1.4996934, 0.66263694, 0.6483742, 0.18868229]
[1.6414716, 0.81933916, 0.6384932, 0.18363926]
[1.741686, 0.7495323, 0.7833017, 0.2088519]
[1.5671073, 0.7700598, 0.5933476, 0.20369995]
[1.6997496, 0.6957737, 0.7805762, 0.2233996]
[1.6994814, 0.80206954, 0.7027173, 0.19469456]
[1.4626831, 0.6647658, 0.61209977, 0.18581763]
[1.6824659, 0.7699503, 0.69791955, 0.21459617]
[1.6991128, 0.57843924, 0.9147176, 0.20595583]
[1.6302419, 0.7121182, 0.71758777, 0.20053592]
[1.6287597, 0.655548, 0.7692731, 0.2039386]
[1.592812, 0.8447436, 0.54068375, 0.20738463]
[1.6633041, 0.62561953, 0.8180507, 0.21963388]
[1.6929533, 0.76393497, 0.71850187, 0.21051644]
[1.6367959, 0.82658446, 0.60885537, 0.20135605]
[1.6729918, 0.6804705, 0.76510215, 0.22741911]
[1.7619098, 0.8703147, 0.70144796, 0.19014713]
[1.8870854, 0.8870563, 0.79290634, 0.20712282]
[1.4933026, 0.68863875, 0.611238, 0.19342585]
[1.6437712, 0.6191964, 0.83164614, 0.19292852]
[2.0046184, 1.0732486, 0.7184137, 0.21295601]
[1.5682564, 0.6916108, 0.67524827, 0.20139736]
[1.5076369, 0.5756799, 0.7435048, 0.18845214]
[1.5777953, 0.5492687, 0.8434018, 0.18512471]
[1.5839258, 0.77684957, 0.60194016, 0.20513621]
[1.6003871, 0.6257094, 0.77412856, 0.2005491]
[1.6160116, 0.85920703, 0.5490596, 0.20774502]
[1.5909672, 0.46086374, 0.9367151, 0.1933884]
[1.6455737, 0.6952263, 0.7261614, 0.22418611]
[1.7961147, 0.96155703, 0.6315834, 0.20297429]
[1.590265, 0.66273606, 0.7471526, 0.18037635]
[1.8183997, 0.946533, 0.6742158, 0.19765097]
[1.9798756, 0.69536203, 1.0660858, 0.21842766]
[1.9640805, 0.9439109, 0.84193075, 0.17823878]
[1.7134736, 0.6702626, 0.84766126, 0.19554979]
[1.8857974, 0.92331254, 0.79377997, 0.16870487]
[1.823991, 1.0380256, 0.6138105, 0.17215477]
[1.6364262, 0.66023386, 0.7993715, 0.17682087]
[1.4921864, 0.6447821, 0.65845305, 0.18895122]
[1.3438367, 0.5074521, 0.65947163, 0.1769129]
[1.8140786, 0.7917972, 0.85546523, 0.16681607]
[1.5113038, 0.7515096, 0.57238173, 0.18741241]
[1.7352242, 0.6581926, 0.86781996, 0.20921174]
[1.7484403, 0.89709204, 0.66860986, 0.18273835]
[1.4241534, 0.57919765, 0.64210606, 0.20284978]
[1.7734337, 0.86660814, 0.73501873, 0.17180675]
[1.5745313, 0.5882025, 0.78712547, 0.19920343]
[1.6512781, 0.7549504, 0.6942496, 0.20207822]
[1.5942854, 0.8221098, 0.5535835, 0.21859209]
[1.7265792, 0.82476205, 0.68887866, 0.21293859]
[1.4409432, 0.51252514, 0.71355534, 0.21486276]
[1.7153023, 1.0412357, 0.47792175, 0.19614498]
[2.010667, 0.89507747, 0.92074275, 0.19484693]
[1.6400955, 0.8798059, 0.57651764, 0.18377182]
[1.743177, 0.5151099, 1.0442908, 0.18377635]
[1.6813123, 0.8935262, 0.59848046, 0.18930563]
[1.6463506, 0.6804352, 0.75991523, 0.2060002]
[1.4737916, 0.59517384, 0.6634626, 0.21515515]
[1.7568638, 0.84040856, 0.7230083, 0.193447]
[1.6392776, 0.7764158, 0.65541065, 0.20745112]
[1.7531946, 0.7919939, 0.78707755, 0.17412305]
[1.5719211, 0.7435523, 0.6456067, 0.18276218]
[1.749976, 0.841704, 0.7162204, 0.1920517]
[1.760307, 0.6570423, 0.91205394, 0.19121064]
[1.7055104, 0.7485286, 0.7547109, 0.2022709]
[1.7188118, 0.7640966, 0.7571459, 0.19756925]
[1.733052, 0.8836105, 0.64692986, 0.2025117]
[1.5420485, 0.75606775, 0.5865834, 0.1993973]
[1.7805573, 0.8443692, 0.7458123, 0.1903758]
[1.6536801, 0.84264815, 0.6026848, 0.20834713]
[1.5274525, 0.71281505, 0.6101091, 0.20452829]
[1.4005315, 0.6551726, 0.52935636, 0.21600258]
[1.5379949, 0.5013839, 0.8260526, 0.21055846]
[1.8427792, 0.786095, 0.812271, 0.24441317]
[1.7358313, 0.7613557, 0.7645031, 0.2099724]
[1.9437504, 0.9609293, 0.7667531, 0.216068]
[1.819263, 0.62773895, 0.9821432, 0.20938088]
[1.793658, 0.97803676, 0.5909458, 0.22467542]
[1.7881957, 0.86432356, 0.73360103, 0.19027117]
[1.5661834, 0.70051634, 0.6677503, 0.1979169]
[1.8633736, 0.66585755, 0.9838275, 0.21368857]
[1.6568809, 0.88385546, 0.5770124, 0.19601299]
[1.6473116, 0.7208717, 0.7480837, 0.17835616]
[1.7060801, 0.6057271, 0.8857968, 0.21455625]
[2.2592149, 1.1881914, 0.86258465, 0.20843881]
[1.731727, 0.6993569, 0.85197246, 0.18039766]
[1.7214245, 0.8161403, 0.72632015, 0.17896405]
[1.7522479, 0.76562864, 0.7862892, 0.20033017]
[1.952407, 0.91471434, 0.8204459, 0.21724676]
[1.3283346, 0.6364447, 0.51462483, 0.17726511]
[1.9292971, 0.6735345, 1.0723491, 0.18341346]
[1.5552319, 0.54937685, 0.82494384, 0.18091123]
[1.6696837, 0.8292258, 0.64439034, 0.19606754]
[1.68792, 0.77856445, 0.7137242, 0.19563136]
[1.6977303, 0.73384833, 0.7614982, 0.2023838]
[1.6476293, 0.6820249, 0.78070724, 0.18489724]
[1.650964, 0.7063601, 0.75637716, 0.18822676]
[2.0267878, 0.9871177, 0.8639355, 0.17573442]
[1.727131, 0.80673236, 0.7297492, 0.19064938]
[1.6274981, 0.7279866, 0.7201919, 0.17931965]
[1.7698488, 0.79433084, 0.78716743, 0.18835053]
[1.7395451, 0.85048795, 0.7073198, 0.18173747]
[1.6517589, 0.54607975, 0.92226154, 0.1834175]
[1.8114734, 0.8433393, 0.7738508, 0.19428319]
[1.7317647, 0.8020792, 0.75569046, 0.173995]
[1.5915875, 0.5502857, 0.8750672, 0.16623478]
[1.691425, 0.82825184, 0.6797832, 0.18338992]
[1.7350645, 0.839141, 0.6987651, 0.19715828]
[1.8770497, 0.8098866, 0.8776212, 0.1895419]
[1.8407798, 0.7615418, 0.9059468, 0.17329124]
[1.7541624, 0.75859094, 0.81091887, 0.1846527]
[1.566459, 0.8165668, 0.56726515, 0.182627]
[1.5940856, 0.63787377, 0.7563256, 0.19988622]
[1.8058388, 0.97823274, 0.6412524, 0.18635362]
[1.7967807, 0.53521925, 1.0863073, 0.1752542]
[1.7944814, 0.8376369, 0.78563035, 0.17121421]
[1.7635221, 0.8356823, 0.7360381, 0.19180182]
[1.5623847, 0.68742776, 0.68088573, 0.19407117]
[1.8571439, 0.9687652, 0.69341236, 0.19496638]
[1.697351, 0.8150027, 0.6816281, 0.20072024]
[1.6514969, 0.72896105, 0.7387287, 0.18380708]
[1.7337095, 0.76469874, 0.78240395, 0.18660678]
[1.8559418, 0.8195943, 0.8546749, 0.18167257]
[1.5465777, 0.69759464, 0.67695004, 0.1720331]
[1.7401487, 0.778649, 0.77536964, 0.18613005]
[1.9428171, 0.9644983, 0.7877475, 0.19057135]
[1.8763506, 0.7577144, 0.936623, 0.18201327]
[1.7874788, 0.8867653, 0.7414862, 0.15922722]
[1.668917, 0.98689437, 0.50477713, 0.17724544]
[1.7735597, 0.6843502, 0.92825484, 0.1609546]
[1.6311895, 0.6198335, 0.8219588, 0.18939726]
[1.6528645, 0.71518713, 0.7629746, 0.17470263]
