[1.9623771, 0.88895726, 0.8744484, 0.19897133]
[1.8098335, 0.82771903, 0.78940415, 0.19271046]
[1.6515415, 0.8406498, 0.6256716, 0.18522003]
[1.7105844, 0.72342175, 0.7944516, 0.19271106]
[1.5812483, 0.8168981, 0.5522024, 0.21214773]
[1.7825243, 0.532185, 1.0567656, 0.19357365]
[1.8654798, 1.2636615, 0.4128873, 0.188931]
[1.7974803, 0.7471867, 0.85428697, 0.19600669]
[1.8579178, 0.72622406, 0.9349296, 0.19676417]
[1.7804496, 0.98491305, 0.6110953, 0.18444136]
[1.9817476, 0.87803143, 0.9284145, 0.17530163]
[1.5889443, 0.7319512, 0.6667292, 0.19026388]
[1.708959, 0.7147026, 0.81059796, 0.18365848]
[1.5718454, 0.60824746, 0.7634331, 0.2001649]
[1.8461031, 0.87414384, 0.79109704, 0.18086217]
[1.4567604, 0.59786046, 0.67180645, 0.18709354]
[1.5398722, 0.6968113, 0.6564725, 0.18658833]
[1.7026246, 0.622576, 0.9044355, 0.17561305]
[1.9311991, 1.1427336, 0.6017161, 0.18674946]
[1.7185307, 0.66354775, 0.8799828, 0.17500003]
[1.4018072, 0.64424825, 0.58495295, 0.17260596]
[1.7838291, 0.78257763, 0.8261709, 0.17508052]
[1.8143278, 0.84010196, 0.7755883, 0.19863762]
[1.678659, 0.6340076, 0.84099114, 0.20366031]
[1.8084433, 0.85320216, 0.7710273, 0.18421394]
[1.6889632, 0.63474596, 0.8670689, 0.18714835]
[1.5363061, 0.71150094, 0.6621163, 0.16268894]
[1.783816, 0.6483718, 0.9404612, 0.19498287]
[1.6756645, 0.8588231, 0.6134553, 0.20338614]
[1.5309839, 0.7682184, 0.569857, 0.19290847]
[1.8118474, 0.6859941, 0.94629335, 0.17955989]
[1.8021599, 0.76326025, 0.8562539, 0.18264563]
[1.7718117, 0.9118278, 0.6738095, 0.18617436]
[1.8061423, 0.6468731, 0.963301, 0.19596815]
[1.6686089, 0.7797085, 0.70501155, 0.18388887]
[1.4406824, 0.8194239, 0.44125348, 0.18000504]
[1.717231, 0.61375767, 0.9276802, 0.17579314]
[1.5675575, 0.65712327, 0.7351692, 0.17526497]
[1.5605499, 0.78305995, 0.59307575, 0.18441413]
[1.5141455, 0.6052541, 0.7327162, 0.17617527]
[1.8754133, 0.7707924, 0.90948266, 0.19513822]
[1.7414078, 0.8973817, 0.64035386, 0.2036722]
[1.5714567, 0.57047665, 0.8017556, 0.19922444]
[1.5868822, 0.750492, 0.64048433, 0.1959059]
[1.7971637, 0.72352016, 0.87258196, 0.20106164]
[1.9273819, 0.9766793, 0.7738874, 0.17681515]
[1.5797138, 0.51986015, 0.8628341, 0.19701958]
[1.7317088, 0.84987855, 0.71023685, 0.17159337]
[1.7198923, 0.7569617, 0.78036714, 0.18256342]
[1.7309352, 0.8073549, 0.72570765, 0.19787261]
[1.8240857, 0.69609797, 0.94564044, 0.18234724]
[1.6299781, 0.9189864, 0.5333121, 0.17767967]
[1.5475112, 0.7193628, 0.64937437, 0.17877397]
[1.7955401, 0.7423444, 0.84845775, 0.2047379]
[1.7822627, 0.67453545, 0.94452155, 0.16320574]
[1.6916689, 0.9555057, 0.55758417, 0.17857893]
[1.6886922, 0.6636184, 0.8348284, 0.19024554]
[1.7924802, 0.84085304, 0.7507783, 0.20084883]
[1.6994404, 0.7669401, 0.7563045, 0.17619574]
[1.6709845, 0.67386115, 0.79953635, 0.19758701]
[1.5253372, 0.62972265, 0.71344066, 0.18217403]
[1.5903292, 0.62644607, 0.7751972, 0.1886859]
[1.8530916, 0.9001079, 0.77054346, 0.18244013]
[1.8135691, 0.8290357, 0.7920507, 0.19248271]
[1.7374506, 0.7310042, 0.8123641, 0.19408229]
[1.8006818, 0.80373305, 0.8115736, 0.18537521]
[1.6396945, 0.7951664, 0.67354554, 0.1709826]
[1.441654, 0.5389296, 0.71399665, 0.18872774]
[1.4414432, 0.69949126, 0.55802953, 0.18392247]
[1.8424706, 0.9288666, 0.7207001, 0.19290403]
[1.5509908, 0.4533131, 0.9134842, 0.18419343]
[1.7443079, 0.85354936, 0.6883782, 0.2023803]
[1.7665784, 0.8211521, 0.75780547, 0.18762091]
[1.965145, 0.97550476, 0.8117883, 0.1778519]
[1.5379683, 0.5194929, 0.834472, 0.18400334]
[1.6422354, 1.0109121, 0.45227778, 0.17904554]
[1.3932489, 0.4797536, 0.71038306, 0.20311221]
[1.7697645, 0.7172746, 0.8428738, 0.2096161]
[1.612222, 0.6286859, 0.7805313, 0.20300484]
[1.6339799, 0.86267793, 0.57842934, 0.19287261]
[1.8264829, 0.83365345, 0.7882276, 0.20460191]
[1.6527845, 0.8574729, 0.6087508, 0.18656076]
[1.5268009, 0.59118307, 0.7665031, 0.16911466]
[1.7008986, 0.8799962, 0.60773516, 0.21316725]
[1.7188649, 0.73447293, 0.79003644, 0.19435547]
[1.6898293, 0.8054695, 0.6783897, 0.20597011]
[1.637154, 0.7538688, 0.68573785, 0.19754735]
[1.7476981, 0.7706313, 0.7814717, 0.19559497]
[1.6377518, 0.94876146, 0.51136255, 0.17762777]
[1.3710657, 0.52960956, 0.66174495, 0.17971127]
[2.1106262, 0.91841596, 0.97965515, 0.21255511]
[1.7704456, 0.9492529, 0.6279013, 0.19329143]
[1.5896916, 0.7101892, 0.6828078, 0.19669457]
[1.6460528, 0.69402725, 0.77474046, 0.17728522]
[1.6790841, 0.98148143, 0.5082578, 0.18934485]
[1.5954951, 0.8073922, 0.5772363, 0.21086654]
[1.6314498, 0.65759623, 0.78374636, 0.19010726]
[1.5786138, 0.65283895, 0.7297931, 0.1959817]
[1.8097059, 1.0682235, 0.5530408, 0.18844162]
[1.5099947, 0.67830735, 0.62795377, 0.20373365]
[1.7996979, 0.68197966, 0.9257939, 0.19192436]
[1.7116839, 0.7476944, 0.76176894, 0.20222059]
[1.668593, 0.7579209, 0.68871945, 0.22195269]
[1.7406138, 0.6572161, 0.87194276, 0.21145502]
[1.873706, 0.8451563, 0.8094175, 0.21913223]
[1.743494, 0.7459731, 0.7804507, 0.21707028]
[1.8026129, 0.8615521, 0.7495677, 0.1914932]
[1.7323884, 0.875812, 0.68957925, 0.16699706]
[1.8105952, 0.79976296, 0.8276837, 0.18314853]
[1.7370045, 0.79258037, 0.7516741, 0.19274998]
[1.539613, 0.53419626, 0.78276193, 0.22265488]
[1.9588114, 0.9631841, 0.8036926, 0.19193467]
[1.622775, 0.55664593, 0.8690186, 0.19711044]
[1.8551123, 1.0808704, 0.5737398, 0.20050213]
[1.8514782, 0.7737647, 0.8911532, 0.18656024]
[1.6153182, 0.6515542, 0.7820025, 0.18176137]
[1.7319822, 0.7902522, 0.76345366, 0.17827629]
[1.7414432, 0.7801739, 0.7694175, 0.19185175]
[1.5234525, 0.6454937, 0.696343, 0.18161578]
[1.5695411, 0.85343134, 0.5407381, 0.17537168]
[1.6649874, 0.5778785, 0.8852449, 0.20186414]
[1.776385, 0.77783495, 0.80575514, 0.19279496]
[1.7294977, 0.739735, 0.7980128, 0.19174981]
[1.8191968, 0.91539204, 0.69813174, 0.2056731]
[1.9405892, 0.87341565, 0.8803155, 0.18685812]
[1.8896806, 0.83687997, 0.8659634, 0.18683717]
[1.7110027, 0.74254245, 0.7976224, 0.17083788]
[1.7873609, 0.90017366, 0.7044375, 0.18274969]
[1.5477378, 0.5705133, 0.79114556, 0.18607897]
[1.8679327, 0.9703165, 0.701929, 0.19568714]
[1.6108711, 0.59416986, 0.82261145, 0.19408979]
[1.609259, 0.86323833, 0.5836453, 0.1623753]
[1.7106131, 0.8465438, 0.6974625, 0.16660677]
[1.5823683, 0.52610576, 0.86705405, 0.18920836]
[1.5681853, 0.72105, 0.6501963, 0.19693898]
[1.8544472, 0.66099435, 1.0055606, 0.18789229]
[1.6622404, 0.9162725, 0.5609767, 0.18499121]
[1.4783142, 0.39328817, 0.91091615, 0.17410976]
[1.4064971, 0.71887684, 0.4779779, 0.2096424]
[1.3836713, 0.580245, 0.61790794, 0.1855182]
[1.6506151, 0.54004246, 0.91087556, 0.19969714]
[1.4880747, 0.78640497, 0.49591345, 0.20575628]
[1.8017514, 0.8257, 0.7627149, 0.2133365]
[1.8250618, 0.7266513, 0.899718, 0.1986926]
[1.9038898, 0.89790285, 0.80445373, 0.20153323]
[1.6155176, 0.777504, 0.6513197, 0.18669388]
[1.8219482, 1.0136738, 0.6002563, 0.2080181]
[1.9559598, 0.9512584, 0.7892475, 0.21545388]
[1.632879, 0.6825669, 0.7586436, 0.19166845]
[1.5350742, 0.77822816, 0.5800662, 0.17677987]
[1.653087, 0.69204485, 0.7926717, 0.16837052]
[1.7646497, 0.77058965, 0.7640267, 0.23003338]
[1.6577241, 0.8672627, 0.5932325, 0.19722891]
[1.5240028, 0.6356939, 0.684505, 0.2038039]
[1.806858, 0.7964407, 0.8134668, 0.19695047]
[1.7899554, 0.861081, 0.7364862, 0.1923882]
[1.650507, 0.70635784, 0.7477019, 0.19644721]
[1.7394104, 0.8181508, 0.7293763, 0.19188333]
[1.8593687, 0.6691928, 0.99983186, 0.19034398]
[1.6127496, 0.62277853, 0.78753394, 0.20243712]
[1.6931473, 0.7662715, 0.7325165, 0.19435927]
[1.6648543, 0.7226143, 0.7345341, 0.20770596]
[1.4624532, 0.60815513, 0.64830077, 0.20599732]
[1.8048589, 0.8687817, 0.7343814, 0.20169595]
[2.097511, 0.99404275, 0.9074995, 0.19596884]
[1.6602533, 0.50740045, 0.95241153, 0.20044136]
[1.8369657, 0.9786043, 0.6436749, 0.21468653]
[1.6294955, 0.63535494, 0.8051617, 0.18897882]
[1.5053122, 0.67244625, 0.63507867, 0.19778728]
[1.5451975, 0.73793864, 0.5980145, 0.20924442]
[1.7034886, 0.6334033, 0.86273265, 0.20735262]
[1.3860757, 0.5729629, 0.62225425, 0.19085859]
[1.9137987, 0.92501974, 0.7958729, 0.192906]
[1.4657984, 0.6782458, 0.5963454, 0.19120717]
[1.7597742, 0.8324469, 0.7358335, 0.19149373]
[1.6320391, 0.6223545, 0.81093633, 0.19874826]
[1.928468, 0.8950715, 0.83817166, 0.19522475]
[1.7029248, 0.65125126, 0.8637958, 0.18787777]
[1.8425841, 0.9519763, 0.6830345, 0.20757338]
[1.9495988, 0.7449754, 0.9930197, 0.21160363]
[1.9304309, 0.96519554, 0.77366793, 0.19156748]
[1.8138978, 0.7395201, 0.89340687, 0.18097094]
[1.6047593, 0.73392874, 0.688704, 0.1821266]
[1.7424151, 0.8037044, 0.7512866, 0.18742411]
[1.8314216, 0.8951908, 0.7524543, 0.18377665]
[1.7083097, 0.86546314, 0.6869377, 0.15590876]
[1.7164621, 0.7349984, 0.7948983, 0.18656546]
[1.53784, 0.7922021, 0.56174874, 0.18388918]
[1.6032195, 0.72440404, 0.67485845, 0.20395705]
[1.4309329, 0.5673318, 0.67368215, 0.18991892]
[1.7239066, 0.7677487, 0.77023435, 0.1859236]
[1.8085377, 0.76165974, 0.8472179, 0.19966002]
[1.8127563, 0.846416, 0.78415006, 0.18219024]
[1.5944153, 0.76636183, 0.66515183, 0.16290164]
[1.5333076, 0.6240042, 0.7217823, 0.18752103]
[1.5594177, 0.6088718, 0.74889356, 0.20165232]
[1.7165226, 0.94888866, 0.5701203, 0.19751367]
[1.7065024, 0.75737196, 0.7692723, 0.17985818]
[1.5977753, 0.5905385, 0.8082396, 0.19899721]
[1.7710027, 0.745908, 0.8184391, 0.20665553]
[1.8005275, 0.679752, 0.9184229, 0.20235267]
[2.0137756, 1.0045865, 0.8194996, 0.18968946]
[1.777029, 0.93331677, 0.65086466, 0.19284756]
[1.7708973, 0.8031573, 0.8039725, 0.16376743]
[1.7481049, 0.7969255, 0.7641159, 0.1870636]
[1.3479725, 0.6438364, 0.51792145, 0.1862147]
[1.5079048, 0.4860977, 0.8631642, 0.15864287]
[1.770236, 1.0898798, 0.50743043, 0.17292577]
[1.5306894, 0.6018241, 0.75921917, 0.16964614]
[1.5961918, 0.7911479, 0.60228074, 0.2027632]
[1.6523497, 0.52763546, 0.92637366, 0.1983407]
[1.8777077, 1.1027725, 0.56938297, 0.20555237]
[1.8110411, 0.6514484, 0.9495632, 0.21002948]
[1.6793401, 0.7144295, 0.7746365, 0.19027409]
[1.810694, 0.8708626, 0.7439698, 0.19586158]
[1.5335062, 0.7143731, 0.64639527, 0.17273778]
[1.5320351, 0.5155264, 0.8266829, 0.18982579]
[1.8027258, 0.85917366, 0.7310363, 0.21251583]
[1.959313, 0.9011616, 0.85512286, 0.20302853]
[1.6566308, 0.60545343, 0.8711529, 0.18002437]
[1.6654137, 0.787636, 0.6727364, 0.20504126]
[1.6645564, 0.85200953, 0.6083222, 0.20422472]
[1.7537434, 0.662951, 0.8909061, 0.19988629]
[1.6961255, 0.6561382, 0.85021484, 0.18977249]
[1.7332234, 0.74490327, 0.78064203, 0.20767814]
[1.9870242, 1.1925464, 0.6042499, 0.19022788]
[1.3181554, 0.38003868, 0.75964785, 0.17846882]
[1.6975331, 0.9394757, 0.5661454, 0.19191192]
[1.7563826, 0.6211279, 0.948337, 0.18691765]
[1.4922998, 0.6723241, 0.6218215, 0.19815418]
[1.6985619, 0.79986954, 0.69760704, 0.20108531]
[1.6048858, 0.78166306, 0.6185684, 0.20465428]
[1.8045781, 0.66788125, 0.9334954, 0.20320147]
[1.6451467, 0.62379014, 0.8336489, 0.1877077]
[1.7195309, 0.89793146, 0.61644095, 0.20515859]
[1.7204192, 0.70030344, 0.83879626, 0.18131945]
[1.5619321, 0.4868459, 0.8606648, 0.21442145]
[1.6912451, 0.8236476, 0.67082256, 0.19677497]
[1.6683098, 0.6650124, 0.81476456, 0.18853281]
[1.9116912, 0.8605449, 0.86203665, 0.18910955]
[1.6522174, 0.7292217, 0.7066644, 0.21633127]
[1.4490705, 0.8013494, 0.44460082, 0.20312025]
[1.5315009, 0.36156058, 0.97535497, 0.19458544]
[1.8275261, 1.0476866, 0.5722561, 0.20758337]
[1.4384135, 0.54575956, 0.678782, 0.21387193]
[1.7782564, 0.8322635, 0.7527615, 0.1932314]
[1.766222, 0.79598296, 0.75796044, 0.21227857]
[1.9380879, 0.81615186, 0.91348374, 0.2084524]
[1.8800883, 1.1041603, 0.5617236, 0.21420443]
[1.7949182, 0.776443, 0.8290652, 0.18940994]
[1.5964028, 0.6541661, 0.746012, 0.19622466]
[1.954409, 0.8892034, 0.8681693, 0.1970363]
[1.685637, 0.70272076, 0.77497333, 0.20794292]
[1.9919332, 0.9506781, 0.8440647, 0.19719039]
[1.623107, 0.8777944, 0.5587914, 0.18652116]
[1.7859049, 0.73004806, 0.8786702, 0.17718667]
[1.6532838, 0.65908086, 0.82124853, 0.1729545]
[1.6329348, 0.8883573, 0.5545869, 0.18999061]
[2.0584767, 0.90973675, 0.9622992, 0.18644065]
[1.571717, 0.71609414, 0.67266846, 0.18295449]
[1.5443356, 0.6699019, 0.6834445, 0.1909892]
[1.7962197, 0.6651245, 0.94078004, 0.19031511]
[1.8781158, 1.0230567, 0.6725018, 0.18255723]
[1.8405918, 0.8824862, 0.7776096, 0.18049595]
[1.765558, 0.78488344, 0.77405876, 0.20661576]
[1.7070465, 0.6815444, 0.8274852, 0.19801685]
[1.5648528, 0.73641074, 0.6393093, 0.18913284]
[1.8783274, 0.85690933, 0.80614173, 0.21527621]
[1.5824311, 0.62787366, 0.7527919, 0.20176548]
[1.8465297, 0.8946961, 0.7608694, 0.19096424]
[1.757096, 0.6713481, 0.89940023, 0.18634778]
[1.9305191, 1.136498, 0.61463106, 0.1793901]
[1.7054024, 0.5734289, 0.9431878, 0.18878572]
[1.8188452, 0.7641737, 0.86314917, 0.19152221]
[1.5947901, 0.73127663, 0.6876733, 0.17584023]
[1.7514553, 0.87503684, 0.7067206, 0.16969785]
[1.7352301, 0.8442892, 0.7164076, 0.17453328]
[1.8376247, 0.70713913, 0.9414974, 0.18898806]
[1.4540948, 0.74776804, 0.52899814, 0.17732862]
[1.443124, 0.5647737, 0.6970341, 0.1813162]
[1.7025429, 0.70300806, 0.80322444, 0.19631045]
[1.9153683, 0.88331795, 0.82144976, 0.21060064]
[1.6680677, 0.8205668, 0.66485023, 0.18265063]
[1.8194987, 0.7787175, 0.85760534, 0.18317579]
[1.6771055, 0.8002354, 0.68252945, 0.19434074]
[1.7904328, 0.8775855, 0.7253721, 0.18747528]
[1.934689, 0.64305794, 1.1247152, 0.16691594]
[1.7858204, 0.7574766, 0.84450567, 0.18383805]
[1.7156155, 0.8638731, 0.66724956, 0.18449281]
[1.7207651, 0.73260415, 0.801419, 0.18674192]
[1.8041365, 0.82242984, 0.7796376, 0.20206906]
[1.7008046, 0.7153624, 0.7933148, 0.19212732]
[1.5704383, 0.6916861, 0.6800635, 0.1986886]
[1.7567836, 0.7599232, 0.8092927, 0.1875677]
[1.6499995, 0.8582404, 0.5947428, 0.1970164]
[1.7076682, 0.5263406, 0.9986019, 0.18272567]
[1.8794951, 1.016463, 0.6678615, 0.19517067]
[1.8243, 0.6922606, 0.953798, 0.1782415]
[1.6395011, 0.9803798, 0.4809668, 0.17815445]
[2.0905545, 0.880617, 1.042985, 0.16695252]
[1.5248549, 0.6073252, 0.7406984, 0.17683119]
[1.5565248, 0.53645015, 0.8447777, 0.1752969]
[1.853794, 0.77856946, 0.89146507, 0.18375942]
[1.6814787, 0.86327696, 0.6242851, 0.19391668]
[1.5058236, 0.6953129, 0.6269506, 0.18356012]
[1.821186, 0.8296155, 0.8005465, 0.19102395]
[1.8012582, 0.81093985, 0.8060173, 0.18430103]
[1.9900991, 0.9548979, 0.86838937, 0.16681181]
[1.4636477, 0.66088855, 0.6450941, 0.15766513]
[1.5025591, 0.70137775, 0.62057155, 0.18060978]
[1.6551096, 0.73953396, 0.7306169, 0.18495873]
[1.7740204, 0.7012172, 0.85710555, 0.2156978]
[1.8354998, 0.8339271, 0.80895346, 0.19261914]
[1.663155, 0.9137324, 0.55486083, 0.19456169]
[1.8913119, 0.71646184, 0.9885865, 0.18626358]
[1.8670108, 0.8741499, 0.81431204, 0.17854887]
[1.5945184, 0.77097166, 0.64288974, 0.18065703]
[1.6288918, 0.78370243, 0.66592646, 0.17926297]
[1.6649941, 0.72221154, 0.7532181, 0.18956447]
[1.4536731, 0.5958357, 0.665762, 0.19207549]
[1.6972543, 0.6333989, 0.885255, 0.17860039]
[1.7094043, 0.8939462, 0.6185129, 0.19694528]
[1.8817858, 0.95516133, 0.7606294, 0.165995]
[1.6806562, 0.7705907, 0.71929765, 0.1907678]
[1.7107568, 0.63412035, 0.85730994, 0.21932647]
[1.6541121, 0.7490488, 0.73273, 0.1723333]
[1.8594155, 0.78738415, 0.8782176, 0.19381374]
[1.7193708, 0.8780223, 0.660422, 0.18092662]
[1.6989313, 0.6219633, 0.8924202, 0.18454778]
[1.6486485, 0.84746516, 0.6070364, 0.19414686]
[1.6975652, 0.636801, 0.88278353, 0.1779807]
[1.7611915, 0.7942492, 0.7839984, 0.18294397]
[1.5710729, 0.662253, 0.711331, 0.1974889]
[1.6574801, 0.7257874, 0.7444821, 0.18721071]
[1.8059947, 0.7791926, 0.81907785, 0.20772433]
[1.7011884, 0.7216872, 0.7872691, 0.19223213]
[1.6276236, 0.5765536, 0.83962226, 0.21144778]
[1.6626104, 0.80058455, 0.69183826, 0.17018758]
[1.396117, 0.50435275, 0.7268225, 0.16494185]
[1.8597895, 0.99278516, 0.6706845, 0.19631985]
[1.7816274, 0.724707, 0.87080324, 0.18611719]
[1.6015204, 0.8549585, 0.57429683, 0.17226514]
[1.8517312, 0.7644794, 0.892544, 0.1947078]
[1.5831062, 0.7051099, 0.69114, 0.18685624]
[1.9679899, 0.8605358, 0.9197272, 0.18772697]
[1.7835009, 0.7266171, 0.85903716, 0.19784662]
[1.7092491, 0.88919276, 0.6319903, 0.18806612]
[1.836855, 0.8897165, 0.7619629, 0.18517567]
[1.9562831, 0.77532613, 0.9929675, 0.18798944]
[1.8367306, 0.7583556, 0.8835871, 0.1947879]
[1.5895543, 0.818046, 0.57980084, 0.19170743]
[1.9048591, 0.78974473, 0.94164705, 0.17346732]
[1.569575, 0.68010986, 0.72062457, 0.16884056]
[1.7728174, 0.6686213, 0.9225165, 0.18167944]
[1.8112764, 0.8580991, 0.7682234, 0.18495393]
[1.7433641, 0.8442191, 0.71165836, 0.18748665]
[1.8062443, 1.032877, 0.5866508, 0.18671642]
[1.640644, 0.7847545, 0.6754354, 0.18045403]
[1.7186387, 0.8635315, 0.69324154, 0.16186577]
[1.5150025, 0.65353334, 0.6995439, 0.16192536]
[1.8668432, 0.8599497, 0.7975441, 0.20934933]
[1.8169951, 0.9223939, 0.7140577, 0.18054357]
[1.4207598, 0.5074495, 0.73978627, 0.17352402]
[1.5442009, 0.74655414, 0.6031895, 0.19445723]
[1.893548, 1.1360674, 0.5743228, 0.1831578]
[1.663979, 0.7013955, 0.7716051, 0.19097847]
[1.7232388, 0.8228539, 0.7016499, 0.19873501]
[1.500871, 0.67754775, 0.6364007, 0.18692249]
[1.8532078, 0.9176448, 0.75316715, 0.18239592]
[1.8240172, 0.8920171, 0.7512532, 0.18074688]
[1.515062, 0.5984812, 0.73114717, 0.1854336]
[1.9242617, 0.7550154, 0.9718157, 0.19743061]
[1.5726647, 0.73129207, 0.64762616, 0.19374652]
[1.7321937, 0.7422944, 0.79178965, 0.19810963]
[1.8667955, 0.75371444, 0.9390286, 0.17405245]
[1.6215923, 0.8568003, 0.5728912, 0.1919007]
[1.8882697, 0.82643545, 0.8667327, 0.19510144]
[1.6316104, 0.73985565, 0.70567036, 0.18608436]
[1.8033063, 0.78719956, 0.82250047, 0.19360638]
[1.6837542, 0.70916283, 0.8075434, 0.16704799]
[1.6444286, 0.7760157, 0.69494987, 0.17346296]
[1.8468069, 0.89504766, 0.77988034, 0.1718789]
[1.8797383, 0.90866643, 0.79685616, 0.17421573]
[1.6445202, 0.73138756, 0.733592, 0.1795406]
[1.7194684, 0.7912138, 0.7587644, 0.16949007]
[1.7639235, 0.84497255, 0.735551, 0.18340002]
[1.8107941, 0.7538392, 0.8609132, 0.1960417]
[1.7805187, 0.6598387, 0.94321644, 0.17746356]
[1.718993, 0.8697232, 0.66591084, 0.18335885]
[1.7700151, 0.7764251, 0.83798075, 0.15560926]
[1.852137, 0.71029425, 0.9638497, 0.17799294]
[1.954775, 0.8556099, 0.92321867, 0.17594637]
[1.401201, 0.5172715, 0.7060714, 0.17785816]
[1.5961608, 0.7422137, 0.6971694, 0.15677762]
[1.9087408, 0.7872826, 0.9374045, 0.18405364]
[1.6452141, 0.74840134, 0.71710145, 0.17971137]
[1.5909758, 0.8432423, 0.5780629, 0.16967055]
[1.7470611, 0.53470165, 1.0295876, 0.18277183]
[1.494257, 0.7680246, 0.5681139, 0.15811843]
[1.6220958, 0.41874677, 1.0165288, 0.18682024]
[1.6754043, 0.7939108, 0.6956449, 0.1858486]
[1.7321079, 0.67047983, 0.8784812, 0.1831469]
[1.5364034, 0.59624445, 0.7336545, 0.2065044]
[1.6586382, 0.85637337, 0.6177478, 0.18451709]
[1.8781947, 0.7861609, 0.8965708, 0.1954631]
[1.6402925, 0.79678667, 0.66423666, 0.17926922]
[1.4038408, 0.6346481, 0.58414674, 0.18504597]
[1.6912063, 0.7369371, 0.774174, 0.1800953]
[1.5249008, 0.63504404, 0.7039838, 0.18587291]
[1.9258062, 0.79002464, 0.9607258, 0.17505571]
[1.9434443, 0.8153962, 0.931278, 0.19677013]
[1.6449451, 0.83360076, 0.624349, 0.18699539]
[1.6806359, 0.7195076, 0.7652918, 0.19583648]
[1.6983392, 0.9025083, 0.59874606, 0.1970849]
[1.9430617, 0.71174836, 1.0345922, 0.19672123]
[1.6763108, 0.84420806, 0.6484437, 0.18365902]
[1.4418383, 0.567325, 0.6895436, 0.1849697]
[1.7259624, 0.9196724, 0.62355083, 0.18273918]
[1.7076191, 0.7479499, 0.78291416, 0.1767551]
[1.5995003, 0.76920927, 0.61835265, 0.2119384]
[1.7479222, 0.73383296, 0.84694815, 0.16714114]
[1.8663653, 1.0343064, 0.639657, 0.19240189]
[1.7284043, 0.6421491, 0.89816195, 0.18809319]
[1.4675176, 0.58676153, 0.69942623, 0.18132986]
[1.7608049, 0.9282133, 0.6445532, 0.18803836]
[1.6231062, 0.66510093, 0.77070355, 0.1873017]
[1.8313512, 0.9261044, 0.7073598, 0.19788691]
[1.4927487, 0.5221716, 0.8001194, 0.17045775]
[1.4959452, 0.6154859, 0.6749295, 0.20552981]
[1.599929, 0.74198365, 0.66977996, 0.18816526]
[2.026477, 1.1048601, 0.737573, 0.18404397]
[1.4670529, 0.56561124, 0.71512985, 0.1863119]
[1.7718729, 0.8241025, 0.7585938, 0.18917656]
[1.6311581, 0.9053229, 0.53337735, 0.19245796]
[1.805167, 0.70865273, 0.9099985, 0.18651581]
[1.8585508, 1.0664535, 0.59238046, 0.19971678]
[1.8144894, 0.7817856, 0.8459294, 0.18677437]
[1.492765, 0.72455144, 0.57063794, 0.19757561]
[1.895475, 0.71831894, 0.9939857, 0.18317044]
[1.4422091, 0.74956846, 0.50289273, 0.18974796]
[1.8054156, 0.85670185, 0.7583722, 0.19034164]
[1.808313, 0.75764513, 0.86290014, 0.1877677]
[1.6704559, 0.8549012, 0.6146627, 0.20089194]
[1.8132488, 0.89169264, 0.73606145, 0.18549466]
[1.8525583, 0.73076594, 0.9450182, 0.17677419]
[2.099817, 0.9727823, 0.92881703, 0.19821769]
[1.6197968, 0.8926569, 0.54284257, 0.18429731]
[1.7240641, 0.822101, 0.7140981, 0.18786508]
[1.4210428, 0.3446453, 0.89299524, 0.1834023]
[1.7716703, 1.067909, 0.5176643, 0.186097]
[1.5511647, 0.54363906, 0.83275646, 0.17476928]
[1.5712384, 0.7707939, 0.60020447, 0.20023999]
[1.6606516, 0.7039796, 0.772754, 0.18391785]
[1.7316573, 0.7731854, 0.7718294, 0.18664244]
[1.6080303, 0.7527752, 0.6509188, 0.20433637]
[1.6511497, 0.80092275, 0.6657177, 0.18450934]
[1.5686616, 0.8268532, 0.56409454, 0.17771375]
[1.6487001, 0.40302944, 1.063341, 0.18232962]
[1.6195891, 0.8268736, 0.61930746, 0.17340803]
[1.5125597, 0.5571151, 0.74086165, 0.21458286]
[1.7375321, 0.8780157, 0.67511797, 0.18439847]
[1.9120116, 0.7776575, 0.93000865, 0.2043455]
[1.7114708, 0.6241102, 0.8993548, 0.18800576]
[1.5658183, 0.6442226, 0.71732193, 0.20427373]
[1.643781, 0.7614779, 0.6932314, 0.18907161]
[2.0467498, 1.1391535, 0.6988482, 0.20874801]
[1.6353971, 0.6825586, 0.76045835, 0.19238004]
[1.7246299, 0.91999686, 0.6457224, 0.15891057]
[1.5451748, 0.5411337, 0.8150945, 0.1889467]
[1.6384952, 0.73412186, 0.7216417, 0.18273167]
[1.6684732, 0.7389349, 0.7340719, 0.19546655]
[1.496319, 0.7183823, 0.59684366, 0.18109316]
[1.6981646, 0.89322066, 0.59875757, 0.20618641]
[1.5621598, 0.4862312, 0.8814802, 0.19444835]
[1.7829497, 1.0962055, 0.5046362, 0.18210799]
[1.5526292, 0.42944172, 0.9424283, 0.18075919]
[1.6008122, 0.70780444, 0.7014606, 0.1915472]
[1.8098903, 0.62797916, 1.0197774, 0.16213375]
[1.6664381, 0.89013886, 0.5740174, 0.20228186]
[1.7668924, 0.9086523, 0.6636505, 0.19458966]
[1.9496721, 0.83781445, 0.9351664, 0.17669122]
[1.8132967, 0.8124666, 0.79766506, 0.20316492]
[2.0366611, 0.9681471, 0.86561024, 0.20290385]
[1.863753, 0.87403595, 0.79931206, 0.19040504]
[1.3964831, 0.4733427, 0.7453147, 0.17782569]
[1.7245268, 0.9618199, 0.5781117, 0.18459526]
[1.6960543, 0.7928801, 0.7245606, 0.17861351]
[1.4346575, 0.44555196, 0.7934859, 0.19561955]
[1.8688669, 0.9117049, 0.7707537, 0.18640831]
[1.8075398, 0.7792665, 0.8503839, 0.1778895]
[1.7891968, 0.73575956, 0.8500464, 0.20339096]
[1.4405448, 0.73749155, 0.5234226, 0.1796307]
[2.0022378, 0.9987447, 0.816844, 0.18664896]
[1.7086151, 0.7313414, 0.7967832, 0.18049046]
[1.7291095, 0.8330479, 0.7135534, 0.18250829]
[1.6035765, 0.7160542, 0.6974784, 0.19004393]
[1.5781975, 0.7370919, 0.6454945, 0.19561097]
[1.8071638, 0.8269297, 0.77716607, 0.20306812]
[1.4479423, 0.6456902, 0.6198614, 0.18239069]
[1.8811622, 0.8951865, 0.81697, 0.16900563]
[1.774848, 0.93669426, 0.6626767, 0.17547698]
[1.5850713, 0.6085198, 0.79398763, 0.18256393]
[1.7337496, 0.72111434, 0.81753147, 0.19510394]
[1.4583833, 0.7527672, 0.5124452, 0.19317093]
[1.6504376, 0.7902919, 0.6643281, 0.19581756]
[1.60611, 0.76518184, 0.65110695, 0.18982117]
[1.8771861, 0.72360814, 0.95625496, 0.19732296]
[1.6520007, 0.90444255, 0.5651572, 0.182401]
[1.8292164, 0.8216249, 0.83681107, 0.17078039]
[1.635214, 0.6590965, 0.7861018, 0.19001567]
[1.7492155, 0.76031756, 0.80454254, 0.18435535]
[1.6097677, 0.67918694, 0.74789095, 0.18268985]
[1.4964901, 0.8003272, 0.50399977, 0.19216308]
[1.7045656, 0.93814677, 0.57864475, 0.18777406]
[1.7415667, 0.5954907, 0.9471426, 0.19893336]
[1.7101315, 0.7228288, 0.78668153, 0.20062128]
[1.7719073, 0.91898394, 0.6667612, 0.1861622]
[1.4826827, 0.5462549, 0.74052674, 0.19590114]
[1.5529528, 0.83343536, 0.5245916, 0.19492581]
[1.6987604, 0.7643967, 0.7453215, 0.18904224]
[1.5761353, 0.6491, 0.7597296, 0.16730557]
[1.7824819, 0.55284107, 1.0276356, 0.20200533]
[1.5421956, 0.77792615, 0.5701237, 0.19414562]
[2.0467749, 0.9333668, 0.930025, 0.18338305]
[1.801888, 0.78855133, 0.8250208, 0.18831581]
[1.6265512, 0.65199673, 0.80043566, 0.17411882]
[1.8950901, 1.144466, 0.56709373, 0.18353033]
[1.5206712, 0.6156929, 0.73263615, 0.17234217]
[1.2977107, 0.526559, 0.57933795, 0.1918137]
[1.3713921, 0.53915966, 0.64423454, 0.18799794]
[1.7016659, 0.60389936, 0.8758682, 0.22189829]
[1.8782574, 0.97948855, 0.6955217, 0.20324723]
[1.8616592, 0.97066, 0.7001504, 0.1908488]
[1.7422183, 0.7269821, 0.84591436, 0.1693218]
[1.5847332, 0.69069475, 0.7064595, 0.18757886]
[1.6270428, 0.84549963, 0.58408684, 0.1974564]
[1.4586762, 0.58018696, 0.69203377, 0.18645544]
[1.7543819, 0.821226, 0.73775417, 0.19540161]
[1.8547566, 0.81204957, 0.8451637, 0.19754332]
[1.7083546, 0.8429341, 0.66877645, 0.19664405]
[1.557324, 0.5585916, 0.80662185, 0.19211066]
[1.4851332, 0.5175931, 0.76702565, 0.20051448]
[1.8312247, 0.8978012, 0.73211586, 0.20130755]
[1.809335, 0.82625175, 0.7858701, 0.19721317]
[1.5331159, 0.639403, 0.7078968, 0.18581605]
[1.5091765, 0.65635407, 0.67029905, 0.18252337]
[1.3450421, 0.626988, 0.49621093, 0.2218431]
[1.7211928, 0.68773204, 0.824042, 0.2094188]
[1.3437515, 0.42494732, 0.72497153, 0.1938328]
[1.783398, 0.85195935, 0.7405235, 0.19091523]
[1.6954216, 0.8909413, 0.5958706, 0.20860969]
[1.9298592, 0.5070593, 1.2281611, 0.1946387]
[1.7426617, 1.0174387, 0.5142977, 0.2109254]
[1.6801617, 0.74552166, 0.7358823, 0.19875783]
[1.8466511, 0.88187253, 0.7819909, 0.1827876]
[1.7153544, 0.7776214, 0.7563657, 0.18136743]
[1.8957518, 0.8072344, 0.90710473, 0.18141265]
[1.5977877, 0.76044023, 0.64673734, 0.19061014]
[1.6302005, 0.7350093, 0.71683323, 0.17835791]
[1.6148117, 0.81938267, 0.58428276, 0.21114619]
[1.787028, 0.83597517, 0.77024066, 0.18081214]
[1.9486941, 0.75509715, 0.9890256, 0.20457132]
[1.7027926, 0.95734525, 0.55220497, 0.19324249]
[1.645193, 0.694337, 0.7493075, 0.20154849]
[1.6694182, 0.7292714, 0.7567706, 0.18337618]
[1.6322446, 0.55688083, 0.874947, 0.20041677]
[1.9281919, 1.0724893, 0.66162944, 0.19407317]
[1.714147, 0.73761237, 0.75557446, 0.22096014]
[1.7396085, 0.6302229, 0.9135634, 0.19582227]
[1.7091409, 0.85610783, 0.6736772, 0.17935583]
[1.5928689, 0.65955126, 0.74392307, 0.18939462]
[1.5803101, 0.69009745, 0.70145845, 0.1887542]
[1.8586864, 0.7732928, 0.8703161, 0.2150776]
[1.8164258, 0.95169693, 0.67381895, 0.19090983]
[1.6666163, 0.75927866, 0.718179, 0.18915865]
[1.6879823, 0.881451, 0.63510746, 0.17142394]
[1.5065718, 0.54031503, 0.80003005, 0.16622666]
[1.5626739, 0.8881508, 0.465417, 0.20910612]
[1.6401491, 0.6886989, 0.76266795, 0.18878227]
[1.6813308, 0.8698766, 0.6389298, 0.17252432]
[2.0199077, 0.7520535, 1.0794969, 0.18835725]
[1.7700864, 0.68905044, 0.87682843, 0.20420755]
[1.7444308, 0.8633544, 0.7044647, 0.17661169]
[1.631632, 0.83830094, 0.6296014, 0.16372955]
[1.4565728, 0.5232618, 0.72490525, 0.2084057]
[1.8885968, 1.0845244, 0.60992634, 0.19414608]
[1.5088733, 0.66242266, 0.6517194, 0.19473138]
[1.620167, 0.7939891, 0.6134517, 0.2127261]
[1.8777264, 0.7727751, 0.9183388, 0.18661249]
[1.6336417, 0.676862, 0.77422166, 0.18255807]
[1.830366, 0.60273486, 1.0261259, 0.20150527]
[1.5806098, 0.80573696, 0.58258045, 0.19229242]
[1.5540507, 0.77373534, 0.5719172, 0.20839806]
[1.701673, 0.7598087, 0.72281736, 0.21904689]
[2.0810678, 1.0165911, 0.8709769, 0.19349985]
[1.6286315, 0.56087065, 0.87656456, 0.1911963]
[1.62595, 0.80038285, 0.63708997, 0.1884772]
[1.6321499, 0.6687894, 0.74956894, 0.21379158]
[1.7926108, 0.786605, 0.80058336, 0.20542243]
[1.4733608, 0.7058373, 0.56068397, 0.20683956]
[1.35863, 0.61225647, 0.5530053, 0.19336817]
[1.5436609, 0.7375897, 0.60196114, 0.20410997]
[1.8385564, 0.6922544, 0.9123034, 0.23399866]
[1.7388439, 0.7633086, 0.75972825, 0.21580708]
[1.843384, 0.9716807, 0.6838496, 0.18785387]
[1.4868389, 0.48541254, 0.8124118, 0.18901452]
[1.7568678, 0.8138551, 0.7243094, 0.21870324]
[1.5637047, 0.6126623, 0.7327427, 0.2182996]
[1.6329526, 0.7311966, 0.71283984, 0.18891612]
[1.6860123, 0.81812984, 0.65274036, 0.21514195]
[1.4573383, 0.6122956, 0.6225611, 0.22248155]
[1.8671036, 0.6572451, 0.99057543, 0.21928304]
[1.6261985, 0.88165635, 0.54478896, 0.19975322]
[1.5689187, 0.621799, 0.7534767, 0.19364306]
[1.6554792, 0.63092774, 0.7962608, 0.22829068]
[1.747443, 0.7814126, 0.74375665, 0.22227374]
[1.8363603, 0.82700217, 0.79687715, 0.21248099]
[1.5783513, 0.7753018, 0.5730614, 0.22998816]
[1.4859602, 0.6202184, 0.65095615, 0.2147857]
[1.7384472, 0.809391, 0.71243, 0.21662612]
[1.4553529, 0.66252196, 0.57258046, 0.22025046]
[2.0720737, 0.8535042, 1.0224056, 0.19616388]
[1.550078, 0.7153109, 0.6237571, 0.21101007]
[1.7734977, 0.8449296, 0.7388012, 0.18976703]
[1.5147038, 0.6127815, 0.66931105, 0.23261118]
[1.9693159, 0.9509406, 0.79180944, 0.22656585]
[1.6317908, 0.6978102, 0.72861934, 0.20536128]
[1.6480875, 0.87207544, 0.5647948, 0.21121734]
[1.9070505, 0.7538525, 0.9334381, 0.2197598]
[1.713472, 0.95439094, 0.5561851, 0.202896]
[1.8601961, 0.80294114, 0.87255144, 0.18470353]
[1.6983682, 0.817528, 0.68857586, 0.19226429]
[1.8200802, 0.6843449, 0.93164563, 0.20408961]
[1.6990907, 0.8654939, 0.63862586, 0.1949709]
[1.7271559, 0.6620246, 0.8530909, 0.2120404]
[1.5399859, 0.8029512, 0.54521924, 0.19181538]
[1.7043473, 0.7069515, 0.800439, 0.19695672]
[1.6072338, 0.76500344, 0.63508904, 0.2071413]
[1.508239, 0.7200902, 0.57972723, 0.20842157]
[1.645582, 0.6946723, 0.7446681, 0.20624158]
[1.565944, 0.7748989, 0.57741654, 0.21362852]
[1.8795271, 0.640218, 1.0198765, 0.21943264]
[1.5806139, 0.9396646, 0.42731833, 0.21363091]
[1.5791703, 0.55400854, 0.8262496, 0.19891228]
[1.2864714, 0.75300723, 0.33525085, 0.19821334]
[1.6184452, 0.68589777, 0.72853446, 0.20401281]
[1.6926771, 0.6169255, 0.8487588, 0.22699283]
[1.5076717, 0.59043574, 0.7262683, 0.19096765]
[1.959278, 0.8340106, 0.9171198, 0.20814764]
[1.5612605, 0.89739954, 0.44907814, 0.21478271]
[1.692325, 0.53865623, 0.9508877, 0.20278113]
[1.9931993, 1.2347085, 0.5589355, 0.19955534]
[1.8623202, 0.708968, 0.959506, 0.19384626]
[1.7856451, 0.9221975, 0.6750257, 0.18842185]
[1.6103972, 0.770149, 0.65177655, 0.1884717]
[1.4330049, 0.55977666, 0.67108953, 0.2021387]
[1.6704816, 0.97911215, 0.4907899, 0.20057954]
[1.9110594, 0.6420069, 1.0513369, 0.21771556]
[1.9073246, 0.96057564, 0.7479799, 0.19876912]
[1.8645885, 0.862645, 0.8108851, 0.19105844]
[1.864893, 0.7083895, 0.9658507, 0.1906527]
[1.7090641, 0.7600375, 0.76537967, 0.183647]
[1.6222528, 0.702348, 0.7284301, 0.19147477]
[1.6579293, 0.7216579, 0.733248, 0.20302346]
[1.7702408, 0.7675535, 0.8047961, 0.19789124]
[1.9817727, 1.2177539, 0.570483, 0.19353577]
[1.6786101, 0.64663184, 0.85443336, 0.17754486]
[1.5855163, 0.64216864, 0.75594914, 0.18739852]
[1.396078, 0.5589919, 0.6502099, 0.18687621]
[1.8785781, 0.9161875, 0.7626902, 0.19970036]
[1.7842388, 0.7902359, 0.80262244, 0.19138055]
[1.8596854, 0.8862469, 0.78027576, 0.19316266]
[1.8005409, 0.85804105, 0.77482224, 0.16767766]
[1.5614886, 0.4901372, 0.89836836, 0.17298302]
[1.5498149, 0.5633007, 0.7997478, 0.18676643]
[1.6648273, 0.8397835, 0.6377051, 0.18733877]
[1.8016589, 0.7728009, 0.8482529, 0.18060502]
[1.3181772, 0.50516534, 0.6137197, 0.19929214]
[1.4632638, 0.63456845, 0.64657205, 0.18212315]
[1.6140556, 0.89795053, 0.5119972, 0.20410785]
[1.5519238, 0.408568, 0.95419466, 0.189161]
[1.6858342, 0.73420537, 0.760893, 0.19073576]
[1.921295, 0.9412469, 0.78407377, 0.19597436]
[1.6640842, 0.8024038, 0.679484, 0.18219632]
[1.7322721, 0.66684306, 0.8823898, 0.18303937]
[1.8818606, 0.8514819, 0.8482578, 0.18212089]
[1.7001096, 0.7214041, 0.7906711, 0.18803445]
[1.8615875, 0.77831554, 0.8884027, 0.19486922]
[1.542942, 0.59824264, 0.7545828, 0.19011663]
[1.780433, 0.76266056, 0.8460484, 0.17172413]
[1.5893991, 0.7498417, 0.6406381, 0.19891934]
[1.6752353, 0.8363733, 0.64882, 0.19004196]
[1.7350988, 0.74645853, 0.8052963, 0.18334407]
[1.6956263, 0.7142137, 0.78730845, 0.1941041]
[1.6434067, 0.7420581, 0.7065279, 0.19482078]
[1.5123067, 0.6870749, 0.65653443, 0.1686973]
[1.7119048, 0.70953095, 0.81060076, 0.19177301]
[1.9095287, 0.9863365, 0.71976674, 0.20342538]
[1.4436489, 0.5586376, 0.7037568, 0.18125452]
[1.6076674, 0.49442977, 0.914397, 0.19884056]
[1.8582544, 0.9263598, 0.74428284, 0.18761188]
[1.8751891, 0.8035417, 0.8658135, 0.20583397]
[1.6404418, 0.638404, 0.82160103, 0.18043669]
[1.7489827, 0.8833566, 0.66060305, 0.20502299]
[1.8420856, 0.9011951, 0.7498256, 0.1910648]
[1.7662973, 0.7437426, 0.8310152, 0.19153956]
[1.5383158, 0.75304794, 0.61206126, 0.17320657]
[1.6818548, 0.7951808, 0.6959388, 0.19073522]
[1.6154815, 0.69240415, 0.71378887, 0.2092885]
[1.8336809, 0.8583049, 0.7722401, 0.20313585]
[1.7496223, 0.7415185, 0.81915724, 0.18894657]
[1.6523337, 0.7271145, 0.73176134, 0.1934579]
[1.4794426, 0.5229553, 0.7576323, 0.19885498]
[1.9344183, 0.7961727, 0.91782343, 0.22042215]
[1.7028856, 0.9537799, 0.5543291, 0.1947766]
[1.7438265, 0.732771, 0.82438314, 0.18667237]
[1.5004177, 0.814217, 0.50068617, 0.1855146]
[1.8767527, 0.5967345, 1.081083, 0.19893518]
[1.5806911, 0.8547254, 0.53843427, 0.18753147]
[1.5180527, 0.5912777, 0.7277812, 0.19899377]
[1.5627646, 0.7013382, 0.6689599, 0.19246656]
[1.5220803, 0.7084476, 0.59691286, 0.21671988]
[1.664284, 0.8061887, 0.6739756, 0.18411973]
[1.619579, 0.5539465, 0.85931516, 0.2063173]
[2.0032377, 1.1287102, 0.68027025, 0.19425724]
[1.605736, 0.5474359, 0.8513759, 0.20692416]
[1.6777711, 0.80087245, 0.68872815, 0.18817046]
[1.6188072, 0.6238806, 0.8042942, 0.19063237]
[1.7158617, 0.9649309, 0.5414797, 0.20945105]
[1.6853712, 0.7479638, 0.7449867, 0.19242069]
[1.8430444, 0.8159195, 0.8434688, 0.18365611]
[1.670346, 0.8557675, 0.6251309, 0.18944764]
[1.8217827, 0.8217672, 0.80572605, 0.1942894]
[1.5933481, 0.71043694, 0.67145073, 0.2114605]
[1.2760303, 0.6239072, 0.4342599, 0.21786326]
[1.6291184, 0.78563917, 0.6515901, 0.19188917]
[1.7876184, 0.67559224, 0.8877048, 0.22432137]
[1.5779561, 0.6024085, 0.7742547, 0.20129287]
[1.7262794, 1.0050559, 0.49382684, 0.22739664]
[1.6142716, 0.77020884, 0.6347184, 0.20934437]
[1.6902937, 0.85222316, 0.63256305, 0.20550743]
[1.7947131, 0.6414002, 0.95137274, 0.20194022]
[1.7962917, 1.0546129, 0.55931336, 0.18236549]
[1.7747192, 0.6693947, 0.8998761, 0.20544843]
[1.6180406, 0.611259, 0.8332187, 0.17356282]
[1.554811, 0.85660774, 0.4932578, 0.20494539]
[1.7091908, 0.6913159, 0.80340695, 0.21446799]
[1.6693963, 0.66628456, 0.78440285, 0.2187089]
[1.7019379, 0.8668987, 0.6257312, 0.2093079]
[1.7005748, 0.77134264, 0.76089436, 0.16833767]
[1.896802, 0.7622858, 0.9432891, 0.19122702]
[1.898473, 0.8150594, 0.8925904, 0.19082323]
[1.7884588, 1.0159984, 0.58861864, 0.18384184]
[1.6846513, 0.66133547, 0.8345315, 0.1887842]
[1.7436196, 0.6443164, 0.9351958, 0.16410744]
[1.6004171, 0.67377675, 0.7330454, 0.19359498]
[1.5736252, 0.7932168, 0.5859528, 0.19445555]
[1.6200306, 0.64885294, 0.7751315, 0.19604614]
[1.5181644, 0.5674073, 0.7506455, 0.20011163]
[1.8630114, 0.96544003, 0.69972575, 0.19784552]
[1.924088, 0.80896616, 0.9209284, 0.19419336]
[1.8053882, 0.73880213, 0.85039246, 0.21619368]
[1.7422476, 0.9475629, 0.59688216, 0.19780257]
[1.8689119, 0.76305044, 0.92277753, 0.18308385]
[1.6513839, 0.46693903, 0.9991916, 0.18525326]
[1.8078973, 0.83796936, 0.77315086, 0.19677705]
[1.5871606, 0.6446203, 0.7582176, 0.18432269]
[1.7173752, 0.7473614, 0.75026214, 0.2197516]
[1.8591918, 0.9266397, 0.7569171, 0.17563501]
[1.6755375, 0.8589077, 0.63625634, 0.18037346]
[1.6592612, 0.62891245, 0.8365605, 0.1937883]
[1.4668528, 0.6307471, 0.6369185, 0.19918717]
[1.7395972, 0.787396, 0.7526839, 0.19951734]
[1.838614, 0.8063152, 0.8510889, 0.18120986]
[1.7477775, 0.53903174, 1.0102391, 0.19850656]
[1.555204, 0.7292167, 0.630578, 0.19540942]
[1.5796217, 0.71049625, 0.6821953, 0.18693009]
[1.658367, 0.7123567, 0.74801004, 0.19800031]
[1.8426538, 0.86538714, 0.7854258, 0.19184089]
[1.7355987, 0.7042619, 0.83884025, 0.1924965]
[1.7939808, 1.0256064, 0.57569015, 0.19268428]
[1.6750244, 0.5467942, 0.9549185, 0.17331174]
[1.8190486, 1.0296848, 0.61206895, 0.17729494]
[1.9471393, 0.81088126, 0.92816126, 0.20809677]
[1.4843075, 0.648849, 0.6497584, 0.18570018]
[1.4644172, 0.73945844, 0.5403968, 0.18456197]
[1.382113, 0.51493645, 0.70507514, 0.16210137]
[1.7765204, 0.850528, 0.72970575, 0.19628659]
[1.5649505, 0.6673101, 0.71943694, 0.17820337]
[1.5429343, 0.680958, 0.68041885, 0.18155757]
[1.5776614, 0.7440271, 0.6403357, 0.19329867]
[1.7791295, 0.84069383, 0.7423588, 0.19607693]
[1.7175603, 0.9277156, 0.58332646, 0.20651811]
[1.652721, 0.6221418, 0.82506573, 0.20551363]
[1.5861986, 0.78448325, 0.6137084, 0.18800685]
[1.4887333, 0.7973392, 0.5091084, 0.1822856]
[1.9379609, 0.682373, 1.0418003, 0.21378753]
[1.8802611, 1.0704337, 0.61739564, 0.19243172]
[1.6022136, 0.48979196, 0.93965685, 0.17276482]
[1.7353287, 1.1358981, 0.42390084, 0.17552975]
[1.5594816, 0.53349876, 0.83277667, 0.19320613]
[1.6354204, 0.8077514, 0.6389613, 0.18870768]
[1.9626564, 0.8541854, 0.90833014, 0.20014086]
[1.6796914, 0.8501694, 0.6424451, 0.18707688]
[1.7831521, 0.7693099, 0.8238387, 0.19000353]
[1.806017, 0.96660006, 0.6589737, 0.18044326]
[1.6183748, 0.6146546, 0.8129577, 0.19076258]
[1.687422, 0.9159944, 0.5909629, 0.1804648]
[1.6166757, 0.70983523, 0.727651, 0.17918953]
[1.7555957, 0.70808244, 0.8460405, 0.20147279]
[1.5237212, 0.56416523, 0.7566601, 0.20289586]
[1.7280601, 0.7707954, 0.7721425, 0.18512212]
[1.9339373, 0.8200979, 0.92326695, 0.1905725]
[1.8591299, 0.860075, 0.808666, 0.19038892]
[1.8184148, 0.9245035, 0.7028256, 0.1910857]
[1.517177, 0.5574477, 0.7849033, 0.17482607]
[1.5214891, 0.55240977, 0.7691128, 0.19996656]
[1.5506985, 0.8398564, 0.5297469, 0.18109521]
[1.544715, 0.7158563, 0.62964654, 0.19921224]
[1.5763543, 0.5789472, 0.801906, 0.19550106]
[1.9632213, 1.0444844, 0.7205034, 0.19823357]
[1.6379738, 0.55702555, 0.8789784, 0.20196988]
[1.6034567, 0.71630716, 0.686018, 0.20113158]
[1.3152807, 0.52965945, 0.5870414, 0.19857973]
[1.6835665, 0.7632516, 0.73617935, 0.18413553]
[1.6549585, 0.67340076, 0.78453934, 0.19701837]
[1.9163079, 1.0018874, 0.6934761, 0.22094443]
[1.7858896, 0.8396562, 0.7633375, 0.18289591]
[1.918824, 0.69591075, 1.0389391, 0.18397397]
[1.6751773, 0.9619179, 0.5084704, 0.20478909]
[1.7549094, 0.6360996, 0.9242836, 0.1945262]
[1.8243026, 0.70280707, 0.93468034, 0.18681519]
[1.7527652, 0.9239509, 0.6378689, 0.19094545]
[1.8151398, 0.9248396, 0.71777767, 0.17252249]
[1.6599197, 0.51030624, 0.9825178, 0.1670956]
[1.7938004, 1.0797774, 0.5435276, 0.17049535]
[1.7484479, 0.8044097, 0.74203575, 0.20200258]
[1.4948838, 0.58318233, 0.72391564, 0.18778583]
[1.7171053, 0.8743116, 0.649395, 0.1933986]
[1.8525037, 0.6926459, 0.9723879, 0.18746987]
[1.9814372, 0.9773972, 0.8165955, 0.18744445]
[1.6334012, 0.69022584, 0.75812125, 0.18505403]
[1.6817294, 0.9991165, 0.50712293, 0.17549004]
[1.8901767, 0.8704479, 0.8530071, 0.16672166]
[1.7357782, 0.7857634, 0.7638813, 0.1861335]
[1.6454684, 0.6630785, 0.7962552, 0.1861347]
[1.7343163, 0.85657954, 0.69906235, 0.17867444]
[1.5068616, 0.66140693, 0.678845, 0.16660967]
[2.0036871, 0.9049424, 0.89688003, 0.20186478]
[1.8863829, 1.0619426, 0.6549606, 0.16947976]
[1.6442947, 0.5562829, 0.91855156, 0.16946024]
[1.859389, 0.7021474, 0.97356915, 0.18367228]
[1.9865673, 1.0100024, 0.81759155, 0.15897334]
[1.7303866, 0.8810768, 0.6879312, 0.16137864]
[1.8577079, 0.7474903, 0.932384, 0.17783359]
[1.644995, 0.7900957, 0.67167616, 0.18322307]
[1.3586671, 0.5707269, 0.6199357, 0.16800451]
[1.778161, 0.9065641, 0.69643486, 0.17516209]
[1.6696494, 0.62088645, 0.883458, 0.16530491]
[1.5383519, 0.69450325, 0.6687832, 0.17506538]
[1.724186, 0.7253752, 0.7957119, 0.20309895]
[1.6566021, 0.7900296, 0.69141203, 0.17516059]
[1.8183875, 0.7474499, 0.89114475, 0.17979288]
[1.7213935, 0.77519757, 0.77403986, 0.17215598]
[1.6333777, 0.75953585, 0.6963007, 0.17754118]
[1.9019755, 0.9401562, 0.7631851, 0.1986343]
[1.6224142, 0.67005354, 0.7724144, 0.17994627]
[1.4688492, 0.4929179, 0.7938576, 0.18207365]
[1.9520636, 1.0007031, 0.773207, 0.17815351]
[1.8178017, 0.83778095, 0.78425086, 0.19576995]
[1.7422245, 0.64580345, 0.9019442, 0.1944768]
[1.7686507, 0.8030851, 0.79506004, 0.17050551]
[2.1804538, 0.83608747, 1.1466148, 0.19775152]
[1.8673495, 0.89750004, 0.7803509, 0.18949851]
[1.851175, 0.9588557, 0.71852595, 0.1737933]
[1.7130622, 0.62221754, 0.931669, 0.15917563]
[1.6259594, 0.746649, 0.6849671, 0.19434328]
[1.5683482, 0.635361, 0.7485142, 0.18447304]
[1.5503895, 0.67886543, 0.6870121, 0.18451205]
[1.3906952, 0.4114561, 0.82706296, 0.15217614]
[1.7316885, 0.8568522, 0.68293774, 0.19189863]
[1.7475839, 0.85688305, 0.71564233, 0.17505854]
[1.8308718, 0.7941098, 0.8603882, 0.17637372]
[1.5265442, 0.73365957, 0.62424076, 0.1686438]
[1.765063, 0.6855849, 0.89706707, 0.18241113]
[1.5678092, 0.6921635, 0.6990322, 0.1766134]
[1.7572485, 0.73658526, 0.81364596, 0.20701733]
[1.3296472, 0.5156115, 0.6303284, 0.18370724]
[1.7968621, 0.97801757, 0.6125943, 0.20625022]
[1.6481422, 0.6145804, 0.84890795, 0.18465386]
[2.1392212, 1.0439806, 0.8915063, 0.20373431]
[1.7076011, 0.7017591, 0.8350229, 0.17081904]
[1.5991873, 0.7833759, 0.6443174, 0.17149386]
[1.8029487, 0.9404849, 0.6716178, 0.19084597]
[1.6032531, 0.7391962, 0.68180317, 0.18225378]
[1.7201599, 0.7363267, 0.7994018, 0.18443143]
[1.7429819, 0.8798566, 0.6683037, 0.19482163]
[1.4029413, 0.6585434, 0.56874824, 0.17564972]
[1.5504191, 0.75397336, 0.60936844, 0.18707728]
[1.299471, 0.55768836, 0.56788784, 0.17389476]
[1.9055915, 0.8634457, 0.8440974, 0.1980483]
[1.5159365, 0.6161398, 0.6882194, 0.2115773]
[1.7715471, 0.8936826, 0.6748985, 0.20296595]
[1.8256389, 0.8074857, 0.80271226, 0.2154409]
[1.8537085, 0.85723263, 0.8059372, 0.19053864]
[1.7143297, 0.93537545, 0.57455516, 0.20439905]
[1.6824025, 0.7143032, 0.7926327, 0.17546664]
[1.6651708, 0.8621576, 0.6133296, 0.18968356]
[1.6173664, 0.7562769, 0.6677265, 0.19336307]
[1.3258942, 0.47151703, 0.65549946, 0.19887766]
[2.0451243, 1.2378854, 0.6126821, 0.19455679]
[1.9542272, 0.7416762, 1.0353324, 0.17721853]
[2.0634973, 1.1705663, 0.7019702, 0.19096085]
[1.7857523, 0.8028346, 0.819159, 0.16375871]
[1.6382873, 0.76949775, 0.6784283, 0.19036125]
[1.6280404, 0.6505476, 0.7965553, 0.18093756]
[1.6729912, 0.7620983, 0.7248951, 0.1859977]
[1.6608313, 0.6399956, 0.82729816, 0.19353762]
[1.8946463, 0.93456066, 0.76761246, 0.19247319]
[1.5514462, 0.71744394, 0.6587073, 0.17529485]
[1.4872749, 0.7028612, 0.6080164, 0.17639735]
[1.4753528, 0.7040625, 0.5730969, 0.19819331]
[1.682669, 0.64812165, 0.83992076, 0.19462669]
[1.6490288, 0.7492368, 0.70333433, 0.19645768]
[1.8673797, 0.80798215, 0.88832116, 0.17107636]
[1.8448195, 0.95002854, 0.7002218, 0.1945692]
[1.6690494, 0.54546267, 0.9331118, 0.19047484]
[1.5182502, 0.66072875, 0.67622906, 0.18129238]
[1.6034397, 0.7939024, 0.62650317, 0.18303402]
[1.3441224, 0.68368864, 0.46970558, 0.19072816]
[1.6331712, 0.7304492, 0.69720596, 0.20551595]
[1.688062, 0.59072554, 0.9066375, 0.19069892]
[1.8091162, 0.8572171, 0.758937, 0.1929622]
[1.8035332, 0.72838366, 0.8653858, 0.20976381]
[1.5261565, 0.78434926, 0.54276335, 0.19904384]
[1.7523425, 0.7206977, 0.81978536, 0.21185946]
[1.8312495, 1.0004079, 0.60823107, 0.22261044]
[1.7977751, 0.45262265, 1.1466501, 0.19850239]
[1.6573613, 0.8407142, 0.61973715, 0.19690996]
[1.6642797, 0.72328174, 0.7570352, 0.18396276]
[1.6439815, 0.8567368, 0.5904708, 0.19677386]
[1.6832259, 0.6275095, 0.8685256, 0.1871908]
[1.6800635, 0.7264316, 0.75581753, 0.19781429]
[1.7642889, 0.7151808, 0.8551304, 0.19397771]
[1.928422, 0.8437663, 0.8670659, 0.21758986]
[1.9365236, 1.0992925, 0.6417364, 0.19549462]
[1.8386693, 0.7547651, 0.8994776, 0.1844266]
[1.855725, 0.7378181, 0.9373933, 0.18051365]
[1.9151943, 1.0149837, 0.7110349, 0.18917572]
[1.9522204, 0.86810577, 0.89912194, 0.18499276]
[1.8027806, 0.80905545, 0.8259102, 0.16781491]
[1.4782531, 0.5804733, 0.73080695, 0.16697282]
[1.586504, 0.7878026, 0.61208606, 0.18661533]
[1.5943806, 0.65338445, 0.74001586, 0.20098025]
[1.5985943, 0.8160027, 0.60996425, 0.17262736]
[1.4517704, 0.6508795, 0.608544, 0.1923469]
[1.4995176, 0.60406554, 0.70190334, 0.19354866]
[1.717145, 0.8915827, 0.6220969, 0.20346537]
[1.8027442, 0.6946525, 0.9108888, 0.19720295]
[1.7852725, 0.8137113, 0.7740494, 0.19751178]
[1.8420135, 0.7619237, 0.8767141, 0.20337567]
[1.6876874, 0.73899543, 0.75800765, 0.19068436]
[1.526513, 0.6436794, 0.6910947, 0.19173892]
[1.6203632, 0.74696577, 0.6847967, 0.18860081]
[1.7090428, 0.6839897, 0.8299438, 0.19510937]
[1.5931358, 0.7896464, 0.5931731, 0.21031636]
[1.4648345, 0.85253143, 0.4093684, 0.20293465]
[1.6657917, 0.5987304, 0.8631086, 0.20395279]
[1.6296685, 0.660129, 0.75181603, 0.21772337]
[1.7937202, 0.91827726, 0.6846859, 0.19075705]
[1.5740161, 0.56921417, 0.8073145, 0.19748735]
[1.7473044, 0.8399047, 0.723582, 0.18381765]
[1.6930323, 0.63536155, 0.8642107, 0.19345993]
[1.5777276, 0.64258957, 0.72966695, 0.20547101]
[1.7086393, 0.68704826, 0.7980936, 0.22349742]
[1.5193135, 0.7163044, 0.58915234, 0.21385667]
[1.8059704, 0.8964393, 0.7273414, 0.18218966]
[1.579997, 0.51005155, 0.8407159, 0.22922961]
[1.5480711, 0.6715101, 0.6598574, 0.21670362]
[1.9134953, 1.0082936, 0.68551576, 0.21968585]
[1.8853455, 0.54855293, 1.1436143, 0.19317818]
[1.7006917, 0.9712479, 0.54505, 0.18439376]
[1.7005615, 0.95399755, 0.5464653, 0.20009872]
[1.7497073, 0.6940526, 0.8263087, 0.229346]
[1.8645856, 0.8082926, 0.8621059, 0.19418716]
[1.8097293, 0.77961034, 0.83487374, 0.1952452]
[1.7158943, 0.7235555, 0.79100883, 0.20133007]
[2.0171757, 1.0322535, 0.79797685, 0.18694538]
[1.481075, 0.5794202, 0.7000013, 0.20165342]
[1.6616496, 0.74123853, 0.7247105, 0.1957005]
[1.5135093, 0.7400181, 0.58889705, 0.18459414]
[1.9337518, 0.85921407, 0.89113575, 0.18340205]
[1.705251, 0.7751092, 0.7386879, 0.19145387]
[1.667525, 0.86682415, 0.6372071, 0.16349387]
[1.6111411, 0.720135, 0.71433693, 0.17666928]
[1.9282068, 0.97132236, 0.77330416, 0.18358028]
[1.95121, 0.8385334, 0.94172215, 0.1709545]
[1.5312979, 0.61311245, 0.6987364, 0.21944901]
[1.6555122, 0.8630684, 0.5896512, 0.20279254]
[1.7809995, 0.7498491, 0.8466792, 0.18447128]
