[1.7096437, 0.732661, 0.80487275, 0.17210996]
[1.5966837, 0.69488156, 0.7207831, 0.18101908]
[1.8054414, 0.8135634, 0.82171303, 0.17016494]
[2.1817677, 0.78980064, 1.2121346, 0.17983237]
[1.9145857, 0.75928664, 0.97063124, 0.18466784]
[1.8078847, 1.0749773, 0.5630295, 0.16987795]
[1.8152226, 0.814077, 0.82705784, 0.17408778]
[1.596821, 0.72463125, 0.708077, 0.16411272]
[1.7838068, 0.8364936, 0.7694639, 0.17784923]
[1.7452432, 0.7692056, 0.78786457, 0.18817309]
[1.434489, 0.57459295, 0.6807394, 0.17915668]
[1.7952826, 0.8440329, 0.7618831, 0.18936652]
[2.0183396, 0.8726355, 0.9585498, 0.18715423]
[1.882925, 0.8914412, 0.83503973, 0.15644406]
[1.8017914, 0.95784473, 0.67885196, 0.16509473]
[1.6990212, 0.6040288, 0.91205347, 0.1829389]
[1.5760608, 0.66272986, 0.735281, 0.17804998]
[1.6831934, 0.9419272, 0.58000416, 0.1612621]
[1.4709471, 0.6844021, 0.6056808, 0.18086424]
[1.5178927, 0.39747226, 0.9352688, 0.1851517]
[1.7038757, 0.9334078, 0.5739689, 0.19649902]
[1.7210532, 0.88238543, 0.6573794, 0.18128836]
[1.7130549, 0.6841343, 0.84623194, 0.18268867]
[1.8826035, 0.6607691, 1.0509148, 0.17091966]
[1.8005308, 0.9569965, 0.67050767, 0.17302671]
[1.6420095, 0.8327049, 0.6400864, 0.16921818]
[1.8274803, 0.8869506, 0.7719326, 0.16859706]
[1.4710677, 0.6742749, 0.62964714, 0.16714561]
[1.7701472, 0.7353338, 0.84039307, 0.19442031]
[1.6277992, 0.7702855, 0.69172853, 0.16578516]
[1.827201, 0.8233285, 0.82566774, 0.17820477]
[1.7085323, 0.81072146, 0.7143149, 0.183496]
[1.9504944, 0.8168847, 0.9826595, 0.1509502]
[1.8401877, 0.7239082, 0.94446975, 0.17180982]
[1.7978175, 0.8196199, 0.78117204, 0.19702557]
[1.729094, 0.81918263, 0.73599195, 0.17391945]
[1.4384184, 0.6710974, 0.59593326, 0.17138773]
[1.6252776, 0.8049321, 0.6392896, 0.18105587]
[1.4139369, 0.4567579, 0.77033913, 0.18683985]
[1.5164742, 0.6787443, 0.65488666, 0.18284316]
[1.7503722, 0.9044977, 0.67857856, 0.16729596]
[1.768455, 0.64147234, 0.9340547, 0.19292805]
[1.8671405, 0.9138545, 0.7578542, 0.1954318]
[1.8730131, 0.8324335, 0.84813446, 0.19244514]
[1.6054382, 0.6317314, 0.7713971, 0.2023097]
[1.7091796, 0.72869855, 0.7823379, 0.19814324]
[1.8793716, 0.84609956, 0.843137, 0.19013494]
[1.6643512, 0.8748517, 0.5932623, 0.19623727]
[1.6512206, 0.766497, 0.6924767, 0.19224685]
[1.3787885, 0.3864046, 0.8180429, 0.17434098]
[1.5718104, 0.6396408, 0.74345195, 0.18871765]
[1.4940033, 0.6769335, 0.6209346, 0.19613513]
[1.9927158, 0.8785031, 0.92596585, 0.18824703]
[1.6803058, 0.7104807, 0.76016957, 0.20965567]
[1.628181, 0.73796713, 0.69507325, 0.19514057]
[1.5660051, 0.7801999, 0.5806965, 0.20510879]
[1.7538877, 0.88872826, 0.6876572, 0.17750216]
[1.3098782, 0.4201698, 0.71027374, 0.17943466]
[1.4667857, 0.5474708, 0.6913414, 0.22797349]
[1.5067413, 0.7023361, 0.60500085, 0.1994043]
[1.7031384, 0.6916372, 0.815984, 0.1955171]
[1.8789345, 1.0500085, 0.631048, 0.19787797]
[1.6363486, 0.59268695, 0.8544766, 0.18918501]
[1.9636033, 1.0003535, 0.7624794, 0.20077044]
[1.7455206, 0.66547585, 0.8790779, 0.2009669]
[1.676061, 0.70866144, 0.7728668, 0.19453272]
[1.6040146, 0.8873699, 0.52888525, 0.1877595]
[1.4821415, 0.5465547, 0.72717196, 0.20841473]
[1.6362731, 0.73694366, 0.6984392, 0.20089024]
[1.6050805, 0.8026608, 0.60682917, 0.1955905]
[1.6686838, 0.7271792, 0.7279086, 0.2135959]
[1.7781513, 0.8471165, 0.7194787, 0.21155605]
[1.759134, 0.77661586, 0.7710408, 0.21147737]
[1.5670753, 0.6213145, 0.7301003, 0.21566044]
[1.6442537, 0.83228683, 0.59123087, 0.220736]
[1.5459057, 0.7373676, 0.61166936, 0.1968688]
[1.5676899, 0.7335776, 0.6366204, 0.19749187]
[1.7861152, 0.85282904, 0.72679067, 0.20649557]
[1.9482874, 1.0351555, 0.7057464, 0.20738545]
[1.6888881, 0.6381514, 0.83685076, 0.21388593]
[1.7904351, 0.75932467, 0.8230758, 0.20803457]
[1.4975269, 0.8025804, 0.50385803, 0.19108841]
[1.4680681, 0.4445734, 0.80354065, 0.21995397]
[1.9909375, 1.164144, 0.6166855, 0.21010798]
[1.5918554, 0.7085661, 0.6743606, 0.20892873]
[1.7137384, 0.74942, 0.74862355, 0.21569484]
[1.5426362, 0.6949873, 0.6766399, 0.1710089]
[1.554496, 0.7141235, 0.63168496, 0.20868753]
[1.5417165, 0.6859139, 0.6479644, 0.20783816]
[1.5327363, 0.512797, 0.82806194, 0.1918773]
[1.6181414, 0.8688365, 0.55002755, 0.19927746]
[1.743287, 0.6018338, 0.9262848, 0.21516833]
[1.746187, 1.0650108, 0.44438297, 0.23679334]
[1.6588082, 0.63767195, 0.8189129, 0.2022233]
[1.7007645, 0.7366657, 0.76358235, 0.20051643]
[1.535872, 0.77911437, 0.5563371, 0.20042047]
[1.7924044, 0.7583728, 0.83233356, 0.201698]
[1.7353315, 0.7120569, 0.80869913, 0.21457556]
[1.5961664, 0.73391557, 0.64329815, 0.2189526]
[1.6835128, 0.7372164, 0.74713635, 0.19916001]
[1.7219672, 0.71675754, 0.78185475, 0.22335494]
[1.7215114, 0.6232568, 0.8935242, 0.20473023]
[1.8534935, 0.92048395, 0.72154593, 0.21146353]
[2.0159304, 1.0018897, 0.8097065, 0.20433418]
[1.9854805, 0.56355417, 1.2333763, 0.18855017]
[1.427198, 0.685809, 0.5389424, 0.20244661]
[1.647768, 0.73073816, 0.7065559, 0.21047406]
[1.652616, 0.8025105, 0.6511859, 0.19891955]
[1.8870474, 0.77586496, 0.9172399, 0.19394255]
[1.5376129, 0.5497843, 0.78506434, 0.2027643]
[1.7578728, 0.80347717, 0.7661284, 0.18826726]
[1.8265222, 0.83662194, 0.78103215, 0.20886819]
[1.856298, 0.7242682, 0.9322201, 0.19980967]
[1.6183597, 0.6897006, 0.7341194, 0.19453962]
[1.8345981, 0.71662045, 0.9380848, 0.17989273]
[1.5499433, 0.78842545, 0.57072204, 0.19079575]
[1.875592, 0.8971361, 0.76372445, 0.2147314]
[1.6162007, 0.7210703, 0.707866, 0.18726441]
[1.5449817, 0.6566145, 0.69992846, 0.18843871]
[1.8783623, 0.78629935, 0.9048472, 0.1872157]
[1.7319059, 0.5531454, 0.980502, 0.19825852]
[1.5933444, 0.8904089, 0.5108022, 0.19213349]
[1.6489477, 0.5193515, 0.9193999, 0.2101962]
[1.9619606, 0.9280392, 0.8488441, 0.18507724]
[1.5599701, 0.8646097, 0.50330234, 0.19205804]
[1.754051, 0.7876414, 0.77809817, 0.18831132]
[1.5323136, 0.48010734, 0.8540651, 0.19814113]
[1.9551172, 1.1640034, 0.5974883, 0.19362551]
[1.6125922, 0.6248883, 0.80696607, 0.18073781]
[1.6267252, 0.6829274, 0.7417182, 0.20207953]
[1.6435045, 0.81692123, 0.63632965, 0.19025359]
[1.7630042, 0.7236862, 0.8741902, 0.16512775]
[1.7008244, 0.8341695, 0.6854686, 0.18118635]
[1.948708, 1.1338189, 0.6300805, 0.18480867]
[1.7255244, 0.7799011, 0.76461524, 0.18100806]
[1.9789765, 0.71025455, 1.0753268, 0.19339515]
[1.8201202, 1.0752821, 0.56225413, 0.18258396]
[1.720173, 0.80675834, 0.70776033, 0.2056543]
[1.6234555, 0.7664592, 0.6732134, 0.18378279]
[1.6920928, 0.8399238, 0.6767942, 0.1753749]
[1.5489078, 0.60129845, 0.7478131, 0.19979614]
[1.6986533, 0.8168068, 0.6844641, 0.19738248]
[1.8367238, 0.7281291, 0.93052787, 0.17806682]
[1.589295, 0.6385988, 0.7773043, 0.17339192]
[1.7974383, 0.8443943, 0.760413, 0.19263087]
[1.5605676, 0.6510861, 0.71735907, 0.19212244]
[1.8178344, 0.8459807, 0.79495895, 0.17689463]
[1.7079995, 0.8832393, 0.6385064, 0.18625385]
[1.7209069, 0.65149224, 0.8837062, 0.1857084]
[1.5696845, 0.56109416, 0.8194139, 0.18917643]
[1.5844581, 0.76902497, 0.61530954, 0.20012355]
[1.8067234, 0.79375595, 0.8362373, 0.1767302]
[1.7340035, 0.70217454, 0.82714814, 0.20468098]
[1.8620628, 0.76091367, 0.90381414, 0.197335]
[1.7953343, 0.8140295, 0.7956672, 0.18563776]
[1.4992607, 0.6477542, 0.6757528, 0.17575362]
[1.7088186, 0.7382414, 0.78973794, 0.18083915]
[1.5893934, 0.74996424, 0.6516833, 0.18774584]
[1.5090322, 0.3811831, 0.92221045, 0.20563862]
[1.5777467, 0.9714623, 0.41284662, 0.19343784]
[1.8289409, 0.8657428, 0.78772116, 0.17547695]
[1.7543725, 0.65364033, 0.8994346, 0.20129752]
[1.6792711, 0.53793293, 0.9417076, 0.19963062]
[1.538153, 0.7522614, 0.58809364, 0.19779798]
[1.7973164, 0.93476486, 0.6590785, 0.20347312]
[1.5518267, 0.61857885, 0.747519, 0.18572879]
[1.8649635, 0.8591125, 0.808346, 0.19750503]
[1.8424364, 0.8174231, 0.83346784, 0.19154549]
[1.8650999, 0.8627772, 0.8076215, 0.19470124]
[1.3017205, 0.37730643, 0.75955206, 0.16486207]
[1.6318389, 0.78439003, 0.6351774, 0.21227153]
[1.7706285, 0.83210534, 0.76094604, 0.17757702]
[1.7845364, 0.5207526, 1.0261608, 0.237623]
[1.8326002, 0.8895658, 0.75183713, 0.19119725]
[1.6750745, 0.7651701, 0.72983706, 0.18006727]
[1.6838087, 0.89996374, 0.59797096, 0.185874]
[1.684479, 0.77848125, 0.7039845, 0.2020132]
[1.4205973, 0.57482636, 0.67787355, 0.16789743]
[1.6073387, 0.8293645, 0.57784843, 0.20012572]
[1.5990374, 0.5717288, 0.82715195, 0.20015669]
[1.7001193, 0.75752115, 0.7424874, 0.20011072]
[1.825857, 0.6892481, 0.93206036, 0.20454861]
[1.6063845, 0.88446903, 0.52599454, 0.19592094]
[1.6281676, 0.53390896, 0.9125385, 0.1817201]
[1.7774708, 0.86166, 0.71196127, 0.20384955]
[1.424213, 0.5817969, 0.6523491, 0.19006708]
[1.4080435, 0.522119, 0.667938, 0.21798648]
[1.7538493, 0.8523314, 0.6959076, 0.20561025]
[1.726192, 0.7064612, 0.8363027, 0.18342808]
[1.6195083, 0.7522422, 0.68452, 0.18274605]
[1.7737241, 0.4844027, 1.0846192, 0.20470224]
[1.6592048, 0.9839543, 0.4687068, 0.2065438]
[1.769003, 0.68567395, 0.87504196, 0.2082871]
[1.8327729, 1.0323132, 0.61448336, 0.1859763]
[1.579218, 0.5532721, 0.8237661, 0.20217983]
[1.3711488, 0.65061504, 0.4926773, 0.2278565]
[1.7082835, 0.6763862, 0.841117, 0.19078025]
[1.618322, 0.96357876, 0.44228113, 0.21246211]
[1.6627014, 0.73782545, 0.7210033, 0.20387262]
[1.5393738, 0.57216763, 0.751535, 0.2156712]
[1.6751547, 0.64374816, 0.7933135, 0.23809299]
[1.7008259, 0.8687034, 0.60489726, 0.22722527]
[1.6617188, 0.66643536, 0.779191, 0.21609251]
[1.5874952, 0.63415134, 0.7284039, 0.22493996]
[1.8759311, 1.1574652, 0.52948, 0.18898599]
[1.7690111, 0.7791022, 0.7827239, 0.207185]
[1.5118153, 0.739293, 0.5762175, 0.19630474]
[1.8201685, 0.7020829, 0.90298915, 0.21509641]
[1.7293057, 0.896968, 0.6400388, 0.19229889]
[1.6223519, 0.7118848, 0.71998954, 0.1904776]
[1.7915059, 0.81450343, 0.7711447, 0.20585789]
[1.6077181, 0.75276196, 0.66713524, 0.18782094]
[1.829537, 0.9400378, 0.6858326, 0.20366655]
[1.6015675, 0.6340234, 0.7661228, 0.20142123]
[1.8339455, 1.0264951, 0.6062378, 0.20121263]
[1.4253614, 0.62565947, 0.60901916, 0.19068274]
[1.6197054, 0.7751641, 0.6443846, 0.20015666]
[1.5963619, 0.73587406, 0.6593972, 0.20109054]
[1.6747773, 0.8493677, 0.6158725, 0.20953703]
[1.6511875, 0.7938628, 0.65429795, 0.20302674]
[1.9532948, 0.77468884, 0.9650582, 0.21354765]
[1.5863805, 0.74521744, 0.6405764, 0.2005865]
[1.373961, 0.54115725, 0.60553, 0.22727373]
[1.7597749, 0.8405553, 0.70376134, 0.21545824]
[1.8366473, 0.7118082, 0.90278107, 0.2220581]
[1.7199154, 0.8939274, 0.6303028, 0.19568521]
[1.8923224, 0.70354337, 0.99973977, 0.18903935]
[1.5651553, 0.7322845, 0.62178284, 0.21108794]
[1.6658216, 0.7014679, 0.78557813, 0.17877549]
[1.7176578, 0.83998084, 0.6854531, 0.19222376]
[1.52402, 0.562434, 0.7581533, 0.20343262]
[1.9568346, 0.6793512, 1.0898988, 0.18758452]
[1.6390944, 0.68575966, 0.764905, 0.18842977]
[1.3285897, 0.68880916, 0.4360502, 0.20373037]
[1.4126121, 0.4992302, 0.7043385, 0.20904335]
[1.6025571, 0.79526997, 0.6281415, 0.17914557]
[1.8977633, 0.7513828, 0.9301213, 0.2162591]
[1.5797906, 0.7205785, 0.6739616, 0.18525058]
[1.6104321, 0.5953504, 0.8220565, 0.19302534]
[1.5467153, 0.5798933, 0.75885427, 0.20796782]
[1.9852027, 0.7650254, 1.0140909, 0.20608641]
[1.7673897, 0.9382818, 0.624362, 0.20474586]
[1.6181743, 0.7110485, 0.69830793, 0.20881802]
[1.8906533, 0.72822064, 0.9649956, 0.1974369]
[1.645002, 0.67625, 0.74682593, 0.22192605]
[1.8077137, 0.8318522, 0.75725275, 0.2186089]
[1.9711964, 1.0034828, 0.7677864, 0.19992727]
[1.6860245, 0.7279438, 0.746474, 0.21160679]
[1.3739567, 0.62228847, 0.56733024, 0.184338]
[1.7476388, 0.7706368, 0.7718594, 0.2051426]
[1.787612, 0.73115414, 0.85998845, 0.19646925]
[1.7827449, 0.7948575, 0.7785702, 0.20931715]
[1.9672384, 1.0139172, 0.7544156, 0.19890566]
[1.8454016, 0.8374618, 0.82397616, 0.18396369]
[1.807244, 0.9130665, 0.71444184, 0.17973557]
[1.7465365, 0.7923208, 0.76589656, 0.18831915]
[1.4889779, 0.5777153, 0.7092609, 0.20200175]
[1.4295404, 0.70920396, 0.5190905, 0.20124602]
[1.5486938, 0.56685364, 0.78499675, 0.19684336]
[1.7259166, 0.8330394, 0.698035, 0.19484222]
[1.750637, 0.6159927, 0.9544581, 0.18018623]
[1.6282392, 0.8274389, 0.59320235, 0.20759802]
[1.7533934, 0.8898055, 0.64488614, 0.21870184]
[1.6507176, 0.7409033, 0.68479264, 0.22502176]
[1.5399616, 0.5718937, 0.73544747, 0.23262051]
[2.0307357, 0.9551897, 0.84090066, 0.23464546]
[1.7163652, 0.8258276, 0.6752589, 0.21527876]
[1.5018926, 0.5903997, 0.7161796, 0.19531319]
[1.6208583, 0.7425817, 0.69463265, 0.18364389]
[1.4083136, 0.60718095, 0.58717406, 0.21395862]
[1.6900457, 0.6787578, 0.783656, 0.22763188]
[1.7778128, 0.7786147, 0.78547704, 0.21372113]
[1.7482216, 0.8209515, 0.7200238, 0.20724632]
[1.597889, 0.80547523, 0.59947056, 0.19294316]
[1.5330173, 0.73919547, 0.57661253, 0.21720919]
[1.5673761, 0.629636, 0.75583285, 0.1819073]
[1.8204558, 0.92175263, 0.688383, 0.21032022]
[1.5320418, 0.64699084, 0.664326, 0.22072499]
[1.6151767, 0.6528642, 0.750801, 0.21151143]
[1.6057165, 0.8014027, 0.59221655, 0.21209711]
[1.6960499, 0.67203176, 0.8446814, 0.17933676]
[1.4694767, 0.58811074, 0.6588084, 0.22255757]
[1.7981305, 0.7830926, 0.77338374, 0.24165422]
[1.7279911, 0.8752073, 0.6197193, 0.23306437]
[1.8438897, 0.9424771, 0.6961329, 0.20527965]
[1.6118531, 0.5839421, 0.8318541, 0.19605681]
[1.8682284, 0.81282693, 0.8644109, 0.19099075]
[1.5962116, 0.86095977, 0.54574907, 0.18950276]
[1.6564612, 0.49737543, 0.9182469, 0.24083893]
[1.5228664, 0.6878154, 0.6391207, 0.19593026]
[2.0252292, 0.9336357, 0.89697814, 0.19461538]
[1.9081259, 1.0223563, 0.69116604, 0.19460352]
[1.7668453, 0.68639743, 0.8508422, 0.2296058]
[1.5190359, 0.5829104, 0.68959606, 0.24652943]
[1.7827777, 0.91275716, 0.64557946, 0.22444104]
[1.6979545, 0.67822057, 0.8182564, 0.20147766]
[1.6391782, 0.6389087, 0.792443, 0.2078265]
[1.9392291, 0.96823686, 0.74922895, 0.2217633]
[1.4698867, 0.47667837, 0.80056834, 0.19263995]
[1.5514526, 0.8852219, 0.46603987, 0.20019084]
[1.736316, 0.6900681, 0.8444258, 0.20182206]
[1.5203743, 0.7242154, 0.59276104, 0.20339783]
[1.5993557, 0.7322981, 0.657727, 0.20933056]
[1.5618782, 0.6229086, 0.7264417, 0.21252804]
[1.7354301, 0.7560842, 0.7639054, 0.21544056]
[1.4792094, 0.5714884, 0.6884737, 0.21924734]
[1.3862454, 0.5649059, 0.61482704, 0.20651245]
[1.7136276, 0.78455603, 0.7157285, 0.21334302]
[1.6803126, 0.74463075, 0.7382772, 0.19740456]
[1.4534369, 0.76317, 0.46707135, 0.22319554]
[1.7579763, 0.6635753, 0.88276553, 0.21163553]
[1.4601789, 0.66216713, 0.5666684, 0.23134322]
[1.7582991, 0.682258, 0.8468083, 0.22923273]
[1.9701664, 0.9461036, 0.80924547, 0.21481743]
[1.6108655, 0.71457213, 0.70298207, 0.19331132]
[1.6882267, 0.7574512, 0.7417655, 0.18901005]
[1.8613356, 0.81449765, 0.82374454, 0.2230934]
[1.7588917, 1.0746098, 0.48611796, 0.19816396]
[1.6997021, 0.6470839, 0.8656802, 0.18693805]
[1.4769614, 0.57065195, 0.69257104, 0.21373838]
[1.8392348, 0.8196016, 0.8212565, 0.19837664]
[1.9498732, 0.9474976, 0.8079715, 0.1944041]
[1.6298119, 0.62086976, 0.81146896, 0.19747314]
[1.6587226, 0.94769895, 0.52777165, 0.18325204]
[1.8621147, 0.8207805, 0.8105912, 0.23074299]
[1.7840743, 0.9104525, 0.6750296, 0.19859217]
[1.7815984, 0.53010094, 1.0566826, 0.19481492]
[1.4358352, 0.56334436, 0.6547066, 0.21778426]
[1.7161692, 0.9790351, 0.5457977, 0.19133651]
[1.6088262, 0.61235416, 0.78120995, 0.21526203]
[1.8744656, 0.7732467, 0.9033374, 0.19788143]
[1.8406374, 0.9389024, 0.69488096, 0.20685415]
[1.8225806, 0.8219109, 0.8076517, 0.19301793]
[1.8071758, 0.7087735, 0.89812243, 0.20027982]
[1.8565625, 0.8830346, 0.7691933, 0.20433459]
[1.9392729, 0.8696685, 0.8707804, 0.19882387]
[1.5056529, 0.653817, 0.6319534, 0.21988255]
[1.6743121, 0.9324651, 0.550946, 0.19090109]
[1.4239688, 0.43579412, 0.80333257, 0.18484205]
[1.770691, 1.0440328, 0.52479184, 0.20186636]
[1.8509701, 0.5509089, 1.1156089, 0.1844523]
[1.7647696, 0.951581, 0.59114206, 0.2220465]
[1.930962, 0.7568074, 0.983521, 0.19063362]
[1.82933, 0.82902604, 0.7971965, 0.20310734]
[1.4917594, 0.545539, 0.77494955, 0.17127088]
[1.5277493, 0.7715593, 0.5574509, 0.1987391]
[1.5741255, 0.62481236, 0.76578975, 0.18352348]
[1.6307178, 0.550624, 0.8721471, 0.2079466]
[1.7086064, 0.87510103, 0.6337154, 0.19978988]
[1.5964636, 0.50460774, 0.886167, 0.20568883]
[1.6988502, 0.9899803, 0.5236342, 0.18523574]
[1.8065573, 0.7053071, 0.91206086, 0.18918934]
[1.6390735, 0.9096664, 0.55195653, 0.17745055]
[2.05429, 0.74514556, 1.1223247, 0.18681973]
[1.831874, 0.9049027, 0.7413266, 0.18564478]
[1.6242218, 0.7759491, 0.66161036, 0.18666238]
[1.6131864, 0.67382616, 0.73501337, 0.2043469]
[1.6796525, 0.9012501, 0.60519814, 0.17320415]
[1.5927229, 0.49533498, 0.90410185, 0.19328602]
[1.533161, 0.9937437, 0.35729772, 0.18211958]
[1.9812181, 0.49295422, 1.3102679, 0.1779959]
[1.8687364, 1.055365, 0.62131333, 0.19205806]
[1.7906067, 0.8544531, 0.7654831, 0.17067057]
[1.5822062, 0.8615552, 0.54409266, 0.17655838]
[1.5411085, 0.6484947, 0.71949685, 0.1731169]
[1.705844, 0.7554419, 0.7629535, 0.18744862]
[1.8903927, 0.93441594, 0.7728715, 0.18310526]
[1.7665869, 0.8234361, 0.74814355, 0.19500719]
[1.2981755, 0.5719109, 0.5441463, 0.18211825]
[1.3858782, 0.6552559, 0.57643765, 0.15418471]
[1.70998, 0.78017825, 0.7575902, 0.17221162]
[1.911847, 0.75395465, 0.97020006, 0.18769225]
[1.6216046, 0.896211, 0.5548339, 0.17055967]
[1.9628967, 0.8028785, 0.97015065, 0.18986765]
[1.7596189, 0.78129303, 0.7775615, 0.20076427]
[1.7250435, 0.7693294, 0.7749642, 0.18074992]
[1.7620507, 0.74933743, 0.82169294, 0.19102032]
[1.5708178, 0.6830804, 0.7136886, 0.17404881]
[1.8523722, 1.0157185, 0.667521, 0.16913277]
[1.624247, 0.49337202, 0.934314, 0.19656095]
[1.7609352, 0.97303206, 0.60109186, 0.18681133]
[1.6747401, 0.71178794, 0.76990116, 0.19305103]
[1.5833673, 0.80446875, 0.59814787, 0.18075079]
[1.6707189, 0.64816165, 0.835925, 0.18663225]
[1.7604146, 0.74322665, 0.8339554, 0.18323252]
[1.5466309, 0.8077948, 0.5579729, 0.18086308]
[1.8499042, 0.53584826, 1.1105431, 0.20351282]
[1.6384053, 0.85573256, 0.6108496, 0.17182313]
[1.5780864, 0.61997855, 0.7639415, 0.19416632]
[1.6481636, 0.7791876, 0.6760822, 0.19289379]
[1.7444106, 0.88057137, 0.6719576, 0.19188163]
[1.684631, 0.6620805, 0.8220433, 0.20050713]
[1.5160133, 0.6654502, 0.6598834, 0.19067965]
[1.6188415, 0.6347035, 0.7821018, 0.20203623]
[1.8594196, 0.8384592, 0.81466055, 0.20629984]
[1.9121937, 0.9365625, 0.7873859, 0.18824527]
[1.7139132, 0.79881704, 0.7377172, 0.17737891]
[1.4699006, 0.601184, 0.6660963, 0.20262024]
[1.7369359, 0.9155092, 0.62971103, 0.19171561]
[1.4615242, 0.47491938, 0.8005556, 0.18604921]
[1.8094649, 1.1015836, 0.5064542, 0.20142713]
[1.7730637, 0.7016102, 0.89364463, 0.1778087]
[1.7014803, 0.6851906, 0.8234603, 0.19282933]
[1.7750797, 0.90924937, 0.68855345, 0.17727688]
[1.8613583, 0.8353338, 0.83180845, 0.19421606]
[2.0288632, 0.8399175, 1.0000505, 0.1888952]
[1.6372049, 0.618644, 0.83139396, 0.18716691]
[1.5931096, 0.7431454, 0.6521028, 0.1978615]
[1.5817139, 0.60069275, 0.7619307, 0.21909052]
[1.6566184, 0.8175142, 0.62966675, 0.20943731]
[1.9341179, 1.1132045, 0.643616, 0.17729749]
[2.0720816, 0.57771933, 1.3215418, 0.17282036]
[1.7333033, 0.7769847, 0.78450525, 0.17181337]
[1.5500917, 0.8097512, 0.54830027, 0.19204016]
[1.4913535, 0.56774676, 0.74087584, 0.18273087]
[1.6873132, 0.8472973, 0.64621806, 0.19379783]
[1.7997179, 0.8877357, 0.72271764, 0.18926448]
[1.5550171, 0.4720086, 0.87592345, 0.20708506]
[1.701121, 0.8438111, 0.6602036, 0.19710627]
[1.6477976, 0.9126066, 0.5435995, 0.19159144]
[1.7649847, 0.57966423, 0.9973959, 0.18792467]
[1.7551852, 0.81334484, 0.76533675, 0.17650369]
[2.027215, 1.286303, 0.535349, 0.20556304]
[2.0280316, 0.7810838, 1.0747558, 0.17219195]
[1.8262976, 0.79510236, 0.8727553, 0.15843996]
[1.6089557, 0.7011307, 0.72347724, 0.18434772]
[1.7642713, 0.9571855, 0.6379713, 0.1691145]
[1.5808196, 0.7570187, 0.6703839, 0.15341713]
[1.5377574, 0.51008266, 0.843516, 0.18415882]
[1.7186028, 0.86576104, 0.6718526, 0.1809891]
[1.7751662, 0.61329305, 0.94395196, 0.21792111]
[1.6253818, 0.82831526, 0.6225651, 0.17450152]
[1.7697958, 0.78063035, 0.7922328, 0.1969327]
[1.6153231, 0.7677794, 0.65264714, 0.19489652]
[1.8703765, 0.83320504, 0.8557093, 0.18146212]
[1.8002384, 0.7205349, 0.90100074, 0.17870276]
[1.431129, 0.5469963, 0.7159716, 0.16816118]
[1.4591537, 0.6625918, 0.6002543, 0.1963076]
[1.6658666, 0.9093739, 0.57920027, 0.17729247]
[1.6204226, 0.5813321, 0.8398663, 0.19922417]
[1.7452532, 0.7609824, 0.79790795, 0.18636286]
[1.6798098, 0.9287551, 0.56739956, 0.18365514]
[1.6245387, 0.5773487, 0.8499435, 0.19724637]
[1.2639318, 0.5223099, 0.53191894, 0.20970294]
[1.6324071, 0.78366256, 0.65657645, 0.19216809]
[1.5775793, 0.69278884, 0.6770892, 0.20770124]
[1.8378106, 0.741505, 0.88575363, 0.21055193]
[1.7749311, 0.92911863, 0.6422434, 0.20356902]
[1.6318914, 0.6249195, 0.803234, 0.20373783]
[1.6616601, 0.7888479, 0.64635766, 0.22645447]
[1.6944479, 0.7707099, 0.7370705, 0.18666759]
[1.8367614, 0.8846397, 0.7586713, 0.19345029]
[1.6649418, 0.73342395, 0.7482842, 0.18323356]
[1.97487, 0.7714007, 1.0007992, 0.20267007]
[1.528797, 0.71540934, 0.6130483, 0.20033944]
[1.6219854, 0.68290347, 0.7440002, 0.19508174]
[1.6890014, 0.8971903, 0.5989599, 0.19285114]
[1.6671215, 0.7231197, 0.7204128, 0.22358909]
[1.747104, 0.98486626, 0.5582412, 0.20399658]
[1.6412635, 0.5096308, 0.93858105, 0.19305158]
[1.7589337, 0.8795111, 0.6871337, 0.19228876]
[1.4810035, 0.57791805, 0.6816506, 0.2214348]
[2.0444396, 1.1752548, 0.67500633, 0.19417825]
[1.8969312, 0.7335939, 0.9673471, 0.19599018]
[1.5579457, 0.5762504, 0.78145003, 0.20024538]
[1.594156, 0.758086, 0.6588756, 0.17719431]
[1.7150693, 0.9476621, 0.58138037, 0.18602675]
[1.8826224, 0.847499, 0.83966124, 0.19546211]
[1.5183051, 0.564165, 0.7506238, 0.20351626]
[1.8143318, 0.9882059, 0.6426425, 0.18348342]
[1.6013857, 0.5565139, 0.88756794, 0.15730394]
[1.5878234, 0.6783833, 0.7320374, 0.17740273]
[1.802552, 0.7995697, 0.8036127, 0.1993695]
[1.5505708, 0.77531874, 0.5861857, 0.18906641]
[1.5825124, 0.4446397, 0.9486459, 0.18922675]
[1.584719, 0.7819625, 0.60520697, 0.19754946]
[1.3526232, 0.55193794, 0.61055017, 0.19013515]
[1.6530814, 0.80711997, 0.63026625, 0.21569511]
[1.734744, 0.8007417, 0.751428, 0.18257427]
[1.8178684, 0.54965115, 1.0800722, 0.18814507]
[1.7331698, 0.9389459, 0.5894371, 0.2047868]
[1.9181716, 0.88483995, 0.8337531, 0.1995785]
[1.5830073, 0.65359545, 0.75245273, 0.17695914]
[1.9076492, 0.8333981, 0.8775302, 0.19672084]
[1.6311088, 0.6974584, 0.7291936, 0.20445687]
[1.8195564, 0.8017058, 0.8257109, 0.19213974]
[1.891773, 0.82397556, 0.8798655, 0.18793193]
[1.6347138, 0.7755954, 0.6619663, 0.19715199]
[1.7608443, 0.58121675, 1.0014851, 0.17814247]
[1.7424878, 0.92280626, 0.6294213, 0.19026029]
[1.8825079, 0.76861393, 0.9340732, 0.17982079]
[1.9125911, 0.7551646, 0.96833, 0.18909645]
[1.6990522, 0.82376325, 0.68561053, 0.18967842]
[1.6162065, 0.58358073, 0.8282323, 0.20439355]
[1.7453983, 0.87987804, 0.67571014, 0.18981001]
[1.6223269, 0.7487323, 0.6840366, 0.18955797]
[1.5165226, 0.8718827, 0.48121327, 0.16342661]
[1.6424178, 0.66941106, 0.78865445, 0.18435231]
[1.6390812, 0.73777217, 0.70253813, 0.198771]
[1.5061371, 0.64926255, 0.6640664, 0.19280809]
[1.5262246, 0.626294, 0.7125891, 0.18734145]
[1.7617544, 1.000041, 0.56993556, 0.19177781]
[1.820305, 0.7878486, 0.8571055, 0.17535093]
[1.758123, 0.78319955, 0.7943771, 0.18054637]
[1.6175252, 0.78449494, 0.65325415, 0.17977612]
[1.4758676, 0.4975992, 0.8046639, 0.17360449]
[1.6503336, 0.6610275, 0.7864249, 0.20288137]
[1.697776, 0.76891947, 0.7318425, 0.197014]
[1.7268906, 1.019504, 0.50757027, 0.19981638]
[1.6113586, 0.57488763, 0.8584188, 0.17805222]
[1.5997837, 0.4887035, 0.89791954, 0.21316068]
[2.043248, 1.0544206, 0.79500747, 0.19381979]
[1.7643737, 0.8042033, 0.7853922, 0.1747781]
[1.6639451, 0.667273, 0.8056705, 0.19100149]
[1.5976746, 0.8679588, 0.53259546, 0.1971204]
[1.7136326, 0.7859268, 0.7335716, 0.19413422]
[1.7230812, 0.7838882, 0.7329044, 0.20628871]
[1.5245792, 0.42762902, 0.9006605, 0.19628966]
[1.8482058, 0.9917803, 0.68127286, 0.1751526]
[1.5204728, 0.7214341, 0.6041846, 0.19485402]
[1.901737, 0.88255584, 0.8402801, 0.17890094]
[1.5588979, 0.69391507, 0.6884221, 0.17656077]
[1.9362452, 0.9261643, 0.8141584, 0.19592255]
[2.0344965, 0.8066639, 1.0547786, 0.17305413]
[1.8711596, 0.8822301, 0.80798924, 0.18094009]
[1.6845965, 0.77083564, 0.73887783, 0.17488308]
[1.73429, 0.73566926, 0.8034649, 0.19515589]
[1.8425406, 0.9943382, 0.6682067, 0.17999566]
[1.581677, 0.60368705, 0.7971711, 0.18081875]
[1.510213, 0.61116713, 0.72237515, 0.17667067]
[1.6562824, 0.58614933, 0.9077787, 0.16235447]
[1.6585462, 0.7933567, 0.69564915, 0.16954042]
[1.8276163, 0.79549813, 0.8370954, 0.19502287]
[1.7608678, 0.93736225, 0.6359272, 0.18757844]
[1.7322847, 0.767985, 0.79590917, 0.16839056]
[1.8110093, 0.7702701, 0.8632138, 0.17752537]
[1.6127989, 0.74710363, 0.6929411, 0.17275412]
[1.8063568, 0.8679191, 0.7425266, 0.19591105]
[1.6904647, 0.5756177, 0.92082953, 0.19401756]
[1.5602827, 0.785726, 0.5785018, 0.19605488]
[1.7821608, 0.7171622, 0.88230604, 0.1826925]
[1.8795085, 1.0662225, 0.62634015, 0.1869458]
[1.6674848, 0.7424348, 0.7294175, 0.19563247]
[1.9337771, 0.9033699, 0.8415481, 0.18885913]
[1.6565186, 0.72406006, 0.75696516, 0.17549333]
[1.48929, 0.6107465, 0.69285405, 0.18568948]
[1.7112566, 0.8866287, 0.6392867, 0.18534124]
[1.7479941, 0.7608291, 0.79960996, 0.18755493]
[1.5435321, 0.5268151, 0.80816317, 0.20855378]
[1.8310907, 0.85076666, 0.7956443, 0.18467969]
[1.7658272, 0.72450995, 0.85451543, 0.18680182]
[1.6464139, 0.61714244, 0.8154506, 0.2138208]
[1.6229062, 0.65511847, 0.74871916, 0.2190685]
[1.6290568, 0.7665906, 0.675529, 0.18693721]
[1.6721066, 0.7061746, 0.7657416, 0.20019044]
[1.6602447, 0.8271748, 0.65756255, 0.17550734]
[1.6183662, 0.718621, 0.7165678, 0.18317747]
[1.5005431, 0.5524487, 0.7321602, 0.2159343]
[1.5675081, 0.65645, 0.70679736, 0.20426072]
[1.4554489, 0.6088418, 0.64576375, 0.20084335]
[1.7225914, 0.70178753, 0.80726385, 0.21354009]
[1.7927723, 0.88038886, 0.71881324, 0.1935701]
[1.8845154, 0.8521353, 0.82651174, 0.20586838]
[1.7811409, 0.742141, 0.8288462, 0.21015365]
[1.6892681, 0.77847975, 0.7127929, 0.19799548]
[1.8060863, 0.95016515, 0.66026217, 0.19565894]
[1.6397277, 0.5698118, 0.8690796, 0.20083629]
[1.6556987, 0.8358018, 0.63082176, 0.18907511]
[1.7166482, 0.79273075, 0.74295795, 0.1809596]
[1.6864517, 0.9657301, 0.53160816, 0.18911338]
[1.7845402, 0.64719677, 0.95777893, 0.17956445]
[1.8899859, 0.7577954, 0.9180474, 0.21414317]
[2.0932019, 0.9299178, 0.95668006, 0.20660408]
[1.534424, 0.733147, 0.61519885, 0.18607807]
[1.6396487, 0.8265738, 0.6182813, 0.19479352]
[1.7135929, 0.57925534, 0.9436159, 0.19072159]
[1.8373324, 0.957448, 0.6904604, 0.18942389]
[1.6878868, 0.834445, 0.67334867, 0.18009312]
[1.7374814, 0.7937113, 0.75928617, 0.18448386]
[1.7717686, 0.8551898, 0.7325692, 0.18400955]
[1.702815, 0.74774545, 0.77466345, 0.18040606]
[1.509526, 0.52254003, 0.8145787, 0.17240725]
[1.619859, 0.9444862, 0.48283648, 0.19253632]
[1.6457685, 0.6213585, 0.8448859, 0.17952403]
[1.5263076, 0.6484432, 0.67906004, 0.19880441]
[1.804555, 0.8859105, 0.73187816, 0.18676634]
[1.6661521, 0.79789436, 0.68533456, 0.18292317]
[1.7491015, 0.8562615, 0.7023268, 0.19051328]
[1.9186438, 0.9840218, 0.74714994, 0.18747213]
[1.5666155, 0.4765011, 0.91653585, 0.17357849]
[1.7792892, 0.76747847, 0.8246252, 0.1871855]
[1.6394215, 0.72756696, 0.7405857, 0.17126888]
[1.5873181, 0.7595489, 0.63548595, 0.1922833]
[1.6495144, 0.7408477, 0.7276721, 0.18099463]
[1.7174938, 0.7481114, 0.78721035, 0.18217206]
[1.6746798, 0.7468721, 0.7335019, 0.19430569]
[1.7184964, 0.79303, 0.7162567, 0.20920983]
[1.5291002, 0.6915598, 0.66230106, 0.17523938]
[1.6348937, 0.7103779, 0.74315155, 0.18136431]
[1.5577661, 0.5634309, 0.80715716, 0.18717805]
[1.455982, 0.5800309, 0.6737144, 0.2022366]
[1.689572, 0.70951843, 0.79305553, 0.18699804]
[1.5633223, 0.4857843, 0.87902254, 0.19851546]
[1.8117073, 0.97220916, 0.6509999, 0.18849832]
[1.6908345, 0.65917546, 0.8407346, 0.19092444]
[1.7436135, 0.8289782, 0.727123, 0.18751225]
[1.7324107, 0.5889448, 0.92754495, 0.2159209]
[1.7535535, 0.86403257, 0.7260197, 0.16350129]
[1.502778, 0.65793073, 0.6631756, 0.1816718]
[1.6174337, 0.59655416, 0.83561957, 0.18525991]
[1.7144539, 0.72036624, 0.7846559, 0.20943172]
[1.6025431, 0.88259304, 0.5173, 0.2026501]
[1.6714724, 0.67610013, 0.8037455, 0.19162679]
[1.5775975, 0.58885825, 0.81710714, 0.17163219]
[1.5413287, 0.6713854, 0.68155956, 0.1883837]
[2.063723, 1.0200608, 0.8474129, 0.19624943]
[1.565867, 0.5188652, 0.87407106, 0.17293067]
[2.0493424, 1.0875367, 0.7873088, 0.17449686]
[1.640287, 0.7745942, 0.67502546, 0.19066735]
[1.2686996, 0.32084453, 0.7112986, 0.23655653]
[1.7748103, 1.0390284, 0.5412533, 0.19452852]
[1.8285761, 0.9264492, 0.70243365, 0.1996932]
[1.5473795, 0.61560714, 0.7476661, 0.18410623]
[1.6623442, 0.81431067, 0.6494635, 0.19856998]
[1.6964308, 0.80511713, 0.68365693, 0.20765679]
[1.7871614, 0.93814254, 0.65769255, 0.19132632]
[1.5173048, 0.5062908, 0.78818774, 0.22282627]
[1.7993755, 0.96183765, 0.63192105, 0.20561686]
[1.7907441, 0.90410316, 0.6865595, 0.20008135]
[1.5995319, 0.8307358, 0.55433065, 0.21446538]
[1.822201, 0.72134805, 0.898574, 0.20227897]
[1.6420964, 0.65139925, 0.80884016, 0.18185702]
[1.5959616, 0.7076287, 0.6889106, 0.19942227]
[1.738571, 1.0115833, 0.5358954, 0.19109237]
[1.5083869, 0.49364173, 0.8158567, 0.19888845]
[1.7600201, 0.7985755, 0.75279295, 0.2086517]
[1.9179654, 1.239758, 0.4690264, 0.20918113]
[1.5855439, 0.37190875, 1.0071052, 0.20652983]
[1.9139262, 0.96892774, 0.7528231, 0.19217536]
[1.5296475, 0.69827914, 0.6365772, 0.19479118]
[1.4006354, 0.63799894, 0.58284193, 0.17979445]
[1.7583393, 0.8950702, 0.6507605, 0.21250851]
[1.760186, 0.79902303, 0.7745935, 0.18656948]
[1.7506992, 0.788179, 0.75581944, 0.20670068]
[1.8393791, 0.8124231, 0.8552829, 0.17167301]
[1.6458439, 0.86246765, 0.60143745, 0.18193881]
[1.7498884, 0.74012285, 0.83978456, 0.16998102]
[1.9681857, 1.0135916, 0.7533444, 0.20124957]
[1.7751054, 0.9163532, 0.6814775, 0.17727458]
[1.7503673, 0.5903335, 0.98096204, 0.17907177]
[1.6927656, 0.8443522, 0.6553651, 0.19304836]
[1.7367419, 0.733097, 0.8097422, 0.19390266]
[1.8259977, 0.9209336, 0.7362089, 0.16885522]
[1.6858177, 0.57863784, 0.9324036, 0.1747763]
[1.8464396, 1.011611, 0.6623659, 0.17246273]
[1.9179674, 0.8902935, 0.82997173, 0.19770232]
[1.640767, 0.64957535, 0.79892874, 0.19226286]
[1.705034, 0.68887347, 0.8341341, 0.18202642]
[1.543005, 0.6623266, 0.70668185, 0.17399655]
[1.685053, 0.64845383, 0.8366065, 0.19999266]
[1.7168002, 0.8469571, 0.6791066, 0.19073659]
[1.7641515, 0.728608, 0.8632452, 0.17229836]
[1.5083572, 0.60406756, 0.719625, 0.18466465]
[1.6403236, 0.6799714, 0.76521367, 0.19513857]
[1.7823921, 0.8520334, 0.72223425, 0.20812452]
[1.4889879, 0.6696054, 0.62033606, 0.19904643]
[1.4386716, 0.45299125, 0.7818377, 0.20384267]
[1.4631357, 0.81590986, 0.44451198, 0.20271382]
[1.583651, 0.70317876, 0.673986, 0.2064861]
[1.4847043, 0.63937783, 0.65857863, 0.18674785]
[1.8256336, 0.8754532, 0.7540128, 0.19616762]
[1.7116671, 0.6656405, 0.8545208, 0.19150582]
[1.7586269, 0.82143474, 0.72643054, 0.21076164]
[1.7725489, 1.0430381, 0.5446263, 0.18488449]
[1.50303, 0.50372386, 0.8246589, 0.17464718]
[1.6906849, 0.790951, 0.7098874, 0.18984652]
[1.7854717, 0.7499253, 0.798085, 0.23746128]
[1.4417374, 0.63840747, 0.60586226, 0.19746764]
[1.7289877, 0.7204319, 0.8117107, 0.19684504]
[1.7682048, 0.9429869, 0.6288854, 0.19633259]
[1.5522277, 0.52072334, 0.85207725, 0.17942719]
[1.6511228, 0.9299963, 0.51821584, 0.20291072]
[1.6396511, 0.6616155, 0.7859382, 0.19209741]
[1.5582358, 0.6830081, 0.6873411, 0.18788663]
[1.7412721, 1.0037783, 0.53741884, 0.20007491]
[1.8926251, 0.66321206, 1.037509, 0.19190404]
[1.6655535, 0.6241344, 0.8382559, 0.20316312]
[1.9463506, 0.9156213, 0.8378792, 0.19285005]
[1.6049674, 0.57815176, 0.8231522, 0.20366341]
[1.8703393, 0.79475176, 0.8833411, 0.1922464]
[1.6245184, 0.7282569, 0.6973883, 0.19887322]
[1.6031327, 0.6598744, 0.7521162, 0.19114207]
[1.6336651, 0.78946215, 0.6566806, 0.18752246]
[1.897959, 0.7813011, 0.9181112, 0.19854662]
[1.4575115, 0.6448021, 0.62746865, 0.18524088]
[1.8134925, 0.91004395, 0.71031153, 0.193137]
[1.6690419, 0.5714109, 0.9015382, 0.19609287]
[1.871761, 1.0121903, 0.6538186, 0.20575204]
[1.5060456, 0.5642617, 0.7413864, 0.20039745]
[1.6449516, 0.62702906, 0.8385903, 0.17933223]
[1.5470874, 0.7493884, 0.6006433, 0.19705579]
[1.5815241, 0.5549168, 0.82991385, 0.19669339]
[1.5674641, 0.6923382, 0.6754731, 0.19965282]
[1.7087468, 0.65830517, 0.8280293, 0.22241238]
[1.8127477, 0.8876082, 0.70363265, 0.22150677]
[1.8307312, 0.82326597, 0.79580015, 0.21166497]
[1.7439808, 0.83108056, 0.73319256, 0.17970762]
[1.4633244, 0.69293934, 0.5772519, 0.19313323]
[1.819975, 0.78941166, 0.8316057, 0.19895768]
[1.5678747, 0.647985, 0.7159446, 0.20394515]
[1.5294731, 0.7492355, 0.59049314, 0.18974446]
[1.2237962, 0.422063, 0.5931276, 0.2086056]
[1.9083717, 0.8363668, 0.871683, 0.20032188]
[1.7728407, 0.7235372, 0.8524078, 0.19689575]
[1.58744, 0.7995261, 0.61039305, 0.17752087]
[1.4630526, 0.6507487, 0.6072624, 0.20504151]
[1.5158188, 0.7293185, 0.545084, 0.2414163]
[1.5762995, 0.5870536, 0.7790178, 0.21022812]
[1.7593073, 0.6159588, 0.9207392, 0.22260931]
[1.4767528, 0.69278187, 0.5582228, 0.22574802]
[1.9586645, 0.9947353, 0.7625099, 0.20141937]
[1.6353105, 0.7933593, 0.6301586, 0.21179254]
[1.699413, 0.6420541, 0.86261314, 0.1947457]
[1.5631373, 0.87803423, 0.48122004, 0.203883]
[1.6718858, 0.605181, 0.86696076, 0.19974408]
[1.968715, 1.0165883, 0.75791013, 0.19421653]
[1.7803732, 0.72027755, 0.870916, 0.18917966]
[1.4441521, 0.67079234, 0.5688693, 0.20449047]
[1.9166455, 0.9918605, 0.74003196, 0.18475303]
[1.6433699, 0.7090991, 0.7512972, 0.18297358]
[1.8533297, 0.86197627, 0.8141012, 0.17725214]
[1.567392, 0.6671927, 0.71899986, 0.18119945]
[1.414044, 0.60903263, 0.6174211, 0.18759023]
[1.7689168, 0.8219203, 0.75824344, 0.18875319]
[1.7121754, 0.6541243, 0.8595844, 0.19846666]
[1.6889495, 0.85031873, 0.6362285, 0.20240223]
[1.7262541, 0.7817549, 0.75012636, 0.19437282]
[1.5826702, 0.65188503, 0.7392119, 0.19157323]
[1.8575735, 0.8833916, 0.77297413, 0.20120782]
[1.8495649, 0.79151475, 0.86158556, 0.19646463]
[1.6887289, 0.72943556, 0.7384412, 0.22085217]
[1.8395342, 0.9122061, 0.716181, 0.21114703]
[1.7898964, 0.77064145, 0.8311476, 0.18810737]
[1.5785066, 0.6634009, 0.70933735, 0.20576838]
[1.7141792, 0.7070802, 0.8048725, 0.20222653]
[1.7157834, 0.8947048, 0.6323011, 0.18877746]
[1.8323673, 0.94089156, 0.7078209, 0.18365495]
[1.6940982, 0.6104387, 0.8921597, 0.19149977]
[1.9872557, 0.8575306, 0.9377897, 0.19193542]
[1.6538516, 0.5878108, 0.8748214, 0.19121948]
[1.7104831, 0.9542246, 0.5647623, 0.19149609]
[1.769995, 0.708145, 0.8776822, 0.18416776]
[1.9081899, 1.0327406, 0.6850288, 0.19042054]
[1.8160841, 0.7610774, 0.8562451, 0.19876169]
[1.5309085, 0.752015, 0.6022779, 0.17661561]
[1.6458067, 0.7787791, 0.68131196, 0.18571557]
[1.6320705, 0.7535337, 0.7126422, 0.1658946]
[1.5407872, 0.62850845, 0.71571606, 0.1965627]
[1.6092477, 0.73825014, 0.65686417, 0.21413338]
[1.7754318, 0.88147736, 0.6874839, 0.20647052]
[1.5772779, 0.62944686, 0.76003516, 0.1877959]
[1.6502131, 0.75831115, 0.69502544, 0.19687651]
[1.8619297, 0.71655345, 0.9503426, 0.19503355]
[1.6899487, 0.87300086, 0.6440744, 0.17287338]
[1.6355429, 0.7401799, 0.71008927, 0.18527359]
[1.4643413, 0.7399424, 0.51702005, 0.2073789]
[1.7869656, 0.7488977, 0.86216503, 0.17590283]
[1.4284887, 0.664791, 0.59144664, 0.17225105]
[1.8275107, 0.9579535, 0.6787002, 0.19085702]
[1.783252, 0.57942605, 1.0128508, 0.19097525]
[1.6177148, 0.86865294, 0.56258595, 0.1864759]
[1.7846757, 0.70424384, 0.8909585, 0.18947342]
[1.9377838, 1.0639963, 0.69551754, 0.17826998]
[1.7511244, 0.6453906, 0.93254113, 0.17319266]
[1.7660058, 0.9983659, 0.58579797, 0.18184188]
[1.5116327, 0.6567822, 0.69055265, 0.16429788]
[1.7016518, 0.8845844, 0.6327853, 0.18428211]
[1.667933, 0.70605683, 0.78242064, 0.17945546]
[1.6768279, 0.86602485, 0.62755334, 0.18324977]
[1.7127223, 0.62270457, 0.8963034, 0.19371438]
[1.8076212, 0.97885823, 0.6400856, 0.18867743]
[1.695888, 0.71912843, 0.8015896, 0.17516997]
[1.6222043, 0.7727145, 0.65510356, 0.1943863]
[1.8060048, 0.8354027, 0.79367036, 0.17693168]
[1.4580759, 0.7094028, 0.54584855, 0.2028245]
[1.580593, 0.69737625, 0.6806121, 0.20260468]
[1.3123263, 0.4506038, 0.6574178, 0.2043047]
[1.7431753, 0.9564502, 0.6057687, 0.18095642]
[1.2971613, 0.46351734, 0.6437917, 0.18985233]
[1.6747206, 0.9874996, 0.49140623, 0.19581482]
[1.6619552, 0.75021476, 0.7262931, 0.18544737]
[1.6575757, 0.72353154, 0.73800933, 0.19603479]
[1.7444762, 0.74803424, 0.7937367, 0.20270526]
[1.6509784, 0.84757113, 0.6019233, 0.20148413]
[1.6374345, 0.7247303, 0.71383023, 0.19887398]
[1.4883441, 0.6700875, 0.622722, 0.19553462]
[1.5289149, 0.5938363, 0.7236955, 0.21138307]
[1.631272, 0.658325, 0.75673604, 0.21621095]
[1.7967016, 0.8081445, 0.7645132, 0.22404385]
[1.8871374, 0.9548608, 0.7219063, 0.2103703]
[1.8616765, 0.78330755, 0.8672481, 0.2111209]
[1.9084215, 0.900184, 0.80476284, 0.20347479]
[1.9523418, 0.79902893, 0.95206285, 0.20125008]
[1.9526982, 0.77866477, 0.9676277, 0.20640582]
[1.6082809, 0.71719456, 0.6889968, 0.20208958]
[1.7725978, 0.85969967, 0.69806504, 0.21483304]
[1.8307145, 0.6887666, 0.944881, 0.19706683]
[1.532881, 0.8578372, 0.46674025, 0.20830351]
[1.6574013, 0.74245787, 0.7095503, 0.2053931]
[1.7132711, 0.6443661, 0.87435883, 0.19454616]
[1.7372377, 0.8979899, 0.6568606, 0.18238711]
[1.8304254, 0.76769435, 0.87287563, 0.18985544]
[1.9019792, 0.803849, 0.906994, 0.19113629]
[1.6098288, 0.7489667, 0.6843357, 0.17652646]
[1.5876304, 0.63999605, 0.75625235, 0.19138205]
[1.7989311, 0.79220045, 0.8249452, 0.18178543]
[1.515213, 0.6986895, 0.62162256, 0.19490103]
[1.8152481, 0.8802278, 0.73270565, 0.20231478]
[1.9693801, 0.87188244, 0.89355755, 0.20394018]
[1.5453451, 0.6734999, 0.68121094, 0.19063427]
[1.7113426, 0.66775954, 0.87584245, 0.16774061]
[1.949691, 1.0330358, 0.73629975, 0.1803556]
[1.8127297, 0.5516021, 1.0829223, 0.17820528]
[1.7229011, 0.6718804, 0.86635077, 0.18466997]
[1.6257415, 0.67661095, 0.77276486, 0.17636555]
[1.8121353, 0.7768345, 0.86478025, 0.17052063]
[1.5835164, 0.53223246, 0.86088544, 0.1903985]
[1.6445205, 0.8654064, 0.6022511, 0.17686296]
[1.6862288, 0.8620218, 0.6571071, 0.16709986]
[1.6919047, 0.63517535, 0.8647984, 0.1919309]
[1.589356, 0.6798825, 0.7308488, 0.17862459]
[1.8307137, 0.8169835, 0.81899655, 0.19473365]
[1.59822, 0.67614865, 0.75264, 0.1694313]
[1.8431044, 0.78109866, 0.86150026, 0.20050555]
[1.6649194, 0.71489173, 0.7388668, 0.21116084]
[1.7789284, 1.1686705, 0.42635614, 0.18390168]
[1.7207254, 0.7241148, 0.8316529, 0.16495776]
[1.4623163, 0.52848935, 0.7429397, 0.19088724]
[1.7511996, 0.9436883, 0.61936617, 0.18814516]
[1.6588829, 0.6166972, 0.8532733, 0.18891245]
[1.784627, 0.8794416, 0.7199345, 0.18525074]
[1.7040285, 0.88155377, 0.6469045, 0.17557015]
[1.6685166, 0.7400323, 0.74753666, 0.1809476]
[1.6565819, 0.7406061, 0.7296448, 0.18633097]
[1.8285573, 0.71805537, 0.9352968, 0.17520508]
[1.559744, 0.6463561, 0.718074, 0.19531377]
[1.5815465, 0.65934145, 0.7266753, 0.19552976]
[1.9428993, 0.93101, 0.82141066, 0.19047864]
[1.5335332, 0.65258867, 0.7142339, 0.16671078]
[1.7916179, 0.75299037, 0.83838826, 0.20023917]
[1.8370697, 0.87100273, 0.77086484, 0.19520208]
[1.6202563, 0.75895923, 0.6448328, 0.21646424]
[2.0194628, 0.9029162, 0.92913234, 0.18741426]
[1.6563234, 0.8229215, 0.65368444, 0.17971757]
[1.7366399, 0.72926015, 0.8331466, 0.17423311]
[1.5416503, 0.71601987, 0.6636491, 0.16198131]
[1.6182076, 0.7562636, 0.7000603, 0.16188368]
[1.6141157, 0.7420133, 0.6867142, 0.18538827]
[1.8949087, 0.88579077, 0.8109667, 0.19815126]
[1.762579, 0.6997238, 0.85942376, 0.20343138]
[1.6131418, 0.7044833, 0.72234565, 0.18631285]
[1.5080446, 0.7421102, 0.5791615, 0.1867729]
[1.7324238, 0.67402005, 0.86379963, 0.19460411]
[1.6497853, 0.72674096, 0.74869215, 0.17435217]
[1.5974747, 0.7470238, 0.660679, 0.18977192]
[1.6741201, 0.72604865, 0.74107873, 0.20699275]
[1.6233315, 0.7992873, 0.6174917, 0.20655254]
[1.5601556, 0.49414676, 0.8544731, 0.21153563]
[1.8048549, 0.9331742, 0.6745956, 0.19708517]
[1.8361306, 0.84560317, 0.819427, 0.17110044]
[1.646685, 0.6528414, 0.7788249, 0.21501866]
[1.7800843, 0.7790373, 0.81587064, 0.18517622]
[1.7415217, 0.6570002, 0.8958857, 0.18863587]
[1.4071054, 0.63995194, 0.5731238, 0.19402972]
[1.6937162, 0.86374027, 0.6354451, 0.19453087]
[1.7234702, 0.7350997, 0.79738426, 0.19098622]
[1.9472867, 0.9287295, 0.81034625, 0.2082111]
[1.7593039, 0.65752196, 0.9241244, 0.17765744]
[1.585055, 0.5934304, 0.7794349, 0.21218964]
[1.8146627, 0.8704653, 0.7304752, 0.21372217]
[1.6809388, 0.6764022, 0.80956197, 0.19497462]
[1.8585839, 1.0187652, 0.643265, 0.1965537]
[1.6239475, 0.62044406, 0.8086076, 0.19489585]
[1.7264935, 0.8586843, 0.6710814, 0.19672771]
[1.9407328, 0.9845822, 0.7669382, 0.18921244]
[1.612803, 0.5175698, 0.89119166, 0.20404142]
[1.6660465, 0.99564177, 0.47526795, 0.19513679]
[1.5814687, 0.59289265, 0.8131527, 0.17542337]
[1.6272383, 0.77713096, 0.6582588, 0.19184852]
[1.46161, 0.6223205, 0.63324714, 0.20604244]
[1.7058821, 0.7683271, 0.74764156, 0.18991339]
[1.5783147, 0.7622721, 0.6124398, 0.20360267]
[1.6434534, 0.69968855, 0.76232165, 0.18144318]
[1.9303658, 0.7811276, 0.9433129, 0.2059254]
[2.1424994, 1.152197, 0.7955475, 0.19475484]
[1.5958792, 0.65956545, 0.7406862, 0.1956276]
[1.7068841, 0.7435356, 0.7538313, 0.20951729]
[1.5947385, 0.8838757, 0.5159403, 0.19492239]
[1.73196, 0.64072347, 0.90655315, 0.1846835]
[1.6176558, 0.6345781, 0.81078327, 0.17229432]
[1.5844423, 0.72489774, 0.65644747, 0.20309702]
[1.5112258, 0.55044806, 0.75987893, 0.20089874]
[1.4397587, 0.589942, 0.65760756, 0.19220915]
[1.5693176, 0.6432797, 0.728257, 0.1977809]
[1.991269, 1.0941777, 0.68638444, 0.21070683]
[1.7548943, 0.60328686, 0.95498216, 0.1966252]
[1.7005112, 0.94338834, 0.5582255, 0.19889733]
[1.8826401, 0.7517232, 0.95340073, 0.17751628]
[1.8130538, 0.9563887, 0.64840245, 0.20826268]
[1.837614, 0.74142945, 0.91522765, 0.18095692]
[1.5963699, 0.78783214, 0.6374542, 0.17108352]
[1.9134679, 0.99773735, 0.7298118, 0.18591875]
[1.8223468, 0.6746686, 0.95602036, 0.19165792]
[1.6428437, 0.7996596, 0.65584934, 0.18733484]
[1.6450596, 0.7281064, 0.73301226, 0.18394083]
[1.2850912, 0.6304422, 0.4708416, 0.1838074]
[1.4954466, 0.672194, 0.62804675, 0.19520581]
[1.9201576, 0.8614948, 0.84405434, 0.21460846]
[1.7393966, 1.0392749, 0.5054117, 0.19470999]
[1.602951, 0.6637889, 0.7527189, 0.18644321]
[1.7087132, 0.90143967, 0.6198517, 0.18742177]
[1.7905992, 0.83165944, 0.77017635, 0.18876347]
[1.8488933, 0.70968264, 0.9540766, 0.18513407]
[1.7191666, 1.0519416, 0.4914832, 0.17574176]
[1.790949, 0.56873345, 1.0277023, 0.19451323]
[1.5623779, 0.81413394, 0.56617475, 0.18206932]
[1.6749698, 0.61611974, 0.88032234, 0.17852771]
[1.709603, 0.8619647, 0.6381964, 0.20944181]
[1.6559949, 0.6825659, 0.7605978, 0.21283118]
[1.5909013, 0.699, 0.70337754, 0.1885237]
[1.9801351, 0.8672905, 0.9368706, 0.17597397]
[1.7953882, 0.82334787, 0.77989376, 0.19214654]
[1.6511853, 0.7726082, 0.70475715, 0.17381987]
[1.797904, 0.6748374, 0.93738073, 0.18568587]
[1.6760416, 0.8845077, 0.602831, 0.18870276]
[1.5557301, 0.7202605, 0.6619736, 0.17349604]
[2.0312471, 1.0207903, 0.8313747, 0.17908205]
[1.7013049, 0.61644435, 0.9059762, 0.17888433]
[1.4759308, 0.6897266, 0.61037815, 0.1758261]
[1.7837079, 0.8369398, 0.7784935, 0.16827446]
[1.9106076, 1.0173113, 0.7140641, 0.17923218]
[1.7344865, 0.7257105, 0.82986486, 0.17891112]
[1.7969066, 0.8156295, 0.8007883, 0.18048884]
[1.5868437, 0.53539234, 0.86616975, 0.18528157]
[1.7554467, 0.9551149, 0.62541205, 0.17491966]
[1.6628802, 0.68406105, 0.7970215, 0.18179767]
[1.5865893, 0.75975907, 0.65094554, 0.17588472]
[1.7598892, 0.6662521, 0.90538126, 0.18825586]
[1.6388779, 0.8340092, 0.6294735, 0.17539525]
[1.5829145, 0.71306884, 0.67021513, 0.19963054]
[1.6078643, 0.549551, 0.87019676, 0.18811639]
[1.8532456, 1.008687, 0.66708285, 0.17747582]
[1.7049108, 0.62083054, 0.92505765, 0.15902251]
[1.6564906, 0.81065506, 0.66082263, 0.18501282]
[1.5745575, 0.667151, 0.71921754, 0.18818909]
[1.7577939, 0.8198259, 0.75015974, 0.18780833]
[1.6475024, 0.6245519, 0.84033597, 0.18261454]
[1.5350001, 0.76902014, 0.58427304, 0.1817069]
[1.688641, 0.7636869, 0.73769414, 0.18725988]
[1.6330914, 0.6321229, 0.79404354, 0.2069251]
[1.6951722, 0.8535669, 0.6429125, 0.1986928]
[1.8662333, 0.91257614, 0.75328743, 0.2003698]
[1.5691879, 0.5649761, 0.8189075, 0.18530434]
[1.6632144, 0.9748445, 0.48893392, 0.19943589]
[1.7349951, 0.609324, 0.9337719, 0.19189924]
[1.6860487, 0.82658994, 0.6645609, 0.19489795]
[1.4950451, 0.66001445, 0.64387405, 0.1911565]
[1.7290437, 0.7546109, 0.7535788, 0.22085398]
[1.7889907, 0.7443932, 0.8304767, 0.21412085]
[1.5467799, 0.77721375, 0.5654752, 0.20409086]
[1.7823336, 0.7269267, 0.8555448, 0.19986206]
[1.8038228, 0.8068367, 0.78736156, 0.20962459]
[1.7117466, 0.8153269, 0.7128776, 0.18354213]
[1.556133, 0.63153803, 0.7269657, 0.19762921]
[1.6843553, 0.72317845, 0.7661227, 0.19505405]
[1.8062943, 1.0712527, 0.52731436, 0.20772728]
[1.6577001, 0.5207549, 0.9450213, 0.19192392]
[1.5834639, 0.8212809, 0.56748104, 0.19470191]
[1.9675218, 0.69666505, 1.0877926, 0.18306409]
[1.6767954, 0.7789602, 0.7041588, 0.19367635]
[1.6507316, 0.6585662, 0.80215347, 0.19001201]
[1.8713217, 0.7446058, 0.93397367, 0.19274218]
[2.1100879, 1.0723948, 0.8537687, 0.18392429]
[1.7880782, 0.74784184, 0.8485527, 0.1916836]
[1.6638398, 0.6026834, 0.87295485, 0.18820152]
[1.7294238, 0.6788069, 0.85900843, 0.19160843]
[1.777037, 0.8565719, 0.75878936, 0.16167578]
[1.6804079, 0.84027445, 0.6413717, 0.19876173]
[1.4764317, 0.51947385, 0.781319, 0.1756388]
[1.5086058, 0.65041584, 0.6595736, 0.19861634]
[1.6887256, 0.7236167, 0.7776514, 0.18745741]
[1.9025712, 1.0815332, 0.6308458, 0.19019225]
[1.7761428, 0.5274872, 1.0651932, 0.1834624]
[1.6654341, 0.6431476, 0.82541937, 0.19686723]
[1.559871, 0.6093986, 0.761692, 0.18878035]
[1.6614442, 0.86171556, 0.60305, 0.19667861]
[1.6049457, 0.77909255, 0.65790266, 0.16795038]
[1.7229612, 0.7441139, 0.79620177, 0.18264553]
[1.3323798, 0.46847695, 0.6596498, 0.20425305]
[1.8684758, 1.0355527, 0.64306307, 0.18985999]
