[1.7366109, 0.8955429, 0.66156745, 0.17950052]
[1.7601839, 0.7941916, 0.78741145, 0.17858087]
[1.8084536, 0.8887006, 0.7291067, 0.1906462]
[1.6593888, 0.7236522, 0.77762914, 0.15810755]
[1.5557053, 0.6790336, 0.68180037, 0.1948714]
[1.6533103, 0.81426084, 0.6509254, 0.188124]
[1.5426047, 0.6068887, 0.7691256, 0.16659051]
[1.672457, 0.8216628, 0.66684794, 0.18394622]
[1.786454, 0.9560839, 0.64995295, 0.18041709]
[1.5881734, 0.77361417, 0.63161635, 0.18294284]
[1.884899, 0.6674105, 1.0320995, 0.18538904]
[2.0564766, 1.1512328, 0.73221296, 0.17303073]
[1.4271991, 0.5243045, 0.7006376, 0.20225698]
[1.7659173, 0.9396179, 0.64766204, 0.17863742]
[1.4701439, 0.6532458, 0.62193537, 0.19496275]
[1.9316928, 0.87119514, 0.8711858, 0.18931194]
[1.5814797, 0.68634725, 0.69081026, 0.20432219]
[1.6481346, 0.6200589, 0.8382994, 0.18977627]
[1.7465249, 0.99996454, 0.54331356, 0.2032468]
[1.8778241, 0.76046157, 0.9505016, 0.16686088]
[1.6451137, 0.6824062, 0.7964865, 0.16622104]
[1.9425881, 0.7774751, 0.9785302, 0.18658286]
[1.6952839, 0.8370981, 0.6703046, 0.18788123]
[1.8538846, 0.9169769, 0.746645, 0.19026263]
[1.6631379, 0.873253, 0.577284, 0.21260098]
[1.819728, 0.8986223, 0.738587, 0.1825187]
[1.6545103, 0.7684506, 0.7211071, 0.16495252]
[1.5702435, 0.78129816, 0.5956453, 0.19329998]
[1.3537128, 0.441028, 0.7170669, 0.19561787]
[1.6315506, 0.8416936, 0.6003274, 0.1895296]
[1.7790253, 0.7289083, 0.86318564, 0.18693137]
[1.9035025, 0.873567, 0.84006363, 0.18987173]
[1.9143071, 1.0365157, 0.6866051, 0.19118628]
[1.875593, 0.7399217, 0.94953066, 0.18614057]
[1.8791695, 0.83326286, 0.87488127, 0.17102534]
[1.5693917, 0.5368997, 0.83217347, 0.20031857]
[1.614208, 0.7265289, 0.70696056, 0.1807186]
[1.558687, 0.72017056, 0.6800756, 0.15844089]
[1.6661967, 0.5960001, 0.88866043, 0.1815362]
[1.5762503, 0.68451273, 0.7038409, 0.18789674]
[1.6440642, 0.75553197, 0.6908947, 0.19763753]
[1.6024994, 0.67758507, 0.74086535, 0.18404903]
[1.6924447, 0.6092833, 0.87992704, 0.20323433]
[1.9267548, 0.88914764, 0.85829926, 0.17930798]
[1.9128679, 0.7553513, 0.9594122, 0.19810435]
[1.4945146, 0.81598854, 0.49614793, 0.1823782]
[1.7746559, 0.66047037, 0.9037169, 0.21046862]
[1.6951699, 0.87109196, 0.627425, 0.19665289]
[1.7846525, 0.7933066, 0.79142386, 0.19992214]
[1.629992, 0.67652905, 0.77693963, 0.17652339]
[1.5923353, 0.75651735, 0.6355108, 0.20030725]
[2.0175965, 0.9304834, 0.87476313, 0.21234979]
[1.6580511, 0.7283131, 0.7481711, 0.181567]
[1.4284471, 0.66457564, 0.5841274, 0.1797441]
[1.9393089, 0.88053536, 0.86285996, 0.1959135]
[1.8517497, 0.8355739, 0.8453351, 0.17084068]
[1.7225064, 0.7423164, 0.7930751, 0.18711486]
[1.7407879, 0.79053456, 0.7702812, 0.17997205]
[1.532249, 0.6677921, 0.6703315, 0.19412547]
[1.6296337, 0.79248226, 0.6519654, 0.18518607]
[1.6369092, 0.3764873, 1.0370541, 0.22336796]
[1.612802, 0.8484652, 0.5649904, 0.1993464]
[1.363273, 0.55083835, 0.62677366, 0.18566093]
[1.7901611, 0.78561807, 0.80062187, 0.2039212]
[1.8934634, 0.9596827, 0.73002887, 0.20375179]
[1.9167398, 0.5862218, 1.1376419, 0.19287613]
[1.6542995, 1.0941167, 0.36483222, 0.19535062]
[1.5127977, 0.53278863, 0.7904565, 0.18955265]
[1.5925926, 0.747146, 0.6481209, 0.19732572]
[1.7501826, 0.84469503, 0.695732, 0.20975563]
[1.9304285, 0.98531884, 0.74388814, 0.20122153]
[1.4772198, 0.6204612, 0.67860246, 0.17815608]
[1.6299257, 0.61517704, 0.8048031, 0.20994565]
[1.6111906, 0.7901315, 0.6239019, 0.19715714]
[1.8292122, 0.7539393, 0.8823621, 0.19291085]
[1.609271, 0.83736455, 0.5847451, 0.18716143]
[1.6261356, 0.7747999, 0.655509, 0.19582683]
[1.6435599, 0.7288893, 0.72602165, 0.18864888]
[1.7834598, 0.76106924, 0.8256387, 0.19675179]
[1.7997004, 0.8289341, 0.7658136, 0.20495275]
[1.693213, 0.71699554, 0.7898468, 0.18637066]
[1.6315374, 0.89074016, 0.5460715, 0.19472575]
[1.8311898, 0.7205565, 0.9132652, 0.19736807]
[1.6404607, 0.7929756, 0.6537539, 0.19373134]
[1.6387434, 0.63546175, 0.8203547, 0.1829269]
[1.6452769, 0.63733023, 0.79499185, 0.21295491]
[1.8545567, 0.87564033, 0.7781917, 0.20072475]
[1.9816992, 0.8219416, 0.97157234, 0.18818517]
[1.4606155, 0.612463, 0.6484167, 0.19973572]
[1.5128784, 0.8390124, 0.48656964, 0.18729636]
[1.7307667, 0.6817305, 0.8612996, 0.18773663]
[1.8908193, 0.6243602, 1.0596328, 0.20682639]
[1.7230119, 0.84512377, 0.68467766, 0.1932105]
[1.6525615, 0.6442069, 0.8371807, 0.17117393]
[1.5665648, 0.64411664, 0.7100223, 0.21242592]
[1.80938, 0.7798203, 0.8447141, 0.18484572]
[1.3446493, 0.4029995, 0.7195831, 0.22206679]
[1.5516088, 0.79296577, 0.5454074, 0.21323568]
[1.6965854, 0.7871101, 0.7064697, 0.20300558]
[1.7278731, 0.94024855, 0.59207904, 0.19554542]
[1.7049639, 0.63040894, 0.8862195, 0.18833536]
[1.8387381, 0.7758276, 0.86872816, 0.1941823]
[1.8898615, 0.7647115, 0.9299878, 0.19516213]
[1.8516412, 0.8869146, 0.7705679, 0.19415863]
[1.6188601, 0.7145654, 0.7123078, 0.19198692]
[1.4322388, 0.5282207, 0.6916928, 0.21232536]
[1.7668732, 0.71171623, 0.8649138, 0.19024308]
[1.4809136, 0.6603857, 0.5956781, 0.22484985]
[1.6505861, 0.7685137, 0.6891018, 0.1929706]
[1.4967186, 0.67028344, 0.64220154, 0.18423364]
[1.4963878, 0.59057057, 0.7084732, 0.1973441]
[1.4410263, 0.7686545, 0.45977393, 0.21259788]
[1.8636686, 0.693221, 0.9585632, 0.21188442]
[1.7921604, 0.97078824, 0.62162006, 0.1997521]
[1.7398734, 0.7484621, 0.7935826, 0.19782874]
[1.8697636, 0.6754927, 0.9804228, 0.21384808]
[1.7011583, 0.933531, 0.5628105, 0.20481677]
[1.5734829, 0.52798694, 0.8277114, 0.21778452]
[1.7367363, 0.99385846, 0.5728824, 0.16999543]
[1.3694292, 0.6043041, 0.5659562, 0.19916905]
[1.8592279, 0.92559797, 0.74609065, 0.18753931]
[1.8510127, 0.6888867, 0.9699074, 0.19221859]
[1.74267, 0.7997236, 0.7376603, 0.20528618]
[1.7887316, 0.7739151, 0.8132855, 0.20153093]
[1.7520796, 0.65584975, 0.9038394, 0.19239044]
[1.6642756, 0.8817272, 0.5802724, 0.20227605]
[1.7100004, 0.71644574, 0.7761992, 0.21735537]
[1.5786021, 0.8247498, 0.54290485, 0.21094733]
[1.4178356, 0.48316982, 0.7301936, 0.20447221]
[1.737337, 0.8484055, 0.6705742, 0.21835732]
[1.9417328, 0.88479894, 0.8674884, 0.18944538]
[1.9178023, 0.7951268, 0.92916286, 0.19351262]
[1.6818023, 0.77542925, 0.70572585, 0.20064709]
[1.7492311, 0.5606015, 0.98390216, 0.20472746]
[1.6278125, 0.78860486, 0.639297, 0.19991061]
[1.4863006, 0.8238075, 0.44970787, 0.2127852]
[1.6187197, 0.5027318, 0.93349063, 0.18249731]
[1.9242554, 1.1445451, 0.5771464, 0.20256385]
[1.7895893, 0.6769836, 0.9007597, 0.211846]
[1.5615879, 0.76889384, 0.6054979, 0.18719617]
[1.5034795, 0.55564076, 0.76877767, 0.17906108]
[1.7680856, 0.90220547, 0.6603824, 0.20549776]
[1.733684, 0.5808594, 0.96664715, 0.18617734]
[1.8148904, 0.98832536, 0.6092876, 0.21727741]
[1.8642237, 0.8190663, 0.85502875, 0.19012862]
[1.3351839, 0.53062063, 0.60736835, 0.19719484]
[1.4332988, 0.35425538, 0.8802017, 0.19884187]
[1.9073057, 1.1197935, 0.5799511, 0.20756102]
[1.4697783, 0.6869023, 0.61105096, 0.171825]
[1.6723313, 0.78680694, 0.68374294, 0.20178148]
[1.9797329, 0.6992221, 1.0887525, 0.19175829]
[1.5373664, 0.8097317, 0.54127705, 0.18635762]
[1.7968915, 0.8077177, 0.79477996, 0.19439387]
[1.7797506, 0.6675796, 0.93149304, 0.18067792]
[1.6546875, 0.66268635, 0.7926156, 0.1993855]
[1.4890769, 0.8794246, 0.4160492, 0.19360304]
[1.7847503, 0.6604249, 0.9626282, 0.16169724]
[1.6240503, 0.90530884, 0.5132832, 0.20545824]
[1.6133842, 0.53207433, 0.9174938, 0.16381615]
[1.7777245, 0.94520533, 0.61742866, 0.21509054]
[1.7563437, 0.7632783, 0.8253183, 0.16774718]
[1.7905658, 0.7304296, 0.8945419, 0.16559434]
[1.6979976, 0.76991916, 0.71936274, 0.20871569]
[1.984311, 0.9313805, 0.8551999, 0.19773066]
[1.7455912, 0.8119794, 0.75056577, 0.18304592]
[1.5519903, 0.87440604, 0.46462688, 0.21295735]
[1.4994714, 0.5516987, 0.7665443, 0.18122843]
[1.4867058, 0.70501375, 0.5922395, 0.18945259]
[1.929845, 0.82231075, 0.92046475, 0.18706952]
[1.6992366, 0.9516748, 0.5546702, 0.19289157]
[1.5626149, 0.53852713, 0.8342625, 0.18982525]
[1.8457465, 0.9784186, 0.6970575, 0.17027043]
[1.6867121, 0.7498702, 0.753872, 0.18296988]
[1.5835443, 0.69463944, 0.72254074, 0.1663641]
[1.7654533, 0.81728566, 0.77073455, 0.17743309]
[1.7630115, 0.87007844, 0.70658994, 0.18634307]
[1.7581153, 0.77374893, 0.7994752, 0.18489122]
[1.4408928, 0.4804229, 0.7859405, 0.17452943]
[1.9328294, 0.97550046, 0.7698576, 0.1874714]
[1.6722281, 0.65981233, 0.8233582, 0.18905765]
[1.8114725, 0.94857895, 0.6927563, 0.1701373]
[1.8454971, 0.8441583, 0.8057716, 0.19556722]
[1.3774142, 0.656201, 0.54192466, 0.17928857]
[1.8019902, 0.562474, 1.0583129, 0.18120323]
[1.7582877, 0.9434314, 0.62121844, 0.19363782]
[1.5031356, 0.619045, 0.70993745, 0.17415309]
[1.6597999, 0.80463326, 0.66748273, 0.1876839]
[1.6774961, 0.52208436, 0.9535979, 0.20181382]
[1.7113111, 0.9527378, 0.5760316, 0.18254156]
[1.7145841, 0.6561966, 0.8701089, 0.18827873]
[1.7374116, 0.74538815, 0.7947899, 0.19723353]
[1.6864253, 0.7515045, 0.7333112, 0.20160978]
[1.5308104, 0.62001526, 0.71741104, 0.19338402]
[1.7758111, 0.9026158, 0.7085408, 0.16465448]
[1.3917543, 0.5482513, 0.6425144, 0.2009887]
[1.7218745, 0.862084, 0.6772527, 0.1825378]
[1.6433746, 0.6350994, 0.834854, 0.1734211]
[1.6904013, 0.92825294, 0.5503807, 0.21176767]
[1.8698574, 0.6520078, 1.0283737, 0.18947592]
[1.6060064, 0.80638826, 0.60595334, 0.19366483]
[2.1074924, 0.92122066, 0.99795514, 0.18831652]
[1.5849403, 0.87722826, 0.5210596, 0.18665251]
[1.3901879, 0.4152071, 0.78949684, 0.18548398]
[1.8419194, 0.9500576, 0.6987474, 0.19311443]
[1.7642304, 0.8346188, 0.73152995, 0.19808164]
[1.5208026, 0.6527554, 0.65929365, 0.20875362]
[1.7798636, 0.75744486, 0.839777, 0.18264177]
[1.509453, 0.8230484, 0.48648295, 0.19992179]
[1.7612956, 0.80040425, 0.7631719, 0.19771937]
[1.4854715, 0.6669781, 0.62002695, 0.19846648]
[1.5626433, 0.6422282, 0.7090807, 0.21133447]
[1.5804012, 0.75973827, 0.6314038, 0.18925904]
[1.7065508, 0.8357375, 0.68910426, 0.18170902]
[1.778854, 0.62315875, 0.9477122, 0.20798315]
[1.7709284, 0.8459803, 0.7181034, 0.20684475]
[1.6379259, 0.82402664, 0.6226603, 0.19123884]
[1.3378165, 0.52569354, 0.6194613, 0.19266161]
[1.6231285, 0.62402827, 0.791986, 0.20711437]
[1.6674668, 0.79988575, 0.6687229, 0.19885811]
[1.7162431, 0.637025, 0.88261694, 0.1966013]
[1.8458171, 0.77811325, 0.8365786, 0.23112518]
[1.7992194, 0.688475, 0.9039204, 0.20682392]
[1.640376, 0.91247857, 0.5425326, 0.18536483]
[1.6379455, 0.63927364, 0.8097928, 0.18887913]
[1.8429195, 0.90577734, 0.75345206, 0.1836901]
[1.5543885, 0.7416144, 0.604036, 0.20873803]
[1.861046, 0.76469135, 0.8941382, 0.2022164]
[1.7257253, 0.6683743, 0.87138116, 0.18596978]
[1.6914595, 0.7439997, 0.73886406, 0.20859572]
[1.6524159, 0.6920452, 0.76311374, 0.19725695]
[1.7617358, 0.97295016, 0.5898076, 0.19897811]
[1.5344567, 0.62812096, 0.7048912, 0.20144461]
[1.7575587, 0.83305466, 0.73156196, 0.19294205]
[1.7904345, 0.57918125, 1.0006483, 0.21060506]
[1.9736071, 1.1734282, 0.6022724, 0.19790655]
[2.0503938, 0.8750647, 0.993406, 0.18192321]
[1.6988665, 0.78518903, 0.7437105, 0.16996698]
[1.5882082, 0.75153035, 0.6631503, 0.17352742]
[1.6971838, 0.7136971, 0.7838996, 0.19958705]
[1.7847378, 0.9017633, 0.6804221, 0.20255236]
[1.8745003, 0.5501505, 1.142003, 0.18234667]
[1.8701751, 1.0527444, 0.6267636, 0.19066718]
[1.618585, 0.62240446, 0.81106067, 0.18511987]
[1.8175092, 0.9453032, 0.6907188, 0.18148704]
[1.5796587, 0.83211386, 0.57221025, 0.1753347]
[1.6960969, 0.71359646, 0.786533, 0.1959675]
[1.7039391, 0.87629795, 0.64239603, 0.1852452]
[1.6404806, 0.5817324, 0.86911094, 0.18963735]
[1.6249566, 0.8054286, 0.6224953, 0.19703272]
[1.7496451, 0.79781914, 0.75479287, 0.19703305]
[1.8373495, 0.89465153, 0.7366076, 0.20609033]
[1.5865424, 0.5485656, 0.85981965, 0.17815706]
[1.7386461, 0.9359781, 0.60280323, 0.19986479]
[1.7910408, 0.7615292, 0.844291, 0.1852206]
[1.7308159, 0.7384354, 0.7976256, 0.19475482]
[1.7436688, 0.9071017, 0.6589256, 0.17764154]
[1.6854936, 0.73447263, 0.7505903, 0.20043068]
[1.839754, 0.9521943, 0.7090908, 0.17846885]
[1.7404611, 0.7238022, 0.815429, 0.20122994]
[1.924572, 0.7503545, 0.98484254, 0.18937491]
[1.681676, 0.71791327, 0.7907242, 0.17303863]
[1.6730407, 0.97003156, 0.5209899, 0.18201932]
[1.7805316, 0.676378, 0.919188, 0.1849656]
[1.7959708, 0.78732514, 0.81522626, 0.19341937]
[1.6208173, 0.64940536, 0.7806596, 0.19075236]
[1.632733, 0.97228783, 0.47590837, 0.18453684]
[1.7608995, 0.5920804, 0.98217165, 0.18664736]
[1.4816086, 0.70888275, 0.58977854, 0.1829474]
[1.6345094, 0.69673884, 0.7374933, 0.2002773]
[1.5949454, 0.76868665, 0.64520836, 0.18105038]
[1.4947449, 0.6574817, 0.6491437, 0.18811949]
[1.491136, 0.5809778, 0.69959426, 0.21056393]
[1.7444865, 0.76989317, 0.7742764, 0.2003169]
[1.7835547, 0.87650836, 0.72421974, 0.18282662]
[1.7468427, 0.5103344, 1.0414699, 0.19503845]
[1.4648008, 0.74014, 0.54544437, 0.17921638]
[1.6357254, 0.8054003, 0.6333253, 0.19699979]
[1.7488518, 0.7016613, 0.8472434, 0.19994712]
[1.6755964, 0.76175505, 0.68795246, 0.22588888]
[1.5988779, 0.7063052, 0.6995846, 0.1929882]
[1.4322383, 0.5441934, 0.6924697, 0.19557524]
[1.6854641, 0.86706203, 0.6328337, 0.1855683]
[2.0815134, 0.95357096, 0.9103955, 0.21754704]
[1.9456851, 0.8002726, 0.95428944, 0.19112319]
[1.8738979, 0.5978898, 1.0858073, 0.19020076]
[1.610229, 0.7915577, 0.622476, 0.19619538]
[1.8474588, 1.0542086, 0.6292938, 0.16395645]
[1.8788587, 0.81669307, 0.88625556, 0.17591015]
[1.8803717, 0.7572025, 0.9445564, 0.17861286]
[1.8092414, 0.7774499, 0.8453769, 0.1864146]
[1.7485387, 0.95164883, 0.62019205, 0.17669779]
[1.9158417, 0.972047, 0.7876977, 0.15609708]
[1.6366923, 0.63937545, 0.8239609, 0.1733559]
[1.8540581, 0.76558065, 0.9386637, 0.14981377]
[1.5572026, 0.82894564, 0.5439691, 0.18428777]
[1.5952288, 0.6481911, 0.77682424, 0.17021349]
[1.5536182, 0.57821953, 0.7975578, 0.17784089]
[1.8938963, 0.95366466, 0.76135725, 0.17887455]
[1.6284574, 0.68567264, 0.77914083, 0.16364397]
[1.5247993, 0.66533923, 0.69197667, 0.1674835]
[1.6139863, 0.6674456, 0.7456736, 0.20086701]
[1.7566136, 0.7504087, 0.818061, 0.1881438]
[1.5625379, 0.6085156, 0.74973583, 0.20428644]
[1.59557, 0.7990336, 0.6140523, 0.18248403]
[1.668364, 0.6584271, 0.8195652, 0.19037174]
[1.4805713, 0.57623255, 0.7181185, 0.18622015]
[1.4709477, 0.6650563, 0.62708163, 0.1788099]
[1.8319416, 0.781132, 0.87649417, 0.17431542]
[1.4551874, 0.7383994, 0.531928, 0.18486011]
[1.6080747, 0.56856525, 0.84556943, 0.19393988]
[1.7869437, 0.72330564, 0.8602228, 0.20341517]
[1.6967529, 0.80127877, 0.6789377, 0.2165364]
[1.7595215, 0.68657833, 0.89099324, 0.18194982]
[1.7437451, 0.7404219, 0.803561, 0.19976227]
[1.5762429, 0.58941185, 0.78615963, 0.2006714]
[1.7534841, 1.085703, 0.48445204, 0.1833291]
[1.781911, 0.59346205, 0.9838208, 0.20462814]
[1.5739031, 0.76068795, 0.6062994, 0.2069158]
[1.8210994, 0.56538486, 1.04846, 0.20725456]
[1.6462371, 0.81547415, 0.6289563, 0.20180666]
[1.763439, 0.8786925, 0.7042582, 0.18048835]
[1.6868589, 0.78722155, 0.71814835, 0.18148896]
[1.5095922, 0.809808, 0.49714082, 0.20264326]
[1.4804448, 0.63965684, 0.6635647, 0.17722332]
[1.589315, 0.5917462, 0.78637457, 0.21119432]
[1.3454201, 0.60329217, 0.5545453, 0.18758272]
[1.679327, 0.84502554, 0.6149768, 0.2193246]
[1.6655506, 0.6263771, 0.8377873, 0.2013862]
[1.5526569, 0.8129921, 0.5112815, 0.22838326]
[1.5483245, 0.64598376, 0.7041352, 0.19820556]
[1.6376731, 0.73999894, 0.70207036, 0.1956039]
[1.7325714, 0.9950106, 0.5365259, 0.20103472]
[1.8537955, 0.8228139, 0.81512034, 0.21586132]
[1.6505089, 0.76807284, 0.67305505, 0.20938101]
[1.7168646, 0.64520466, 0.8752265, 0.19643337]
[1.6116213, 0.69836605, 0.7109524, 0.20230281]
[1.616419, 0.7479988, 0.66357666, 0.20484355]
[1.4591385, 0.6943842, 0.5546286, 0.21012565]
[1.7341318, 0.8502377, 0.67534745, 0.20854658]
[1.6692721, 0.8124403, 0.6570702, 0.19976154]
[2.1194108, 0.84265035, 1.0605344, 0.21622615]
[1.8914973, 0.9099653, 0.80386496, 0.17766702]
[1.7496336, 0.7716242, 0.77101606, 0.20699328]
[1.7006128, 0.6909901, 0.8163706, 0.19325212]
[1.5919555, 0.87390685, 0.5311266, 0.18692212]
[1.9324273, 0.81296265, 0.9255407, 0.19392398]
[1.7061545, 0.58031297, 0.9519707, 0.17387082]
[1.4937817, 0.76684713, 0.5180289, 0.20890558]
[1.9263568, 0.9903811, 0.7519709, 0.18400477]
[2.0127678, 0.8374249, 0.96542394, 0.20991889]
[1.6532553, 0.81014985, 0.6710688, 0.17203678]
[1.7219285, 0.6880729, 0.8593161, 0.17453946]
[1.6708298, 0.80620086, 0.6843446, 0.18028432]
[1.753869, 0.5692121, 1.0203221, 0.16433486]
[1.9323268, 0.9051386, 0.83325005, 0.19393817]
[1.5290926, 0.5865253, 0.7571594, 0.18540789]
[1.7810241, 0.7841522, 0.8180199, 0.178852]
[1.6419876, 0.8254845, 0.64354277, 0.17296027]
[1.8396351, 0.7855681, 0.849685, 0.20438188]
[1.8475435, 0.7396829, 0.91277766, 0.19508293]
[1.6930567, 0.8369828, 0.68906343, 0.1670104]
[1.7297081, 0.7810619, 0.7578334, 0.19081272]
[1.776699, 0.7279489, 0.87166995, 0.17708008]
[1.8594078, 0.8968118, 0.77833605, 0.18426006]
[1.8378989, 0.9415847, 0.7054458, 0.19086824]
[1.7782584, 0.7017715, 0.887322, 0.18916497]
[1.642565, 0.7328764, 0.72542334, 0.1842652]
[1.7103568, 0.84869045, 0.6751055, 0.1865609]
[1.943404, 0.66540515, 1.0970232, 0.18097562]
[1.7287139, 0.79644513, 0.74936885, 0.18289986]
[1.6229256, 0.7140794, 0.71645784, 0.19238842]
[1.8263962, 0.81899405, 0.8207009, 0.18670131]
[1.733149, 0.80726016, 0.75075424, 0.17513472]
[1.5585026, 0.76966166, 0.6120169, 0.176824]
[1.6812944, 0.66471654, 0.8275268, 0.1890511]
[1.6282572, 0.64406335, 0.7970573, 0.18713653]
[1.7455012, 0.9259834, 0.6039972, 0.2155205]
[1.7450621, 0.69560623, 0.86575437, 0.18370155]
[1.5498081, 0.80134517, 0.5468488, 0.20161423]
[1.4673305, 0.54887235, 0.7334372, 0.18502092]
[1.7524861, 0.72905886, 0.82599586, 0.19743147]
[1.4921597, 0.6298384, 0.6629531, 0.19936824]
[1.8848557, 1.0641804, 0.6481264, 0.17254904]
[1.6016793, 0.64587307, 0.7781087, 0.1776975]
[1.8101637, 0.9628731, 0.6518803, 0.19541027]
[1.7131302, 0.67206174, 0.87680066, 0.16426781]
[1.8837875, 0.9735547, 0.7139601, 0.19627269]
[1.7001791, 0.76785517, 0.74466753, 0.1876564]
[1.5883512, 0.8000168, 0.59125006, 0.19708443]
[1.6828912, 0.70448697, 0.7764566, 0.20194769]
[1.6727133, 0.90012395, 0.5737075, 0.1988819]
[1.8224798, 0.7715825, 0.8695299, 0.18136747]
[1.7375269, 0.75187147, 0.79873675, 0.18691878]
[1.7112296, 0.77406037, 0.7345382, 0.20263106]
[1.6306069, 0.7798694, 0.66969657, 0.18104103]
[1.5889916, 0.7500644, 0.63422704, 0.20470017]
[1.4234991, 0.458924, 0.79956096, 0.16501418]
[1.6349268, 0.80988353, 0.6308133, 0.1942299]
[1.7544762, 0.9178039, 0.64609265, 0.19057964]
[1.6360252, 0.6289789, 0.82604814, 0.18099812]
[1.420158, 0.52148634, 0.7020471, 0.19662464]
[1.7614529, 0.69120234, 0.863896, 0.20635462]
[1.8674057, 0.8495182, 0.82787657, 0.19001085]
[1.677753, 0.93620616, 0.5476848, 0.19386202]
[1.5901875, 0.5505428, 0.84260666, 0.19703817]
[2.0379965, 1.2004027, 0.6344714, 0.20312242]
[1.7076831, 0.5492833, 0.94524956, 0.21315031]
[1.7250019, 0.8278837, 0.6973544, 0.1997639]
[1.4726595, 0.68305975, 0.6023387, 0.18726099]
[1.9142252, 0.83334374, 0.866372, 0.21450949]
[1.8413918, 0.80476475, 0.85816824, 0.17845875]
[1.8454056, 0.7640079, 0.8889383, 0.19245936]
[1.4548452, 0.709123, 0.54526925, 0.20045295]
[1.3981719, 0.54169023, 0.67415446, 0.18232724]
[1.7415142, 0.99860555, 0.5374919, 0.20541671]
[1.551681, 0.5995664, 0.75741947, 0.19469526]
[1.4405276, 0.6236303, 0.6110302, 0.20586702]
[1.5895276, 0.7989682, 0.58021116, 0.21034831]
[1.5471162, 0.5193321, 0.8473464, 0.18043765]
[1.8986723, 1.0547456, 0.6439954, 0.19993144]
[1.9048598, 0.7860843, 0.9185669, 0.20020863]
[1.9733956, 0.8547652, 0.9282836, 0.1903468]
[1.6336539, 0.85333633, 0.5753702, 0.20494732]
[1.6740466, 0.6482628, 0.83139473, 0.19438906]
[1.7381953, 0.7028484, 0.8292618, 0.20608512]
[1.7132144, 1.0896065, 0.42082372, 0.20278417]
[1.7989907, 0.5752773, 1.0396883, 0.18402508]
[2.100779, 0.86483175, 1.0467013, 0.18924603]
[1.7774711, 0.94350517, 0.6660542, 0.16791174]
[1.6028754, 0.73646665, 0.6888781, 0.17753062]
[1.8825816, 0.82726574, 0.8640541, 0.19126181]
[1.5866952, 0.53792834, 0.8629772, 0.18578964]
[1.6925659, 0.75215864, 0.74334425, 0.197063]
[1.6252549, 0.6940552, 0.7258004, 0.20539933]
[1.6713569, 0.84907126, 0.6279466, 0.19433904]
[1.5086672, 0.5119348, 0.8130099, 0.18372245]
[1.5880691, 0.88721263, 0.510877, 0.18997948]
[1.8047115, 0.5186077, 1.0980444, 0.18805948]
[1.4426115, 0.7792785, 0.4531185, 0.21021444]
[1.7373525, 0.6827072, 0.8427699, 0.21187529]
[1.811983, 0.7232347, 0.89582586, 0.19292247]
[1.7681916, 0.8950746, 0.6873896, 0.1857273]
[2.100362, 1.128614, 0.76499337, 0.20675474]
[1.7367092, 0.52683043, 1.0304906, 0.17938821]
[1.8188822, 0.8280556, 0.8028717, 0.18795484]
[1.8139312, 0.8167463, 0.8247654, 0.1724196]
[1.4882518, 0.6623082, 0.6359786, 0.18996498]
[1.5680912, 0.6783298, 0.68016195, 0.20959932]
[1.8092533, 0.71894205, 0.8994294, 0.19088188]
[1.7291756, 0.73576975, 0.7921414, 0.20126438]
[1.7986572, 0.93405974, 0.65624714, 0.20835036]
[1.5947632, 0.76440346, 0.63747394, 0.19288579]
[1.6303974, 0.666234, 0.7738761, 0.19028738]
[1.8964063, 0.74903363, 0.96411455, 0.18325813]
[1.8461231, 0.79002786, 0.851298, 0.20479722]
[1.7190993, 0.9172129, 0.6196321, 0.18225434]
[1.724645, 0.8510598, 0.6915902, 0.18199506]
[1.8497792, 0.64203703, 1.0071543, 0.20058787]
[1.6423081, 0.77988523, 0.6687498, 0.19367298]
[1.8957388, 0.81047165, 0.8952961, 0.18997106]
[1.7767538, 0.81094456, 0.778471, 0.18733822]
[1.7535983, 0.7917841, 0.7884674, 0.17334685]
[1.7079256, 0.9127217, 0.6310678, 0.16413602]
[1.7062147, 0.68535054, 0.8291819, 0.19168228]
[1.7760786, 0.66103446, 0.92912, 0.18592417]
[1.5274521, 0.9056542, 0.4298738, 0.1919241]
[1.5838213, 0.511755, 0.88816947, 0.18389672]
[1.8541794, 0.8724799, 0.8047508, 0.17694868]
[1.4702213, 0.62916267, 0.63412195, 0.20693657]
[1.5259292, 0.8843838, 0.4497915, 0.19175385]
[1.6484389, 0.69432247, 0.75991887, 0.1941976]
[1.5548491, 0.5017648, 0.87976146, 0.17332293]
[1.9677079, 0.9983961, 0.76433295, 0.20497888]
[1.6680932, 0.7174464, 0.77165186, 0.1789949]
[1.6625634, 0.8103179, 0.6579484, 0.19429716]
[1.6153154, 0.6521168, 0.7831867, 0.18001197]
[1.4830351, 0.71520257, 0.5724783, 0.19535422]
[1.4394418, 0.5625299, 0.6988758, 0.17803612]
[1.4287477, 0.7399157, 0.49284136, 0.19599056]
[1.6214423, 0.6265798, 0.7910668, 0.20379573]
[1.5615436, 0.78540707, 0.5587063, 0.21743023]
[2.0509472, 1.0027397, 0.84874564, 0.19946182]
[1.5132017, 0.73354, 0.59203786, 0.18762383]
[1.9495018, 0.6078694, 1.1598195, 0.18181294]
[1.5314785, 0.84167576, 0.48665017, 0.20315251]
[1.5230986, 0.64439964, 0.682302, 0.19639699]
[1.6991289, 0.6361236, 0.8708464, 0.19215894]
[1.5263805, 0.7992586, 0.5152626, 0.21185939]
[1.6274558, 0.7129966, 0.7283943, 0.18606484]
[1.5739273, 0.70370656, 0.6633128, 0.20690784]
[1.6558858, 0.71835154, 0.73310673, 0.2044276]
[1.9433489, 0.8893552, 0.8758539, 0.17813976]
[1.6294945, 0.6744937, 0.77811694, 0.17688397]
[1.7010663, 0.8336791, 0.68669313, 0.18069416]
[2.128878, 0.91105336, 1.0059037, 0.21192108]
[1.4499745, 0.8966116, 0.35515612, 0.19820687]
[1.8585644, 0.623541, 1.034743, 0.20028037]
[1.5840619, 0.7275456, 0.6557058, 0.20081042]
[1.6179805, 0.761901, 0.6616307, 0.19444874]
[1.7789685, 0.89554787, 0.7038099, 0.17961065]
[1.7943529, 0.9310334, 0.64871264, 0.21460688]
[1.5233835, 0.6253569, 0.71214265, 0.18588391]
[1.576583, 0.62370956, 0.8067484, 0.14612505]
[2.1827943, 1.136208, 0.85197055, 0.19461563]
[1.7557858, 0.83712584, 0.7305745, 0.18808544]
[1.8143481, 0.9429432, 0.70468104, 0.16672382]
[1.5261014, 0.7517192, 0.58245784, 0.1919243]
[1.666615, 0.765547, 0.71539617, 0.1856718]
[1.6166806, 0.6059707, 0.8406629, 0.17004701]
[1.8612931, 1.1656148, 0.48685354, 0.20882457]
[1.7695045, 0.680019, 0.8965456, 0.19293997]
[1.6346046, 0.7464386, 0.69398093, 0.19418502]
[1.7720954, 0.814592, 0.7668278, 0.19067556]
[1.8117014, 0.75081396, 0.8846321, 0.17625538]
[1.7021074, 0.8169197, 0.6902178, 0.19496992]
[1.6562792, 0.587804, 0.8752377, 0.1932374]
[1.5631918, 0.7310836, 0.6250576, 0.20705067]
[1.7046294, 0.83694875, 0.6830776, 0.1846031]
[1.3848741, 0.54163486, 0.66767377, 0.17556542]
[1.6172451, 0.837943, 0.5705456, 0.20875645]
[1.6816094, 0.7389885, 0.7329513, 0.20966965]
[1.7475951, 0.9883143, 0.5442916, 0.21498916]
[1.5970747, 0.5738336, 0.83415186, 0.1890893]
[1.90859, 0.8128666, 0.89200866, 0.20371477]
[1.7592375, 0.8576138, 0.70217, 0.19945368]
[1.5271044, 0.6760403, 0.66418016, 0.1868839]
[1.572431, 0.565326, 0.7795665, 0.22753848]
[1.8155584, 0.8995883, 0.7323611, 0.18360901]
[1.433542, 0.5756829, 0.65548646, 0.20237269]
[1.371973, 0.5845116, 0.5824878, 0.20497368]
[2.0081909, 1.0351862, 0.767897, 0.20510778]
[1.8706737, 0.68237966, 0.99192804, 0.19636601]
[1.7992715, 0.83572215, 0.7607643, 0.20278504]
[1.5759184, 0.7154072, 0.6594395, 0.20107175]
[1.963217, 0.94436383, 0.820071, 0.19878224]
[1.683583, 0.95066595, 0.5320507, 0.2008664]
[1.6082547, 0.5233961, 0.9088403, 0.17601821]
[1.4938681, 0.7878815, 0.51831675, 0.1876699]
[1.5735438, 0.6928941, 0.6988949, 0.1817548]
[1.4271833, 0.6486418, 0.5743035, 0.20423795]
[1.8728575, 0.8679471, 0.7926873, 0.21222308]
[1.7445061, 0.8178797, 0.7422122, 0.18441427]
[1.6872784, 0.6505369, 0.84362614, 0.19311535]
[1.8007115, 0.80641717, 0.7974783, 0.19681613]
[1.5266705, 0.66049063, 0.6787444, 0.18743543]
[1.4742539, 0.6609831, 0.6279819, 0.18528894]
[1.3735876, 0.4966649, 0.64344966, 0.23347312]
[1.3906033, 0.6003286, 0.5960412, 0.19423342]
[1.5708135, 0.85202724, 0.5046836, 0.21410266]
[1.7941475, 0.7875321, 0.7877481, 0.21886726]
[1.9545605, 0.74779665, 0.9825522, 0.22421166]
[1.6978121, 0.9406621, 0.5432209, 0.21392915]
[1.7774371, 0.6704978, 0.89885885, 0.20808044]
[1.661473, 0.6564413, 0.7950289, 0.21000287]
[1.6328722, 0.56530106, 0.8763433, 0.19122782]
[1.3855243, 0.7694838, 0.4199195, 0.196121]
[1.8511648, 0.8731549, 0.7845137, 0.1934962]
[1.6152229, 0.72512126, 0.6986362, 0.1914655]
[1.5733467, 0.5418054, 0.8430634, 0.18847784]
[1.6959239, 0.8387196, 0.66183496, 0.19536935]
[1.712654, 0.61822873, 0.9010199, 0.19340536]
[1.7896719, 0.8610617, 0.72512317, 0.20348707]
[1.99511, 0.66527987, 1.1317327, 0.19809753]
[1.5425166, 0.9066498, 0.43515295, 0.20071372]
[1.6918597, 0.63425964, 0.86772704, 0.18987302]
[1.661163, 0.76690674, 0.67652005, 0.21773615]
[1.6967461, 0.6858257, 0.8222225, 0.18869787]
[1.6368862, 0.8255489, 0.61678743, 0.19454987]
[1.7696298, 0.68987, 0.885489, 0.1942709]
[1.6485393, 0.5914223, 0.84191906, 0.21519798]
[1.6710402, 0.9026918, 0.55535126, 0.21299706]
[1.5385885, 0.48741418, 0.87738776, 0.17378664]
[1.787152, 0.8746804, 0.7020985, 0.2103732]
[1.5654861, 0.79669243, 0.5599029, 0.20889083]
[1.6190872, 0.66065264, 0.7436816, 0.21475288]
[1.5468421, 0.6054877, 0.732067, 0.20928736]
[1.5418476, 0.6580944, 0.65890765, 0.22484553]
[1.4540008, 0.53435504, 0.7124184, 0.20722736]
[1.7711629, 1.0024874, 0.5541336, 0.21454182]
[1.5828543, 0.611812, 0.7797055, 0.19133678]
[1.8461798, 0.78565323, 0.8387711, 0.22175553]
[1.8038651, 0.9680549, 0.6179021, 0.217908]
[1.5832481, 0.6134702, 0.7793726, 0.1904054]
[1.8844453, 1.2414004, 0.42810428, 0.21494064]
[1.6496232, 0.40150774, 1.0626453, 0.18547009]
[1.8945386, 0.8276734, 0.8725125, 0.19435269]
[1.800089, 0.94340944, 0.66008896, 0.19659051]
[1.6476277, 0.82249147, 0.60313237, 0.22200382]
[1.6460199, 0.81323516, 0.6448353, 0.18794946]
[1.609429, 0.8396744, 0.578918, 0.19083652]
[1.6604359, 0.45012194, 1.0170584, 0.1932556]
[1.8827348, 0.97021693, 0.70708203, 0.20543574]
[1.7516775, 0.6749448, 0.8748014, 0.20193121]
[1.9090451, 0.94262415, 0.7923701, 0.17405088]
[1.8075016, 0.97363687, 0.6244464, 0.20941825]
[1.6479135, 0.56098896, 0.9073086, 0.17961603]
[1.4316443, 0.7738261, 0.44828224, 0.20953599]
[1.8960696, 0.8944136, 0.80777985, 0.19387619]
[1.6720467, 0.65075386, 0.79776645, 0.2235263]
[1.7181319, 0.74925476, 0.7985315, 0.1703457]
[1.721009, 0.8392652, 0.6953654, 0.18637842]
[1.8372743, 0.9477322, 0.67204803, 0.21749401]
[1.9554929, 0.740083, 1.0369369, 0.17847297]
[1.962851, 0.9338423, 0.84278506, 0.18622369]
[1.6228727, 0.6815627, 0.7667318, 0.17457815]
[1.6552358, 0.62348664, 0.85296726, 0.17878185]
[1.6946543, 0.7753051, 0.7158738, 0.20347546]
[1.5432119, 0.53472793, 0.81858224, 0.18990177]
[1.7586198, 0.6867991, 0.86895466, 0.20286602]
[1.6163528, 0.74071574, 0.6878233, 0.18781382]
[1.8131548, 0.87221533, 0.7460053, 0.19493422]
[1.52705, 0.6878258, 0.64288795, 0.1963363]
[1.7619535, 0.6870642, 0.87328804, 0.20160124]
[1.8106492, 0.7358273, 0.8940147, 0.18080705]
[1.7280123, 0.9538901, 0.5888373, 0.18528482]
[1.4017967, 0.5401035, 0.67529434, 0.1863989]
[1.5612063, 0.76523566, 0.6073458, 0.1886248]
[1.6473367, 0.53578806, 0.9297813, 0.18176733]
[1.8743114, 1.0878237, 0.5906983, 0.19578937]
[1.6095706, 0.6565155, 0.7705327, 0.18252243]
[1.9249907, 0.82539284, 0.90848553, 0.19111222]
[1.7363089, 0.8366773, 0.71912587, 0.1805058]
[1.7026918, 0.5127451, 1.0078136, 0.18213321]
[1.7964731, 0.89666796, 0.71406484, 0.18574035]
[1.6925265, 0.75724417, 0.73151815, 0.20376413]
[1.4676104, 0.70163596, 0.5927978, 0.17317653]
[1.7407384, 0.81419224, 0.7390856, 0.18746054]
[1.5317757, 0.7406964, 0.6035632, 0.18751618]
[1.6402768, 0.72784364, 0.7136586, 0.1987746]
[1.5722909, 0.8909849, 0.46412557, 0.21718049]
[1.8980713, 0.601744, 1.1057589, 0.19056842]
[1.7979913, 0.907032, 0.66648316, 0.22447604]
[1.6373312, 0.69936645, 0.75781584, 0.18014902]
[1.6600258, 0.7375457, 0.72800803, 0.19447207]
[1.8206673, 0.9258001, 0.7226249, 0.17224228]
[1.8231955, 0.8141358, 0.8146787, 0.19438103]
[1.5234089, 0.6252728, 0.7214427, 0.17669338]
[1.7793858, 0.9241217, 0.6579181, 0.19734591]
[1.6605386, 0.7570796, 0.7199498, 0.1835092]
[1.7522469, 0.6195936, 0.9249348, 0.20771843]
[1.8091363, 0.802199, 0.81667435, 0.19026293]
[1.7473848, 0.76645184, 0.79121065, 0.18972227]
[1.6069293, 0.7433504, 0.6850813, 0.17849758]
[1.7972975, 0.68895704, 0.9010735, 0.20726699]
[1.7865319, 0.943282, 0.64129466, 0.20195538]
[1.6611106, 0.64930487, 0.81047624, 0.20132947]
[1.5124742, 0.6098245, 0.73594373, 0.16670594]
[1.6766877, 0.6822158, 0.7759275, 0.21854445]
[1.7189678, 0.74274063, 0.78367096, 0.19255623]
[1.7050133, 0.6984805, 0.8127638, 0.19376904]
[1.7513949, 0.7946994, 0.7608221, 0.19587334]
[1.6548988, 0.82527757, 0.62216294, 0.20745824]
[1.9830067, 0.7979159, 0.97464323, 0.21044761]
[1.5090451, 0.5899073, 0.7283207, 0.19081706]
[1.6956574, 1.0058784, 0.48426598, 0.20551288]
[1.5862983, 0.73120576, 0.6838536, 0.17123899]
[1.8312776, 0.94730127, 0.69256645, 0.19140978]
[1.6236271, 0.6041161, 0.8167473, 0.2027637]
[1.636259, 0.626522, 0.79127496, 0.21846199]
[1.9093491, 1.0276945, 0.6780522, 0.20360246]
[1.7727209, 0.8170221, 0.75675035, 0.1989485]
[1.6830721, 0.66758955, 0.8113691, 0.20411348]
[2.0237012, 0.94734824, 0.8908959, 0.18545699]
[1.8288863, 0.9080485, 0.72115624, 0.19968152]
[1.4848835, 0.5610877, 0.7339634, 0.18983248]
[1.6495094, 0.6924634, 0.75485486, 0.20219108]
[1.8656175, 0.9812428, 0.6835253, 0.20084935]
[1.696062, 0.7512578, 0.7739232, 0.17088091]
[1.7125847, 0.77052116, 0.7675733, 0.17449021]
[1.8113244, 0.7061274, 0.9305736, 0.1746234]
[1.6028974, 0.67914, 0.7239194, 0.199838]
[1.6421621, 0.6247044, 0.829308, 0.18814969]
[1.4786254, 0.77956545, 0.5107819, 0.1882781]
[1.5671024, 0.7496766, 0.61623275, 0.20119312]
[1.5747969, 0.5247942, 0.8502796, 0.19972304]
[1.8865017, 0.9767756, 0.7192026, 0.19052348]
[1.8509424, 0.9349851, 0.72742844, 0.18852884]
[1.7947637, 0.59615386, 1.0149698, 0.18363999]
[1.8942288, 0.94003415, 0.7696418, 0.18455277]
[1.7513694, 0.8391186, 0.7316415, 0.18060932]
[1.7475876, 0.6914885, 0.85601175, 0.2000873]
[1.6929038, 0.71672714, 0.7887502, 0.1874265]
[1.6627526, 0.8576691, 0.63079095, 0.17429262]
[1.9631698, 0.6820366, 1.1010728, 0.18006036]
[1.539391, 0.83156013, 0.5301968, 0.17763412]
[1.6176858, 0.62628794, 0.7997373, 0.19166058]
[1.9442914, 1.1344657, 0.6062406, 0.2035852]
[1.7998438, 0.48865786, 1.1122999, 0.1988861]
[1.6808054, 0.8274169, 0.66772354, 0.18566507]
[1.5955868, 0.7371777, 0.68005085, 0.1783582]
[1.7399957, 0.7777812, 0.77697337, 0.1852412]
[1.561706, 0.7593141, 0.61370075, 0.18869105]
[1.7721784, 0.87909275, 0.7106248, 0.18246073]
[1.708003, 0.76310277, 0.75219667, 0.19270363]
[1.7058992, 0.865891, 0.66579574, 0.17421252]
[1.9642769, 0.9420407, 0.8337511, 0.18848518]
[1.6889734, 0.80453897, 0.7142439, 0.17019057]
[1.7651583, 0.73048186, 0.8387943, 0.19588217]
[1.5768139, 0.73342663, 0.64961857, 0.19376872]
[1.653248, 0.71305835, 0.7634491, 0.17674056]
[1.6915437, 0.76952684, 0.7349191, 0.18709782]
[2.0211525, 0.93888426, 0.8783429, 0.20392546]
[1.6737895, 0.8649378, 0.6064855, 0.20236617]
[1.5568681, 0.65845734, 0.7029827, 0.19542807]
[1.8155618, 0.9265574, 0.70438886, 0.18461552]
[1.5723114, 0.40578568, 0.9853136, 0.18121214]
[1.4764255, 0.7714139, 0.51166433, 0.1933473]
[1.8667884, 0.9009179, 0.7663636, 0.19950691]
[1.6219878, 0.77831703, 0.6605912, 0.1830796]
[1.5156261, 0.6636792, 0.6537972, 0.19814967]
[1.9462175, 0.9899398, 0.77575064, 0.18052712]
[1.820571, 0.588725, 1.0500953, 0.1817506]
[1.607728, 0.89950633, 0.52493507, 0.18328673]
[1.6266754, 0.54800224, 0.89450073, 0.18417233]
[1.7308383, 0.8678363, 0.6757277, 0.18727428]
[1.4327536, 0.6025377, 0.66022426, 0.16999161]
[1.4036956, 0.6064691, 0.60103285, 0.19619375]
[1.7094994, 0.69333124, 0.81320167, 0.20296647]
[1.7010294, 0.7506988, 0.744305, 0.20602563]
[1.8499466, 0.9895585, 0.6493511, 0.211037]
[1.4560592, 0.55507797, 0.70744115, 0.19354004]
[1.6366838, 0.7339845, 0.71084815, 0.19185129]
[1.5298157, 0.7514678, 0.60785514, 0.17049271]
[1.7355237, 0.6259315, 0.9036453, 0.20594695]
[1.6918814, 0.8428117, 0.64588547, 0.20318425]
[1.8101997, 0.91637003, 0.68975794, 0.20407182]
[1.5826911, 0.66608655, 0.73583627, 0.18076822]
[1.3570236, 0.44987446, 0.69554746, 0.21160159]
[1.9226463, 1.0608989, 0.64574975, 0.2159977]
[1.4964032, 0.4740944, 0.8390107, 0.18329807]
[1.7261795, 0.9154158, 0.62751377, 0.18324983]
[1.7231302, 0.68806016, 0.8514345, 0.18363541]
[1.4327157, 0.5758972, 0.6428447, 0.21397373]
[1.5841771, 0.69125104, 0.69079953, 0.20212662]
[1.6350734, 0.7786056, 0.65561855, 0.20084935]
[1.628507, 0.86203295, 0.5746771, 0.1917969]
[1.6929379, 0.5427286, 0.9641273, 0.18608183]
[1.7546914, 0.84889364, 0.6949285, 0.21086916]
[1.5855464, 0.599017, 0.7816694, 0.20485997]
[1.5689135, 0.7127967, 0.6597849, 0.19633183]
[1.9554312, 0.9531242, 0.7946002, 0.20770685]
[1.6729212, 0.7931814, 0.6684705, 0.2112693]
[1.7612576, 0.8307042, 0.745359, 0.18519455]
[1.623109, 0.7492607, 0.6837133, 0.19013491]
[1.5193683, 0.53023297, 0.7832501, 0.20588529]
[1.8091735, 1.0675509, 0.5350245, 0.20659804]
[1.5302032, 0.5756702, 0.7572609, 0.19727217]
[1.7735927, 0.7181792, 0.860353, 0.19506049]
[1.787451, 0.9459641, 0.63045263, 0.21103433]
[1.6701614, 0.60738254, 0.8752951, 0.18748362]
[1.555253, 0.9205421, 0.42026854, 0.21444239]
[1.9134531, 0.83909416, 0.86904776, 0.20531112]
[1.7278631, 0.71081185, 0.825059, 0.19199228]
[1.6837608, 1.0185496, 0.4410932, 0.22411795]
[1.5485353, 0.7886332, 0.562914, 0.19698814]
[1.7317189, 0.5254202, 1.0165366, 0.18976215]
[1.7370393, 0.9757875, 0.5250677, 0.23618418]
[1.5420607, 0.4603066, 0.88104117, 0.2007129]
[2.0857577, 1.2263103, 0.6501386, 0.2093088]
[1.5787096, 0.4871558, 0.8962325, 0.19532135]
[1.6556982, 0.8738854, 0.58542764, 0.19638512]
[1.6227924, 0.6255083, 0.8114717, 0.18581235]
[1.806532, 0.81603277, 0.8090218, 0.18147746]
[1.8297008, 0.823539, 0.80774677, 0.19841501]
[1.5809451, 0.652294, 0.7222067, 0.20644435]
[1.635304, 0.73457205, 0.69418937, 0.20654255]
[1.8541863, 0.68250287, 0.9782852, 0.19339819]
[1.8672469, 0.8671292, 0.8022572, 0.19786048]
[1.6023989, 0.67078555, 0.72966987, 0.20194337]
[1.9504558, 0.9727138, 0.76929426, 0.20844771]
[1.9031636, 0.84439486, 0.86430645, 0.1944622]
[1.7330234, 0.6929895, 0.85725904, 0.18277475]
[1.9571105, 0.9374337, 0.8199011, 0.19977568]
[1.8293126, 0.79267883, 0.85501146, 0.1816222]
[1.7994504, 0.8110702, 0.8264028, 0.16197738]
[1.7201118, 0.8364358, 0.6990024, 0.18467364]
[1.5232759, 0.64481854, 0.68434817, 0.19410926]
[1.4181056, 0.6622889, 0.5779146, 0.17790207]
[1.9608396, 1.0502151, 0.73274195, 0.17788255]
[1.6557881, 0.53230536, 0.9344483, 0.18903434]
[1.7702131, 0.82258046, 0.7521071, 0.1955256]
[1.7724133, 0.6270299, 0.96522915, 0.1801542]
[1.8718213, 0.97089636, 0.7106808, 0.19024412]
[1.6909735, 0.5466921, 0.9611559, 0.18312547]
[1.7015562, 0.8146322, 0.7057072, 0.18121687]
[1.8227738, 0.78365374, 0.85074985, 0.18837023]
[1.5410428, 0.70140564, 0.64746666, 0.19217052]
[1.5175793, 0.61494315, 0.71283793, 0.1897983]
[1.8973649, 1.0431745, 0.6499721, 0.20421833]
[1.693308, 0.71011394, 0.7932018, 0.18999228]
[1.903159, 0.76871717, 0.9522002, 0.18224171]
[1.9516555, 0.8519945, 0.89715344, 0.20250762]
[1.7279055, 0.9046688, 0.63756657, 0.1856702]
[1.8423536, 0.85766983, 0.82964873, 0.15503499]
[1.6144391, 0.6435383, 0.76260376, 0.2082971]
[1.5083557, 0.5360234, 0.8106835, 0.16164885]
[1.5212007, 0.68924856, 0.6243087, 0.20764336]
[1.5562725, 0.72051734, 0.65512276, 0.1806323]
[1.5399779, 0.48742926, 0.86672413, 0.18582454]
[1.4999744, 0.6724094, 0.62368715, 0.20387776]
[1.4860289, 0.5233397, 0.7768998, 0.18578929]
[1.4997987, 0.8460952, 0.45709193, 0.1966115]
[1.7295955, 0.59843695, 0.9260187, 0.20513986]
[1.8282989, 0.9964887, 0.6501657, 0.18164456]
[1.7981704, 0.8516462, 0.74816185, 0.19836247]
[1.7498384, 0.80376464, 0.7752961, 0.1707775]
[1.7024634, 0.7927848, 0.68022215, 0.22945642]
[1.5451608, 0.7075677, 0.635049, 0.20254415]
[1.81941, 0.9875018, 0.65642697, 0.17548117]
[1.696465, 0.70064783, 0.8090701, 0.18674707]
[2.013437, 1.0094538, 0.8059963, 0.19798689]
[1.9697617, 0.8474923, 0.93465734, 0.18761218]
[1.7592382, 0.64699566, 0.92486084, 0.18738168]
[1.7433237, 0.9632803, 0.5881996, 0.19184375]
[1.7708421, 0.83599925, 0.7782285, 0.1566143]
[1.7147882, 0.63912207, 0.88710845, 0.18855767]
[1.5465301, 0.59005326, 0.7804518, 0.17602505]
[1.5982022, 0.98994815, 0.42771474, 0.1805394]
[1.696878, 0.74197, 0.7514064, 0.20350152]
[1.8811747, 0.84603584, 0.8494453, 0.1856936]
[1.8014073, 0.67071307, 0.9565518, 0.17414251]
[1.5125041, 0.5931762, 0.7558812, 0.16344666]
[1.8734344, 0.97062963, 0.7091786, 0.19362617]
[1.5440333, 0.5432407, 0.8082107, 0.19258185]
[1.6696506, 0.8956124, 0.607834, 0.16620418]
[1.6060317, 0.57994336, 0.8614676, 0.16462061]
[1.49668, 0.6175164, 0.6994683, 0.17969538]
[1.4786185, 0.68646675, 0.6145154, 0.17763627]
[1.859795, 0.89299107, 0.7898736, 0.17693028]
[1.7931795, 0.6227918, 0.97665256, 0.19373506]
[1.8591602, 1.0080334, 0.67025995, 0.18086678]
[1.6740503, 0.6764332, 0.810966, 0.18665105]
[1.6748286, 0.847407, 0.6282823, 0.19913937]
[1.5809245, 0.71467185, 0.682935, 0.1833176]
[1.741271, 0.7317871, 0.824909, 0.18457502]
[1.8976654, 1.0343057, 0.66056097, 0.20279872]
[1.5128388, 0.44670075, 0.8916645, 0.1744735]
[1.7233893, 0.70270264, 0.82449436, 0.19619226]
[1.8490441, 0.9749259, 0.69389784, 0.1802203]
[1.5810769, 0.6837975, 0.70027757, 0.19700184]
[1.8404063, 0.80661964, 0.85491776, 0.17886885]
[1.7356386, 0.7765703, 0.7735751, 0.18549326]
[1.8430271, 0.87432384, 0.7782432, 0.19046015]
[1.6720617, 0.6521188, 0.8408461, 0.17909667]
[1.9352347, 0.773189, 0.95070165, 0.21134403]
[1.8209436, 0.9447181, 0.6978669, 0.17835857]
[1.6512303, 0.77350044, 0.7063359, 0.17139393]
[1.7375531, 0.82293487, 0.7365856, 0.1780326]
[1.7309215, 0.68118566, 0.8766006, 0.17313528]
[1.5568639, 0.6009919, 0.78092825, 0.1749438]
[1.7300997, 0.95125884, 0.59523547, 0.18360539]
[1.8660977, 0.8490532, 0.8422382, 0.17480636]
[1.7046437, 0.6078041, 0.9118618, 0.18497775]
[1.8372719, 0.9839612, 0.66985947, 0.18345124]
[1.9152055, 0.89758277, 0.8231746, 0.19444816]
[1.5541687, 0.5275741, 0.8506073, 0.17598724]
[1.6011465, 0.7681358, 0.66582656, 0.16718405]
[1.8309778, 0.7501013, 0.889168, 0.19170848]
[1.7054561, 0.86240363, 0.6576967, 0.18535575]
[1.5431973, 0.5249162, 0.8574001, 0.16088092]
[1.6664727, 0.60140777, 0.8610903, 0.20397463]
[1.5985928, 0.87075317, 0.5521405, 0.17569913]
[1.4198205, 0.50850976, 0.7052937, 0.20601697]
[1.6224108, 0.6753502, 0.7375396, 0.20952111]
[1.8310338, 0.8181739, 0.82032394, 0.19253597]
[1.3845122, 0.5685871, 0.63858765, 0.17733736]
[1.6668494, 0.764742, 0.7011767, 0.20093057]
[1.7522763, 0.6183376, 0.93699205, 0.19694677]
[1.7655392, 0.99810904, 0.5688995, 0.19853067]
[1.5184258, 0.6587559, 0.6493558, 0.21031412]
[1.8474593, 0.6735816, 1.0029033, 0.17097431]
[1.8760018, 0.9644486, 0.7108935, 0.20065975]
[1.4588964, 0.7854496, 0.47576955, 0.19767727]
[1.8569489, 0.6325776, 1.0476036, 0.17676759]
[1.628888, 0.89252037, 0.5507353, 0.18563238]
[1.6936823, 0.7962009, 0.7080201, 0.1894613]
[1.9058998, 0.82615566, 0.8951347, 0.18460947]
[1.6690967, 0.88445354, 0.5917658, 0.1928773]
[1.6180345, 0.78517336, 0.6403327, 0.1925284]
[1.6044116, 0.77352595, 0.6228701, 0.20801558]
[1.782397, 0.74411225, 0.85026073, 0.18802403]
[1.8674666, 0.7054615, 0.9726866, 0.18931852]
[1.5925215, 0.7921541, 0.6035054, 0.19686212]
[1.8250663, 0.9846881, 0.67102945, 0.16934866]
[1.398123, 0.46886423, 0.74062955, 0.18862924]
[1.6950908, 0.9628433, 0.52507645, 0.20717102]
[1.6186702, 0.52334625, 0.8963549, 0.19896913]
[1.3937163, 0.74285257, 0.46106055, 0.1898033]
[1.8770736, 0.61967576, 1.0522873, 0.20511056]
[1.9208887, 1.1055244, 0.61449957, 0.20086467]
[1.755479, 0.5370512, 1.0541105, 0.16431725]
[1.8298004, 0.9564043, 0.6957411, 0.17765492]
[1.8445029, 0.65533894, 0.9904103, 0.19875363]
[1.8787133, 0.8913994, 0.80725104, 0.18006289]
[1.8253076, 1.0030249, 0.6332903, 0.18899232]
[1.5553069, 0.52475375, 0.8612825, 0.16927058]
[1.6697793, 0.5838411, 0.9088906, 0.17704767]
[1.623124, 0.84253186, 0.5855211, 0.1950711]
[1.8081235, 0.77112335, 0.8466569, 0.19034329]
[1.3104664, 0.5210936, 0.6007645, 0.18860833]
[1.9554033, 0.90851855, 0.8627704, 0.18411446]
[1.7778724, 0.7156837, 0.88477695, 0.1774118]
[1.777235, 0.7480336, 0.84213364, 0.18706769]
[1.7882583, 0.97053075, 0.629603, 0.18812457]
[1.5587246, 0.7087281, 0.672477, 0.17751956]
[1.5790799, 0.60579014, 0.7837757, 0.18951401]
[1.7907244, 0.78130645, 0.82509315, 0.1843249]
[1.8890465, 1.020636, 0.6854959, 0.18291458]
[1.4947264, 0.5782139, 0.73565793, 0.18085456]
[1.7248107, 0.7831759, 0.760208, 0.18142685]
[1.7086638, 0.8449664, 0.6871254, 0.17657192]
[1.5695482, 0.6360216, 0.7700335, 0.16349313]
[1.8351527, 0.86588144, 0.78484607, 0.1844252]
[1.4346, 0.63398755, 0.63561285, 0.16499957]
[1.846216, 0.85538805, 0.8185227, 0.17230526]
[1.654207, 0.8537342, 0.63202083, 0.16845208]
[1.5205208, 0.4801133, 0.8530011, 0.18740638]
[1.655961, 0.7312597, 0.74355096, 0.18115047]
[1.6899496, 0.8727645, 0.6450932, 0.17209189]
[1.8686644, 0.9151967, 0.78601074, 0.16745697]
[2.0402336, 0.96847993, 0.88536763, 0.18638605]
[1.6614125, 0.67424285, 0.81779414, 0.16937536]
[1.5648857, 0.7937496, 0.57905775, 0.19207844]
[1.8477098, 0.86198866, 0.77895314, 0.20676787]
[1.5522798, 0.77615345, 0.5853532, 0.19077308]
[1.8745892, 0.99312115, 0.70030785, 0.18116027]
[1.8032042, 0.8700235, 0.7412276, 0.19195303]
[1.8173077, 0.65479255, 0.98016423, 0.18235093]
[1.5186106, 0.6474715, 0.6848216, 0.18631755]
[1.6674356, 0.9360931, 0.56725794, 0.16408473]
[1.6938435, 0.7833233, 0.7319409, 0.17857921]
[1.5386195, 0.7551419, 0.60593665, 0.17754105]
[1.581323, 0.740572, 0.65953964, 0.18121134]
[1.7287921, 0.5741204, 0.9414894, 0.21318237]
[1.5055504, 0.6093628, 0.6825838, 0.2136038]
[1.6402526, 0.77269274, 0.6639756, 0.20358425]
[1.6880243, 0.5790976, 0.91211325, 0.1968134]
[1.4635196, 0.59485966, 0.6775389, 0.19112112]
[1.7144289, 0.8569454, 0.6473161, 0.2101674]
[1.5890646, 0.73556954, 0.66309935, 0.19039577]
[1.8517742, 0.87849617, 0.76222396, 0.21105404]
[1.5106225, 0.55233717, 0.788348, 0.16993734]
[1.7189994, 0.9325669, 0.5804014, 0.20603111]
[1.9007378, 0.884862, 0.80171955, 0.21415615]
[1.7964064, 0.7099446, 0.89894164, 0.18752012]
[1.6460911, 0.8768136, 0.5779561, 0.19132154]
[1.7766917, 0.7583374, 0.83391273, 0.18444157]
[1.63629, 0.4411168, 1.0063319, 0.18884124]
[1.534205, 0.83422863, 0.5067919, 0.19318444]
[1.8598919, 1.0131961, 0.67215234, 0.1745434]
[1.788882, 0.5057962, 1.1048143, 0.17827158]
[1.8803288, 0.9676879, 0.72392595, 0.18871489]
[1.4453961, 0.42553642, 0.81723166, 0.20262805]
[1.766776, 0.9660725, 0.6035436, 0.19715986]
[1.7826673, 0.67717636, 0.9084983, 0.19699264]
[1.6977524, 0.8665657, 0.65004206, 0.18114457]
[1.5229167, 0.71682143, 0.62494004, 0.18115517]
[1.693644, 0.853347, 0.67260385, 0.16769317]
[1.6470144, 0.68545127, 0.76673704, 0.19482613]
[1.5792162, 0.7159327, 0.67597026, 0.18731333]
[1.6710178, 0.6847855, 0.7960136, 0.19021869]
[1.817564, 0.85728323, 0.7563391, 0.20394173]
[1.6906841, 0.77394223, 0.72526205, 0.19147983]
[1.8666177, 0.769117, 0.90984046, 0.18766028]
[2.0893776, 1.1156399, 0.75837064, 0.21536699]
[1.6763254, 0.8199469, 0.6672635, 0.18911502]
[1.7821162, 0.688244, 0.88924444, 0.20462778]
[1.8854396, 0.92752516, 0.7463847, 0.21152976]
[1.4851909, 0.72563964, 0.57458925, 0.1849621]
[1.6959654, 0.76617575, 0.7387087, 0.19108093]
[1.7098908, 0.7112928, 0.8037188, 0.19487935]
[1.9492037, 0.9860227, 0.7882342, 0.17494681]
[1.5355841, 0.6891061, 0.67146015, 0.17501783]
[1.875615, 0.76126015, 0.9217954, 0.19255936]
[1.5413365, 0.717107, 0.66747487, 0.15675467]
[1.8528459, 0.96382225, 0.7070623, 0.18196136]
[1.6855626, 0.7602062, 0.7367465, 0.18860984]
[1.6493924, 0.7699572, 0.6898839, 0.18955132]
[1.814192, 0.7152774, 0.9050667, 0.19384788]
[1.5577888, 0.595398, 0.78879386, 0.17359698]
[1.729176, 0.7537257, 0.7933774, 0.18207283]
[1.6418145, 0.75448626, 0.69844985, 0.1888783]
[1.597537, 0.83776265, 0.59235895, 0.16741538]
[1.4981374, 0.62293994, 0.7049228, 0.17027459]
[1.8164058, 0.8105172, 0.79392195, 0.21196666]
[1.7672212, 0.6789155, 0.90579796, 0.18250772]
[1.6362832, 0.7217186, 0.7016014, 0.2129631]
[1.6085055, 0.8441675, 0.5693413, 0.1949967]
[1.5708308, 0.6956992, 0.6555234, 0.2196082]
[1.9759967, 0.98483694, 0.7945453, 0.19661455]
[1.800552, 0.86269397, 0.73232293, 0.20553502]
[1.7468045, 0.66305715, 0.89657366, 0.18717366]
[1.796285, 0.8491607, 0.7732644, 0.17385998]
[1.9415389, 0.71445405, 1.0454377, 0.18164715]
[2.0247824, 1.015461, 0.8399216, 0.16939984]
[2.0590134, 1.1316526, 0.75321347, 0.17414743]
[1.8383839, 0.62897867, 1.0176294, 0.19177577]
[1.6521518, 0.8515662, 0.6248053, 0.17578033]
[1.7963978, 0.94908917, 0.6660043, 0.18130437]
[1.5282341, 0.5505219, 0.79387975, 0.18383248]
