[1.7557826, 0.71640444, 0.83775127, 0.2016269]
[1.8616991, 0.93655634, 0.7324575, 0.19268523]
[2.115328, 0.81572807, 1.1088547, 0.19074528]
[1.6965845, 0.71080637, 0.79167545, 0.1941027]
[1.5974162, 0.9077382, 0.48811328, 0.20156467]
[1.649207, 0.75827634, 0.703231, 0.1876997]
[1.4937302, 0.60478, 0.6985936, 0.19035661]
[1.6723627, 0.9220369, 0.547521, 0.2028048]
[1.4240268, 0.46320647, 0.7624234, 0.19839704]
[1.7303323, 0.7347969, 0.80511916, 0.19041622]
[1.740561, 0.8866234, 0.64420485, 0.20973276]
[1.8124409, 0.83411545, 0.7815447, 0.19678067]
[1.6996108, 0.61717486, 0.8888559, 0.19358]
[1.8779566, 0.8367409, 0.8552028, 0.18601303]
[1.6012017, 0.69213057, 0.7382586, 0.17081247]
[1.4328393, 0.6853092, 0.55383265, 0.19369741]
[1.7024024, 0.53682363, 0.9548101, 0.21076867]
[1.5733871, 0.6779296, 0.7017869, 0.19367069]
[1.7179338, 0.63917446, 0.8822296, 0.19652979]
[1.8375561, 1.0075128, 0.66342163, 0.16662169]
[1.6917298, 0.732929, 0.78802425, 0.17077658]
[1.7674049, 0.9860882, 0.5989393, 0.18237746]
[1.7791476, 0.68336487, 0.8896122, 0.20617053]
[1.5788057, 0.83293116, 0.5533929, 0.1924816]
[1.5911331, 0.55365765, 0.8558764, 0.18159914]
[1.630543, 0.83473194, 0.5907618, 0.20504925]
[1.6788216, 0.7595159, 0.72952104, 0.18978463]
[1.4221193, 0.6040234, 0.620618, 0.19747794]
[1.7758876, 0.60455453, 0.97511697, 0.1962161]
[1.6417482, 0.9064173, 0.5314038, 0.2039271]
[1.7139401, 0.7420541, 0.7773707, 0.19451538]
[1.9106145, 1.0080683, 0.67799675, 0.22454938]
[1.692818, 0.57788694, 0.9135452, 0.20138589]
[1.7366925, 0.8883871, 0.6388775, 0.20942795]
[1.315512, 0.46734264, 0.6724782, 0.17569113]
[1.6832666, 0.83403635, 0.6478411, 0.2013892]
[1.8166581, 0.80887556, 0.80305547, 0.20472707]
[1.7293535, 0.76225734, 0.75935674, 0.20773943]
[1.545771, 0.5792748, 0.7556225, 0.21087377]
[1.335458, 0.57221055, 0.57518685, 0.18806061]
[1.8473015, 0.71389437, 0.9443643, 0.18904278]
[1.845197, 1.0582247, 0.57378083, 0.21319155]
[1.5469368, 0.8010907, 0.54781324, 0.19803284]
[1.8356862, 0.6743318, 0.9596349, 0.20171946]
[1.9363877, 0.975456, 0.7768438, 0.1840879]
[1.7033712, 0.84807634, 0.6733486, 0.18194616]
[1.6294518, 0.6127343, 0.8269543, 0.18976307]
[1.8229563, 1.0142338, 0.6200836, 0.18863896]
[1.669064, 0.79517496, 0.6724894, 0.20139965]
[1.7901788, 0.98377633, 0.6181859, 0.18821663]
[1.8951672, 0.6724882, 1.0378711, 0.18480785]
[1.679632, 0.897686, 0.5877874, 0.19415854]
[1.6515508, 0.5394548, 0.9294212, 0.18267483]
[1.7350152, 0.82817566, 0.6885185, 0.2183209]
[1.7874427, 0.6877036, 0.9121634, 0.18757567]
[1.6660899, 0.88979995, 0.58035326, 0.19593671]
[1.749518, 0.7632717, 0.7916236, 0.19462278]
[1.7444756, 0.66005754, 0.91703606, 0.16738206]
[1.7099031, 0.98162, 0.53076184, 0.19752136]
[1.6461596, 0.6162492, 0.8469519, 0.18295863]
[1.7155677, 0.7165626, 0.8308749, 0.16813016]
[1.7666609, 0.80337065, 0.7550758, 0.20821457]
[1.8004477, 0.9579883, 0.669574, 0.17288536]
[1.7230083, 0.6735831, 0.859761, 0.18966421]
[1.6790781, 0.6736468, 0.8347452, 0.17068595]
[1.8492556, 0.82019424, 0.84776837, 0.18129295]
[1.4438081, 0.49133226, 0.7614279, 0.19104794]
[1.7039096, 0.7468036, 0.7774168, 0.1796892]
[1.535819, 0.8324901, 0.5207518, 0.1825771]
[1.5569243, 0.56717265, 0.78979933, 0.1999523]
[1.8729967, 0.75198936, 0.9135845, 0.20742287]
[1.8076282, 0.8438605, 0.78376734, 0.18000033]
[1.65762, 0.71491027, 0.738466, 0.2042436]
[1.6875726, 0.7695565, 0.7382378, 0.17977826]
[1.6813381, 0.6900158, 0.78556645, 0.20575589]
[1.5391464, 0.55322385, 0.7568023, 0.22912022]
[1.5067801, 0.8333119, 0.47920674, 0.19426155]
[1.7381413, 0.73298675, 0.80016327, 0.2049914]
[1.6668563, 0.86984277, 0.6018636, 0.19514985]
[1.8008399, 0.7439829, 0.8661818, 0.19067524]
[1.614717, 0.63083446, 0.79252136, 0.1913612]
[1.5649805, 0.7833241, 0.56651604, 0.21514037]
[1.5597634, 0.52164733, 0.83766884, 0.20044734]
[1.4963208, 0.82118165, 0.47940624, 0.19573298]
[1.8779527, 0.78989285, 0.88492846, 0.20313132]
[1.6253948, 0.70061487, 0.71259665, 0.21218328]
[1.5426574, 0.613431, 0.7188628, 0.21036369]
[1.4000595, 0.75899845, 0.45131037, 0.18975061]
[1.6634209, 0.75843185, 0.7113683, 0.19362071]
[1.5173249, 0.65194964, 0.6354233, 0.22995202]
[1.6561946, 0.7909182, 0.65625757, 0.20901886]
[2.1476839, 0.8409285, 1.0965359, 0.2102193]
[1.6380721, 0.7059454, 0.7206608, 0.21146592]
[1.7675867, 0.9805915, 0.58771205, 0.19928312]
[1.6188121, 0.6564844, 0.7693922, 0.1929355]
[1.7316667, 0.89294124, 0.64098245, 0.19774306]
[1.6179298, 0.835521, 0.5898878, 0.19252095]
[1.5224503, 0.59136623, 0.7228782, 0.20820585]
[1.4796995, 0.6674074, 0.6207034, 0.19158877]
[1.6922692, 0.91090155, 0.5744603, 0.20690742]
[1.7770708, 0.6473564, 0.92021203, 0.2095024]
[1.6431104, 0.724377, 0.71836734, 0.20036617]
[1.806596, 1.0680257, 0.5520091, 0.18656129]
[1.7715626, 0.7087978, 0.86650443, 0.19626027]
[1.7042842, 0.75205714, 0.7537638, 0.19846325]
[1.7368369, 0.9311634, 0.60755837, 0.19811517]
[1.8035405, 0.72363365, 0.862212, 0.21769473]
[1.3422761, 0.55686677, 0.58183837, 0.20357096]
[1.6151328, 0.69087917, 0.7187245, 0.20552918]
[1.7412293, 0.8183776, 0.73847365, 0.18437809]
[1.8757336, 0.7920018, 0.8837873, 0.19994456]
[1.8513976, 0.83432573, 0.83165276, 0.1854192]
[1.544863, 0.6673119, 0.6838421, 0.1937089]
[1.8622234, 1.03092, 0.6353401, 0.19596323]
[1.8871609, 0.72249424, 0.96851414, 0.19615257]
[1.6823083, 0.7617151, 0.73459953, 0.18599363]
[1.5675894, 0.7685044, 0.61564314, 0.18344192]
[1.4713773, 0.61776435, 0.65216124, 0.20145169]
[1.6748685, 0.8625796, 0.5939491, 0.21833979]
[1.59752, 0.7320245, 0.66550326, 0.19999225]
[1.7861922, 0.67476094, 0.93348384, 0.17794745]
[1.6998621, 0.78000593, 0.6983425, 0.22151366]
[1.708295, 0.8087278, 0.6917709, 0.20779619]
[1.8166977, 0.6327877, 0.97334427, 0.21056567]
[1.6033931, 0.6860399, 0.725937, 0.19141613]
[1.74259, 0.8429827, 0.72877353, 0.17083368]
[1.5432298, 0.7039938, 0.6697135, 0.16952246]
[1.5161417, 0.7366129, 0.5705526, 0.20897621]
[1.6078906, 0.54167384, 0.8712669, 0.1949499]
[1.6621715, 0.8680789, 0.57957804, 0.21451466]
[1.6454319, 0.77018243, 0.6877954, 0.18745407]
[1.9758762, 0.6904466, 1.098625, 0.18680468]
[1.6012453, 0.72995526, 0.67656016, 0.1947299]
[1.677716, 0.73627806, 0.74985933, 0.19157863]
[1.5526803, 0.53214717, 0.81054306, 0.20998998]
[1.4034629, 0.63543576, 0.57199645, 0.19603065]
[1.5981642, 0.79439795, 0.6056154, 0.19815087]
[1.6283364, 0.5835977, 0.8440178, 0.20072094]
[1.5243424, 0.5659976, 0.7211758, 0.23716903]
[1.7396837, 0.9550254, 0.5771265, 0.20753184]
[1.7332145, 0.70514333, 0.8245542, 0.20351693]
[1.3259046, 0.5877026, 0.5370505, 0.20115161]
[1.4396973, 0.45118308, 0.7625601, 0.22595401]
[1.6392279, 1.0188093, 0.41245717, 0.20796126]
[1.7234317, 0.6743489, 0.83100355, 0.21807918]
[1.8947711, 1.1317801, 0.5530282, 0.20996273]
[1.6748762, 0.48374194, 0.97834253, 0.21279162]
[1.9137641, 0.99167657, 0.7133632, 0.20872436]
[1.6803391, 0.6465035, 0.8402079, 0.19362772]
[1.7200316, 0.6620399, 0.86331236, 0.1946794]
[1.7727907, 0.64001405, 0.945327, 0.18744966]
[1.6537557, 0.63488454, 0.84813833, 0.17073275]
[1.5166298, 0.6804631, 0.626093, 0.21007384]
[1.7890342, 0.82141757, 0.7693242, 0.19829252]
[1.7105976, 0.5571057, 0.94720554, 0.20628628]
[1.8632777, 0.9667835, 0.67372775, 0.2227664]
[1.7213019, 0.6946559, 0.83599913, 0.19064689]
[1.5327004, 0.7952778, 0.5414124, 0.19601023]
[1.8830631, 0.947299, 0.7566308, 0.17913333]
[1.5444309, 0.6914804, 0.65713274, 0.19581774]
[1.7184803, 0.71881676, 0.8096478, 0.19001576]
[1.70009, 0.71542007, 0.7848196, 0.19985041]
[1.7538306, 0.8606596, 0.6965722, 0.19659877]
[1.7465491, 0.8172367, 0.76090294, 0.1684094]
[2.0392137, 1.0831995, 0.77162313, 0.1843911]
[1.7290822, 0.7455845, 0.80508715, 0.1784106]
[1.5883098, 0.5721964, 0.8184508, 0.19766255]
[1.7533014, 0.9358946, 0.6110723, 0.20633447]
[1.6637658, 0.77399576, 0.6924308, 0.19733913]
[1.6389772, 0.5327954, 0.93400764, 0.17217407]
[1.7996185, 0.98574406, 0.62244534, 0.1914292]
[2.058288, 0.8546919, 1.0094931, 0.19410294]
[1.6755022, 0.702015, 0.7900452, 0.18344197]
[1.6317607, 0.62951076, 0.8162273, 0.18602261]
[1.7708207, 0.9095025, 0.6598204, 0.20149794]
[1.5701296, 0.60892224, 0.76881385, 0.19239348]
[1.7531596, 0.8605975, 0.6963301, 0.1962321]
[2.0195954, 1.0490463, 0.7833768, 0.18717219]
[1.5918578, 0.5695029, 0.84018135, 0.18217362]
[1.6178373, 0.78946733, 0.6425236, 0.18584642]
[1.7133487, 0.7503036, 0.7813137, 0.18173134]
[1.7419746, 0.663021, 0.89154613, 0.18740755]
[1.8157563, 0.8536682, 0.7897407, 0.1723474]
[1.8282671, 0.8262302, 0.832472, 0.16956481]
[1.4640619, 0.6179155, 0.6698959, 0.17625047]
[1.6699063, 0.79437196, 0.70930415, 0.16623005]
[1.7844623, 0.93583107, 0.66248494, 0.18614641]
[1.6821642, 0.5423392, 0.97228354, 0.16754156]
[1.3617039, 0.6631292, 0.4997373, 0.1988374]
[1.5139531, 0.647241, 0.68611526, 0.18059686]
[1.9721733, 0.84352326, 0.9304934, 0.19815668]
[1.4329653, 0.6940358, 0.56945467, 0.16947483]
[1.8198903, 0.7644947, 0.87942517, 0.17597029]
[1.7705052, 0.83998054, 0.75321186, 0.17731279]
[1.6387148, 0.6581635, 0.78720015, 0.19335118]
[1.642774, 0.7958597, 0.6565031, 0.19041125]
[1.8047696, 0.7074003, 0.91158664, 0.18578264]
[1.6072644, 0.72265863, 0.6944393, 0.19016649]
[1.6964647, 0.7933687, 0.702571, 0.20052491]
[1.8346208, 0.8598157, 0.7689858, 0.20581925]
[1.6311471, 0.6864191, 0.764743, 0.17998508]
[1.548639, 0.6084334, 0.74716365, 0.19304198]
[1.8573389, 0.97348326, 0.68615705, 0.1976986]
[1.7259016, 0.6411183, 0.906029, 0.17875437]
[1.7310202, 0.973487, 0.5702796, 0.18725353]
[1.6437972, 0.7971535, 0.6500131, 0.1966306]
[1.5238662, 0.70494646, 0.60546494, 0.21345471]
[1.5127108, 0.42721224, 0.89824057, 0.18725803]
[1.5547687, 0.9058772, 0.44647294, 0.2024186]
[1.9303645, 0.6233834, 1.1039064, 0.20307468]
[1.7541078, 0.8352413, 0.71090144, 0.20796506]
[1.4706917, 0.6690123, 0.5956362, 0.2060432]
[1.9618307, 0.9673524, 0.80024433, 0.194234]
[1.6877459, 0.7664983, 0.7433612, 0.17788634]
[1.7302103, 0.60970664, 0.9015867, 0.2189169]
[1.7708675, 0.86176604, 0.7246276, 0.1844739]
[2.0783386, 0.9318462, 0.9654762, 0.18101627]
[1.4878892, 0.72079957, 0.5689684, 0.19812119]
[1.6005795, 0.6994139, 0.7209703, 0.18019527]
[1.5050743, 0.58010924, 0.71136564, 0.2135995]
[1.614708, 0.85073817, 0.5591879, 0.20478185]
[1.7813795, 0.83162224, 0.7584504, 0.19130686]
[1.4852245, 0.6372222, 0.67170924, 0.17629312]
[1.6234348, 0.8283931, 0.6141318, 0.18090981]
[1.7324916, 0.60682845, 0.9297878, 0.19587533]
[1.8911432, 0.9211527, 0.78804666, 0.18194382]
[1.5258831, 0.7787167, 0.5625346, 0.18463181]
[1.9957353, 1.0182726, 0.7813769, 0.19608581]
[1.5690315, 0.46909815, 0.90397084, 0.19596237]
[1.701902, 0.79052544, 0.7200891, 0.19128749]
[1.625483, 0.7026206, 0.7204218, 0.20244062]
[1.6785698, 0.6205577, 0.8412377, 0.21677431]
[1.7464062, 0.9373996, 0.60282016, 0.20618637]
[2.0374043, 0.75137246, 1.0871131, 0.19891861]
[1.4963417, 0.5508335, 0.75925756, 0.18625072]
[1.5893209, 0.81876105, 0.5644963, 0.20606345]
[1.7305384, 0.812616, 0.707834, 0.21008837]
[1.5650208, 0.5467743, 0.8303337, 0.1879127]
[1.332674, 0.6751509, 0.44639423, 0.2111289]
[1.5174359, 0.58262265, 0.73805356, 0.19675966]
[1.8503983, 0.74096096, 0.9055886, 0.20384873]
[1.7734513, 0.8137082, 0.7423965, 0.2173467]
[1.7089499, 0.71622455, 0.79728806, 0.19543728]
[1.4483222, 0.64128625, 0.6048119, 0.202224]
[1.6614647, 0.60255486, 0.8464647, 0.21244511]
[1.6231971, 0.8372216, 0.58125025, 0.2047253]
[1.8640009, 0.6270249, 1.0281183, 0.20885779]
[1.5735936, 0.9488661, 0.4424298, 0.1822977]
[1.8153794, 0.7955417, 0.8147583, 0.20507935]
[1.6457298, 0.65769625, 0.76530534, 0.22272822]
[1.7899106, 0.8841435, 0.7122316, 0.19353557]
[1.5788934, 0.69956565, 0.7030211, 0.17630672]
[1.9681184, 0.899065, 0.84597576, 0.22307768]
[1.6701827, 0.5161519, 0.933241, 0.22078976]
[1.5325505, 0.7837765, 0.5374391, 0.21133485]
[2.0196767, 0.99670184, 0.808275, 0.21469976]
[1.8256601, 0.83350754, 0.7957447, 0.19640794]
[1.7143841, 0.71244663, 0.81187975, 0.19005777]
[1.6359526, 0.62848365, 0.82329273, 0.18417624]
[1.4630394, 0.8197924, 0.45042896, 0.19281806]
[1.9467577, 0.82409215, 0.9278085, 0.19485703]
[1.5155855, 0.45903262, 0.8712131, 0.18533985]
[1.7965134, 0.9583082, 0.6350538, 0.20315132]
[1.538672, 0.5291543, 0.81306964, 0.19644803]
[1.773884, 0.60134685, 0.9771645, 0.19537275]
[1.7120425, 0.8994804, 0.633602, 0.17895994]
[1.7499781, 0.88509583, 0.6459, 0.21898228]
[1.5492798, 0.55685854, 0.77806795, 0.2143533]
[1.637654, 0.7351158, 0.7114279, 0.19111027]
[1.9179094, 0.8818748, 0.8138279, 0.22220668]
[2.0512438, 1.0077596, 0.86691076, 0.17657363]
[1.6189348, 0.83502114, 0.61007833, 0.17383532]
[1.7024169, 0.62590766, 0.88204026, 0.19446899]
[1.7980894, 1.0120913, 0.6015301, 0.18446799]
[1.4249634, 0.4948574, 0.7570622, 0.1730437]
[1.4205081, 0.5187657, 0.7045248, 0.1972177]
[1.7403103, 0.9611646, 0.5729673, 0.20617843]
[1.2475255, 0.37411842, 0.6887728, 0.1846342]
[1.5306194, 0.8144844, 0.511513, 0.20462197]
[1.920994, 0.61542016, 1.1125569, 0.19301702]
[1.7334095, 0.98399305, 0.5460671, 0.20334938]
[1.7129108, 0.7638824, 0.7704371, 0.17859128]
[1.5347123, 0.44806033, 0.87577647, 0.21087551]
[1.8059696, 1.2094922, 0.3909822, 0.20549528]
[1.6472703, 0.7214525, 0.7359002, 0.18991767]
[1.7565678, 0.74014026, 0.83048695, 0.18594062]
[1.6981145, 0.8247877, 0.6917764, 0.18155038]
[1.9619765, 0.65715647, 1.1121778, 0.19264224]
[1.6433932, 0.73367786, 0.70269525, 0.20702009]
[1.6882524, 1.0067874, 0.5043772, 0.17708778]
[1.838415, 0.57608813, 1.0830269, 0.1792999]
[1.7630132, 0.9318387, 0.6464627, 0.18471181]
[1.5096083, 0.6177807, 0.68886167, 0.20296595]
[1.5655031, 0.66154444, 0.71192974, 0.19202906]
[1.8203124, 1.0393522, 0.607744, 0.1732162]
[1.8808857, 0.8349364, 0.8638097, 0.1821396]
[1.3013705, 0.30216733, 0.7829651, 0.21623799]
[1.6153772, 1.0544235, 0.37229672, 0.1886571]
[1.722817, 0.62590265, 0.91047335, 0.18644097]
[1.7345419, 0.9667062, 0.5877364, 0.18009931]
[1.5580932, 0.5948096, 0.7550056, 0.20827809]
[1.7890674, 0.8665788, 0.74000037, 0.1824882]
[1.7717693, 1.0123465, 0.58503914, 0.17438367]
[1.5540254, 0.59315187, 0.7760224, 0.1848512]
[1.7349308, 0.83638495, 0.70810795, 0.19043785]
[1.6556202, 0.7986279, 0.67227745, 0.18471488]
[1.4761873, 0.5677476, 0.7250188, 0.18342105]
[1.848261, 0.96069765, 0.70375806, 0.18380538]
[1.4011703, 0.58885527, 0.6400989, 0.17221603]
[1.6894996, 0.94411576, 0.5482968, 0.19708702]
[1.7440499, 0.7984259, 0.76097786, 0.18464616]
[1.5955863, 0.67436516, 0.73245347, 0.18876769]
[1.7328392, 0.88468647, 0.66423184, 0.18392098]
[1.607153, 0.62114275, 0.78536725, 0.20064305]
[1.3268409, 0.52395964, 0.5993477, 0.20353359]
[1.6816437, 1.0025592, 0.48148894, 0.19759554]
[1.7970097, 0.57251656, 1.0407677, 0.18372542]
[1.8043746, 1.0052863, 0.598309, 0.20077935]
[1.6179994, 0.7379833, 0.6686399, 0.21137628]
[1.5886586, 0.6989158, 0.707062, 0.1826808]
[1.6683431, 0.6865865, 0.7826681, 0.19908842]
[1.8682303, 0.981616, 0.69392645, 0.1926879]
[1.5936368, 0.6927864, 0.68859535, 0.21225497]
[1.880694, 0.6101755, 1.0644784, 0.20604013]
[1.5859394, 0.85916436, 0.52637446, 0.20040053]
[1.5475502, 0.7164066, 0.61121756, 0.21992618]
[1.8036023, 0.49399647, 1.092237, 0.21736889]
[1.771994, 0.9060688, 0.6374482, 0.22847699]
[1.5976272, 0.83371186, 0.56401646, 0.1998989]
[1.6322348, 0.68924236, 0.7401631, 0.20282942]
[1.7790362, 0.623109, 0.9570804, 0.19884667]
[1.6823657, 0.8752504, 0.6223465, 0.18476872]
[1.8148589, 0.6734934, 0.94779646, 0.19356903]
[1.8316607, 1.0661058, 0.56689894, 0.198656]
[1.6307966, 0.7902207, 0.6405009, 0.20007506]
[1.6745163, 0.6704935, 0.81478965, 0.18923314]
[1.7109416, 0.6779803, 0.835462, 0.19749928]
[1.8589578, 0.82255197, 0.84760475, 0.18880108]
[1.4887667, 0.6575382, 0.61943793, 0.21179058]
[1.7102109, 0.89061815, 0.6212528, 0.19834003]
[1.756727, 0.66840416, 0.87916636, 0.20915651]
[1.5792608, 0.60571283, 0.78721774, 0.18633032]
[1.6438649, 0.6559802, 0.79638404, 0.1915006]
[1.6140215, 0.9456821, 0.47397828, 0.19436127]
[1.5300571, 0.5117415, 0.81978893, 0.19852665]
[1.7015327, 0.7536659, 0.7462442, 0.20162258]
[1.5621282, 0.6191441, 0.73949903, 0.2034851]
[1.5517641, 0.70662504, 0.6571261, 0.18801296]
[1.3806424, 0.5434954, 0.6360626, 0.20108443]
[1.464498, 0.6748466, 0.56081325, 0.22883815]
[1.8724655, 0.79232854, 0.8672921, 0.21284482]
[1.776996, 0.74611604, 0.83277786, 0.19810215]
[1.7895188, 0.8982379, 0.6856259, 0.20565508]
[1.5087931, 0.5757562, 0.7365117, 0.19652522]
[1.8355799, 0.8501228, 0.7843151, 0.201142]
[1.6718031, 0.7207617, 0.75445354, 0.19658796]
[1.5869155, 0.82898754, 0.5582885, 0.19963941]
[1.9145586, 0.7344939, 0.98441625, 0.19564842]
[1.6767125, 0.81445754, 0.6524867, 0.20976833]
[1.3956277, 0.5870466, 0.6135204, 0.19506076]
[1.7744647, 0.6418493, 0.92015165, 0.2124637]
[1.9750887, 0.9972534, 0.7675078, 0.21032755]
[1.4633995, 0.5577362, 0.6899882, 0.21567515]
[1.7819155, 1.0091932, 0.57311374, 0.19960868]
[1.5028841, 0.33886296, 0.9419371, 0.22208408]
[1.5304692, 0.780725, 0.54664546, 0.2030988]
[1.728784, 0.82398057, 0.71552366, 0.18927968]
[1.5254607, 0.6378679, 0.68627703, 0.20131572]
[1.7175122, 0.80730665, 0.7186647, 0.19154081]
[1.529444, 0.62052524, 0.6992312, 0.2096875]
[1.692237, 0.6350046, 0.8308139, 0.22641858]
[1.6653874, 0.7567766, 0.72060764, 0.18800318]
[1.62324, 0.71030265, 0.69753706, 0.2154002]
[1.5774089, 0.68494177, 0.69314945, 0.19931766]
[1.717309, 0.7865294, 0.70166653, 0.22911313]
[1.6584398, 0.7180615, 0.7370678, 0.20331034]
[1.699567, 0.7406814, 0.7467216, 0.21216393]
[1.5837222, 0.80007637, 0.5670461, 0.21659984]
[2.1274657, 1.0229537, 0.906538, 0.19797388]
[1.575009, 0.5095703, 0.8512026, 0.21423613]
[1.7741599, 0.9259652, 0.6799734, 0.16822118]
[1.4518898, 0.61598015, 0.62934095, 0.20656876]
[2.0074286, 1.1419646, 0.6699643, 0.19549969]
[1.8020557, 0.8398453, 0.7731497, 0.18906072]
[1.4912915, 0.5006379, 0.7919786, 0.19867504]
[1.4870517, 0.7959437, 0.4944971, 0.19661099]
[1.7598461, 0.64234275, 0.93418, 0.1833233]
[1.5805991, 0.96754044, 0.41328374, 0.19977489]
[1.5883839, 0.5926947, 0.78043395, 0.21525526]
[1.9840552, 1.222791, 0.55919963, 0.20206466]
[1.7434765, 0.5216664, 1.0293057, 0.19250439]
[1.7891103, 1.0393579, 0.5655455, 0.18420681]
[1.6566843, 0.45403326, 1.0162028, 0.18644822]
[1.3574007, 0.5733782, 0.57635105, 0.2076714]
[1.6736945, 0.83682925, 0.6418733, 0.19499198]
[1.4340255, 0.47499204, 0.77102554, 0.18800798]
[1.772279, 0.9797488, 0.5938966, 0.19863369]
[1.6383609, 0.7718055, 0.69220114, 0.1743542]
[1.5266932, 0.52674544, 0.833935, 0.16601275]
[2.3471246, 1.171326, 0.9784001, 0.19739841]
[1.8696251, 0.6116204, 1.0566294, 0.20137519]
[1.9026008, 0.903426, 0.8114555, 0.18771937]
[1.5596634, 0.6178001, 0.751781, 0.19008227]
[1.5639362, 0.59341025, 0.7823144, 0.18821156]
[1.6078902, 0.73651457, 0.6918004, 0.1795753]
[1.6654271, 0.71845114, 0.7534311, 0.19354486]
[1.829687, 0.7778767, 0.86007404, 0.19173639]
[1.6558006, 0.69598323, 0.7902335, 0.16958377]
[1.7033975, 0.7813111, 0.7269546, 0.19513182]
[1.5996678, 0.8200897, 0.59647083, 0.1831072]
[1.5645573, 0.5514138, 0.8253505, 0.18779297]
[1.7239232, 0.86147153, 0.6633626, 0.19908905]
[1.7254635, 0.9354986, 0.57973313, 0.2102318]
[1.7718241, 0.51872295, 1.0690168, 0.18408445]
[1.5504566, 0.65850747, 0.67240757, 0.2195417]
[1.7033012, 0.8042512, 0.72361803, 0.17543201]
[1.8941845, 1.105746, 0.5920497, 0.19638875]
[1.6891704, 0.84422934, 0.6691121, 0.175829]
[1.3380028, 0.45374212, 0.68477124, 0.19948946]
[1.8527994, 0.94285417, 0.72394353, 0.18600181]
[1.4199535, 0.5394528, 0.678132, 0.20236863]
[1.798135, 0.8512913, 0.7586106, 0.18823317]
[1.5144686, 0.5693009, 0.7813029, 0.16386472]
[1.456444, 0.6399268, 0.6400018, 0.17651543]
[1.7253473, 0.8987166, 0.6276604, 0.1989703]
[1.5850732, 0.65692675, 0.72974646, 0.19839999]
[1.7083416, 0.76824, 0.7413672, 0.1987344]
[1.8211058, 0.85733676, 0.75396824, 0.20980084]
[1.3907688, 0.4639413, 0.73752403, 0.18930337]
[1.696783, 0.9176315, 0.5682391, 0.2109123]
[1.7654312, 0.8992444, 0.6782185, 0.18796831]
[1.6683216, 0.6706438, 0.8062321, 0.19144577]
[2.0263255, 0.9090329, 0.9273454, 0.18994708]
[1.6301141, 0.6340356, 0.79955125, 0.19652723]
[1.8659414, 0.90228236, 0.77425253, 0.18940656]
[1.660712, 0.68489814, 0.7926762, 0.18313763]
[1.7027006, 0.91166604, 0.6163311, 0.17470354]
[1.728031, 0.83062065, 0.7064383, 0.19097212]
[1.6479801, 0.7461252, 0.72516686, 0.17668809]
[1.5900285, 0.7110723, 0.6883112, 0.19064504]
[1.6805902, 0.5490798, 0.9409804, 0.19053006]
[1.8449076, 0.756101, 0.90135515, 0.18745145]
[1.7376848, 0.76014835, 0.7910321, 0.18650448]
[1.6649324, 0.90734607, 0.5588676, 0.19871867]
[1.8946822, 0.72313136, 0.98783207, 0.1837187]
[1.880707, 0.8774086, 0.81301904, 0.19027942]
[1.3388424, 0.40770003, 0.72914964, 0.20199278]
[1.5163062, 0.61988443, 0.69152373, 0.204898]
[1.5953282, 0.6289644, 0.7700283, 0.1963354]
[1.666938, 0.6746081, 0.8068687, 0.18546118]
[1.6326293, 0.67217815, 0.7546841, 0.20576704]
[1.7987016, 0.80059075, 0.79373515, 0.20437577]
[1.6161239, 0.75930107, 0.68088967, 0.1759331]
[1.6578116, 0.6721347, 0.79678726, 0.18888971]
[1.8472536, 0.941621, 0.71391237, 0.19172029]
[1.6912987, 0.86024773, 0.64182544, 0.18922555]
[1.6106471, 0.646002, 0.7940833, 0.17056178]
[1.5815464, 0.6332112, 0.7508834, 0.19745187]
[1.6898457, 0.6467446, 0.8492471, 0.19385396]
[1.8651778, 0.8846976, 0.7939416, 0.18653853]
[1.5923388, 0.6803022, 0.7199348, 0.19210176]
[1.777999, 1.0235837, 0.5637907, 0.19062474]
[1.9086875, 0.59401405, 1.1241274, 0.19054604]
[1.5446666, 0.877475, 0.4766208, 0.19057086]
[1.6930419, 0.63154083, 0.87680423, 0.18469682]
[1.9192001, 1.0897484, 0.65380913, 0.17564258]
[1.5170288, 0.67857873, 0.6491928, 0.18925732]
[1.7630835, 0.73832977, 0.8441941, 0.1805597]
[1.3650113, 0.7246057, 0.45659608, 0.18380964]
[1.5436507, 0.75340044, 0.5980003, 0.19224998]
[1.674684, 0.84535563, 0.63124734, 0.19808103]
[1.6757839, 0.79516566, 0.7193285, 0.16128963]
[2.1798537, 1.017797, 0.9682722, 0.19378448]
[1.65887, 0.777157, 0.6820996, 0.19961333]
[1.6827797, 0.519642, 0.98451, 0.17862758]
[1.3855627, 0.75791657, 0.4474312, 0.18021488]
[1.8459011, 0.8515381, 0.8040008, 0.19036226]
[1.7958878, 0.8101448, 0.8111522, 0.17459084]
[1.2956601, 0.59462655, 0.50699747, 0.19403617]
[1.60271, 0.7610621, 0.6616617, 0.17998627]
[1.8524511, 0.66834, 0.98960716, 0.1945039]
[1.974932, 0.8813937, 0.88246226, 0.21107605]
[1.5960636, 0.90335214, 0.5087755, 0.18393594]
[1.8482461, 0.70644855, 0.9467249, 0.19507268]
[1.7273693, 0.8677534, 0.6851873, 0.17442876]
[1.3816555, 0.51945615, 0.68566203, 0.17653726]
[1.4544955, 0.7426784, 0.5203481, 0.19146907]
[1.6873235, 0.57085073, 0.90071154, 0.21576118]
[1.6150752, 0.88357925, 0.5196394, 0.21185657]
[1.4896088, 0.5035125, 0.7761698, 0.20992652]
[1.7353045, 0.8719919, 0.6659864, 0.19732621]
[1.7723567, 0.808965, 0.76248264, 0.20090914]
[1.7670137, 0.884567, 0.692729, 0.18971762]
[1.5449694, 0.56427944, 0.77473164, 0.20595835]
[1.7744298, 0.88080394, 0.68558604, 0.2080397]
[2.017191, 1.0485469, 0.7682668, 0.2003771]
[1.5912644, 0.47578764, 0.9170264, 0.19845034]
[1.7007846, 0.7735305, 0.7325076, 0.19474645]
[1.6268654, 0.6928426, 0.74083465, 0.19318824]
[1.9209601, 1.0653257, 0.6810484, 0.17458598]
[1.6460273, 0.7218523, 0.72322357, 0.20095149]
[1.9520926, 0.8701793, 0.88333666, 0.19857672]
[1.6809587, 0.7308233, 0.744668, 0.2054675]
[1.6922634, 0.87017715, 0.6202283, 0.20185795]
[2.0839386, 0.7564585, 1.1304557, 0.19702435]
[1.5793078, 0.84181523, 0.55688846, 0.18060404]
[2.174294, 0.80176413, 1.1887687, 0.18376124]
[1.7800963, 0.8680465, 0.7189081, 0.1931417]
[1.6949252, 0.6687254, 0.8399515, 0.18624832]
[1.4276679, 0.62026596, 0.63217604, 0.17522591]
[1.8287395, 0.90940803, 0.72157085, 0.19776069]
[1.7845774, 0.71528894, 0.9159875, 0.15330097]
[1.7107443, 0.8519379, 0.6673466, 0.19145977]
[1.595525, 0.63280433, 0.7845496, 0.17817116]
[1.7426219, 0.8661796, 0.67246896, 0.20397326]
[1.4793564, 0.5694213, 0.7043162, 0.205619]
[1.9261997, 0.7802537, 0.9544674, 0.19147845]
[1.7191994, 0.6116575, 0.91531, 0.19223183]
[1.5663596, 0.7831794, 0.5938314, 0.18934879]
[1.8444729, 0.6131078, 1.0403079, 0.19105726]
[1.7822046, 0.827122, 0.75867987, 0.19640279]
[1.8684115, 0.9818121, 0.69305444, 0.19354498]
[1.8071545, 0.6928675, 0.90420675, 0.21008024]
[1.7222327, 0.7048577, 0.82335055, 0.19402449]
[1.8609824, 1.0254649, 0.6653305, 0.17018701]
[1.6387606, 0.70091164, 0.73727804, 0.20057076]
[1.8700706, 0.9304856, 0.7602614, 0.17932358]
[1.4455051, 0.5768105, 0.6812422, 0.18745245]
[1.7215866, 0.78542316, 0.7538552, 0.18230824]
[1.7283195, 0.79158187, 0.74025226, 0.19648544]
[1.6133239, 0.748631, 0.680727, 0.18396598]
[2.0765228, 1.0674605, 0.81633127, 0.1927311]
[1.7759001, 0.6906524, 0.8747549, 0.21049282]
[1.6883503, 0.7679142, 0.7252313, 0.19520484]
[1.6162972, 0.67365, 0.75564504, 0.18700218]
[1.5607731, 0.9362411, 0.4403631, 0.18416888]
[1.7329457, 0.5532044, 0.97791076, 0.20183045]
[1.7314801, 0.9575115, 0.57275903, 0.20120955]
[1.3843685, 0.5653151, 0.644174, 0.17487946]
[1.5945724, 0.7353543, 0.6846421, 0.17457606]
[1.6278284, 0.59009063, 0.8385507, 0.19918704]
[1.4690444, 0.65017915, 0.6253488, 0.19351652]
[1.5854523, 0.6907613, 0.70328355, 0.19140747]
[1.6573303, 0.75268006, 0.7120259, 0.1926243]
[1.7463659, 0.6445403, 0.9382718, 0.1635538]
[1.6262164, 0.9816136, 0.46297407, 0.1816287]
[1.7617921, 0.74133945, 0.8270906, 0.19336198]
[1.5198351, 0.65380955, 0.6877488, 0.17827678]
[1.6185915, 0.7104402, 0.71645045, 0.19170094]
[1.6002982, 0.8375795, 0.5574502, 0.20526844]
[1.5715861, 0.6262027, 0.7457769, 0.19960648]
[1.5352452, 0.62260103, 0.7130736, 0.1995705]
[1.8080795, 0.82822555, 0.793803, 0.18605088]
[1.9603262, 0.8639841, 0.87877536, 0.21756679]
[1.8235006, 0.8823859, 0.7315742, 0.20954065]
[1.777719, 0.7367574, 0.8423046, 0.19865699]
[1.5945265, 0.8267279, 0.57412744, 0.19367117]
[1.6945951, 0.6875633, 0.80294603, 0.20408583]
[1.6666178, 0.74078023, 0.7472799, 0.17855765]
[1.6681838, 0.80158806, 0.66641104, 0.20018467]
[1.5938984, 0.563344, 0.84750044, 0.18305397]
[1.5763928, 0.70546734, 0.6847459, 0.18617953]
[1.6683112, 0.82164705, 0.6387346, 0.20792961]
[1.6597762, 0.8220289, 0.635945, 0.20180227]
[1.6547433, 0.6622347, 0.79107773, 0.2014309]
[1.3369528, 0.5989617, 0.54384935, 0.19414178]
[1.7900302, 0.7713871, 0.80275595, 0.21588725]
[1.6005781, 0.6063055, 0.7809844, 0.21328822]
[1.686829, 0.8623265, 0.64716244, 0.17734]
[1.9232306, 0.7890358, 0.9376689, 0.19652593]
[1.825961, 0.73966146, 0.85952073, 0.22677884]
[2.038902, 1.0791736, 0.75305146, 0.20667695]
[1.8761503, 0.7703036, 0.9078496, 0.19799694]
[1.5404937, 0.6351713, 0.72416353, 0.18115896]
[1.6319032, 0.60912323, 0.82959914, 0.19318086]
[1.9456294, 1.1252309, 0.62416446, 0.19623402]
[1.8009812, 0.77670896, 0.81950724, 0.20476499]
[1.9083467, 0.8591299, 0.85639274, 0.192824]
[1.6051841, 0.7983598, 0.58979523, 0.2170291]
[1.5738276, 0.71892285, 0.65400183, 0.20090297]
[1.7840207, 0.7596905, 0.80819136, 0.21613881]
[1.8209072, 0.8490642, 0.78256845, 0.1892747]
[1.5526378, 0.68315387, 0.6787715, 0.19071251]
[1.5682293, 0.754789, 0.6174809, 0.19595945]
[2.1000383, 0.94519514, 0.9539607, 0.20088243]
[1.634044, 0.75430274, 0.70829695, 0.17144434]
[1.6016084, 0.8127512, 0.5987445, 0.19011275]
[1.6729095, 0.7100338, 0.7928224, 0.1700532]
[1.5301565, 0.5007458, 0.83574724, 0.19366352]
[1.8159733, 0.9594909, 0.6623758, 0.19410664]
[1.7054679, 0.7298883, 0.7703227, 0.20525697]
[1.5936102, 0.6854445, 0.72330594, 0.18485975]
[1.688852, 0.8624873, 0.6294018, 0.19696282]
[1.7069058, 0.6269754, 0.8830644, 0.196866]
[1.7036353, 0.73630404, 0.7826997, 0.18463162]
[1.7509042, 0.8211961, 0.74532926, 0.1843789]
[1.7947245, 0.877376, 0.7408047, 0.17654368]
[1.9220908, 0.99183035, 0.723521, 0.20673947]
[1.9407036, 0.88141346, 0.8671905, 0.19209963]
[1.5360385, 0.67976475, 0.6673012, 0.18897264]
[1.4491935, 0.40121657, 0.84331954, 0.20465735]
[1.758696, 0.94338256, 0.60669494, 0.20861849]
[1.8222147, 1.1062889, 0.52601933, 0.18990645]
[1.7403915, 0.6249028, 0.94121706, 0.17427164]
[1.6001658, 0.5499264, 0.8613256, 0.1889138]
[1.8373468, 0.98499036, 0.64549315, 0.20686327]
[1.5240383, 0.6380875, 0.6764088, 0.209542]
[1.6843317, 0.6408081, 0.85126776, 0.1922558]
[1.8089168, 0.760942, 0.87426645, 0.17370841]
[1.661524, 0.73778474, 0.71593875, 0.20780069]
[1.6892629, 0.69413877, 0.7944299, 0.20069426]
[1.6911817, 0.6070129, 0.8767009, 0.20746782]
[1.8602903, 1.0683651, 0.59934354, 0.19258162]
[1.6960711, 0.6321106, 0.87907577, 0.18488485]
[1.7297767, 0.85773873, 0.68509, 0.18694797]
[1.8677347, 0.6546346, 1.0198569, 0.19324318]
[1.7926394, 0.832229, 0.75465757, 0.20575276]
[1.5534731, 0.67078584, 0.6990646, 0.18362273]
[1.873566, 0.8778702, 0.7979033, 0.1977925]
[1.5818627, 0.7050177, 0.6640539, 0.21279112]
[1.6980104, 0.7013177, 0.82518643, 0.17150632]
[1.8698808, 0.8084649, 0.86443233, 0.19698355]
[1.5275044, 0.67009073, 0.6547376, 0.20267604]
[1.7463459, 0.8055141, 0.7627125, 0.1781193]
[1.8260473, 1.0426586, 0.6028985, 0.18049026]
[1.5611727, 0.6442602, 0.7149886, 0.20192379]
[1.6396348, 0.76163673, 0.69414264, 0.18385553]
[1.695851, 0.59401786, 0.9318746, 0.16995847]
[1.8211945, 1.0328081, 0.5928592, 0.19552721]
[1.3934772, 0.48149964, 0.72045654, 0.19152102]
[1.6528234, 0.77968264, 0.6820259, 0.19111484]
[1.8245258, 0.8207968, 0.8256196, 0.1781094]
[1.6786841, 0.89036095, 0.6126548, 0.1756684]
[1.8774482, 0.728957, 0.9661156, 0.18237558]
[1.7032031, 0.83375484, 0.6633042, 0.20614395]
[1.6370683, 0.652245, 0.80324185, 0.18158156]
[1.4184892, 0.7045491, 0.5238472, 0.19009289]
[1.7055893, 0.5483235, 0.99075127, 0.16651449]
[1.5542747, 0.7517209, 0.61991256, 0.1826412]
[1.8052678, 0.7382641, 0.8737476, 0.19325608]
[1.4912082, 0.6328006, 0.6732944, 0.18511322]
[1.7567878, 0.80478084, 0.77719146, 0.17481548]
[1.5311568, 0.52242744, 0.81270516, 0.19602413]
[1.7983506, 0.85210055, 0.7635043, 0.18274575]
[1.7049532, 0.93274474, 0.5833515, 0.18885693]
[1.7084373, 0.71754175, 0.7940618, 0.19683377]
[1.3568215, 0.46944827, 0.67440295, 0.21297029]
[1.6649574, 0.94706917, 0.5153887, 0.20249954]
[1.3547941, 0.5136868, 0.64854574, 0.19256163]
[1.5004466, 0.6928445, 0.61775744, 0.18984461]
[1.7980666, 0.820727, 0.76714706, 0.21019256]
[1.6141593, 0.7597952, 0.6535819, 0.2007823]
[1.8109832, 0.8740364, 0.72126013, 0.21568665]
[1.628432, 0.56488967, 0.8598956, 0.20364678]
[1.4907014, 0.774965, 0.5156007, 0.20013572]
[1.677708, 0.7399756, 0.73948836, 0.19824412]
[1.6641594, 0.797762, 0.66264784, 0.20374952]
[1.6374338, 0.88552624, 0.5479302, 0.20397732]
[1.3703929, 0.48979875, 0.672356, 0.2082381]
[1.4534987, 0.79502916, 0.46237403, 0.19609562]
[1.3332832, 0.47178224, 0.6393121, 0.22218879]
[1.7229838, 0.98581856, 0.49650198, 0.24066326]
[1.4882028, 0.42514163, 0.8245144, 0.23854682]
[1.7126149, 0.97721946, 0.51321894, 0.22217645]
[1.8876839, 0.7789389, 0.9103602, 0.19838473]
[1.8167717, 0.90127987, 0.7238773, 0.1916146]
[1.5285015, 0.5353043, 0.8058968, 0.18730038]
[1.7406238, 0.7682127, 0.7441832, 0.22822794]
[1.6842881, 0.8000164, 0.6715847, 0.212687]
[1.936913, 1.0870116, 0.6665267, 0.1833747]
[1.9270064, 0.6074486, 1.1154789, 0.20407894]
[1.637174, 0.7471174, 0.6889161, 0.20114054]
[1.8773425, 0.9440417, 0.742625, 0.19067574]
[1.9723126, 0.75573313, 1.0314583, 0.18512121]
[1.6963061, 0.72989124, 0.7694373, 0.19697751]
[1.5820374, 0.6658913, 0.70921075, 0.20693538]
[1.6930779, 0.8466244, 0.64654166, 0.19991197]
[1.5368903, 0.6128782, 0.72467244, 0.19933963]
[1.5347605, 0.7499324, 0.5940888, 0.1907393]
[1.8489848, 0.6869999, 0.94894594, 0.21303907]
[1.680704, 0.68794113, 0.78658855, 0.20617427]
[1.6806648, 0.8074217, 0.6599022, 0.21334088]
[1.7919178, 0.8974991, 0.7154558, 0.178963]
[1.7671489, 0.70598835, 0.87441945, 0.18674104]
[1.6184129, 0.8088734, 0.6194714, 0.19006813]
[2.0027022, 0.7720833, 1.0269523, 0.20366663]
[1.6206356, 0.7547569, 0.6789036, 0.18697509]
[1.5965637, 0.6363022, 0.7602205, 0.20004094]
[1.6036541, 0.76390904, 0.63297737, 0.20676783]
[1.4906842, 0.5393647, 0.7839453, 0.1673741]
[1.8436826, 0.8397789, 0.80593663, 0.19796719]
[1.6482577, 0.60567373, 0.85281897, 0.18976499]
[1.815936, 1.0088615, 0.6122481, 0.19482622]
[1.7987406, 0.78666824, 0.83235127, 0.17972106]
[1.6239007, 0.56680936, 0.858353, 0.1987383]
[1.6994905, 0.82800734, 0.65702796, 0.21445528]
[2.0733526, 0.9881822, 0.8930898, 0.19208059]
[1.837161, 0.76947075, 0.86360747, 0.20408276]
[1.5013243, 0.7913728, 0.5397504, 0.17020114]
[1.5417346, 0.60868096, 0.7455393, 0.18751428]
[1.7769771, 0.6915186, 0.89538795, 0.19007057]
[1.8504337, 0.9677851, 0.6920409, 0.19060764]
[1.7787492, 0.67814636, 0.93387026, 0.16673261]
[1.656667, 0.80189216, 0.65102094, 0.203754]
[1.693417, 0.780949, 0.726643, 0.18582496]
[1.4806942, 0.68257487, 0.6053586, 0.1927607]
[1.4208496, 0.6412109, 0.57662934, 0.20300935]
[1.7926172, 0.83440435, 0.7636468, 0.1945661]
[1.6658503, 0.8163496, 0.64789546, 0.2016052]
[1.5026219, 0.64569825, 0.63960433, 0.21731925]
[1.4883215, 0.7019993, 0.58501196, 0.20131026]
[1.878794, 0.9117329, 0.75822675, 0.20883428]
[2.224809, 1.1048898, 0.9286001, 0.19131933]
[1.8076506, 0.94895995, 0.6654123, 0.19327825]
[1.6797585, 0.68286, 0.81378603, 0.1831125]
[2.0780048, 1.23027, 0.66173166, 0.1860033]
[1.7431698, 0.66492254, 0.89574677, 0.18250054]
[1.7932605, 0.8210914, 0.7791133, 0.1930558]
[1.5146103, 0.66150385, 0.67378837, 0.17931813]
[1.8565218, 0.8361213, 0.8565786, 0.16382188]
[1.865621, 0.68056077, 1.0050371, 0.18002309]
[1.816617, 0.8313882, 0.8100232, 0.17520574]
[1.6671765, 0.6461266, 0.824271, 0.19677873]
[1.6408952, 0.8294257, 0.64216554, 0.16930398]
[1.5486112, 0.6870366, 0.6665144, 0.19506028]
[1.5757658, 0.924581, 0.4724115, 0.1787734]
[1.6928866, 0.6636097, 0.8492295, 0.18004736]
[1.8559282, 0.7974245, 0.86789984, 0.19060391]
[1.7123979, 0.6940862, 0.84199613, 0.1763157]
[1.7676692, 0.83626586, 0.7449308, 0.18647256]
[1.5508242, 0.5893905, 0.7928286, 0.16860513]
[1.6546175, 0.71925515, 0.74716204, 0.18820032]
[1.663137, 0.7680547, 0.7203228, 0.17475942]
[1.8302256, 0.6611846, 0.9703549, 0.19868603]
[1.7011312, 0.70295894, 0.79702616, 0.20114613]
[1.5428782, 0.56914335, 0.78521013, 0.18852474]
[1.5859624, 0.6397814, 0.7372788, 0.2089022]
[1.6320229, 0.82480115, 0.62025666, 0.18696505]
[1.7034614, 0.5644092, 0.93902135, 0.20003077]
[1.9592482, 0.9730868, 0.78151083, 0.20465054]
[1.5089287, 0.72274286, 0.5828929, 0.20329294]
[1.6047612, 0.64141685, 0.7672744, 0.19607003]
[1.6585884, 0.88366145, 0.5736722, 0.2012549]
[1.7519461, 0.81432253, 0.7454026, 0.19222109]
[1.998014, 0.84273624, 0.9507804, 0.20449734]
[1.3981812, 0.56380653, 0.62063587, 0.2137388]
[1.6685202, 0.8883343, 0.57606673, 0.20411922]
[1.8083658, 0.7897553, 0.80686677, 0.21174389]
[1.8773226, 0.7331588, 0.9416532, 0.2025105]
[1.4694173, 0.637982, 0.62816334, 0.20327199]
[1.9359641, 1.1849186, 0.58175695, 0.16928855]
[1.8809913, 0.66151345, 1.0253615, 0.19411635]
[1.8482742, 0.9179378, 0.7438338, 0.18650272]
[1.8443755, 0.776191, 0.88453424, 0.18365027]
[1.8878801, 0.7848829, 0.9343109, 0.16868621]
[1.6271725, 0.84182036, 0.5886745, 0.19667768]
[1.5173906, 0.5146868, 0.7994447, 0.2032591]
[1.7457271, 0.98664296, 0.576347, 0.18273716]
[1.76009, 0.6749147, 0.89790255, 0.1872727]
[1.8925623, 0.8892604, 0.8429239, 0.16037798]
[1.6517432, 0.8465073, 0.6388031, 0.1664327]
[1.7683256, 1.0396874, 0.5469614, 0.18167675]
[1.7811606, 0.5139242, 1.0877358, 0.17950064]
[1.9898274, 0.9450742, 0.8706953, 0.17405796]
[2.0270038, 1.0251217, 0.83439624, 0.16748577]
[1.6417636, 0.8473397, 0.64569116, 0.14873277]
[1.4658983, 0.7531489, 0.5426225, 0.17012691]
[1.5266356, 0.5298691, 0.81334734, 0.18341917]
[1.7388629, 0.90678346, 0.6633672, 0.16871223]
[1.6815646, 0.9121984, 0.5898261, 0.17954002]
[1.6060328, 0.7244391, 0.6943062, 0.18728754]
[1.6803815, 0.80602163, 0.69510657, 0.17925334]
[1.6535944, 0.9052058, 0.5744188, 0.17396984]
[1.6286079, 0.67664313, 0.75776553, 0.19419919]
[1.9086835, 0.9089456, 0.82558346, 0.17415453]
[1.6603863, 0.66437757, 0.8185604, 0.17744827]
[1.6251057, 0.7174651, 0.7405057, 0.1671349]
[1.7500647, 0.899149, 0.67866373, 0.17225207]
[1.7500052, 0.6890719, 0.8746185, 0.18631478]
[1.9230797, 0.81830025, 0.931131, 0.17364849]
[1.6362401, 0.7520348, 0.7026558, 0.18154952]
[2.03543, 0.95389056, 0.90629476, 0.17524451]
[1.6447439, 0.59968984, 0.8868156, 0.15823837]
[1.6606941, 0.8311795, 0.64334214, 0.18617249]
[1.8077686, 0.80383384, 0.8347299, 0.16920488]
[1.5338745, 0.6260615, 0.72208107, 0.18573184]
[1.6191918, 0.53502107, 0.9082993, 0.17587142]
[1.6567768, 0.86640054, 0.6071614, 0.18321475]
[1.7264324, 0.5739331, 0.95031196, 0.20218745]
[1.8559347, 1.002636, 0.68191373, 0.171385]
[1.5825185, 0.6678204, 0.7504076, 0.16429056]
[1.6332169, 0.58947897, 0.8782259, 0.1655119]
[1.4803762, 0.6250676, 0.6738144, 0.18149422]
[1.9962287, 0.96883166, 0.8570016, 0.17039543]
[1.4134468, 0.46554887, 0.75734854, 0.19054942]
[1.7912171, 0.8625933, 0.7454767, 0.18314706]
[1.726014, 0.65502715, 0.8777757, 0.19321118]
[1.672678, 0.81546634, 0.6847833, 0.17242831]
[1.7634623, 0.734187, 0.8402729, 0.18900242]
[1.56142, 0.6019519, 0.77789724, 0.18157071]
[1.622047, 0.7376382, 0.70714736, 0.17726132]
[1.6790156, 0.92542434, 0.56823677, 0.1853545]
[1.8651118, 0.68558633, 0.9957266, 0.18379891]
[1.6124742, 0.65108323, 0.7554964, 0.2058946]
[1.6174242, 0.77297544, 0.6679234, 0.1765253]
[1.5858146, 0.8154993, 0.5980428, 0.17227255]
[1.9724424, 1.0399387, 0.7324759, 0.20002782]
[1.7619799, 0.72757655, 0.86258936, 0.17181411]
[1.7818966, 0.7715248, 0.8083782, 0.20199361]
[1.6460056, 0.6660966, 0.8013758, 0.17853326]
[1.5343134, 0.8315372, 0.5404006, 0.16237566]
[1.6123005, 0.8081763, 0.6154273, 0.18869695]
[1.7544444, 0.7393034, 0.84781003, 0.16733104]
[1.7287157, 0.9245548, 0.60739374, 0.19676712]
[1.7371755, 0.7133684, 0.83302516, 0.19078177]
[1.755091, 0.820181, 0.7516094, 0.18330047]
[1.4821196, 0.65953827, 0.6480612, 0.17452006]
[2.0192516, 0.8430053, 0.97922474, 0.19702154]
[1.6880769, 0.9324259, 0.5774521, 0.17819884]
[1.743444, 0.5785389, 0.96800387, 0.1969012]
[1.7311298, 0.7669089, 0.77890146, 0.18531941]
[1.7482992, 0.764379, 0.8129903, 0.17092994]
[1.9987396, 1.2011144, 0.5905466, 0.20707853]
[1.7449559, 0.64732563, 0.88888705, 0.20874317]
[1.6357397, 0.777915, 0.68390036, 0.17392436]
[1.6150733, 0.78733987, 0.6473236, 0.18040976]
[1.9075425, 0.8388196, 0.8799318, 0.18879107]
[1.6299809, 0.8281883, 0.6293869, 0.17240568]
[1.723939, 0.81547403, 0.7102464, 0.19821854]
[1.7765279, 0.7318646, 0.85821575, 0.18644762]
[1.6296133, 0.68169665, 0.7783979, 0.16951874]
[1.7187624, 0.55015576, 0.99190915, 0.17669743]
[1.5933328, 0.79675865, 0.61749697, 0.1790772]
[1.8448217, 0.7665788, 0.8885944, 0.18964851]
[1.6853784, 0.69261634, 0.8094296, 0.18333256]
[1.5749503, 0.74439615, 0.64181745, 0.18873677]
[1.4527963, 0.5763018, 0.6981754, 0.17831907]
[1.6181916, 0.8012137, 0.6362289, 0.18074907]
[1.7754037, 0.7509961, 0.83205783, 0.19234979]
[1.9067554, 0.78242564, 0.93966115, 0.18466869]
[1.6815279, 0.681285, 0.8045931, 0.1956498]
[1.7305677, 0.6535461, 0.8817439, 0.19527772]
[1.7528819, 0.87219745, 0.6857703, 0.19491422]
[1.659737, 0.6226567, 0.8408925, 0.19618781]
[1.6740003, 0.7981062, 0.68581915, 0.19007489]
[1.3158183, 0.46967074, 0.67491364, 0.17123385]
[1.6319141, 1.0057818, 0.4154762, 0.2106562]
[1.7482045, 0.7522127, 0.79600346, 0.19998834]
[1.7634937, 0.7761031, 0.8031155, 0.184275]
[1.9694138, 0.94353014, 0.8260868, 0.19979684]
[1.6438762, 0.7483547, 0.70293677, 0.1925848]
[1.8104157, 0.58943725, 1.0390463, 0.18193218]
[1.6585722, 0.6984997, 0.7629789, 0.19709358]
[1.7361906, 0.72956073, 0.84071827, 0.16591157]
[1.7014291, 0.8540967, 0.6627511, 0.1845813]
[1.5188676, 0.68663263, 0.6660654, 0.16616952]
[1.6868509, 0.64224106, 0.8527194, 0.1918904]
[1.636335, 0.87343407, 0.56076753, 0.20213339]
[1.7352468, 0.6808499, 0.85334563, 0.2010512]
[1.5639331, 0.73070914, 0.6442747, 0.1889494]
[1.4575636, 0.5806711, 0.6999578, 0.17693472]
[1.6642153, 1.0185165, 0.45184106, 0.19385764]
[1.6901188, 0.52222025, 0.9861851, 0.1817134]
[1.6497288, 0.8415767, 0.64127976, 0.1668723]
[1.662852, 0.7179718, 0.7650056, 0.1798746]
[1.723531, 0.77254975, 0.7663301, 0.18465109]
[1.6392394, 0.8423875, 0.6032886, 0.19356331]
[1.7843453, 0.7445748, 0.8490385, 0.19073197]
[1.5876746, 0.6362746, 0.7657807, 0.1856193]
[1.4692905, 0.74151766, 0.53927374, 0.18849912]
[1.8049095, 0.7044872, 0.90406346, 0.19635883]
[1.811328, 0.7861582, 0.82298875, 0.20218113]
[1.8794001, 0.8740033, 0.8104707, 0.19492611]
[1.6052759, 0.66067076, 0.7483514, 0.19625375]
[1.5722262, 0.6558041, 0.7008108, 0.21561131]
[1.4633772, 0.69320494, 0.5634148, 0.2067576]
[1.8195312, 0.86335933, 0.76070374, 0.19546816]
[1.7378024, 0.8200634, 0.73343354, 0.18430543]
[1.8252072, 0.9038842, 0.7165766, 0.20474651]
[1.7405659, 0.462903, 1.0859952, 0.19166768]
[1.5173125, 0.6731239, 0.6500251, 0.19416359]
[1.7206206, 0.8807127, 0.6469289, 0.19297916]
[1.6870592, 0.62924385, 0.8679873, 0.18982801]
[1.6325864, 0.8705762, 0.5642336, 0.19777656]
[1.8131945, 0.77517164, 0.84621745, 0.19180535]
[1.4559062, 0.7676805, 0.49333012, 0.19489557]
[1.8463322, 0.85746616, 0.79413384, 0.1947322]
[1.5880803, 0.6624131, 0.7426627, 0.1830045]
[1.6659913, 0.8541757, 0.6190357, 0.19277996]
[1.7903025, 0.78876805, 0.81483006, 0.1867044]
[1.8603864, 0.85649776, 0.81882936, 0.18505931]
[1.5642684, 0.7945616, 0.5664653, 0.20324129]
[1.830718, 0.8949146, 0.76057035, 0.17523307]
[1.6758891, 0.66221833, 0.8312231, 0.18244776]
[1.8034147, 1.0175498, 0.6070758, 0.17878918]
[1.7808821, 0.6769574, 0.90968436, 0.19424027]
[1.7417841, 1.0578159, 0.46746427, 0.21650392]
[1.8633859, 0.6241294, 1.0408183, 0.19843815]
[1.4965813, 0.6871327, 0.6174536, 0.19199497]
[1.6536405, 0.72967017, 0.7378816, 0.1860888]
[1.7680137, 0.97789043, 0.6028267, 0.18729663]
[1.8703356, 0.6236476, 1.050721, 0.19596699]
[1.7459922, 0.8048307, 0.75054324, 0.19061825]
[1.622736, 0.6421836, 0.7828378, 0.1977146]
[1.8088169, 0.71626604, 0.881436, 0.21111485]
[1.759757, 0.9056285, 0.6652663, 0.18886238]
[1.4809072, 0.6543856, 0.62848526, 0.19803637]
[1.5186883, 0.5677116, 0.7533046, 0.1976721]
[1.6820705, 0.7522843, 0.73948306, 0.19030312]
[1.6192672, 0.7668665, 0.6574545, 0.1949463]
[1.5934039, 0.695418, 0.6816456, 0.21634047]
[1.7557783, 0.7385707, 0.8223121, 0.19489546]
[1.9785953, 0.8613373, 0.9244081, 0.19284987]
[1.7438797, 0.75179034, 0.7912304, 0.2008589]
[1.871219, 1.0262904, 0.66265476, 0.18227383]
[1.8603345, 0.73688203, 0.9379102, 0.18554223]
[1.6164747, 0.8492209, 0.5885127, 0.17874114]
[1.7413827, 0.74209094, 0.799363, 0.19992875]
[1.6474899, 0.73116946, 0.7198241, 0.19649638]
[1.6589582, 0.87566626, 0.6084268, 0.17486513]
[1.8365287, 0.6746491, 0.9904657, 0.17141375]
[1.4619963, 0.4677129, 0.8050221, 0.18926135]
[1.622795, 0.74682295, 0.69394636, 0.18202567]
[1.7860786, 0.7601121, 0.82273906, 0.20322743]
[1.6832235, 0.7364959, 0.7757365, 0.17099106]
[2.07094, 0.901609, 0.9859521, 0.18337888]
[1.5318675, 0.726719, 0.6064646, 0.19868389]
[1.6375477, 0.77317125, 0.67361724, 0.19075918]
[1.6597728, 0.8343789, 0.6472405, 0.17815337]
[1.5512815, 0.4445114, 0.8778282, 0.22894189]
[1.9219191, 0.90329033, 0.8251574, 0.19347137]
[1.7809845, 0.8825531, 0.7137302, 0.1847012]
[1.7416002, 0.63714254, 0.9116408, 0.19281681]
[1.8469785, 1.0083842, 0.64885825, 0.18973602]
[1.7651076, 0.8551091, 0.71898675, 0.19101177]
[1.6894932, 0.72534084, 0.77167445, 0.19247794]
[1.7511394, 0.7697302, 0.7963957, 0.18501353]
[1.7816691, 0.7735184, 0.8126733, 0.19547747]
[1.4748936, 0.6261344, 0.6606318, 0.18812738]
[1.7028949, 0.71202534, 0.78917253, 0.20169708]
[1.5581347, 0.8012426, 0.57524353, 0.18164861]
[1.6296906, 0.66619486, 0.7784053, 0.18509054]
[1.6639955, 0.81630826, 0.644199, 0.20348823]
[1.9591992, 1.1086667, 0.66066694, 0.18986554]
[1.9985712, 0.7749239, 1.0427116, 0.18093567]
[1.6410724, 0.7442971, 0.6942518, 0.20252356]
[1.7318138, 0.7692783, 0.7747921, 0.18774343]
[1.6928284, 0.81367785, 0.6882808, 0.19086975]
[1.6423342, 0.7214773, 0.7266308, 0.19422597]
[1.5739685, 0.7056669, 0.69905823, 0.16924345]
[1.7942737, 0.8875921, 0.7222264, 0.18445532]
[1.4871947, 0.49010783, 0.8105364, 0.18655053]
[2.0296233, 1.1789763, 0.64238614, 0.20826086]
[1.6515489, 0.70285964, 0.7782556, 0.1704337]
[1.7753023, 0.7733533, 0.8106962, 0.1912528]
[1.7479677, 0.90995836, 0.6511584, 0.18685105]
[1.5841038, 0.7046841, 0.67026997, 0.20914988]
[1.500728, 0.55890703, 0.74938196, 0.19243899]
[1.8200843, 0.76546055, 0.84913146, 0.2054922]
[1.6781815, 0.81871945, 0.68027616, 0.17918596]
[1.50404, 0.5951528, 0.69625777, 0.2126295]
[1.6975105, 0.75287676, 0.74272335, 0.2019104]
[1.4840809, 0.7172519, 0.59495354, 0.17187543]
[1.7796031, 0.69925153, 0.887028, 0.19332364]
[1.5902544, 0.66627353, 0.7181311, 0.2058498]
[1.5982877, 0.73112434, 0.68197525, 0.18518817]
[1.645993, 0.8673605, 0.5733189, 0.20531368]
[1.7051096, 0.70411515, 0.7963151, 0.2046794]
[1.5843264, 0.6931857, 0.6932083, 0.19793233]
[1.7609669, 0.8260398, 0.7065555, 0.22837159]
[1.5871254, 0.86612135, 0.5287336, 0.19227037]
[1.6546888, 0.51043546, 0.95214665, 0.19210666]
[1.8942826, 0.8826299, 0.82419366, 0.18745893]
[1.6890175, 0.7828366, 0.7227069, 0.18347405]
[1.8770596, 0.87738866, 0.80973357, 0.18993734]
[1.7535429, 0.78671324, 0.76348996, 0.2033397]
[1.7504601, 0.7131096, 0.8292744, 0.20807615]
[1.6282697, 0.8612236, 0.5670028, 0.20004338]
[1.7467035, 0.7968497, 0.7718229, 0.17803082]
[1.9782445, 0.9698475, 0.8174327, 0.19096431]
[1.6436895, 0.8608649, 0.6103454, 0.17247924]
[1.5704957, 0.60615623, 0.77542317, 0.18891633]
[1.7055932, 0.76779443, 0.76325035, 0.1745485]
[1.6999747, 0.85603464, 0.64032805, 0.203612]
[1.7349895, 0.7677351, 0.78460133, 0.18265304]
[1.8505595, 0.6839972, 0.9826826, 0.18387967]
[1.2580642, 0.67285264, 0.38838643, 0.19682515]
[1.7690277, 0.64450216, 0.9255034, 0.19902217]
[1.3508654, 0.62791497, 0.5492322, 0.17371821]
[1.6747936, 0.82335544, 0.6532925, 0.19814576]
[1.9052657, 0.7831143, 0.91595334, 0.2061981]
[1.662114, 0.85860217, 0.629829, 0.17368281]
[1.7172238, 0.7472782, 0.7618656, 0.20807993]
[1.868228, 0.9003016, 0.74905056, 0.21887584]
[1.6251235, 0.7031168, 0.75702715, 0.1649796]
[1.890005, 0.95368266, 0.7455332, 0.1907891]
[1.8648248, 0.84707355, 0.8295492, 0.18820202]
[1.8229575, 0.74053293, 0.8862169, 0.19620779]
[1.6551111, 0.6993655, 0.7509303, 0.20481524]
[1.5392374, 0.77417725, 0.5557086, 0.20935151]
