[1.5087794, 0.48738298, 0.8168894, 0.20450702]
[1.9323342, 1.2142572, 0.52563906, 0.19243795]
[1.4779791, 0.4986645, 0.77019763, 0.20911692]
[1.8070652, 0.9557683, 0.64707106, 0.20422584]
[1.6284276, 0.5371976, 0.8633047, 0.22792539]
[1.7375166, 0.7619524, 0.7843337, 0.19123057]
[1.5839293, 0.58089995, 0.80855274, 0.19447656]
[1.8145976, 0.9731716, 0.64863324, 0.19279277]
[1.7818062, 0.4877006, 1.0916743, 0.20243129]
[1.7349602, 1.0073048, 0.53171635, 0.19593906]
[1.5761976, 0.6869745, 0.69546974, 0.19375336]
[1.7226171, 0.7965882, 0.76232135, 0.16370758]
[1.509206, 0.6929624, 0.6109234, 0.2053203]
[1.6407367, 0.53901887, 0.89298993, 0.20872796]
[1.6975214, 0.92398524, 0.5716369, 0.20189929]
[1.8373595, 0.993539, 0.6562175, 0.18760316]
[1.5811428, 0.51054794, 0.8787826, 0.1918123]
[1.4372463, 0.68181556, 0.5400383, 0.21539241]
[1.5507209, 0.84767264, 0.51274145, 0.19030684]
[1.7706811, 0.672047, 0.90615845, 0.19247568]
[1.8634768, 0.95073414, 0.6944252, 0.21831743]
[1.5516258, 0.49925098, 0.8634621, 0.18891276]
[1.6520526, 1.0149, 0.4559726, 0.18118]
[1.721532, 0.6318145, 0.8843988, 0.20531866]
[1.6858535, 0.79506326, 0.71066636, 0.18012384]
[1.8327664, 0.94820535, 0.6917479, 0.19281313]
[1.7117623, 0.74163795, 0.7853588, 0.1847656]
[1.6628721, 0.8366749, 0.6317893, 0.19440779]
[1.4512429, 0.57107663, 0.6939189, 0.18624733]
[1.6618181, 0.9854301, 0.4898182, 0.18656985]
[1.5467336, 0.4427111, 0.9182374, 0.18578506]
[1.3310819, 0.49569482, 0.6415734, 0.1938136]
[1.8556206, 0.8263588, 0.8332033, 0.19605854]
[1.4517913, 0.5878038, 0.6571597, 0.20682785]
[1.351086, 0.61143357, 0.5574875, 0.18216506]
[1.8685327, 1.0628208, 0.61438155, 0.19133037]
[1.4508195, 0.5642701, 0.6925657, 0.1939838]
[1.3908195, 0.6274041, 0.56869125, 0.19472416]
[1.8684256, 0.886023, 0.7957094, 0.18669316]
[1.5771437, 0.76082635, 0.62149525, 0.19482204]
[1.5466452, 0.6350726, 0.66988355, 0.241689]
[1.4585238, 0.5194199, 0.73785305, 0.20125082]
[1.6510806, 0.81100965, 0.65719455, 0.18287638]
[1.7204322, 0.71227205, 0.7753773, 0.23278281]
[1.9418738, 1.1206713, 0.59616965, 0.2250328]
[1.6649417, 0.5888748, 0.8689711, 0.20709573]
[1.5478406, 0.7695577, 0.56834036, 0.20994255]
[1.6463476, 0.7280899, 0.71783173, 0.20042597]
[1.7174039, 0.69427, 0.7779046, 0.24522921]
[1.4599111, 0.80870664, 0.45281672, 0.19838773]
[1.4551767, 0.52126586, 0.717972, 0.21593896]
[1.6171501, 0.67886215, 0.7301376, 0.20815037]
[1.8038048, 1.0546451, 0.5278958, 0.22126386]
[1.6670287, 0.50905585, 0.9461759, 0.21179697]
[1.7952406, 0.759036, 0.8275788, 0.20862581]
[1.6876789, 0.7578442, 0.706472, 0.22336283]
[1.7027024, 0.9423244, 0.5631794, 0.1971986]
[1.6995093, 0.57558084, 0.91685414, 0.20707433]
[1.4702592, 0.5732542, 0.6937115, 0.20329346]
[1.6552805, 0.84743416, 0.58670264, 0.22114365]
[1.8143264, 0.6384775, 0.9483796, 0.2274693]
[1.5447364, 0.66689646, 0.65588677, 0.22195312]
[1.590702, 0.6721922, 0.72274065, 0.19576922]
[1.6965766, 0.5300261, 0.94652325, 0.22002722]
[1.9286245, 1.0115972, 0.71456635, 0.202461]
[1.6782598, 0.6564214, 0.8043341, 0.21750432]
[1.5991235, 0.6792667, 0.69965804, 0.22019869]
[1.2837067, 0.66968876, 0.3947414, 0.21927652]
[1.5204257, 0.6431935, 0.68232906, 0.19490312]
[1.7115185, 0.6173947, 0.91108215, 0.18304169]
[1.7857962, 0.7320092, 0.8445455, 0.20924154]
[1.7019538, 0.7608427, 0.74484015, 0.19627097]
[1.7391646, 0.667852, 0.844298, 0.22701448]
[1.7818027, 0.9137334, 0.66591644, 0.20215268]
[1.763745, 0.81651855, 0.74257517, 0.20465128]
[1.5048615, 0.71213245, 0.5999097, 0.1928192]
[1.5333743, 0.44082692, 0.8740351, 0.21851233]
[1.7005274, 0.92761153, 0.5602927, 0.21262318]
[1.5842582, 0.73421866, 0.6513075, 0.198732]
[1.7708586, 0.8095411, 0.74742126, 0.21389627]
[1.4752865, 0.76847875, 0.51509285, 0.19171485]
[1.6957579, 0.62249583, 0.87155163, 0.20171049]
[1.7385691, 0.92285186, 0.61469424, 0.201023]
[1.6445829, 0.860965, 0.5943208, 0.18929705]
[1.8033435, 0.7023493, 0.9004085, 0.20058578]
[1.5340288, 0.8926349, 0.4425031, 0.19889073]
[1.7517776, 0.72529197, 0.821095, 0.20539069]
[1.4876096, 0.70066595, 0.5703628, 0.21658085]
[1.5324379, 0.7324663, 0.5873697, 0.21260199]
[1.7464819, 0.80535924, 0.7418728, 0.1992499]
[1.5397868, 0.5063455, 0.83446586, 0.1989754]
[1.5563282, 0.82818687, 0.49708286, 0.23105848]
[1.5720347, 0.67422485, 0.6989572, 0.1988527]
[1.7545255, 0.9526322, 0.60334766, 0.19854572]
[1.8170257, 0.9223194, 0.6902716, 0.20443466]
[1.9110556, 0.6631141, 1.0405829, 0.20735863]
[1.5670753, 0.78343916, 0.59110177, 0.19253428]
[1.6079099, 0.8204116, 0.56667185, 0.22082643]
[1.687243, 0.70096785, 0.7899135, 0.19636172]
[1.5931406, 0.60923237, 0.7908976, 0.19301057]
[1.8024627, 0.9015257, 0.6831317, 0.21780524]
[1.5588241, 0.65192866, 0.6828969, 0.22399852]
[1.5497621, 0.748232, 0.56308913, 0.23844102]
[1.9338369, 0.8505585, 0.88198894, 0.20128946]
[1.478101, 0.47432476, 0.80387986, 0.1998963]
[1.3182333, 0.6027801, 0.4734859, 0.24196722]
[1.5781128, 0.8731984, 0.4909517, 0.21396282]
[1.646593, 0.5175303, 0.91097116, 0.2180915]
[1.8045948, 0.90254307, 0.67700243, 0.2250492]
[1.6441497, 0.6784266, 0.7570294, 0.20869362]
[1.9484756, 0.6943474, 1.05295, 0.20117818]
[1.5988982, 0.7492542, 0.65380204, 0.1958419]
[1.7995604, 0.7134281, 0.8792837, 0.20684865]
[1.4628558, 0.61910987, 0.6204959, 0.22325003]
[1.9473672, 0.76843786, 0.9756118, 0.20331758]
[1.3806505, 0.7554387, 0.42670858, 0.19850323]
[1.721594, 0.5864682, 0.93146646, 0.2036593]
[1.7090834, 0.9261137, 0.58258176, 0.20038797]
[1.3874729, 0.47933617, 0.71825385, 0.18988289]
[1.3569462, 0.42199472, 0.7252723, 0.20967922]
[1.3354318, 0.59989005, 0.5336254, 0.20191629]
[1.5318115, 0.6313238, 0.6786389, 0.22184868]
[1.506725, 0.66546273, 0.61341405, 0.2278482]
[1.5789325, 0.39472395, 0.9511559, 0.23305279]
[1.9131582, 1.1325502, 0.5770309, 0.2035771]
[1.6552547, 0.6519079, 0.78982955, 0.21351728]
[1.3159614, 0.3097503, 0.7702744, 0.23593664]
[1.8614961, 1.0944724, 0.5644265, 0.20259728]
[1.6290514, 0.4490118, 0.96322966, 0.21680993]
[1.582679, 1.0008894, 0.3815363, 0.20025325]
[1.6813715, 0.5232965, 0.9410429, 0.21703205]
[1.9165057, 1.1187589, 0.5939628, 0.20378402]
[1.5878079, 0.6147484, 0.7554713, 0.21758819]
[1.5509375, 0.5873806, 0.7614455, 0.20211133]
[1.4081348, 0.7574539, 0.44435313, 0.2063278]
[1.6976211, 0.6893057, 0.78933805, 0.2189773]
[1.6643999, 0.52431655, 0.9362877, 0.20379561]
[1.7386594, 0.9037729, 0.6097025, 0.22518392]
[1.4815966, 0.6192975, 0.652593, 0.2097061]
[1.6239392, 0.85372704, 0.55090344, 0.21930872]
[1.7867277, 0.84714544, 0.7399986, 0.19958368]
[1.4536284, 0.57062435, 0.6338143, 0.24918972]
[1.4387977, 0.59973955, 0.62097085, 0.21808736]
[1.9374245, 1.0968719, 0.6221677, 0.21838501]
[1.4371439, 0.52640355, 0.6896821, 0.22105825]
[1.4619397, 0.6537296, 0.60045886, 0.20775118]
[1.67211, 0.8424252, 0.6176167, 0.21206799]
[1.7758322, 0.66739964, 0.9255888, 0.18284369]
[1.9548494, 1.0613195, 0.6948508, 0.19867904]
[1.861478, 0.59013164, 1.0646713, 0.20667504]
[1.7417902, 1.0808918, 0.450759, 0.21013936]
[1.7909136, 0.81304747, 0.78131646, 0.19654967]
[1.5384477, 0.60828185, 0.74588734, 0.18427865]
[1.8423748, 1.0623174, 0.5757702, 0.20428728]
[1.8299394, 0.84543955, 0.7956536, 0.18884619]
[1.5032979, 0.81940204, 0.46031025, 0.22358564]
[1.594018, 0.53430915, 0.84030026, 0.21940847]
[1.6195878, 0.85477686, 0.57691514, 0.18789582]
[1.6971042, 0.78334904, 0.7084749, 0.20528033]
[1.66262, 0.6743684, 0.7995299, 0.18872163]
[1.8666688, 1.0780872, 0.598433, 0.19014862]
[1.4651057, 0.53806597, 0.75402856, 0.17301115]
[2.024444, 0.883844, 0.9543617, 0.1862383]
[1.7071506, 0.713713, 0.78552127, 0.20791641]
[1.6920401, 0.79982936, 0.691365, 0.20084572]
[1.735298, 0.7082913, 0.83376884, 0.1932379]
[1.5161829, 0.80277157, 0.5190969, 0.19431446]
[1.1654118, 0.39264068, 0.55599517, 0.21677601]
[1.6087132, 0.65888965, 0.74921113, 0.20061235]
[1.3700529, 0.5422034, 0.6283386, 0.19951096]
[1.5758693, 0.6760014, 0.71280694, 0.1870609]
[1.650887, 0.7865925, 0.64121366, 0.22308084]
[1.7227464, 0.7907244, 0.71073914, 0.2212828]
[1.6304959, 0.48091602, 0.9282454, 0.22133447]
[1.6125904, 0.70569766, 0.67736864, 0.22952412]
[1.966089, 1.066448, 0.68640125, 0.21323974]
[1.693246, 0.6266313, 0.8643464, 0.20226824]
[1.496832, 0.6117821, 0.669393, 0.21565692]
[1.6599351, 0.79712415, 0.65723616, 0.20557487]
[1.5423223, 0.75228, 0.58388454, 0.2061578]
[1.7993218, 0.62977946, 0.9573873, 0.21215495]
[1.6846126, 0.798525, 0.68743646, 0.1986512]
[1.5017736, 0.48605272, 0.8251065, 0.19061428]
[1.6834399, 0.893826, 0.5829745, 0.20663938]
[1.8140715, 0.6075245, 0.9777667, 0.22878039]
[1.5990142, 0.78647316, 0.58862364, 0.22391732]
[1.553793, 0.6385546, 0.6974231, 0.21781522]
[1.8064532, 0.7835696, 0.79933, 0.22355372]
[1.8800793, 0.91003406, 0.7713705, 0.19867466]
[1.4855492, 0.52584547, 0.752083, 0.2076207]
[1.4160247, 0.7340863, 0.47551423, 0.20642422]
[1.4513037, 0.41096544, 0.8223741, 0.2179642]
[1.8095696, 0.8814464, 0.70923567, 0.21888758]
[1.924402, 1.125074, 0.5893682, 0.20995975]
[1.5082281, 0.49677816, 0.7985341, 0.21291584]
[1.3981438, 0.5869079, 0.61306757, 0.19816831]
[1.7561419, 0.87616014, 0.6512219, 0.22875988]
[1.452001, 0.59616244, 0.62804574, 0.22779283]
[1.7853037, 0.8596598, 0.7260715, 0.19957243]
[1.5890212, 0.7427525, 0.6434798, 0.20278883]
[1.4201075, 0.48128703, 0.748943, 0.18987748]
[1.5583776, 0.7840598, 0.5697601, 0.20455778]
[1.5262372, 0.5939609, 0.7267139, 0.20556253]
[1.9188986, 1.0607347, 0.64259535, 0.21556851]
[1.7661918, 0.67548996, 0.88263255, 0.20806934]
[2.1377413, 1.2405107, 0.7121042, 0.18512653]
[1.5588622, 0.6025194, 0.76005095, 0.1962919]
[1.5380235, 0.8388883, 0.5031762, 0.195959]
[1.8832438, 0.7613211, 0.92871755, 0.19320516]
[1.8210294, 0.7394588, 0.8815259, 0.20004475]
[1.5027567, 0.6778955, 0.62632, 0.19854127]
[1.5731287, 0.89217615, 0.47438163, 0.20657083]
[1.6063192, 0.7579981, 0.65706325, 0.19125786]
[1.526615, 0.5624992, 0.7445658, 0.21955004]
[1.87339, 0.8844652, 0.7816012, 0.20732354]
[1.6721712, 0.67797065, 0.79830545, 0.19589509]
[1.4285462, 0.66999197, 0.5594637, 0.19909044]
[1.9349883, 0.7841027, 0.93774426, 0.2131413]
[1.550743, 0.6967493, 0.649297, 0.20469661]
[1.609121, 0.8278938, 0.5663797, 0.21484742]
[1.9423323, 0.712129, 1.0266851, 0.20351817]
[1.6829621, 1.0050421, 0.4832731, 0.194647]
[1.7450616, 0.70955217, 0.8329452, 0.20256424]
[1.8165925, 0.8007411, 0.8043859, 0.2114655]
[1.5755408, 0.803524, 0.57733124, 0.19468544]
[1.7207675, 0.68524295, 0.8243948, 0.2111296]
[1.418652, 0.4265496, 0.7914468, 0.20065573]
[1.6414471, 0.77077776, 0.6698644, 0.20080501]
[1.632025, 0.5181378, 0.88970554, 0.22418165]
[1.5877279, 0.63425833, 0.7444518, 0.20901775]
[1.5215296, 0.44171172, 0.8483398, 0.23147805]
[1.9798933, 1.2314866, 0.5585946, 0.18981221]
[1.6866411, 0.47588536, 1.0062445, 0.20451112]
[1.8566253, 1.134201, 0.53674316, 0.18568107]
[1.9273465, 1.0107334, 0.7385783, 0.17803483]
[1.4298801, 0.5858537, 0.6400297, 0.20399667]
[1.510402, 0.7005439, 0.60624576, 0.20361237]
[1.5761449, 0.6393007, 0.72868776, 0.20815648]
[1.650701, 0.8209119, 0.6424488, 0.18734038]
[1.4925985, 0.6797811, 0.6012436, 0.21157381]
[1.5642568, 0.63068503, 0.74687743, 0.18669423]
[1.6492691, 0.7398325, 0.7017334, 0.20770316]
[1.6298572, 0.6201517, 0.80690014, 0.20280536]
[1.8185536, 1.0370619, 0.57104874, 0.2104429]
[1.7695854, 0.8234204, 0.76459783, 0.18156722]
[1.6643424, 0.6927268, 0.7637261, 0.20788962]
[1.8427483, 0.90721476, 0.7605306, 0.17500296]
[1.6948566, 0.7164836, 0.7801112, 0.19826187]
[1.872593, 0.8921356, 0.76857835, 0.21187918]
[1.7219107, 0.96127486, 0.56838447, 0.19225138]
[1.9027346, 0.69641507, 1.0131416, 0.19317797]
[1.5701785, 0.8653354, 0.5131574, 0.19168572]
[1.7620038, 0.78099084, 0.7779113, 0.20310159]
[1.6877885, 0.68910956, 0.80836856, 0.19031033]
[1.8780162, 0.8322502, 0.8580522, 0.18771383]
[1.9184376, 0.93542624, 0.7803273, 0.20268406]
[1.5460715, 0.67659605, 0.67182606, 0.19764952]
[1.3889357, 0.53457654, 0.64643353, 0.20792568]
[1.7554369, 0.92863023, 0.63238895, 0.19441776]
[1.4937838, 0.64441323, 0.67361385, 0.17575684]
[2.0862994, 1.0409017, 0.8530717, 0.19232611]
[1.5840145, 0.5719284, 0.81628144, 0.19580469]
[1.9013233, 0.63115466, 1.0627809, 0.20738775]
[1.6240083, 0.87415487, 0.5629153, 0.18693814]
[1.6130733, 0.82725745, 0.5764984, 0.20931742]
[1.6259881, 0.8684329, 0.5822274, 0.1753279]
[1.652957, 0.57812506, 0.865818, 0.20901392]
[1.728166, 0.82837605, 0.68485683, 0.21493302]
[1.5797266, 0.6557416, 0.7367116, 0.18727341]
[1.6540661, 0.7674656, 0.66602254, 0.22057793]
[1.688033, 0.6754139, 0.8114161, 0.20120294]
[1.6735831, 0.800588, 0.6743827, 0.19861245]
[1.5977362, 0.574992, 0.8065615, 0.21618271]
[1.8606838, 0.8808163, 0.7820431, 0.1978244]
[2.0742638, 0.78212893, 1.0858505, 0.2062844]
[1.5991796, 0.8280281, 0.5771342, 0.19401726]
[1.742909, 0.61269987, 0.9208375, 0.20937157]
[1.6099192, 0.7819233, 0.6305065, 0.19748937]
[1.5221999, 0.6691083, 0.639417, 0.21367449]
[1.6793355, 0.790463, 0.6829146, 0.20595789]
[1.8178253, 0.6957771, 0.9300414, 0.19200689]
[2.0918703, 0.8768363, 1.0208348, 0.19419916]
[1.7073323, 0.72414434, 0.77562886, 0.20755894]
[1.7663422, 0.82592046, 0.7605851, 0.1798365]
[1.6387343, 0.73523384, 0.70571595, 0.19778448]
[1.6694615, 0.74040914, 0.71928555, 0.20976692]
[1.5788239, 0.69179785, 0.70635796, 0.1806681]
[1.8420069, 1.0040181, 0.6387323, 0.19925657]
[1.8055868, 0.43193486, 1.1588913, 0.21476063]
[1.457073, 0.7977338, 0.45657408, 0.20276517]
[1.4890795, 0.61383545, 0.6731386, 0.20210546]
[1.7116653, 0.7014109, 0.7914663, 0.21878806]
[1.5834177, 0.76567596, 0.6368328, 0.18090895]
[1.8271462, 0.63837504, 0.9888038, 0.1999673]
[1.890378, 0.88236237, 0.8050444, 0.20297125]
[1.5037537, 0.73112905, 0.58277965, 0.1898449]
[1.8213575, 0.8089917, 0.808092, 0.20427378]
[1.6942141, 0.4565456, 1.0528151, 0.18485342]
[1.4935757, 0.6070016, 0.6830578, 0.20351636]
[1.5754644, 0.7851439, 0.5820297, 0.20829071]
[1.4551584, 0.6167954, 0.6225528, 0.21581021]
[1.6640815, 0.7845427, 0.6651355, 0.21440324]
[1.882207, 0.8074722, 0.887744, 0.18699083]
[1.573775, 0.7665262, 0.6139756, 0.19327337]
[1.5387766, 0.69124955, 0.6589119, 0.18861514]
[1.6403754, 0.78277284, 0.6713202, 0.18628234]
[1.5788212, 0.67303216, 0.7061676, 0.1996214]
[1.9558798, 0.7931975, 0.9555846, 0.20709762]
[1.8304975, 0.9056927, 0.7269126, 0.19789223]
[1.6299831, 0.49522692, 0.93438655, 0.2003696]
[1.8337343, 1.1330993, 0.50420874, 0.1964262]
[1.5467348, 0.5555504, 0.7726382, 0.21854618]
[1.5353465, 0.67603564, 0.656761, 0.20254996]
[1.6410973, 0.722767, 0.71151805, 0.20681223]
[1.6992536, 0.9662748, 0.5547157, 0.17826304]
[1.5782474, 0.8352639, 0.55089617, 0.19208725]
[1.7088953, 0.5883192, 0.9464447, 0.1741315]
[1.58611, 0.84895265, 0.5458339, 0.19132343]
[1.4969459, 0.58051324, 0.70902365, 0.2074089]
[1.6569035, 0.6780706, 0.7760509, 0.20278189]
[1.7606527, 1.034029, 0.5170598, 0.20956385]
[1.7517937, 0.73285115, 0.8115017, 0.20744097]
[2.046262, 0.88660324, 0.9665984, 0.1930604]
[1.7928014, 0.95014524, 0.67818207, 0.16447395]
[1.7504214, 0.8849988, 0.69824696, 0.16717568]
[1.547474, 0.5662553, 0.8039031, 0.17731562]
[1.5563052, 0.54177225, 0.8228986, 0.19163436]
[1.8323702, 1.0281318, 0.6069427, 0.19729558]
[1.7028763, 0.75345516, 0.75711936, 0.19230169]
[1.6929017, 0.7334957, 0.77183294, 0.18757303]
[1.8094357, 1.0039661, 0.6342539, 0.17121568]
[1.8483323, 0.8902016, 0.7992579, 0.15887272]
[1.9420204, 0.63400614, 1.1362892, 0.17172503]
[1.4985077, 0.6076424, 0.715078, 0.17578739]
[1.362091, 0.6614389, 0.49397725, 0.20667478]
[1.5705569, 0.7357069, 0.65353155, 0.18131846]
[1.5861803, 0.586327, 0.79883283, 0.20102051]
[1.8169283, 0.98937196, 0.6272183, 0.20033798]
[1.803763, 0.8167482, 0.7881471, 0.1988677]
[1.6269802, 0.70404786, 0.7288817, 0.19405067]
[1.6361766, 0.58727264, 0.8502691, 0.19863483]
[1.5971804, 0.70003366, 0.6968962, 0.2002505]
[1.3698921, 0.5655969, 0.60432774, 0.19996747]
[1.7656541, 0.77706337, 0.7865144, 0.20207626]
[1.6418145, 0.58012426, 0.863319, 0.19837123]
[1.7428191, 0.9253954, 0.60872114, 0.20870258]
[1.656326, 0.612718, 0.8436607, 0.19994733]
[2.0042722, 0.93077683, 0.8699411, 0.20355417]
[1.2220854, 0.3436276, 0.68709314, 0.19136468]
[1.7501307, 0.9432154, 0.6007556, 0.20615965]
[1.57323, 0.64880836, 0.72254276, 0.20187885]
[1.613733, 0.66091573, 0.7723218, 0.18049553]
[1.5613022, 0.7341267, 0.61671054, 0.21046497]
[1.7883445, 0.878676, 0.7016888, 0.20797965]
[2.0420663, 0.74363416, 1.1021315, 0.19630066]
[1.2154292, 0.6203736, 0.38909066, 0.2059649]
[1.5489755, 0.62894475, 0.7171401, 0.2028907]
[1.4815844, 0.59163177, 0.67488295, 0.21506967]
[1.4036266, 0.7294055, 0.4641067, 0.21011436]
[1.4261352, 0.5511699, 0.6894512, 0.1855141]
[1.5392128, 0.8725544, 0.44482037, 0.22183798]
[1.4663267, 0.46944895, 0.8103484, 0.1865294]
[1.8295113, 0.98731405, 0.62407684, 0.21812041]
[1.8884329, 0.8245058, 0.8498653, 0.21406177]
[1.6627151, 0.8235412, 0.6440202, 0.19515364]
[1.7391098, 0.7575304, 0.7713553, 0.21022415]
[1.7066584, 0.6018695, 0.8958465, 0.20894247]
[1.636971, 0.844677, 0.57455707, 0.21773699]
[1.621939, 0.81898004, 0.60667443, 0.1962845]
[1.611291, 0.87325597, 0.51807195, 0.21996316]
[1.712794, 0.4999305, 0.99135697, 0.22150652]
[1.620163, 0.7641675, 0.6526917, 0.20330377]
[1.5614865, 0.6999812, 0.65416133, 0.2073439]
[1.5479817, 0.7163895, 0.6200652, 0.21152705]
[1.820655, 0.8083689, 0.80750525, 0.20478079]
[1.6168255, 0.59148335, 0.82726765, 0.19807445]
[1.5119097, 0.596487, 0.7187966, 0.19662619]
[1.8235447, 0.8159118, 0.78965455, 0.21797839]
[1.3060373, 0.6229296, 0.4907485, 0.19235921]
[1.9009002, 0.81279516, 0.8840781, 0.20402706]
[1.732397, 0.56224036, 0.9778604, 0.19229619]
[1.5814238, 0.75257444, 0.62053126, 0.20831805]
[1.8485177, 0.77755904, 0.86787105, 0.20308751]
[1.7743568, 0.76245606, 0.7972297, 0.21467113]
[2.210407, 1.1698213, 0.8564205, 0.18416518]
[1.8475386, 0.7088897, 0.94834423, 0.19030467]
[1.874596, 0.9287416, 0.75814736, 0.18770708]
[1.7514373, 0.6489357, 0.9139799, 0.18852176]
[1.947092, 0.91261494, 0.84780145, 0.18667562]
[1.6970603, 0.754182, 0.77686906, 0.16600937]
[1.5267338, 0.48627722, 0.84953356, 0.190923]
[1.6595509, 0.90817314, 0.54595065, 0.20542713]
[1.7147517, 0.4666278, 1.0539789, 0.19414498]
[1.8460335, 1.0364068, 0.6162199, 0.1934068]
[1.7577858, 0.7777683, 0.7929501, 0.18706745]
[1.7326522, 0.8098582, 0.7463322, 0.17646173]
[1.7522829, 0.64315784, 0.90860736, 0.20051762]
[1.6756591, 0.85362417, 0.6491494, 0.17288552]
[1.7581468, 0.7942879, 0.7737865, 0.1900723]
[1.649071, 0.71295047, 0.74379456, 0.19232598]
[1.7192216, 0.7899511, 0.7302643, 0.19900623]
[1.6486866, 0.6717341, 0.7806332, 0.19631933]
[1.5639111, 0.751719, 0.6233574, 0.1888347]
[1.5874479, 0.67752874, 0.7244519, 0.18546718]
[1.7701632, 0.75793314, 0.8390665, 0.1731635]
[1.6386025, 0.9922378, 0.45434073, 0.19202396]
[1.8030341, 0.61560255, 0.9923681, 0.19506341]
[1.471582, 0.7110094, 0.5599215, 0.20065121]
[1.5839399, 0.60272866, 0.8032855, 0.17792569]
[1.686927, 0.933938, 0.5621712, 0.19081768]
[1.7276716, 0.6545217, 0.8751321, 0.19801784]
[1.7943585, 0.9869871, 0.6259852, 0.18138626]
[1.9037986, 0.5697993, 1.1274211, 0.20657818]
[1.7733327, 0.820065, 0.773374, 0.17989361]
[1.5443157, 0.71586466, 0.6485644, 0.17988667]
[1.9582021, 1.0573438, 0.724437, 0.17642124]
[1.735263, 0.7743918, 0.7776316, 0.18323958]
[1.7328857, 0.87035954, 0.677187, 0.18533906]
[1.529953, 0.58253014, 0.7678, 0.17962283]
[1.6723945, 0.91338766, 0.5633106, 0.19569626]
[1.8007612, 0.6632597, 0.94355035, 0.19395112]
[1.7759552, 0.8572, 0.72547114, 0.19328403]
[1.6455036, 0.89324874, 0.56176096, 0.19049394]
[1.772696, 0.64325297, 0.9483199, 0.1811232]
[1.8355305, 0.88503563, 0.74885005, 0.20164488]
[1.6103551, 0.81745166, 0.5973467, 0.19555673]
[1.7766327, 0.7300447, 0.8602791, 0.18630889]
[1.6014663, 0.5843028, 0.820348, 0.19681549]
[1.6222634, 0.75719017, 0.6819818, 0.18309146]
[1.6700953, 0.6108396, 0.8715377, 0.18771803]
[1.5475446, 0.6795194, 0.6753117, 0.19271353]
[1.8217368, 0.931669, 0.7053049, 0.18476301]
[1.6745198, 0.7428847, 0.7416022, 0.1900329]
[1.5228059, 0.64012915, 0.7172685, 0.1654082]
[1.5020084, 0.62304646, 0.68727124, 0.19169068]
[1.59896, 0.72439826, 0.6750386, 0.19952318]
[1.6897148, 0.6616068, 0.8302562, 0.19785178]
[1.3897916, 0.6222143, 0.54773754, 0.21983965]
[1.5927818, 0.70241225, 0.6946712, 0.19569825]
[1.763642, 0.7677454, 0.795755, 0.20014152]
[1.3953899, 0.5917928, 0.59649503, 0.20710209]
[1.5398636, 0.7655151, 0.5920625, 0.18228596]
[1.3837973, 0.54889643, 0.62791854, 0.20698225]
[1.4922478, 0.5174371, 0.7772693, 0.19754148]
[1.7893718, 0.95591676, 0.63532096, 0.19813406]
[1.4379729, 0.6703271, 0.5562062, 0.21143946]
[1.5994858, 0.56886363, 0.8139062, 0.21671593]
[1.7802596, 1.1207637, 0.43173885, 0.22775711]
[1.9308333, 0.56464887, 1.1682305, 0.1979539]
[1.513663, 0.62763095, 0.66552055, 0.22051153]
[1.691352, 0.8207407, 0.638986, 0.2316253]
[1.7177951, 0.84428716, 0.6797135, 0.19379446]
[1.5059599, 0.4569397, 0.8444914, 0.2045287]
[1.8817873, 0.9646056, 0.7359265, 0.18125513]
[1.9034295, 0.77316463, 0.91734517, 0.21291965]
[1.8156238, 1.0070789, 0.5914185, 0.21712643]
[1.7600114, 0.52083576, 1.0167584, 0.2224173]
[1.9109961, 1.0117589, 0.71554434, 0.18369281]
[1.6077462, 0.6939585, 0.7112201, 0.20256767]
[1.7932726, 0.8422488, 0.7679669, 0.18305694]
[1.8754663, 0.87876165, 0.80550814, 0.19119662]
[1.8619684, 0.7924067, 0.8894012, 0.18016055]
[1.649064, 0.65660226, 0.80862546, 0.1838362]
[1.6565272, 0.7143461, 0.7495045, 0.19267657]
[1.800557, 0.83409935, 0.7862135, 0.18024412]
[1.7625344, 0.8047294, 0.7724054, 0.18539959]
[1.735708, 0.66572523, 0.87104523, 0.1989376]
[1.9434373, 0.8594979, 0.9005474, 0.18339211]
[1.6862224, 0.84961116, 0.64587885, 0.19073233]
[1.5724998, 0.64783806, 0.74305224, 0.18160938]
[1.7455391, 0.7228988, 0.8337747, 0.1888655]
[1.5831954, 0.71039194, 0.68629885, 0.18650457]
[1.7528652, 0.7653273, 0.7848166, 0.2027212]
[1.9288838, 0.89604485, 0.83853006, 0.19430882]
[1.4876595, 0.5639802, 0.7362355, 0.18744373]
[1.601217, 0.669806, 0.75176626, 0.17964488]
[1.6229966, 0.89878666, 0.55701053, 0.16719931]
[1.7838908, 0.6582147, 0.9136933, 0.21198283]
[1.5975393, 0.7021872, 0.6882946, 0.2070576]
[1.6833639, 0.7241974, 0.7766503, 0.18251628]
[1.75081, 0.79300857, 0.76485276, 0.19294865]
[1.5952184, 0.5856672, 0.8172243, 0.19232684]
[1.7137665, 0.74570525, 0.7799442, 0.188117]
[1.7503829, 0.6354264, 0.9370094, 0.17794709]
[1.6869707, 0.78563815, 0.6915101, 0.20982248]
[1.5583612, 0.66123813, 0.71517986, 0.1819432]
[1.505939, 0.7136944, 0.5683209, 0.22392365]
[1.733637, 0.7113032, 0.80852324, 0.21381056]
[1.4592438, 0.5343024, 0.7335203, 0.19142106]
[1.7827222, 0.7367605, 0.8478031, 0.19815865]
[2.1048613, 1.119373, 0.7845316, 0.2009567]
[1.8801669, 0.94450116, 0.75348777, 0.18217787]
[1.6158267, 0.86523247, 0.56401765, 0.1865766]
[1.6579627, 0.6057319, 0.87902635, 0.17320447]
[1.7058237, 0.70326006, 0.8056456, 0.19691804]
[1.7150639, 0.7490438, 0.77291715, 0.19310296]
[1.8237231, 0.9522435, 0.69236517, 0.1791144]
[1.5798714, 0.57235885, 0.7997503, 0.2077622]
[1.6572008, 0.8659909, 0.60564154, 0.18556827]
[1.6614611, 0.6223625, 0.8548284, 0.18427014]
[1.9072077, 1.0281069, 0.697011, 0.18208975]
[1.4837192, 0.5779162, 0.7140806, 0.19172251]
[1.7377691, 0.71906894, 0.82591766, 0.19278257]
[1.8307184, 1.1158367, 0.5369749, 0.17790678]
[1.3047225, 0.5578977, 0.5600135, 0.18681142]
[1.45262, 0.5125674, 0.7621228, 0.17792988]
[1.710957, 0.6933026, 0.82879925, 0.18885517]
[1.5724105, 0.8852696, 0.5052035, 0.18193738]
[1.5288442, 0.6378321, 0.6997373, 0.19127479]
[1.494552, 0.60072625, 0.682147, 0.21167877]
[1.7630094, 0.65263605, 0.91630006, 0.19407327]
[1.6224159, 0.9025507, 0.48905048, 0.2308147]
[1.7793791, 0.7571118, 0.83058465, 0.19168271]
[2.0736628, 0.9909566, 0.89079607, 0.19190994]
[1.5396463, 0.67227244, 0.6538242, 0.21354957]
[1.5668366, 0.8116158, 0.5678816, 0.18733919]
[1.5870824, 0.7895471, 0.6109774, 0.18655784]
[1.6468271, 0.6054857, 0.8529942, 0.18834719]
[1.8392181, 0.8592533, 0.7897642, 0.19020051]
[1.3088886, 0.5164319, 0.60004056, 0.19241604]
[1.5472035, 0.6671063, 0.6683086, 0.21178862]
[1.6836922, 0.8203352, 0.6717308, 0.19162625]
[2.0557103, 0.8923485, 0.9609965, 0.20236522]
[1.617238, 0.7897495, 0.6330205, 0.19446796]
[1.7188585, 0.836082, 0.69583535, 0.18694112]
[1.7899354, 0.7008358, 0.895574, 0.19352558]
[1.7405266, 0.9122666, 0.62755483, 0.20070514]
[1.475786, 0.7099979, 0.5786626, 0.1871255]
[1.5685986, 0.6922287, 0.68467486, 0.1916951]
[1.4220421, 0.51117927, 0.7253517, 0.18551116]
[1.7746339, 0.83493805, 0.7653702, 0.17432575]
[1.7200408, 0.77504444, 0.76391894, 0.18107748]
[1.6995221, 0.6593246, 0.8310716, 0.20912588]
[1.7367909, 0.87808335, 0.6648976, 0.19380997]
[1.7796435, 0.71774626, 0.8540939, 0.20780343]
[1.5766566, 0.71280354, 0.65465903, 0.20919389]
[1.6599251, 0.6645131, 0.8043011, 0.19111092]
[1.5921586, 0.66280913, 0.7439728, 0.1853766]
[1.7878532, 0.85232747, 0.74130994, 0.19421571]
[1.6578605, 0.7415192, 0.7307444, 0.18559694]
[1.7614493, 0.7297759, 0.81541795, 0.21625546]
[1.801067, 1.125638, 0.47062093, 0.20480815]
[1.8509951, 0.7554562, 0.8909404, 0.2045984]
[1.8088655, 0.8777412, 0.73888934, 0.19223493]
[1.6451769, 0.6496395, 0.8137083, 0.1818291]
[1.6579771, 0.698635, 0.7827661, 0.17657608]
[1.6005942, 0.76139474, 0.6422956, 0.19690384]
[1.6760184, 0.75570506, 0.7223931, 0.19792025]
[1.3953694, 0.6969775, 0.5085788, 0.18981312]
[1.6396267, 0.621225, 0.81825536, 0.20014644]
[1.7748713, 0.55575466, 0.99291563, 0.22620112]
[1.5781932, 0.8084295, 0.56884134, 0.2009224]
[1.666202, 0.88203067, 0.5743783, 0.20979294]
[1.4241525, 0.619748, 0.59991455, 0.20448996]
[1.6102233, 0.70834386, 0.70919657, 0.1926828]
[1.6410066, 0.75108576, 0.69312996, 0.19679084]
[1.5704638, 0.6197431, 0.736578, 0.21414267]
[1.8441826, 0.80669904, 0.8404472, 0.19703643]
[1.6875356, 0.6914998, 0.7855814, 0.21045434]
[1.7719436, 0.8768145, 0.67521286, 0.21991616]
[1.7339991, 0.5141256, 1.0554492, 0.16442433]
[1.6952409, 0.868785, 0.6140298, 0.21242604]
[1.6574819, 0.8199918, 0.64312226, 0.19436783]
[1.5146639, 0.70120054, 0.5976996, 0.21576378]
[1.5468179, 0.6775205, 0.64651334, 0.22278407]
[1.453036, 0.65731806, 0.5738089, 0.22190888]
[1.6946775, 0.6567098, 0.8149613, 0.22300634]
[1.4203339, 0.8319037, 0.3816535, 0.20677656]
[1.7143681, 0.67760396, 0.8203375, 0.21642667]
[1.5735214, 0.62601906, 0.71787465, 0.22962761]
[1.6860929, 0.82792723, 0.62797296, 0.23019263]
[1.5831815, 0.64354223, 0.71198213, 0.22765721]
[1.4389228, 0.58239007, 0.6320787, 0.22445403]
[1.766042, 0.863243, 0.6865083, 0.2162907]
[1.6461568, 0.7463359, 0.68929064, 0.21053028]
[1.6130666, 0.6799561, 0.7099929, 0.22311756]
[1.6448503, 0.81800354, 0.6103703, 0.21647647]
[1.6609803, 0.7197715, 0.7341062, 0.20710266]
[1.5810544, 0.4941797, 0.8767713, 0.21010348]
[1.7151058, 0.9382522, 0.56861997, 0.20823354]
[1.7735604, 0.5701983, 0.97125626, 0.23210585]
[1.5114751, 0.67490745, 0.61106503, 0.22550255]
[1.7580783, 0.91340697, 0.63426876, 0.21040267]
[1.7349468, 0.57206994, 0.9526105, 0.21026649]
[1.918244, 1.0303319, 0.66725814, 0.22065397]
[1.7674248, 0.60358393, 0.941942, 0.22189885]
[1.6982484, 0.76578486, 0.70691115, 0.22555229]
[1.6038206, 0.5622697, 0.8364737, 0.2050772]
[1.4874549, 0.69346267, 0.57839745, 0.21559477]
[1.5631603, 0.4461102, 0.9280759, 0.18897423]
[1.6947182, 0.9522152, 0.5069202, 0.23558284]
[1.4901278, 0.6341663, 0.62595665, 0.23000473]
[1.5844687, 0.5932955, 0.7562349, 0.23493825]
[1.8046091, 0.7519826, 0.8524351, 0.20019121]
[1.5576947, 0.59022677, 0.7523021, 0.21516585]
[1.5470991, 0.61517197, 0.67357963, 0.25834745]
[1.5299594, 0.64367926, 0.68326783, 0.20301232]
[1.5478867, 0.679571, 0.61669874, 0.25161707]
[1.6154146, 0.5581606, 0.8392946, 0.21795943]
[1.5507914, 0.8861227, 0.44364882, 0.22101985]
[1.5699322, 0.37264386, 0.9866667, 0.21062176]
[1.424641, 0.76232994, 0.43191984, 0.2303913]
[1.5794635, 0.7521775, 0.6073651, 0.21992087]
[1.779297, 0.64600194, 0.90621656, 0.22707851]
[2.0851035, 1.1394566, 0.73540854, 0.21023846]
[1.6925243, 0.83509123, 0.64676106, 0.210672]
[1.5413632, 0.76606077, 0.5798936, 0.19540885]
[1.7788461, 0.63569796, 0.91164273, 0.23150547]
[1.5380169, 0.75659555, 0.57394886, 0.2074724]
[1.8223639, 0.8361838, 0.7770901, 0.20909004]
[1.8524439, 0.8394179, 0.7979303, 0.21509576]
[1.7894033, 0.7257291, 0.8770841, 0.18659006]
[1.6663055, 0.82285774, 0.6395819, 0.20386587]
[1.7325363, 0.64582, 0.88728875, 0.19942757]
[1.5288585, 0.64835393, 0.6767654, 0.20373926]
[1.3463902, 0.64425766, 0.505328, 0.19680446]
[1.7468956, 0.7957524, 0.7454673, 0.20567578]
[1.7112088, 0.9392288, 0.5627258, 0.20925424]
[1.4355372, 0.6489444, 0.58175814, 0.20483474]
[1.6514307, 0.7075733, 0.6979592, 0.24589828]
[2.2008462, 0.8795291, 1.0938038, 0.22751337]
[1.7726638, 0.8747847, 0.6927617, 0.20511746]
[1.4890108, 0.7513661, 0.5222857, 0.21535891]
[1.8170352, 0.85468423, 0.76780176, 0.19454926]
[1.3189049, 0.45307246, 0.64364135, 0.22219114]
[1.5537595, 0.9952175, 0.34102407, 0.21751787]
[1.4663242, 0.5636327, 0.69249356, 0.21019796]
[1.5492412, 0.8991159, 0.4424651, 0.20766024]
[1.8808346, 0.9512055, 0.7419346, 0.18769458]
[1.5942513, 0.5450784, 0.8306121, 0.21856084]
[1.4846678, 0.66524756, 0.630626, 0.18879408]
[1.693663, 0.87302077, 0.6295814, 0.1910609]
[2.0453396, 0.99210536, 0.8518111, 0.20142312]
[1.7124914, 0.7097042, 0.8055388, 0.19724834]
[1.8239505, 0.9265009, 0.706293, 0.19115663]
[1.3964394, 0.57680213, 0.617994, 0.20164338]
[1.5201024, 0.5818318, 0.72677004, 0.21150056]
[1.8441492, 0.83181643, 0.7823327, 0.23000011]
[1.6533389, 0.8420009, 0.5857567, 0.22558123]
[1.3955922, 0.72515315, 0.47441426, 0.19602479]
[1.6971346, 0.6771313, 0.8190236, 0.20097968]
[1.6616795, 0.65903723, 0.7934681, 0.20917419]
[1.5535232, 0.7314755, 0.60290974, 0.21913806]
[1.4998429, 0.7357636, 0.5512682, 0.21281104]
[1.9022404, 0.9118384, 0.7998153, 0.19058666]
[1.6759079, 0.60330063, 0.8857286, 0.18687862]
[1.6627738, 0.67744106, 0.7696591, 0.21567371]
[1.725246, 0.986403, 0.5198401, 0.21900278]
[1.4459755, 0.54479426, 0.70973074, 0.1914506]
[1.632451, 0.6386012, 0.757395, 0.23645487]
[1.5412483, 0.60693, 0.73062366, 0.20369461]
[1.6545634, 0.8638587, 0.54436195, 0.24634281]
[1.8159486, 0.6937648, 0.9067656, 0.2154182]
[1.7449666, 0.75278, 0.75534725, 0.23683938]
[1.8962941, 0.91420615, 0.77140296, 0.21068498]
[1.346633, 0.592293, 0.50937444, 0.2449655]
[1.4555402, 0.6651724, 0.5633632, 0.22700453]
[1.6132421, 0.69037473, 0.68650293, 0.23636444]
[1.3998133, 0.53328854, 0.6357444, 0.23078035]
[1.6590892, 0.9311712, 0.5228388, 0.20507917]
[1.8191519, 0.6768567, 0.9263953, 0.21589997]
[1.9445806, 0.7898653, 0.94881296, 0.20590237]
[1.7062784, 0.64799964, 0.85652316, 0.20175564]
[1.7622602, 0.88096976, 0.6605072, 0.22078317]
[1.9143045, 1.0055583, 0.6949332, 0.2138131]
[1.5957587, 0.5305506, 0.873443, 0.19176513]
[1.7445788, 0.88545966, 0.6580851, 0.20103413]
[1.6755497, 0.5602408, 0.9293978, 0.18591115]
[1.9543397, 1.0515251, 0.6925633, 0.21025127]
[1.5948215, 0.7319719, 0.6494547, 0.21339484]
[1.7533411, 0.71696645, 0.8473623, 0.18901244]
[1.7951366, 0.6241785, 0.9681612, 0.20279686]
[1.7691371, 0.9543021, 0.6000478, 0.21478724]
[1.8175255, 0.92225146, 0.6757558, 0.21951833]
[1.894984, 0.89604086, 0.8110888, 0.18785435]
[1.422871, 0.5580641, 0.67147756, 0.1933293]
[1.869321, 1.0902035, 0.5579662, 0.22115122]
[1.9836773, 0.8340548, 0.93112206, 0.21850033]
[1.5553505, 0.55645, 0.8068805, 0.19202]
[1.6184709, 0.807763, 0.5960847, 0.21462324]
[1.7425662, 0.8372658, 0.7143564, 0.19094409]
[1.6131632, 0.41828805, 0.99152845, 0.20334676]
[1.7222681, 0.84146404, 0.6620504, 0.21875355]
[1.5420945, 0.6364887, 0.70085114, 0.20475453]
[1.6349545, 0.89054984, 0.5436792, 0.20072538]
[1.5721484, 0.7022617, 0.6794377, 0.19044912]
[1.5743449, 0.6520159, 0.7150272, 0.2073017]
[1.5287073, 0.6470386, 0.67342395, 0.20824482]
[1.6871704, 0.8116326, 0.6748861, 0.2006518]
[1.9108577, 0.9144728, 0.7859428, 0.21044202]
[1.8664738, 0.7559475, 0.9231172, 0.18740906]
[1.7904739, 0.8523066, 0.74224204, 0.1959253]
[1.8164752, 0.8193401, 0.8060932, 0.19104183]
[1.5594143, 0.693711, 0.6613701, 0.20433316]
[1.3763767, 0.39821532, 0.7577823, 0.22037911]
[1.7882153, 1.0649052, 0.5349629, 0.18834722]
[1.3451613, 0.47225398, 0.6659261, 0.20698135]
[1.6347153, 0.7982975, 0.6344135, 0.20200425]
[1.9528158, 1.0647752, 0.6927092, 0.19533138]
[1.6346966, 0.550861, 0.8988153, 0.1850203]
[1.8041719, 0.8366122, 0.7649406, 0.20261908]
[1.7790823, 0.7992089, 0.7771367, 0.20273669]
[1.9066259, 0.88614815, 0.8382373, 0.18224038]
[1.5631719, 0.6275668, 0.73211133, 0.20349365]
[1.85026, 0.7115337, 0.9518439, 0.18688238]
[1.9343822, 1.0282578, 0.72385484, 0.1822696]
[1.5651853, 0.597826, 0.75748074, 0.20987862]
[1.6669071, 0.6619191, 0.8100038, 0.19498426]
[1.6143737, 0.71132433, 0.7091392, 0.19391018]
[1.6957912, 0.641649, 0.85660493, 0.19753724]
[1.603382, 0.7466348, 0.66907585, 0.18767133]
[1.5149183, 0.6120892, 0.70485985, 0.19796924]
[1.7160654, 0.79938424, 0.7073742, 0.20930693]
[1.6626236, 0.72456837, 0.7457438, 0.19231153]
[1.6671118, 0.85343784, 0.621225, 0.19244893]
[1.7123423, 0.48928893, 1.0394093, 0.18364401]
[1.7158808, 0.63252306, 0.8846201, 0.19873764]
[1.653315, 0.87210226, 0.5883632, 0.19284949]
[1.7155963, 0.68467635, 0.81974, 0.21118]
[1.444885, 0.595047, 0.641686, 0.20815209]
[1.6782508, 0.7061188, 0.7855871, 0.1865449]
[1.9871984, 0.952469, 0.81689936, 0.21782993]
[1.8341211, 0.9311218, 0.71077156, 0.19222772]
[1.7595652, 0.89217484, 0.6713346, 0.19605581]
[1.4999901, 0.6272408, 0.67754996, 0.19519936]
[1.5204386, 0.60520506, 0.69695723, 0.21827629]
[1.5419978, 0.6339857, 0.6863921, 0.22161995]
[1.7753117, 0.91415215, 0.64979565, 0.21136391]
[1.9049456, 0.887588, 0.816627, 0.20073053]
[1.4987572, 0.81286836, 0.50812, 0.1777688]
[1.7188156, 0.6894503, 0.8242836, 0.2050817]
[1.3929012, 0.5620144, 0.60309607, 0.22779068]
[1.7415156, 0.85652727, 0.67028046, 0.21470788]
[1.591386, 0.6878183, 0.7204788, 0.18308885]
[1.6588502, 0.54712164, 0.91363317, 0.19809535]
[1.449558, 0.7448027, 0.49334162, 0.21141368]
[1.5898226, 0.770319, 0.6220852, 0.19741848]
[1.5984476, 0.69329596, 0.70618, 0.19897157]
[1.7215097, 0.9626491, 0.54492646, 0.21393423]
[1.849828, 0.8198657, 0.8303324, 0.19962987]
[1.6451156, 0.7356558, 0.70419765, 0.20526217]
[1.6478745, 0.97727895, 0.45606083, 0.21453464]
[1.7855443, 0.5165018, 1.0653186, 0.20372388]
[1.5777147, 0.86888003, 0.51069486, 0.19813982]
[1.6491157, 0.72658753, 0.7030188, 0.21950933]
[1.6699009, 0.8613776, 0.5967411, 0.21178228]
[1.4821079, 0.68915105, 0.58480924, 0.20814747]
[1.7440639, 0.7567201, 0.77586067, 0.21148303]
[1.7944981, 0.9586568, 0.6267546, 0.20908675]
[1.8496342, 0.7160495, 0.9433795, 0.19020507]
[1.4497863, 0.7618753, 0.49391398, 0.193997]
[1.5103432, 0.6458402, 0.67976344, 0.1847395]
[1.5007461, 0.73235935, 0.5605234, 0.20786348]
[1.8750439, 0.68472576, 0.99296397, 0.19735406]
[1.842362, 1.0425828, 0.5993104, 0.2004689]
[1.5756745, 0.8341914, 0.53311515, 0.208368]
[1.7077422, 0.6754893, 0.82544434, 0.20680855]
[1.9451132, 0.8733412, 0.8698188, 0.20195317]
[1.5427885, 0.5920886, 0.7494825, 0.20121747]
[1.5756402, 0.7394229, 0.62762916, 0.2085881]
[1.7216785, 0.68212116, 0.8367476, 0.20280987]
[1.7474422, 0.6582272, 0.88412595, 0.2050891]
[1.5011336, 0.69344705, 0.59872526, 0.20896125]
[1.6748568, 0.7668259, 0.6866373, 0.22139356]
[1.7279601, 0.58587754, 0.9387427, 0.20333983]
[1.5010896, 0.6958332, 0.5865191, 0.21873721]
[1.9287894, 0.8904106, 0.82455826, 0.21382052]
[1.6232418, 0.5275558, 0.9093673, 0.18631868]
[1.9345279, 0.8370261, 0.9054437, 0.19205806]
[1.7773787, 0.82887655, 0.73697364, 0.21152842]
[1.4462563, 0.51444024, 0.74331003, 0.18850602]
[1.6451273, 0.81908625, 0.5960536, 0.22998744]
[1.7706218, 0.72759616, 0.8507771, 0.19224855]
[1.6820887, 0.63375425, 0.86189246, 0.18644203]
[1.9300916, 0.8752861, 0.85042524, 0.20438033]
[1.7292953, 0.8497071, 0.70127964, 0.17830849]
[1.4876596, 0.580028, 0.7374842, 0.17014728]
[1.7926697, 0.97259897, 0.6175834, 0.20248738]
[1.7564206, 0.5885941, 0.9618777, 0.20594889]
[1.4603542, 0.6922207, 0.5749345, 0.19319907]
[1.7383966, 0.72267747, 0.8217125, 0.19400662]
[1.9117587, 0.87663317, 0.8315109, 0.20361458]
[1.857406, 0.80081064, 0.85754925, 0.19904616]
[1.5662739, 0.7758949, 0.60129786, 0.18908116]
[1.5746431, 0.6142902, 0.77429307, 0.18605995]
[1.7144971, 0.80830467, 0.7202896, 0.1859028]
[1.6083654, 0.7463122, 0.6880717, 0.17398158]
[1.5742098, 0.774943, 0.6000836, 0.19918327]
[1.7411233, 0.74931985, 0.7779257, 0.21387781]
[1.5551591, 0.64021116, 0.7339906, 0.18095738]
[1.6280061, 0.8358576, 0.5970473, 0.19510111]
[1.3624532, 0.5557624, 0.6127581, 0.1939328]
[1.6624742, 0.77281946, 0.689185, 0.20046975]
[1.638294, 0.88920975, 0.5506371, 0.19844717]
[2.018632, 0.9947775, 0.8129676, 0.2108869]
[1.975306, 0.77941215, 0.9937523, 0.20214148]
[1.8558369, 0.70743626, 0.9387473, 0.20965335]
[1.7196262, 0.95925045, 0.5619912, 0.1983845]
[1.6512134, 0.7668226, 0.6906988, 0.19369201]
[1.7570589, 0.76013696, 0.8018563, 0.19506562]
[1.7756464, 0.78959143, 0.79091156, 0.19514346]
[1.841394, 0.8359739, 0.8009436, 0.20447634]
[1.6900315, 0.72548735, 0.7796299, 0.18491441]
[1.5769768, 0.7495593, 0.6501, 0.17731744]
[1.7430212, 0.61376107, 0.9248532, 0.20440702]
[1.969202, 0.88821876, 0.8864007, 0.1945826]
[1.5744655, 0.8084944, 0.5803653, 0.18560575]
[1.6162657, 0.81376016, 0.6119478, 0.19055775]
[1.811327, 0.76437986, 0.8406684, 0.2062788]
[1.8291392, 0.7256737, 0.924389, 0.17907657]
[1.8244644, 0.82014024, 0.80139315, 0.20293106]
[1.6374259, 0.8528919, 0.59803, 0.186504]
[1.82214, 0.83880234, 0.7824739, 0.20086366]
[1.7706441, 0.6603718, 0.9404783, 0.169794]
[1.866163, 0.9580412, 0.72504026, 0.18308169]
[1.6652752, 0.81710523, 0.6576558, 0.19051424]
[1.6616913, 0.72617006, 0.747338, 0.18818314]
[1.6973925, 0.8321675, 0.6641912, 0.20103389]
[1.7465088, 0.63107145, 0.9383317, 0.1771057]
[1.7306517, 0.7725158, 0.75989735, 0.1982386]
[1.6060709, 0.8511585, 0.56138355, 0.19352874]
[1.5489597, 0.6771435, 0.6909915, 0.18082473]
[1.8768115, 0.95659137, 0.73397964, 0.18624046]
[1.8611571, 0.8032276, 0.8558736, 0.20205578]
[1.8247119, 0.7050239, 0.9183786, 0.20130941]
[1.6406239, 0.937376, 0.5135802, 0.1896677]
[1.797272, 0.79480803, 0.82651794, 0.17594606]
[1.6875546, 0.75815636, 0.7483236, 0.18107457]
[1.7591412, 0.8635719, 0.70843697, 0.18713231]
[1.6769664, 0.6269077, 0.8515072, 0.1985515]
[1.7144837, 0.8834067, 0.64297307, 0.18810394]
[1.5722685, 0.7348009, 0.66287506, 0.17459252]
[1.5557643, 0.6566783, 0.7042943, 0.19479166]
[1.5047607, 0.56785524, 0.7469121, 0.18999335]
[1.4963197, 0.6854892, 0.6226158, 0.18821461]
[1.5034997, 0.642951, 0.6607492, 0.1997995]
[1.7163137, 0.7125921, 0.81077373, 0.1929479]
[1.4135109, 0.7367213, 0.45663285, 0.22015676]
[1.9158571, 0.8309666, 0.8883632, 0.19652727]
[1.5609474, 0.67598426, 0.7039503, 0.18101281]
[1.5292479, 0.7152282, 0.6089492, 0.20507045]
[1.5693102, 0.74083126, 0.6307004, 0.19777852]
[1.7361974, 0.7687503, 0.76646626, 0.20098078]
[1.6865681, 0.66559386, 0.8151033, 0.205871]
[1.7820841, 0.7423243, 0.83139646, 0.20836337]
[1.3803012, 0.53133184, 0.63087064, 0.21809876]
[1.5820236, 0.5130496, 0.8604901, 0.20848387]
[1.7545263, 0.9027221, 0.647746, 0.20405802]
[1.6588035, 0.8131503, 0.63502455, 0.2106286]
[1.707936, 0.81972826, 0.6808162, 0.20739162]
[1.5554054, 0.459776, 0.8933002, 0.20232922]
[1.3379236, 0.5538826, 0.6018714, 0.18216966]
[1.4454622, 0.6177578, 0.6133181, 0.21438637]
[1.569392, 0.76020235, 0.59479564, 0.21439396]
[1.7083207, 0.60365176, 0.8828509, 0.22181806]
[1.4560122, 0.72887105, 0.5249255, 0.20221569]
[1.5091147, 0.7494956, 0.53970265, 0.2199164]
[1.6188183, 0.6678818, 0.7366414, 0.21429518]
[1.530004, 0.6319698, 0.67138696, 0.22664726]
[1.8848792, 1.0526106, 0.60752416, 0.22474444]
[1.5094162, 0.4473129, 0.8367953, 0.22530808]
[1.5665468, 0.6465762, 0.69383216, 0.22613844]
[1.4956688, 0.706797, 0.5609076, 0.22796413]
[1.7007493, 0.8044818, 0.6785966, 0.21767083]
[1.575031, 0.6750269, 0.679124, 0.22088009]
[1.9590676, 0.61029655, 1.1106942, 0.23807693]
[1.4531596, 0.71550256, 0.53150666, 0.20615032]
[1.5935817, 0.74233735, 0.62909174, 0.22215265]
[1.712016, 0.5202045, 0.9984335, 0.19337814]
[1.5539359, 0.8810842, 0.4571404, 0.21571128]
[1.6654232, 0.67178965, 0.79385173, 0.19978176]
[1.9982042, 0.9697976, 0.81324565, 0.215161]
[1.5204877, 0.6557132, 0.6559619, 0.20881264]
[1.8184779, 0.88704693, 0.7173728, 0.21405813]
[1.7623738, 0.5795498, 0.9506322, 0.23219176]
[1.7176284, 0.9556416, 0.54352367, 0.21846306]
[1.581765, 0.8063492, 0.5891505, 0.18626538]
[1.7856436, 0.5301163, 1.0487088, 0.20681843]
[1.8636099, 1.0324566, 0.59730875, 0.23384449]
[1.4817182, 0.58345866, 0.6752618, 0.22299778]
[1.7224741, 0.59896487, 0.9026421, 0.22086722]
[1.4528254, 0.68473935, 0.5413734, 0.2267127]
[1.570886, 0.7621304, 0.6055634, 0.20319223]
[1.7534913, 0.9588909, 0.57589763, 0.21870264]
[1.9393735, 0.8846189, 0.8514016, 0.20335296]
[1.5873308, 0.6322987, 0.7506066, 0.20442551]
[1.954112, 1.0147917, 0.73739094, 0.20192929]
[1.7157457, 0.7016995, 0.81055397, 0.20349215]
[1.6679165, 0.7708198, 0.68129534, 0.21580148]
[1.5674762, 0.643894, 0.72554296, 0.19803913]
[1.4173024, 0.5546228, 0.6639271, 0.19875246]
[1.5330578, 0.7201042, 0.5915886, 0.22136495]
[1.2700261, 0.5031316, 0.5591774, 0.20771702]
[1.7191857, 0.8065882, 0.69057703, 0.22202048]
[1.6010437, 0.7823944, 0.6146079, 0.20404147]
[1.5298266, 0.5063141, 0.8232354, 0.20027713]
[1.8183206, 0.8026535, 0.7903879, 0.22527924]
[1.4458003, 0.42632425, 0.79935086, 0.22012523]
[1.7069719, 0.9359287, 0.54656863, 0.22447449]
[1.4995568, 0.6749736, 0.6265586, 0.19802448]
[1.7520672, 0.7170236, 0.81553817, 0.2195054]
[1.966685, 0.6753836, 1.0475808, 0.24372059]
[1.7749894, 0.8429426, 0.72019744, 0.21184927]
[1.6874549, 0.8188969, 0.67252886, 0.19602925]
[1.7808181, 0.7029898, 0.8706712, 0.20715705]
[1.4341431, 0.62003803, 0.60920686, 0.20489816]
[1.5885781, 0.74409556, 0.63920844, 0.20527412]
[1.7216809, 0.80170226, 0.68144375, 0.23853493]
[1.2788101, 0.42106813, 0.6552498, 0.20249225]
[1.6381096, 0.8128872, 0.611582, 0.21364033]
[1.6474681, 0.7121734, 0.72678554, 0.2085092]
[2.0017712, 1.0942731, 0.7188072, 0.188691]
[1.7466503, 0.73703444, 0.8109411, 0.19867475]
[1.6788261, 0.65467346, 0.8039577, 0.22019497]
[1.6249745, 0.6146227, 0.7893919, 0.22095995]
[1.7961086, 0.9634378, 0.62718594, 0.20548488]
[1.8256176, 0.55934924, 1.0439745, 0.2222938]
[1.6313498, 0.9144295, 0.521568, 0.19535226]
[1.7414331, 0.7375498, 0.812893, 0.19099046]
[1.8239057, 0.7827374, 0.84723365, 0.19393472]
[1.7458457, 0.70320386, 0.8312925, 0.21134934]
[1.8433795, 0.8795328, 0.76564044, 0.19820619]
[1.6232384, 0.6030626, 0.8193979, 0.20077792]
[1.634536, 0.7646587, 0.6677721, 0.20210531]
[1.6024803, 0.804059, 0.62151587, 0.17690536]
[1.7224872, 0.7729323, 0.7668888, 0.18266603]
[1.7438952, 0.7995466, 0.7240417, 0.22030684]
[1.6892335, 0.6961914, 0.78766644, 0.20537566]
[1.7755144, 0.9474178, 0.6127323, 0.21536425]
[1.8630029, 0.77559996, 0.89880097, 0.18860194]
[1.6699369, 0.8332854, 0.66715705, 0.16949442]
[1.392022, 0.6211542, 0.57945615, 0.19141158]
[1.5656693, 0.574257, 0.79388416, 0.19752808]
[1.5367496, 0.90443146, 0.4263707, 0.20594743]
[1.568022, 0.7994201, 0.5704323, 0.19816965]
[1.6545138, 0.6748312, 0.76158977, 0.21809295]
[1.5893466, 0.70974934, 0.6787955, 0.20080188]
[1.4791051, 0.42270762, 0.8342044, 0.22219309]
[1.4269829, 0.6264999, 0.5801522, 0.22033072]
[1.842057, 0.97107744, 0.65582466, 0.21515483]
[1.6662575, 0.8239968, 0.6396258, 0.20263496]
[1.6298411, 0.6327463, 0.80499077, 0.19210412]
[1.7225271, 0.69711804, 0.8228067, 0.20260234]
[1.8168807, 0.77081746, 0.85112286, 0.19494036]
[1.773213, 0.89136314, 0.6777757, 0.20407422]
[1.7717332, 0.9588071, 0.61859024, 0.19433579]
[1.6457695, 0.46743795, 0.96706796, 0.21126352]
[1.5680703, 0.8647225, 0.49165124, 0.21169648]
[1.7537798, 0.61646515, 0.936978, 0.20033655]
[1.6065032, 0.75461805, 0.62000406, 0.23188116]
[1.9013267, 0.94828767, 0.75999975, 0.19303912]
[1.7505772, 0.7389022, 0.8178378, 0.19383723]
[1.9065411, 1.045947, 0.6732503, 0.1873439]
[1.7046251, 0.7848645, 0.73515415, 0.1846066]
[1.7260298, 0.78763896, 0.73260754, 0.2057833]
[1.4539342, 0.60920775, 0.65627754, 0.18844885]
[1.7497083, 0.9453612, 0.6075747, 0.19677246]
[1.7506363, 0.8010936, 0.7467109, 0.20283188]
[1.7012719, 0.9001421, 0.58953863, 0.21159114]
[1.7808806, 0.76310647, 0.81258, 0.20519412]
[1.4684726, 0.5192372, 0.74991095, 0.19932444]
[1.3642651, 0.7739668, 0.41696972, 0.17332855]
[1.5250309, 0.5421989, 0.7687204, 0.21411158]
[1.5576344, 0.8064339, 0.56259185, 0.18860859]
[1.6847112, 0.69915307, 0.78204143, 0.20351668]
[1.7730775, 0.8308698, 0.7473967, 0.19481096]
[1.6655245, 0.65110064, 0.8107425, 0.20368141]
[1.9530804, 0.89827514, 0.835587, 0.21921822]
[1.8397467, 0.6355977, 1.0180585, 0.18609041]
[1.710952, 0.79295933, 0.74112225, 0.17687042]
[1.4763983, 0.72449183, 0.5308857, 0.22102086]
[1.6604333, 0.7129619, 0.7401962, 0.20727521]
[1.6745393, 0.70747066, 0.7747735, 0.19229513]
[1.6964751, 0.6954286, 0.7880969, 0.21294966]
[1.8163102, 0.99828506, 0.6271865, 0.19083862]
[1.6852132, 0.77262485, 0.71325076, 0.19933756]
[1.661392, 0.7665509, 0.7273643, 0.16747674]
[1.7273675, 0.65235704, 0.8806592, 0.19435135]
[1.7070515, 0.90010977, 0.58714056, 0.2198012]
[1.6988568, 0.86851597, 0.6510548, 0.17928594]
[1.5465348, 0.57636154, 0.7782645, 0.19190875]
[1.5479561, 0.44749743, 0.88447165, 0.21598707]
[1.5620692, 0.8292573, 0.5229781, 0.20983374]
[1.6998925, 0.71058476, 0.7531123, 0.23619545]
[1.6259294, 0.52506924, 0.88953465, 0.2113254]
[1.761433, 0.86071783, 0.71123964, 0.18947555]
[1.4456347, 0.63176125, 0.60250276, 0.21137066]
[1.5600853, 0.5909326, 0.7649822, 0.2041704]
[1.2942263, 0.56013066, 0.53733253, 0.19676311]
[1.5258722, 0.710173, 0.5809981, 0.23470122]
[1.624357, 0.81525123, 0.6035939, 0.20551184]
[1.6386094, 0.6237972, 0.8143753, 0.20043695]
[1.3810709, 0.5452703, 0.6087562, 0.22704434]
[1.6471722, 0.69696546, 0.72305614, 0.22715074]
[1.8436713, 0.8844771, 0.74961513, 0.20957911]
[1.7150987, 0.94671774, 0.5579412, 0.21043982]
[1.5435333, 0.5419121, 0.80162, 0.20000128]
[1.4185224, 0.6904582, 0.500146, 0.22791809]
[1.4782299, 0.58903396, 0.6625836, 0.22661236]
[1.6380928, 0.5778475, 0.8668173, 0.19342798]
