[1.6575574, 0.7133858, 0.726372, 0.21779959]
[1.816323, 1.0109127, 0.5926401, 0.21277028]
[1.559242, 0.6125999, 0.72821605, 0.21842594]
[1.6896112, 0.8125845, 0.6632043, 0.21382234]
[1.5451483, 0.73949945, 0.5600822, 0.24556658]
[1.72859, 0.7924922, 0.70818496, 0.22791296]
[1.846354, 0.6226365, 1.0076942, 0.21602318]
[1.5993826, 0.7275214, 0.6509105, 0.22095074]
[1.5194843, 0.5660049, 0.7462088, 0.20727056]
[1.6458845, 0.89937073, 0.5389197, 0.20759411]
[1.5980327, 0.78223777, 0.5899685, 0.22582644]
[1.5600003, 0.47596374, 0.8751778, 0.20885876]
[1.9351243, 0.8516802, 0.8639263, 0.2195178]
[1.5683817, 0.63933975, 0.7122039, 0.21683797]
[1.7858049, 0.99252295, 0.57715416, 0.21612772]
[1.4454962, 0.50294256, 0.7150497, 0.2275039]
[1.6839373, 0.74911016, 0.7062302, 0.2285969]
[1.6782329, 0.7369148, 0.7291523, 0.21216586]
[1.5673304, 0.71481436, 0.65616256, 0.19635338]
[1.8094845, 0.7538754, 0.82188594, 0.23372316]
[1.6714009, 0.7521155, 0.6827967, 0.23648866]
[1.5731, 0.50571483, 0.86866766, 0.19871749]
[1.7631754, 0.8389234, 0.7174897, 0.20676216]
[1.9519031, 1.1183386, 0.62104976, 0.2125147]
[1.4007894, 0.37514657, 0.81499887, 0.21064393]
[1.8696727, 1.0370747, 0.6285205, 0.20407744]
[1.6019433, 0.5522686, 0.8211975, 0.22847717]
[1.4910963, 0.62187254, 0.6540338, 0.21518987]
[1.6679027, 0.86155313, 0.58061475, 0.22573484]
[1.6202857, 0.7552253, 0.6626171, 0.20244333]
[1.5483041, 0.42810264, 0.94676155, 0.17343992]
[1.3718882, 0.4454679, 0.69717026, 0.22925001]
[1.471681, 0.83911633, 0.43118533, 0.20137933]
[1.9630607, 0.7367115, 1.0068687, 0.21948047]
[1.5031836, 0.6297588, 0.64740324, 0.22602148]
[1.577147, 0.68429184, 0.6904483, 0.20240693]
[1.4571164, 0.7755096, 0.49117607, 0.19043064]
[1.6345025, 0.6169594, 0.7955497, 0.22199345]
[1.5800257, 0.7778747, 0.5970303, 0.20512062]
[1.5040212, 0.54135966, 0.7686419, 0.19401954]
[1.5844655, 0.567945, 0.8157591, 0.20076138]
[1.4481256, 0.7322024, 0.47520387, 0.24071936]
[1.6690066, 0.5626033, 0.87156385, 0.23483941]
[1.8157269, 0.96382666, 0.6473794, 0.20452079]
[1.9054368, 0.58888257, 1.112927, 0.20362726]
[1.4459631, 0.7733072, 0.46479973, 0.20785612]
[1.6144335, 0.68893313, 0.68752396, 0.23797649]
[1.4267213, 0.60998195, 0.59136987, 0.22536948]
[1.5124525, 0.9234704, 0.37124473, 0.21773733]
[1.8054065, 0.45090145, 1.136457, 0.21804795]
[1.51782, 0.8291935, 0.48100603, 0.20762047]
[1.4978657, 0.640362, 0.6425102, 0.21499346]
[1.7524296, 0.73338103, 0.8131485, 0.20590007]
[1.6349462, 0.642414, 0.788883, 0.20364928]
[1.719387, 0.6901878, 0.79339117, 0.23580818]
[1.347632, 0.7220969, 0.40304166, 0.22249353]
[1.6678082, 0.6364946, 0.7971689, 0.23414466]
[1.6352898, 0.8773185, 0.54436797, 0.21360335]
[1.9849423, 0.8591775, 0.8932951, 0.2324697]
[2.1931083, 0.95999205, 1.0022342, 0.23088203]
[1.7652178, 0.8749398, 0.66945827, 0.22081976]
[1.8192794, 0.80080265, 0.8132511, 0.20522568]
[1.8689448, 0.8465732, 0.79957795, 0.22279371]
[1.7545503, 0.84462243, 0.686074, 0.22385396]
[1.9071388, 0.8754009, 0.8165058, 0.2152322]
[1.6939466, 0.8041277, 0.7029105, 0.18690854]
[1.6920688, 0.99242496, 0.50136703, 0.1982768]
[1.5579975, 0.634412, 0.73757803, 0.18600747]
[1.6285397, 0.7718256, 0.65578514, 0.2009289]
[1.652904, 0.8154598, 0.6366539, 0.20079035]
[1.7121772, 0.5818258, 0.93617475, 0.19417655]
[1.6577549, 0.83291095, 0.6180164, 0.20682752]
[1.625775, 0.6232966, 0.78995824, 0.21252015]
[1.719959, 0.891489, 0.6401913, 0.18827868]
[1.5716023, 0.65141225, 0.70551115, 0.214679]
[1.8505857, 0.81829, 0.8290132, 0.20328254]
[1.6757805, 0.83564055, 0.64371234, 0.19642761]
[1.5683602, 0.7499199, 0.6244637, 0.19397661]
[1.7053479, 0.6599976, 0.8476565, 0.19769385]
[1.625982, 0.77038, 0.6474524, 0.20814961]
[1.8730706, 0.7406719, 0.9259597, 0.20643897]
[1.4700192, 0.5602362, 0.69448996, 0.215293]
[1.7522833, 0.9811841, 0.5768267, 0.19427258]
[1.5287853, 0.3795864, 0.9563138, 0.19288512]
[1.6001661, 0.8614849, 0.5279051, 0.21077605]
[1.5013318, 0.6521776, 0.6351589, 0.21399538]
[1.7105211, 0.91170204, 0.58172977, 0.21708934]
[1.6944128, 0.4865933, 1.0094599, 0.19835964]
[1.7258244, 0.91754985, 0.59347606, 0.21479842]
[1.649567, 0.68469584, 0.7348936, 0.22997746]
[1.4869722, 0.6105064, 0.67743456, 0.19903123]
[1.7029376, 0.8727529, 0.6337367, 0.196448]
[1.5500872, 0.561333, 0.767751, 0.22100331]
[1.6412417, 0.76399434, 0.6646614, 0.2125859]
[1.5904136, 0.6632206, 0.6957349, 0.2314581]
[1.5874255, 0.7446244, 0.6284311, 0.21437003]
[1.7322255, 0.81498855, 0.6988729, 0.21836409]
[1.7358898, 0.7305094, 0.7909117, 0.21446875]
[1.5224478, 0.5903857, 0.7377491, 0.19431305]
[1.6647604, 0.5581037, 0.8777975, 0.22885925]
[1.8006316, 1.1227748, 0.47297603, 0.20488083]
[1.7640637, 0.6249569, 0.9247043, 0.21440259]
[1.6662693, 0.8698845, 0.5940239, 0.20236082]
[1.6130857, 0.6479, 0.7335526, 0.23163325]
[1.9455367, 1.0650526, 0.67852706, 0.2019571]
[1.7061447, 0.6061926, 0.88403535, 0.21591672]
[1.5805535, 0.64818144, 0.7089642, 0.22340782]
[1.7250645, 0.8129871, 0.67820024, 0.23387724]
[1.4712101, 0.7353295, 0.49331748, 0.24256316]
[1.5681281, 0.5206062, 0.83532643, 0.21219541]
[1.9123487, 1.0652988, 0.641984, 0.2050659]
[1.4096678, 0.38478634, 0.80332625, 0.2215552]
[1.623447, 0.69326025, 0.71637696, 0.21380979]
[1.8187683, 0.9294127, 0.68505996, 0.20429568]
[1.7345077, 0.5268606, 0.9835778, 0.22406921]
[1.4756136, 0.7150004, 0.54294163, 0.21767165]
[1.5721877, 0.75440156, 0.5976919, 0.22009414]
[1.476475, 0.5476935, 0.7034214, 0.22536014]
[1.6762294, 0.7267081, 0.73329186, 0.21622929]
[1.3759315, 0.54110944, 0.63614905, 0.19867304]
[2.0411005, 1.1853464, 0.62829244, 0.22746177]
[1.9546274, 0.887091, 0.8345592, 0.23297727]
[1.6988413, 0.7791182, 0.69897944, 0.22074372]
[1.5581969, 0.6868129, 0.67365265, 0.1977314]
[1.9385161, 0.882751, 0.84407276, 0.21169229]
[1.5630522, 0.7316298, 0.6058511, 0.22557129]
[1.7368124, 0.7496581, 0.7668661, 0.2202881]
[1.4476438, 0.62567425, 0.60600066, 0.2159689]
[1.6484315, 0.68843484, 0.74150676, 0.21848986]
[1.7114552, 0.72806233, 0.7706124, 0.21278048]
[1.8783224, 0.8018873, 0.86904943, 0.20738563]
[1.6356813, 0.6823091, 0.73343766, 0.21993455]
[1.7657123, 0.6590026, 0.8943869, 0.21232276]
[1.6749736, 0.8597112, 0.62270135, 0.192561]
[1.7781446, 0.7675162, 0.8007063, 0.20992208]
[1.5844992, 0.59947217, 0.7641207, 0.22090638]
[1.659551, 0.77155066, 0.67810357, 0.20989677]
[1.8051257, 0.75390995, 0.8208939, 0.23032184]
[1.4803523, 0.61387384, 0.65934956, 0.20712884]
[1.5419183, 0.5912775, 0.7539741, 0.19666672]
[1.6551454, 0.6199297, 0.8172994, 0.21791622]
[1.6827576, 0.86420655, 0.5897787, 0.22877243]
[2.003993, 0.9984433, 0.78744566, 0.21810424]
[1.524217, 0.60706615, 0.6665404, 0.25061047]
[1.5486883, 0.6014641, 0.7272581, 0.21996608]
[1.3663609, 0.63466746, 0.52029824, 0.2113953]
[1.5254495, 0.7671961, 0.54586816, 0.21238524]
[1.703931, 0.6415921, 0.8428825, 0.21945632]
[1.5219247, 0.7822233, 0.5375662, 0.20213526]
[1.5778667, 0.7337137, 0.63471556, 0.20943747]
[2.0481255, 0.8418872, 0.9853025, 0.22093587]
[1.5499517, 0.725106, 0.6232345, 0.20161119]
[1.893421, 0.59964967, 1.0629969, 0.23077452]
[1.5779678, 0.9810654, 0.38449147, 0.21241096]
[1.5437975, 0.5218398, 0.80983984, 0.21211787]
[1.620068, 0.7807562, 0.6134411, 0.22587068]
[1.7736487, 0.8584409, 0.7060649, 0.20914295]
[1.4857624, 0.6856497, 0.5774041, 0.22270861]
[1.7299869, 0.5981449, 0.9114499, 0.22039214]
[1.761892, 1.0466337, 0.5100356, 0.20522277]
[1.618285, 0.37938586, 1.0338435, 0.20505556]
[1.6811965, 0.98075503, 0.4764133, 0.22402813]
[1.6828468, 0.69271564, 0.7745608, 0.21557029]
[1.6213036, 0.6487747, 0.7557024, 0.21682641]
[1.5713856, 0.72029316, 0.6404555, 0.21063703]
[1.6680748, 0.7546959, 0.7009278, 0.21245116]
[1.9240253, 0.87828994, 0.8465951, 0.19914028]
[1.3455119, 0.43079385, 0.6990019, 0.21571606]
[1.6169984, 0.86471367, 0.53568435, 0.21660042]
[1.7769248, 0.70902073, 0.8584913, 0.20941281]
[1.9191021, 0.9483094, 0.77364826, 0.19714436]
[1.9726377, 0.9786148, 0.7994989, 0.19452393]
[1.7408526, 0.7293246, 0.8090648, 0.20246309]
[1.6698864, 0.6163837, 0.8496922, 0.20381044]
[1.4791965, 0.63804233, 0.6388887, 0.20226547]
[1.6130519, 0.7711578, 0.6388111, 0.20308301]
[1.5962591, 0.76087147, 0.62105435, 0.2143333]
[1.6733565, 0.7097581, 0.76219887, 0.2013996]
[1.5502152, 0.52688724, 0.79961985, 0.22370811]
[1.9996443, 0.9026108, 0.87874985, 0.21828362]
[2.0246384, 0.9353571, 0.90038455, 0.18889678]
[1.9961029, 1.0835707, 0.7199338, 0.19259846]
[1.5407784, 0.702333, 0.6414223, 0.1970231]
[1.9357451, 0.867095, 0.86082685, 0.20782332]
[1.8451674, 0.77987635, 0.8757729, 0.18951826]
[1.4774854, 0.74647224, 0.5293857, 0.20162751]
[1.504008, 0.57520574, 0.7210011, 0.20780122]
[1.6980007, 0.73586124, 0.76617604, 0.19596337]
[1.8736246, 0.9921693, 0.66994214, 0.21151307]
[1.4176111, 0.45963225, 0.75540423, 0.20257455]
[1.7076321, 0.87780595, 0.61821324, 0.21161288]
[1.6604563, 0.5237228, 0.93310845, 0.20362508]
[1.7208946, 0.83502406, 0.69918734, 0.18668312]
[1.8901051, 0.938782, 0.76660776, 0.18471542]
[1.6563987, 0.67207336, 0.763737, 0.22058833]
[1.7934527, 0.8486209, 0.73522186, 0.20960996]
[1.870186, 0.65178883, 1.003347, 0.21505013]
[1.5904636, 0.51292396, 0.8676684, 0.20987135]
[2.0303373, 1.0136415, 0.83710206, 0.17959388]
[1.6647289, 0.7943517, 0.68825275, 0.18212444]
[1.7569144, 0.62800944, 0.9326593, 0.19624563]
[1.5547827, 0.7475015, 0.60254425, 0.20473711]
[1.4491419, 0.77704763, 0.48271456, 0.18937966]
[1.5695581, 0.5394354, 0.8221899, 0.20793289]
[1.805185, 0.9933474, 0.6240394, 0.18779819]
[1.6710279, 0.8936919, 0.5667304, 0.21060562]
[1.6279188, 0.5385834, 0.8818779, 0.20745757]
[1.7672379, 0.81558084, 0.74305856, 0.20859843]
[1.5698107, 0.5171922, 0.87685037, 0.17576829]
[1.8837395, 1.0554461, 0.630337, 0.19795631]
[1.6528502, 0.5238645, 0.9487347, 0.18025091]
[1.7079029, 0.85574806, 0.6567398, 0.19541505]
[1.3380647, 0.5363991, 0.6183307, 0.18333478]
[1.5954568, 0.7081332, 0.6865032, 0.20082045]
[1.9139373, 0.6594365, 1.0575731, 0.19692785]
[1.6925755, 0.9137239, 0.5919167, 0.186935]
[1.6515627, 0.7368039, 0.71945536, 0.19530341]
[1.5727746, 0.6471733, 0.72722346, 0.19837785]
[1.6068878, 0.7178473, 0.69026625, 0.1987744]
[1.525954, 0.6130295, 0.6867193, 0.22620529]
[1.4141558, 0.68622893, 0.53116834, 0.19675863]
[1.7675115, 0.7048148, 0.8560436, 0.20665309]
[1.6676879, 0.7950397, 0.6837492, 0.1888991]
[1.7323253, 0.9567033, 0.5879911, 0.18763083]
[1.5732988, 0.5957054, 0.76937425, 0.20821919]
[1.9092627, 1.0964189, 0.6146138, 0.19823006]
[2.0080101, 0.90346396, 0.90173733, 0.20280886]
[1.5991821, 0.6986623, 0.7059581, 0.19456173]
[1.6844289, 0.64294136, 0.8339097, 0.20757797]
[1.5573788, 0.787707, 0.5613272, 0.20834458]
[1.8662118, 0.8842433, 0.7929883, 0.18898024]
[1.4861567, 0.74974227, 0.538761, 0.19765347]
[1.5985245, 0.6448528, 0.744239, 0.20943272]
[1.5999191, 0.78073263, 0.63726604, 0.18192047]
[1.9810352, 0.83712316, 0.95249915, 0.19141297]
[1.9268136, 0.87659883, 0.8634351, 0.18677971]
[1.5750339, 0.79683715, 0.562474, 0.21572278]
[1.4810294, 0.70409834, 0.5823769, 0.19455422]
[1.4904193, 0.62183195, 0.6691716, 0.19941577]
[1.8689336, 0.78424954, 0.87975484, 0.2049292]
[1.687992, 0.8027587, 0.6887276, 0.19650568]
[1.7002692, 0.8946972, 0.61609674, 0.18947536]
[1.532135, 0.69591796, 0.63021684, 0.2060002]
[1.5981591, 0.6658348, 0.7383459, 0.19397825]
[1.8310113, 0.8727908, 0.7470636, 0.21115685]
[1.8810576, 0.84089166, 0.8531007, 0.18706521]
[1.557402, 0.71362734, 0.65292656, 0.19084808]
[1.5967665, 0.84370863, 0.56597066, 0.18708715]
[1.6695911, 0.61438257, 0.8508756, 0.20433298]
[1.4371576, 0.66770035, 0.5650172, 0.20444016]
[1.5467649, 0.6550518, 0.70227027, 0.18944275]
[1.7725178, 0.701269, 0.87244105, 0.19880787]
[1.6119354, 0.8407335, 0.58143795, 0.18976389]
[1.6197636, 0.59827185, 0.8333017, 0.18818995]
[1.3784761, 0.59146416, 0.5892415, 0.19777049]
[1.6556469, 0.7897937, 0.64642906, 0.2194241]
[1.4721309, 0.47035527, 0.8080567, 0.19371894]
[1.5913979, 0.73015106, 0.66940945, 0.19183743]
[1.7118175, 0.70102876, 0.78750795, 0.22328074]
[1.6635549, 0.74834055, 0.7155961, 0.19961831]
[1.5177447, 0.5955695, 0.73303294, 0.1891422]
[1.4359915, 0.56728065, 0.6415725, 0.22713843]
[1.7593623, 1.1051443, 0.4355012, 0.2187169]
[1.6005623, 0.3988554, 0.9913424, 0.21036458]
[1.9181982, 0.9901397, 0.70437145, 0.22368702]
[1.7164704, 0.75093037, 0.75615954, 0.2093805]
[1.4464278, 0.775331, 0.44799596, 0.2231009]
[1.5484731, 0.6064115, 0.74082065, 0.20124108]
[1.4849263, 0.6481954, 0.60915905, 0.22757185]
[1.7352971, 0.8040568, 0.71232307, 0.2189173]
[1.5831586, 0.6866432, 0.6655525, 0.2309629]
[1.6476243, 0.5842056, 0.86072755, 0.20269111]
[1.7928084, 0.8868109, 0.6773944, 0.2286031]
[1.8080559, 0.6873178, 0.8974408, 0.22329734]
[1.6527104, 0.8563641, 0.5725163, 0.22383001]
[1.7492677, 0.6523125, 0.89653283, 0.20042239]
[1.510466, 0.68507206, 0.61391294, 0.21148098]
[1.7834342, 0.7030201, 0.8564377, 0.22397633]
[1.6165845, 0.8171594, 0.5671299, 0.23229533]
[1.6402695, 0.60936093, 0.8332041, 0.19770458]
[1.7273322, 0.86867285, 0.65739214, 0.20126727]
[1.8193929, 0.7591849, 0.86120427, 0.19900373]
[1.8335726, 0.68931425, 0.9158566, 0.22840184]
[1.7034369, 0.8466799, 0.6434026, 0.21335435]
[1.7375922, 0.6203454, 0.90944207, 0.20780468]
[1.6236932, 0.81131506, 0.61290073, 0.19947748]
[1.8313076, 0.727384, 0.8929887, 0.21093498]
[1.6647623, 0.9476162, 0.51460654, 0.20253943]
[1.5496174, 0.5822476, 0.76334524, 0.20402457]
[1.7915086, 0.6676419, 0.920591, 0.20327568]
[1.5701318, 0.7315872, 0.62894243, 0.20960209]
[1.9011383, 0.8246091, 0.85811085, 0.21841839]
[1.862689, 0.8114015, 0.84212196, 0.20916551]
[1.6636654, 0.6601193, 0.8048645, 0.1986816]
[1.8119426, 1.0134195, 0.59449005, 0.20403305]
[1.7593386, 0.59350824, 0.9444066, 0.22142372]
[1.6150868, 0.6654835, 0.74120903, 0.20839432]
[1.6528873, 0.8666557, 0.59486496, 0.19136672]
[1.5682771, 0.6531936, 0.7155614, 0.19952208]
[1.8001571, 0.8379575, 0.76036704, 0.20183247]
[1.3286257, 0.47162187, 0.6364816, 0.2205222]
[1.4855087, 0.66889936, 0.6161203, 0.20048903]
[1.4423313, 0.5536951, 0.68198717, 0.20664907]
[1.7394323, 0.8318294, 0.70019674, 0.20740616]
[1.6152332, 0.79118806, 0.6290779, 0.19496727]
[1.674642, 0.69721603, 0.77797186, 0.19945402]
[1.624656, 0.6455747, 0.7826493, 0.19643193]
[1.6953033, 0.8203738, 0.67531323, 0.19961628]
[1.5654004, 0.69470346, 0.659111, 0.21158588]
[1.8756267, 0.8016379, 0.8926602, 0.18132865]
[1.7804328, 0.90576464, 0.6699809, 0.20468721]
[1.602086, 0.6673174, 0.71020234, 0.22456619]
[1.7527285, 0.68767965, 0.8625706, 0.20247817]
[1.6474671, 0.74774545, 0.7074789, 0.1922428]
[1.2864549, 0.49426228, 0.5680369, 0.22415566]
[1.5775975, 0.76786417, 0.60674286, 0.20299043]
[1.720947, 0.7621658, 0.7684505, 0.19033074]
[1.5401051, 0.49206197, 0.86408293, 0.18396024]
[1.5571469, 0.736114, 0.6204659, 0.20056698]
[1.4807143, 0.67673934, 0.5671999, 0.23677512]
[1.3215992, 0.5287344, 0.5971138, 0.19575112]
[1.7551664, 0.9656027, 0.5804422, 0.20912156]
[1.8070616, 0.7118802, 0.8846204, 0.21056089]
[1.4800143, 0.6849606, 0.567851, 0.22720264]
[1.889186, 0.9019566, 0.78538716, 0.20184216]
[1.4756562, 0.5442299, 0.72978586, 0.20164032]
[1.446694, 0.5124176, 0.702436, 0.23184052]
[1.6460681, 0.85451114, 0.58845645, 0.2031005]
[1.6649814, 0.8247411, 0.63456583, 0.20567447]
[1.793997, 0.59664005, 0.9922919, 0.20506495]
[1.710085, 0.8124882, 0.70593846, 0.19165836]
[1.8232756, 1.1509762, 0.46599907, 0.2063002]
[1.7878033, 0.73192346, 0.8418112, 0.2140687]
[1.6882656, 0.6281171, 0.8438904, 0.21625805]
[1.5647396, 0.7302983, 0.6256232, 0.20881806]
[1.907254, 1.0313725, 0.6511633, 0.22471811]
[1.7411283, 0.7170694, 0.8234068, 0.20065212]
[1.5461353, 0.6516401, 0.6704098, 0.22408548]
[1.5414602, 0.9564509, 0.40094322, 0.18406603]
[1.8265116, 0.7299634, 0.870134, 0.22641414]
[1.4485555, 0.6078602, 0.6307651, 0.20993015]
[1.4665569, 0.5383539, 0.6900413, 0.23816164]
[1.7741203, 0.7939653, 0.7652552, 0.21489972]
[1.8871479, 0.8824267, 0.8018426, 0.20287871]
[1.6376711, 0.80730224, 0.60322136, 0.22714742]
[1.8155901, 0.92123103, 0.67793334, 0.2164258]
[1.5694754, 0.5054541, 0.8744482, 0.18957308]
[1.5540631, 0.7441405, 0.591405, 0.21851748]
[1.6304951, 0.88704306, 0.5560946, 0.18735738]
[1.5993814, 0.49808586, 0.87878895, 0.22250658]
[1.4699475, 0.59265596, 0.6722095, 0.20508206]
[1.721599, 0.88933104, 0.6062956, 0.2259723]
[1.6285055, 0.6506145, 0.7712692, 0.2066217]
[1.8497804, 0.9256892, 0.7255738, 0.19851747]
[1.8088061, 0.8512175, 0.75175786, 0.20583072]
[1.5900772, 0.5280124, 0.8520957, 0.2099691]
[1.5135671, 0.70830536, 0.60994864, 0.19531314]
[1.7266695, 0.84933764, 0.6561514, 0.2211805]
[1.6006137, 0.61774063, 0.75622976, 0.22664331]
[1.7474785, 0.7702038, 0.7605256, 0.21674907]
[1.6368737, 0.6443281, 0.7737632, 0.21878242]
[1.5396824, 0.6837163, 0.63334644, 0.22261962]
[1.654608, 0.40722892, 1.0202274, 0.22715168]
[1.5195768, 0.83296174, 0.4925488, 0.19406635]
[1.7149352, 0.8612676, 0.62090373, 0.23276386]
[1.4768621, 0.63801116, 0.6091891, 0.22966184]
[1.8113898, 0.7254003, 0.87278855, 0.21320088]
[1.5680627, 0.5260408, 0.83125806, 0.21076378]
[1.306285, 0.57807523, 0.5094429, 0.21876678]
[1.6733963, 0.80812645, 0.6434252, 0.22184473]
[1.534507, 0.5307576, 0.8014076, 0.20234177]
[1.6923872, 0.80172276, 0.6549139, 0.23575053]
[1.6324428, 0.61768305, 0.8081925, 0.20656732]
[1.6717421, 0.72888607, 0.7179687, 0.22488722]
[1.5295146, 0.7021321, 0.60425407, 0.22312835]
[1.4167174, 0.46355215, 0.7341342, 0.21903108]
[1.829481, 0.92163646, 0.6779325, 0.22991204]
[1.7009506, 0.7354656, 0.7201263, 0.24535877]
[1.5829282, 0.72652364, 0.6385243, 0.21788022]
[1.6689211, 0.7866137, 0.66246396, 0.21984352]
[1.6881936, 0.68144655, 0.8055959, 0.20115113]
[1.8889366, 1.0162044, 0.66377175, 0.20896053]
[1.5929606, 0.55971956, 0.85140586, 0.18183519]
[1.6408072, 0.79172206, 0.6354561, 0.21362907]
[1.798389, 0.7171601, 0.8617629, 0.21946603]
[1.4459896, 0.5371548, 0.6995503, 0.20928456]
[2.0237095, 1.1291935, 0.6862028, 0.20831332]
[1.5892292, 0.46459585, 0.90675116, 0.21788229]
[1.3181453, 0.6068854, 0.49465677, 0.2166031]
[1.8556701, 0.89463055, 0.75208986, 0.20894971]
[1.8664505, 0.83562815, 0.8347052, 0.19611713]
[1.6646216, 0.7006257, 0.7606757, 0.20332016]
[1.701477, 0.84201455, 0.6456306, 0.21383196]
[2.0087192, 0.9725669, 0.8439726, 0.19217964]
[1.6702724, 0.76366365, 0.72748244, 0.1791263]
[1.4890485, 0.49568546, 0.7894232, 0.2039398]
[1.550234, 0.716044, 0.6325003, 0.20168957]
[1.5784686, 0.76078445, 0.6095175, 0.20816666]
[1.3794068, 0.4890424, 0.66829896, 0.22206548]
[1.7877291, 0.8139163, 0.78779125, 0.18602158]
[1.8604723, 1.0055134, 0.64989054, 0.20506836]
[1.6417056, 0.73991394, 0.7081961, 0.19359548]
[1.7598221, 0.608029, 0.94734037, 0.20445278]
[1.3986919, 0.5193914, 0.66497695, 0.21432358]
[1.5798895, 0.7995903, 0.573022, 0.20727736]
[1.701983, 0.69168925, 0.807998, 0.20229581]
[1.6633573, 0.87406373, 0.5746939, 0.21459967]
[1.940373, 0.83755535, 0.88290364, 0.219914]
[1.4752139, 0.5678718, 0.7159752, 0.1913668]
[1.5397108, 0.6554177, 0.6738868, 0.21040633]
[1.6270074, 0.7621608, 0.65653807, 0.20830855]
[1.6681491, 0.6015564, 0.8620641, 0.20452854]
[1.7306092, 0.9503834, 0.58776414, 0.19246158]
[1.5827236, 0.5745474, 0.80934346, 0.19883269]
[2.0373979, 0.9654179, 0.8755151, 0.19646466]
[1.7918895, 0.7608366, 0.8111967, 0.21985625]
[1.4649217, 0.61955214, 0.6487128, 0.19665673]
[1.5029266, 0.7624315, 0.5392022, 0.20129281]
[1.7526577, 0.6817479, 0.8610855, 0.20982435]
[1.7421027, 0.818586, 0.71753824, 0.20597853]
[1.842139, 0.8277919, 0.8088015, 0.20554563]
[1.8967346, 0.8891044, 0.82085055, 0.18677959]
[1.8775874, 0.76314515, 0.9019749, 0.21246734]
[1.432087, 0.59237, 0.62423134, 0.21548553]
[1.4747962, 0.7081224, 0.5613009, 0.20537294]
[1.3866982, 0.7370831, 0.456908, 0.19270715]
[1.5845114, 0.85883963, 0.5254749, 0.20019686]
[1.8092353, 0.65357244, 0.9538975, 0.20176536]
[1.5062829, 0.7661351, 0.5177529, 0.22239494]
[1.6848571, 0.79763156, 0.6655656, 0.22165993]
[1.6279573, 0.85284054, 0.57673526, 0.19838151]
[1.721866, 0.5839979, 0.9226269, 0.21524124]
[1.7410398, 0.94245535, 0.5782992, 0.22028524]
[1.8434838, 0.70953345, 0.92800564, 0.20594467]
[1.4616092, 0.7278455, 0.5354973, 0.19826636]
[1.7946616, 0.6955222, 0.8784252, 0.22071418]
[1.6226022, 0.700819, 0.70102704, 0.22075623]
[1.9037417, 0.93928486, 0.7431736, 0.22128336]
[1.7858425, 0.93314195, 0.6643964, 0.18830422]
[1.719797, 0.74095184, 0.7782045, 0.20064071]
[1.6461987, 0.5455657, 0.9359156, 0.16471738]
[1.82438, 1.001209, 0.6511632, 0.17200783]
[1.7212151, 0.7803164, 0.72556823, 0.21533051]
[1.5626527, 0.65409267, 0.7097098, 0.19885023]
[1.620714, 0.64680564, 0.7685964, 0.20531195]
[1.616441, 0.75669295, 0.6462153, 0.21353275]
[1.4368144, 0.7683039, 0.48175025, 0.1867603]
[1.7202924, 0.79248154, 0.7384279, 0.18938307]
[1.6779971, 0.652097, 0.82973194, 0.19616821]
[1.6231506, 0.7497157, 0.67566276, 0.19777218]
[1.7396498, 0.73976195, 0.80344284, 0.19644496]
[1.7742673, 0.7966573, 0.78404987, 0.19356012]
[1.6337373, 0.6701104, 0.75467265, 0.20895433]
[1.6486037, 0.8264906, 0.62684906, 0.19526415]
[1.6452622, 0.6983454, 0.7660713, 0.18084545]
[1.5082909, 0.6367297, 0.67357713, 0.19798411]
[1.6792878, 0.88467956, 0.6076785, 0.18692982]
[1.6474557, 0.7043047, 0.7526624, 0.19048859]
[1.6742314, 0.66461164, 0.7972666, 0.21235314]
[1.6943257, 0.8008982, 0.6823094, 0.21111815]
[1.673707, 0.51485395, 0.9371619, 0.22169113]
[1.7625955, 0.8579861, 0.70630735, 0.19830212]
[1.8256377, 0.71195674, 0.89156014, 0.22212087]
[1.6787782, 0.8296278, 0.63441604, 0.21473436]
[1.561711, 0.60509884, 0.7603226, 0.19628957]
[1.7617077, 0.925757, 0.6372436, 0.19870697]
[1.7475723, 0.787261, 0.7261869, 0.23412439]
[1.6639092, 0.8094622, 0.6557604, 0.19868656]
[1.5444051, 0.668603, 0.68532413, 0.190478]
[1.6728051, 0.713249, 0.74633586, 0.21322006]
[1.6081223, 0.86826354, 0.5420464, 0.19781229]
[1.6220342, 0.5430059, 0.87764204, 0.20138638]
[1.5931743, 0.6499518, 0.72857803, 0.21464455]
[1.7245209, 0.8745924, 0.63211715, 0.21781138]
[1.5093343, 0.6527691, 0.6534575, 0.20310768]
[1.6751724, 0.8570149, 0.6043892, 0.21376836]
[1.5605813, 0.47111514, 0.84857965, 0.24088657]
[1.9133836, 0.95724595, 0.73984826, 0.21628937]
[1.7649469, 0.8405557, 0.7209129, 0.20347828]
[1.6470029, 0.6104879, 0.83857864, 0.19793643]
[1.5622228, 0.6769922, 0.6893315, 0.19589913]
[1.6321113, 0.7652784, 0.6675546, 0.19927835]
[1.5187366, 0.5788127, 0.7407797, 0.19914412]
[1.6926322, 0.7596507, 0.72379774, 0.2091837]
[1.9601002, 0.9376737, 0.8139747, 0.20845176]
[1.7211225, 0.76975447, 0.73222953, 0.21913847]
[1.8246498, 0.749701, 0.85180056, 0.22314818]
[1.7364398, 0.8557081, 0.6576253, 0.22310637]
[1.4763252, 0.7673089, 0.52112716, 0.18788913]
[1.6523024, 0.591233, 0.86816216, 0.19290718]
[1.4860884, 0.6668308, 0.62887156, 0.19038606]
[1.8490336, 0.6835152, 0.96676, 0.1987583]
[1.5810121, 0.68023586, 0.71028185, 0.19049445]
[1.5761343, 0.74739426, 0.63854533, 0.19019476]
[1.5596826, 0.62209725, 0.7263156, 0.21126968]
[1.3855989, 0.6336057, 0.56006503, 0.19192813]
[1.9436027, 0.9953062, 0.7517861, 0.19651039]
[1.3865368, 0.48626965, 0.6824336, 0.21783353]
[1.6954437, 0.7616154, 0.7146516, 0.21917674]
[1.5187149, 0.56711483, 0.76438624, 0.18721388]
[1.5725605, 0.8281753, 0.5518851, 0.19250016]
[1.7644863, 0.67460406, 0.88653517, 0.20334709]
[1.757549, 0.8735995, 0.6752751, 0.20867437]
[1.9192928, 0.803519, 0.9014795, 0.21429431]
[1.5870658, 0.6441229, 0.72565126, 0.21729174]
[1.6852129, 0.5903692, 0.8922992, 0.2025445]
[1.6087142, 0.9520223, 0.44743177, 0.20926014]
[1.5752405, 0.6459763, 0.72287846, 0.2063857]
[1.6372292, 0.7532772, 0.66332424, 0.22062775]
[1.6636981, 0.7325835, 0.7159586, 0.21515597]
[1.7631776, 0.6058518, 0.9494594, 0.20786649]
[1.3553436, 0.7070007, 0.43439895, 0.21394393]
[1.6822501, 0.709785, 0.7407402, 0.23172493]
[1.6055526, 0.87726235, 0.5108478, 0.21744242]
[1.4873681, 0.49272427, 0.7967013, 0.19794255]
[1.7676392, 0.8114159, 0.734519, 0.22170427]
[1.6097441, 0.8781727, 0.5372778, 0.19429347]
[1.4483852, 0.57226425, 0.6696739, 0.20644718]
[1.3316344, 0.58058226, 0.53822756, 0.21282455]
[1.7587862, 0.8996084, 0.6460316, 0.21314622]
[1.7423081, 0.8652553, 0.6764407, 0.20061204]
[1.8640486, 0.60328555, 1.0345856, 0.22617742]
[1.6807888, 0.79946935, 0.6306884, 0.25063097]
[1.5079606, 0.6212781, 0.68617725, 0.20050527]
[1.9377617, 1.0834574, 0.6430987, 0.21120563]
[1.6505932, 0.7246787, 0.7350619, 0.19085248]
[1.6435316, 0.72248006, 0.7094201, 0.21163137]
[1.6800166, 0.686347, 0.77235454, 0.22131506]
[1.712634, 0.7489164, 0.74203134, 0.22168621]
[1.2562282, 0.48088503, 0.55618703, 0.21915609]
[1.6374928, 0.687634, 0.7417437, 0.20811507]
[1.6169134, 0.93727034, 0.4772303, 0.2024127]
[1.7683024, 0.66660595, 0.8947066, 0.20698988]
[1.8261806, 1.031414, 0.5948009, 0.19996563]
[1.6025895, 0.433542, 0.95553315, 0.21351433]
[1.6465478, 0.7882067, 0.6187439, 0.23959723]
[1.987123, 0.9862642, 0.80033076, 0.20052798]
[1.6619257, 0.7892313, 0.65099883, 0.22169557]
[1.4560522, 0.65065944, 0.5733341, 0.23205867]
[1.4890682, 0.7761315, 0.5161447, 0.196792]
[1.852168, 0.7002257, 0.9292957, 0.22264664]
[1.7271198, 0.86251044, 0.6418379, 0.22277157]
[1.8596845, 0.7362607, 0.9268136, 0.19661017]
[1.7469771, 0.7770288, 0.7792177, 0.19073062]
[1.4648848, 0.8058252, 0.44723976, 0.2118199]
[1.5547347, 0.5916777, 0.77061677, 0.19244033]
[1.4590117, 0.6537885, 0.5847237, 0.22049935]
[1.435181, 0.5217169, 0.72638035, 0.18708381]
[1.7562028, 0.8469372, 0.69752854, 0.211737]
[1.4094633, 0.52103674, 0.675058, 0.2133685]
[1.9484521, 1.0145314, 0.72051764, 0.21340315]
[1.7783928, 0.5354639, 1.0331771, 0.20975175]
[1.4172564, 0.77157, 0.43729088, 0.20839544]
[1.7320926, 0.69116724, 0.8545909, 0.18633455]
[1.8404425, 0.76921713, 0.8647436, 0.20648178]
[1.9084294, 0.99113524, 0.70619774, 0.2110964]
[1.7569438, 0.7249241, 0.8170322, 0.21498749]
[1.5075333, 0.68120587, 0.61734307, 0.20898435]
[1.5828818, 0.6209918, 0.75307626, 0.20881382]
[1.5026532, 0.69686455, 0.60690546, 0.1988832]
[1.690322, 0.6391604, 0.85197264, 0.1991891]
[2.0622213, 1.013793, 0.8538846, 0.19454378]
[1.8445882, 0.76144135, 0.88512325, 0.19802353]
[1.7023058, 0.8143238, 0.6689134, 0.21906853]
[1.3663467, 0.46001256, 0.7165802, 0.18975392]
[1.6899694, 0.5927272, 0.874406, 0.22283623]
[1.57658, 0.7745494, 0.58950615, 0.21252446]
[1.5382341, 0.5859115, 0.7354522, 0.2168704]
[1.8244638, 0.8113018, 0.79379267, 0.21936941]
[1.4802351, 0.77884364, 0.49996078, 0.20143074]
[1.4677488, 0.5424275, 0.74662244, 0.17869894]
[1.5655425, 0.75815094, 0.6017381, 0.20565349]
[1.6485732, 0.617437, 0.8165064, 0.21462974]
[1.5036148, 0.7081604, 0.5816821, 0.2137723]
[1.7732186, 0.8993189, 0.65962803, 0.21427181]
[1.8505813, 0.7067547, 0.95840263, 0.18542396]
[1.4505117, 0.6600598, 0.5720726, 0.21837932]
[1.8854733, 0.6717864, 0.97593224, 0.23775463]
[1.4160888, 0.6873413, 0.4831993, 0.24554819]
[1.792197, 0.70635617, 0.8579197, 0.22792116]
[1.6149281, 0.6846174, 0.7006832, 0.22962749]
[1.5983438, 0.75414157, 0.615023, 0.22917931]
[1.7371743, 0.52545214, 1.012095, 0.19962713]
[1.8183982, 0.9702716, 0.6321559, 0.2159707]
[1.7033615, 0.79373926, 0.7020082, 0.20761412]
[1.9611441, 0.81517124, 0.92368275, 0.22229013]
[1.5179935, 0.69047695, 0.6003721, 0.22714451]
[1.9199109, 0.7780043, 0.9335638, 0.20834278]
[1.6513567, 0.92234397, 0.5274539, 0.20155877]
[1.650941, 0.7128912, 0.7373353, 0.20071447]
[1.8788265, 0.7296862, 0.94884866, 0.2002916]
[1.4684433, 0.7900144, 0.47309873, 0.20533013]
[1.6855737, 0.67012787, 0.8063694, 0.20907636]
[1.4572462, 0.6550338, 0.60072684, 0.20148551]
[1.7246395, 0.6926267, 0.83064026, 0.20137253]
[1.5976079, 0.7010079, 0.6831713, 0.21342877]
[1.6187096, 0.74846643, 0.63695633, 0.23328686]
[1.893931, 0.6697224, 1.0030717, 0.22113688]
[1.4929315, 0.71803075, 0.5558225, 0.21907818]
[1.710866, 0.7916291, 0.7271276, 0.19210939]
[1.487534, 0.6139518, 0.6847886, 0.1887936]
[1.7221384, 0.9630039, 0.569178, 0.18995649]
[1.5318992, 0.6114776, 0.703796, 0.21662557]
[1.4701759, 0.43442297, 0.7912916, 0.2444613]
[1.9378763, 1.1275427, 0.63064855, 0.17968498]
[1.6317047, 0.64700174, 0.7737663, 0.21093668]
[1.891013, 0.8668281, 0.817078, 0.20710692]
[1.6530871, 0.80225974, 0.63513136, 0.21569605]
[1.7858447, 0.8126316, 0.7748883, 0.19832477]
[1.3593241, 0.54195, 0.63174576, 0.18562832]
[1.4760535, 0.6960858, 0.5621815, 0.21778622]
[1.5520918, 0.6826477, 0.64573056, 0.22371358]
[1.7694281, 0.7290455, 0.8220413, 0.21834135]
[1.7766902, 0.89728916, 0.6727159, 0.2066852]
[1.5869877, 0.6982827, 0.6765294, 0.21217558]
[1.684949, 0.7469166, 0.7284094, 0.20962298]
[1.4621509, 0.6661006, 0.58843166, 0.20761856]
[1.4148586, 0.5387193, 0.6689187, 0.20722054]
[1.7889557, 1.0289886, 0.56037563, 0.19959138]
[1.7060384, 0.74196804, 0.75712013, 0.20695019]
[1.7085967, 0.6136687, 0.8825407, 0.21238738]
[1.5465456, 0.6499803, 0.7014854, 0.19507991]
[1.8129199, 0.92782927, 0.6490065, 0.23608412]
[1.4904705, 0.6036482, 0.68297696, 0.20384541]
[1.6451606, 0.72016466, 0.7130553, 0.21194062]
[1.6534123, 0.574913, 0.86057246, 0.21792692]
[1.7912478, 0.9526804, 0.6032502, 0.2353172]
[1.5497558, 0.80820775, 0.5175575, 0.2239905]
[1.7057276, 0.6904982, 0.8037994, 0.21143012]
[1.2824802, 0.3602404, 0.6874379, 0.23480195]
[1.6750172, 0.7164257, 0.73598564, 0.22260585]
[1.7681509, 0.8680414, 0.67796683, 0.2221427]
[1.7096407, 0.6721256, 0.81947917, 0.218036]
[1.8198562, 0.95218897, 0.62685835, 0.24080878]
[1.5122502, 0.55282104, 0.74711037, 0.21231872]
[1.4883342, 0.6092026, 0.64221084, 0.23692068]
[1.8516226, 0.8003909, 0.827014, 0.22421765]
[1.315972, 0.60441566, 0.4950853, 0.21647112]
[1.5855191, 0.70148563, 0.6739241, 0.21010941]
[1.3963828, 0.55485743, 0.62371504, 0.21781039]
[1.7441716, 0.76959205, 0.7299088, 0.24467081]
[1.6224934, 0.63925546, 0.7545775, 0.22866043]
[1.6781138, 0.608201, 0.8277888, 0.24212398]
[1.4827306, 0.60037595, 0.66079575, 0.2215589]
[1.7683511, 0.9029987, 0.6307142, 0.23463827]
[1.7513173, 0.6338707, 0.87768865, 0.23975793]
[1.6394442, 0.7650343, 0.6303482, 0.24406174]
[1.8207942, 0.8633975, 0.7348634, 0.22253332]
[1.9508029, 0.7429864, 0.987278, 0.22053853]
[1.7677823, 1.0074154, 0.5456675, 0.21469943]
[1.5742238, 0.7118964, 0.6326703, 0.22965705]
[1.6341189, 0.48699942, 0.9379997, 0.20911975]
[1.687243, 0.8787621, 0.5955328, 0.21294814]
[1.5091486, 0.5723522, 0.73009956, 0.20669687]
[1.7089882, 0.8028462, 0.6896281, 0.21651381]
[1.4940133, 0.65326285, 0.6101165, 0.23063397]
[1.576209, 0.7094327, 0.66757715, 0.1991991]
[1.7217948, 0.8183201, 0.69127196, 0.21220279]
[1.7116259, 0.827134, 0.6567136, 0.22777832]
[1.2122304, 0.3895464, 0.63305545, 0.18962862]
[1.676027, 0.6478167, 0.7943883, 0.23382217]
[1.8728848, 1.0235037, 0.6062379, 0.24314314]
[1.5926002, 0.5929496, 0.7796842, 0.21996644]
[1.956436, 0.99768114, 0.7606106, 0.19814436]
[1.7358949, 0.78127, 0.7279102, 0.22671455]
[1.56708, 0.7175492, 0.624432, 0.2250988]
[1.5872757, 0.72612965, 0.6370245, 0.22412163]
[1.636679, 0.7372551, 0.6620259, 0.23739806]
[1.6572206, 0.7105156, 0.7202718, 0.2264331]
[1.5624918, 0.6827384, 0.66180074, 0.21795264]
[1.7258685, 0.67812794, 0.85446525, 0.19327521]
[1.8674989, 1.1548377, 0.45960286, 0.25305837]
[1.7671465, 0.5939572, 0.94003296, 0.23315628]
[1.818545, 0.87712044, 0.6984387, 0.24298587]
[1.6153558, 0.6886819, 0.715857, 0.21081696]
[1.6237557, 0.79749215, 0.61046135, 0.21580216]
[1.9382744, 0.7363539, 0.98263204, 0.21928848]
[1.6018672, 0.7425742, 0.62312794, 0.23616502]
[1.4819287, 0.6392323, 0.6175858, 0.22511065]
[1.5443044, 0.72065413, 0.6150092, 0.20864102]
[1.6114184, 0.6692625, 0.7254015, 0.21675429]
[1.5792099, 0.68839824, 0.6698408, 0.22097082]
[1.4232568, 0.6188144, 0.60895467, 0.19548759]
[1.5821109, 0.6679168, 0.6972351, 0.21695906]
[1.7436148, 0.8597646, 0.63736373, 0.24648654]
[1.6966729, 0.6279205, 0.8571396, 0.21161276]
[1.4735414, 0.50189114, 0.7519588, 0.21969137]
[1.4799508, 0.7770153, 0.50552344, 0.19741198]
[1.4974973, 0.67412996, 0.5760089, 0.24735843]
[1.4964749, 0.633448, 0.6136762, 0.24935065]
[1.9342487, 0.9029834, 0.8246554, 0.20660985]
[1.7923112, 0.71357274, 0.8557465, 0.22299191]
[1.596804, 0.6348703, 0.7329671, 0.22896656]
[1.8068281, 0.79050136, 0.8072835, 0.2090433]
[1.6232631, 0.573871, 0.84488326, 0.20450874]
[1.5581417, 0.8784473, 0.47740352, 0.20229095]
[1.6092176, 0.65377975, 0.7292762, 0.22616175]
[1.4545783, 0.7116418, 0.55261344, 0.19032295]
[1.3855716, 0.42962712, 0.7565724, 0.19937201]
[1.4266291, 0.62222403, 0.5855154, 0.21888968]
[1.703801, 0.8680485, 0.6138567, 0.22189578]
[1.6908865, 0.77577496, 0.7200986, 0.19501297]
[1.6575885, 0.71299285, 0.733022, 0.21157359]
[2.1501892, 0.7898557, 1.1570143, 0.20331928]
[1.688918, 0.94171995, 0.5259043, 0.22129385]
[1.8440908, 0.9454542, 0.6998184, 0.1988183]
[1.913935, 0.72229826, 0.9739698, 0.2176669]
[1.4455502, 0.788461, 0.46909532, 0.18799391]
[1.6654462, 0.6407535, 0.82778746, 0.19690523]
[1.651585, 0.81737936, 0.6221075, 0.21209812]
[1.8529769, 1.0113552, 0.62746644, 0.21415536]
[1.7179484, 0.60954547, 0.8987565, 0.20964646]
[1.4642448, 0.7483896, 0.5209864, 0.19486883]
[1.6909342, 0.88498956, 0.60600513, 0.19993952]
[1.7051336, 0.7063942, 0.80750245, 0.19123682]
[1.4099278, 0.59698504, 0.6153566, 0.19758618]
[1.5225947, 0.7573732, 0.5616896, 0.20353192]
[1.4792411, 0.67880857, 0.57820123, 0.22223134]
[1.6438372, 0.7862992, 0.64345, 0.21408802]
[1.3702354, 0.5907612, 0.55141735, 0.22805697]
[1.8028874, 0.99475026, 0.6103853, 0.19775191]
[1.6967195, 0.59300804, 0.9125453, 0.19116616]
[1.8035016, 1.0143869, 0.57533145, 0.21378332]
[1.4921184, 0.6175444, 0.66519904, 0.20937486]
[1.8197017, 0.74009544, 0.87208384, 0.20752242]
[1.4119152, 0.6493927, 0.5490391, 0.2134833]
[1.597564, 0.8608918, 0.5407979, 0.19587415]
[1.4774138, 0.62941384, 0.6416215, 0.20637847]
[1.395333, 0.635741, 0.5520241, 0.20756787]
[1.6756911, 0.49457553, 0.9579017, 0.22321397]
[1.8723178, 0.99480957, 0.6716795, 0.20582867]
[1.6102241, 0.66456866, 0.7264472, 0.21920827]
[1.6790926, 1.0190828, 0.454342, 0.20566782]
[1.5144061, 0.64809436, 0.6421808, 0.224131]
[1.6857593, 0.6823185, 0.77638054, 0.22706027]
[1.7592499, 0.73166716, 0.8412721, 0.18631068]
[1.6755636, 0.64588964, 0.8268311, 0.20284289]
[1.6754565, 0.8664504, 0.5881029, 0.22090314]
[1.655859, 0.7682149, 0.67374605, 0.21389802]
[1.6297568, 0.6256949, 0.7893734, 0.21468858]
[1.5448682, 0.6554671, 0.67145985, 0.21794124]
[1.4654869, 0.7051017, 0.51849735, 0.24188778]
[1.8356701, 0.610724, 1.0136194, 0.21132669]
[1.8376644, 0.9052528, 0.7098068, 0.22260481]
[1.6226664, 0.61510825, 0.7933274, 0.21423082]
[1.5034993, 0.6389977, 0.65913284, 0.20536882]
[1.6703763, 0.6399822, 0.80377436, 0.22661978]
[1.7018759, 0.7241925, 0.7503321, 0.22735128]
[1.4804091, 0.58924305, 0.69887996, 0.1922862]
[1.5410908, 0.6524829, 0.66591394, 0.22269404]
[1.9472082, 0.7014562, 1.0352294, 0.21052255]
[1.4900138, 0.68916607, 0.5886708, 0.21217701]
[1.7459154, 0.89729065, 0.63108695, 0.21753784]
[2.0516531, 0.99028575, 0.8678382, 0.19352914]
[1.9054523, 0.91051835, 0.78822356, 0.20671031]
[1.5929885, 0.62385535, 0.7529966, 0.21613646]
[1.474816, 0.6061483, 0.6533075, 0.2153602]
[1.5477636, 0.7090415, 0.62417275, 0.21454935]
[1.78367, 0.88903004, 0.693854, 0.2007859]
[1.2838111, 0.6407147, 0.4330054, 0.210091]
[1.7029626, 0.57949555, 0.8967208, 0.22674626]
[1.7796319, 1.0095222, 0.5342721, 0.23583755]
[1.6370422, 0.8415045, 0.5875491, 0.20798865]
[1.7175847, 0.70378786, 0.78283066, 0.23096617]
[1.804181, 0.908872, 0.68590426, 0.2094047]
[1.6823384, 0.7590932, 0.7063583, 0.21688692]
[1.7333264, 0.6877346, 0.8280451, 0.21754667]
[1.52261, 0.74531865, 0.5569136, 0.22037765]
[1.6513451, 0.7478725, 0.70652306, 0.19694965]
[1.6675385, 0.80887294, 0.6436118, 0.2150538]
[1.6427075, 0.5857615, 0.8336898, 0.22325628]
[1.7016475, 0.7013695, 0.7836611, 0.21661693]
[1.5553268, 0.520194, 0.81149024, 0.22364263]
[1.3797598, 0.60913587, 0.5419779, 0.22864604]
[1.5457239, 0.74052525, 0.5839176, 0.22128105]
[1.8254207, 0.6888275, 0.9060722, 0.23052105]
[1.5368418, 0.60742754, 0.69512796, 0.2342862]
[1.8049188, 0.69323796, 0.8852284, 0.22645232]
[1.6868943, 0.88638115, 0.59025145, 0.21026173]
[1.715422, 0.5921625, 0.89875495, 0.22450456]
[1.5932391, 0.48552406, 0.8624405, 0.24527448]
[1.6392453, 0.8287003, 0.6042323, 0.2063127]
[1.8604325, 0.9891131, 0.64128304, 0.23003635]
[1.6315705, 0.5270329, 0.8876649, 0.21687257]
[1.5496964, 0.5216851, 0.8128265, 0.21518481]
[1.5385269, 0.83681226, 0.48162943, 0.22008526]
[1.4352835, 0.56166637, 0.65487826, 0.21873894]
[1.6707529, 0.7338239, 0.72747576, 0.20945325]
[1.6402467, 0.8166403, 0.596761, 0.22684535]
[1.5983953, 0.44763133, 0.9289659, 0.22179812]
[1.7705991, 0.6720412, 0.88439983, 0.21415807]
[1.500347, 0.6550255, 0.5936128, 0.25170872]
[1.5361345, 0.81555647, 0.48356503, 0.23701294]
[1.494239, 0.51486826, 0.77704775, 0.20232296]
[1.5889065, 0.6217437, 0.74803877, 0.21912403]
[1.7053652, 0.82267004, 0.6706257, 0.21206953]
[1.959163, 0.7028542, 1.0300224, 0.22628638]
[1.9105399, 1.1558113, 0.53268385, 0.22204472]
[1.2139106, 0.3764336, 0.6443047, 0.19317222]
[1.7430552, 0.9305494, 0.6155286, 0.19697729]
[1.5597314, 0.39895576, 0.9470615, 0.21371408]
[1.5021518, 0.7723515, 0.498865, 0.23093534]
[1.4405375, 0.64554703, 0.6112095, 0.18378088]
[1.6746323, 0.71482146, 0.7483699, 0.21144101]
[1.6044633, 0.6311321, 0.7307589, 0.24257226]
[1.5401127, 0.80246055, 0.5220344, 0.21561772]
[1.810645, 0.51511353, 1.0647812, 0.23075025]
[1.8299328, 1.047671, 0.5600351, 0.22222672]
[1.54203, 0.74999434, 0.58615017, 0.20588553]
[1.4829674, 0.7781819, 0.5040055, 0.2007799]
[1.7758412, 0.69919574, 0.8541839, 0.22246152]
[1.362922, 0.42837358, 0.7043633, 0.23018503]
[1.6065097, 0.88594913, 0.520247, 0.20031363]
[1.6473747, 0.47962788, 0.9542872, 0.21345972]
[1.6575663, 0.6673574, 0.7745408, 0.21566817]
[1.7742072, 0.9678606, 0.5944374, 0.21190917]
[1.7652397, 0.71116024, 0.86133754, 0.1927419]
[1.8487766, 1.042207, 0.58620363, 0.22036603]
[1.7958857, 0.7844371, 0.8033664, 0.20808208]
[1.7175351, 0.9993271, 0.5000838, 0.21812423]
[1.6353108, 0.6551162, 0.7532315, 0.22696304]
[1.7107604, 0.7481594, 0.7646557, 0.19794522]
[1.652952, 0.67176753, 0.80888534, 0.17229909]
[1.8623435, 0.92438704, 0.7359221, 0.2020345]
[1.6215513, 0.84517926, 0.595512, 0.1808601]
[1.4857558, 0.5588379, 0.73632634, 0.19059162]
[1.4634302, 0.5510225, 0.74848354, 0.16392413]
[1.6543015, 0.8447919, 0.5998411, 0.20966855]
[1.5571845, 0.78253156, 0.56134486, 0.21330804]
[1.3471897, 0.51034224, 0.6061559, 0.23069161]
[1.6620634, 0.54951733, 0.8908726, 0.22167355]
[1.5042365, 0.8498393, 0.45505753, 0.1993396]
[1.8184652, 0.9031518, 0.69738597, 0.2179274]
[1.7578309, 0.63097703, 0.9301306, 0.19672316]
[1.5390811, 0.66557944, 0.64449733, 0.22900432]
[1.423828, 0.6472558, 0.5729501, 0.20362206]
[1.998409, 1.0208763, 0.7643125, 0.21322024]
[1.7675936, 0.8774479, 0.6652496, 0.22489625]
[1.6397436, 0.56586665, 0.8841556, 0.18972133]
[1.7891171, 0.83203924, 0.75670356, 0.20037436]
[1.4772565, 0.66163677, 0.60356295, 0.2120569]
[1.5172062, 0.74576837, 0.5708942, 0.20054363]
[1.4776864, 0.67795837, 0.5951711, 0.20455699]
[1.7299873, 0.80177546, 0.72353065, 0.20468111]
[1.6004777, 0.66706526, 0.69050217, 0.24291025]
[1.5623162, 0.66338384, 0.6905203, 0.2084121]
[1.746692, 0.9232656, 0.6033232, 0.2201032]
[1.7314453, 0.6431859, 0.8897525, 0.19850683]
[1.6142644, 0.7990558, 0.59571767, 0.2194909]
[1.5944216, 0.69475937, 0.6862439, 0.2134183]
[1.8567178, 0.89508593, 0.73438203, 0.22724989]
[1.5508364, 0.663928, 0.69211304, 0.1947955]
[1.5660295, 0.61396825, 0.7552457, 0.19681555]
[1.7259128, 0.7416749, 0.7794777, 0.20476016]
[1.9335719, 0.9255854, 0.7872765, 0.22071008]
[1.6127112, 0.9087643, 0.4767605, 0.22718646]
[1.7312356, 0.6541786, 0.8780827, 0.19897428]
[1.3796915, 0.65343344, 0.5211792, 0.20507881]
[1.6645751, 0.6769358, 0.80082506, 0.18681432]
[1.5794922, 0.9211638, 0.41850573, 0.23982273]
[1.577863, 0.5928668, 0.7608206, 0.22417554]
[1.6919384, 0.7238136, 0.7354078, 0.23271704]
[1.6552659, 0.75908893, 0.65109545, 0.24508151]
[1.4030931, 0.46146667, 0.7267436, 0.21488282]
[1.5290842, 0.6302382, 0.6831759, 0.21567005]
[1.8106848, 0.7810632, 0.7775692, 0.25205243]
[1.4010987, 0.54160976, 0.63545656, 0.22403237]
[1.6036648, 0.6149946, 0.7793992, 0.20927098]
[1.5330237, 0.74104214, 0.57040054, 0.2215811]
[1.6488194, 0.671123, 0.73145396, 0.24624252]
[1.4434681, 0.46759167, 0.75626814, 0.21960837]
[1.4211774, 0.6307892, 0.5831013, 0.20728682]
[1.7827442, 0.9101052, 0.6409261, 0.23171279]
[1.6961828, 0.7296433, 0.73236865, 0.23417088]
[1.7284821, 0.83077216, 0.6785892, 0.21912073]
[1.8149304, 0.7821616, 0.8115639, 0.22120503]
[1.4752758, 0.5838072, 0.6631848, 0.22828381]
[1.6782236, 0.8515919, 0.59543896, 0.23119281]
[1.5896266, 0.68885505, 0.6763557, 0.22441584]
[1.5511316, 0.77754426, 0.55498457, 0.21860278]
[1.6379232, 0.4683439, 0.9571911, 0.21238825]
[1.6377624, 0.7731082, 0.6543029, 0.21035135]
[1.5334924, 0.83216393, 0.4815138, 0.21981464]
[1.516886, 0.46043032, 0.84092367, 0.2155321]
[1.6067052, 0.95418745, 0.44571355, 0.2068042]
[1.7003672, 0.8621479, 0.62498975, 0.21322957]
[1.7807345, 0.6152454, 0.9347408, 0.23074836]
[1.7022148, 0.7520568, 0.73076487, 0.21939316]
[1.721081, 0.97942924, 0.4985138, 0.24313799]
[1.6283678, 0.27168632, 1.1668813, 0.18980016]
[1.7615216, 1.1647049, 0.3574121, 0.23940462]
[1.3174431, 0.41913426, 0.6596627, 0.23864618]
[1.5796826, 0.562905, 0.7894204, 0.2273572]
[1.6603395, 0.8900299, 0.5396431, 0.23066655]
[1.9187311, 0.66168857, 1.0474324, 0.20961007]
[1.6670086, 0.88022435, 0.5571128, 0.22967148]
[1.8293524, 1.0842328, 0.5291036, 0.21601611]
[1.6020129, 0.5679903, 0.8205325, 0.21348995]
[1.6995002, 0.7111456, 0.7913003, 0.19705431]
[1.3163644, 0.594633, 0.5057179, 0.21601354]
[1.8123622, 0.7268604, 0.8776654, 0.20783645]
[1.7521881, 0.5856521, 0.92197686, 0.24455921]
[1.7418544, 0.73064744, 0.7750033, 0.2362037]
[1.504679, 0.78263664, 0.52930915, 0.19273314]
[1.5405607, 0.58386445, 0.75487125, 0.20182505]
[1.5464733, 0.75061536, 0.57298714, 0.2228708]
[1.6614807, 0.6675932, 0.7827453, 0.2111422]
[1.4838617, 0.72436893, 0.52083385, 0.23865895]
[1.7477703, 0.70287716, 0.8481345, 0.1967586]
[1.5480094, 0.64766717, 0.68912333, 0.21121885]
[1.9504538, 0.65982884, 1.080047, 0.21057793]
[1.6175386, 0.75948954, 0.64574254, 0.21230647]
[1.5297788, 0.65001726, 0.66599625, 0.21376525]
[1.9666042, 0.8562561, 0.9024163, 0.20793179]
[1.7464241, 0.69995165, 0.82388526, 0.22258727]
[1.4393228, 0.5276399, 0.707145, 0.20453797]
[1.5628841, 0.8865962, 0.45977747, 0.2165104]
[1.616243, 0.6679797, 0.74770695, 0.20055643]
[1.3567337, 0.5361641, 0.62077373, 0.19979583]
[1.6446985, 0.7239491, 0.7054349, 0.21531448]
[1.5264883, 0.6912546, 0.62514573, 0.21008807]
[1.6364689, 0.8018777, 0.59669083, 0.23790036]
[1.8740569, 0.90517724, 0.7488361, 0.22004357]
[1.638195, 0.42808044, 0.9899756, 0.220139]
[1.7154074, 1.0359544, 0.4499335, 0.22951952]
[1.5804201, 0.7858742, 0.57073116, 0.22381485]
[1.6449901, 0.65179896, 0.783082, 0.21010914]
[1.7145838, 0.75559306, 0.7449213, 0.21406937]
[1.7856638, 0.8477073, 0.7055727, 0.23238385]
[1.6828387, 0.5171944, 0.9307488, 0.23489541]
[1.5367215, 0.62342155, 0.683164, 0.23013589]
[1.8104115, 1.0026561, 0.5912914, 0.21646398]
[1.7437834, 0.6156148, 0.9113271, 0.21684147]
[1.6221583, 0.7361622, 0.6516726, 0.23432356]
[1.5120262, 0.6916224, 0.6065664, 0.21383736]
[1.6969206, 0.6931533, 0.7656898, 0.23807758]
[1.6238945, 0.75297594, 0.6519275, 0.21899098]
[1.7138042, 0.7677239, 0.7255357, 0.22054458]
[1.7299688, 0.81102556, 0.73907435, 0.1798689]
[1.9911138, 0.64889675, 1.1346276, 0.20758948]
[1.7436129, 0.9165089, 0.60603523, 0.22106878]
[1.5699879, 0.6569746, 0.7232059, 0.18980727]
[1.6045451, 0.6196363, 0.7516516, 0.23325723]
[1.4731828, 0.6843921, 0.5630579, 0.22573285]
[1.633684, 0.8265412, 0.5765239, 0.23061892]
[1.7763423, 0.6620428, 0.9077151, 0.20658429]
[1.5267146, 0.6939261, 0.6145068, 0.2182818]
[1.7226524, 0.8142858, 0.699438, 0.20892864]
[1.7370744, 0.81570286, 0.73738194, 0.1839895]
[1.7218293, 0.5801746, 0.91950524, 0.22214954]
[1.8004674, 0.9829608, 0.6264342, 0.19107239]
[1.4048067, 0.44855845, 0.77675533, 0.17949297]
[1.7236413, 0.89673185, 0.621108, 0.20580134]
[2.0702603, 1.0399286, 0.82998073, 0.200351]
[1.5272684, 0.6565672, 0.6538553, 0.21684583]
[1.6935519, 0.6962185, 0.79396564, 0.20336787]
[1.2707286, 0.55993503, 0.48361695, 0.22717667]
[1.5106947, 0.62124693, 0.6841816, 0.20526622]
[1.7174228, 0.79457927, 0.6931902, 0.22965336]
[1.4626372, 0.70145106, 0.5368531, 0.22433308]
[1.7698417, 0.7597642, 0.7922318, 0.21784565]
[1.7514797, 0.7469369, 0.78562087, 0.218922]
[1.5711247, 0.73859155, 0.60929054, 0.22324264]
[2.0559795, 0.8397979, 0.99492717, 0.22125444]
[1.4776223, 0.65771335, 0.6185304, 0.20137858]
[1.3888597, 0.6230338, 0.54985774, 0.21596807]
[1.689796, 0.73468363, 0.7164997, 0.23861259]
[1.5339519, 0.5737648, 0.73074424, 0.22944282]
[1.3955479, 0.61666715, 0.5641792, 0.2147016]
[1.8458424, 0.96903753, 0.6413116, 0.23549315]
[1.6109768, 0.5881289, 0.81666183, 0.20618609]
[1.4161257, 0.5671164, 0.6632441, 0.18576518]
[1.6022235, 0.62672365, 0.7490291, 0.2264708]
[1.510705, 0.7009841, 0.575678, 0.23404285]
[1.5009198, 0.73530996, 0.536491, 0.22911888]
[1.6391436, 0.5912176, 0.8143921, 0.23353402]
[1.9638206, 1.1340635, 0.61874604, 0.21101105]
[1.7802564, 0.773646, 0.8078922, 0.19871822]
[1.4700502, 0.65750694, 0.5969387, 0.21560457]
[1.4013584, 0.47229505, 0.71240866, 0.2166546]
[1.5303955, 0.67297375, 0.6336802, 0.2237415]
[1.578615, 0.9114671, 0.46803212, 0.19911575]
[1.667733, 0.71362615, 0.7432139, 0.21089289]
[2.0181115, 0.7962985, 1.0025597, 0.21925327]
[1.728117, 0.8008514, 0.7048877, 0.22237796]
[1.5814122, 0.6132475, 0.7323362, 0.23582849]
[1.631353, 0.7356354, 0.66636026, 0.22935736]
[1.8357501, 0.6533512, 0.96447724, 0.2179218]
[1.6554549, 0.7508328, 0.66130114, 0.24332091]
[1.7005612, 0.6861868, 0.79275656, 0.2216178]
[1.9651115, 0.83196634, 0.9307823, 0.20236275]
[1.651081, 0.8276707, 0.6028347, 0.22057553]
[1.8573349, 0.8521068, 0.77147686, 0.23375112]
[1.8436098, 0.795892, 0.8574593, 0.19025849]
[1.6688873, 0.8958122, 0.559993, 0.21308196]
[1.6426436, 0.6612242, 0.7742524, 0.20716704]
[1.8195379, 0.873397, 0.7373625, 0.20877835]
[1.6243341, 0.62497944, 0.78491855, 0.214436]
[1.6519512, 0.6126437, 0.83249867, 0.20680876]
[1.5992486, 0.73338526, 0.6268052, 0.2390583]
